20260101 000000;0.00004021;0.00004195;0.00003986;0.00004183;1394461615.55
20260102 000000;0.00004183;0.00004294;0.00004079;0.00004228;1379901974.69
20260103 000000;0.00004228;0.00004719;0.00004223;0.00004618;1327510330.79
20260104 000000;0.00004618;0.00004773;0.00004333;0.00004339;1245337584.27
20260105 000000;0.00004339;0.00004428;0.00004195;0.00004314;1416441235.74
20260106 000000;0.00004314;0.00004615;0.00004279;0.00004538;1272606826.18
20260107 000000;0.00004538;0.00005479;0.00004459;0.00005394;1827517640.73
20260108 000000;0.00005394;0.000056;0.00005262;0.00005302;1428773792.82
20260109 000000;0.00005302;0.000055;0.00005207;0.00005227;1100612577.72
20260110 000000;0.00005227;0.00005933;0.00005212;0.00005789;1121117810.21
20260111 000000;0.00005789;0.00005956;0.00005237;0.00005572;1064805870.73
20260112 000000;0.00005572;0.00005807;0.00005338;0.00005343;1045110834.62
20260113 000000;0.00005343;0.00006907;0.00004995;0.00006667;1681660953.43
20260114 000000;0.00006667;0.00006722;0.0000533;0.00005458;2124836981.35
20260115 000000;0.00005458;0.00005565;0.00004909;0.00005247;1181135930.34
20260116 000000;0.00005247;0.00005429;0.00004882;0.00005112;1405150282.06
20260117 000000;0.00005112;0.00005112;0.00004705;0.00004741;1162819001.19
20260118 000000;0.00004741;0.000052;0.00004618;0.00004929;1248413907.43
20260119 000000;0.00004929;0.00005001;0.000045;0.00004711;1304283238.95
20260120 000000;0.00004711;0.00004889;0.00004483;0.00004529;1264276108.03
20260121 000000;0.00004529;0.00004862;0.00004515;0.00004706;1223161739.76
20260122 000000;0.00004706;0.00004805;0.00004413;0.00004465;1304079685.68
20260123 000000;0.00004465;0.00004588;0.00004332;0.000044;1211808162.93
20260124 000000;0.000044;0.00004505;0.00004093;0.00004229;1328414456.9
20260125 000000;0.00004229;0.00004273;0.00003875;0.00003993;1338455417.71
20260126 000000;0.00003993;0.00004645;0.0000398;0.00004605;1427050357.47
20260127 000000;0.00004605;0.00006261;0.0000457;0.0000587;1591935319.28
20260128 000000;0.0000587;0.00006296;0.00005656;0.0000589;1358848007.91
20260129 000000;0.0000589;0.00006136;0.00005754;0.00006054;1141393989.16
20260130 000000;0.00006054;0.00006541;0.00005826;0.00006067;1082704467.9
20260131 000000;0.00006067;0.00006523;0.00005707;0.0000616;1124979997.56
20260201 000000;0.0000616;0.00006687;0.00006127;0.00006323;1018815545.22
20260202 000000;0.00006323;0.00006668;0.00006069;0.00006144;991831659.78
20260203 000000;0.00006144;0.00006424;0.00005847;0.00005997;1004333663.09
20260204 000000;0.00005997;0.00006133;0.00005537;0.00005537;1141282380.8
20260205 000000;0.00005537;0.00005602;0.00005023;0.0000514;1117614466.71
20260206 000000;0.0000514;0.00005485;0.00004756;0.00004761;1268763289.97
20260207 000000;0.00004761;0.00005163;0.00004733;0.00004838;1199652059.26
20260208 000000;0.00004838;0.00005065;0.00004541;0.00004961;1202560430.89
20260209 000000;0.00004961;0.00005163;0.00004761;0.00005115;1144733838.65
20260210 000000;0.00005115;0.0000512;0.0000455;0.00004591;1320700780.7
20260211 000000;0.00004591;0.00004755;0.00004425;0.00004486;1286421342.96
20260212 000000;0.00004486;0.00004619;0.00004364;0.00004606;1330764465.6
20260213 000000;0.00004606;0.00005019;0.00004539;0.00004846;1282270068.95
20260214 000000;0.00004846;0.00005139;0.00004782;0.00004891;1218552480.19
20260215 000000;0.00004891;0.00004911;0.00004625;0.00004639;1180325426.56
20260216 000000;0.00004639;0.00005037;0.00004593;0.00004959;1268481435.69
20260217 000000;0.00004959;0.00004998;0.00004469;0.00004559;1317019964.41
20260218 000000;0.00004559;0.00004925;0.00004559;0.00004802;1275464165.26
20260219 000000;0.00004802;0.0000497;0.00004531;0.0000459;1334788605.68
20260220 000000;0.0000459;0.00004791;0.00004509;0.00004762;1292453516.15
20260221 000000;0.00004762;0.00004782;0.00004567;0.00004706;1170507829.34
20260222 000000;0.00004706;0.00004879;0.00004513;0.00004803;1333086463.6
20260223 000000;0.00004803;0.00005104;0.00004663;0.00004985;1223455054.88
20260224 000000;0.00004985;0.00005109;0.00004325;0.00005017;1319966685.66
20260225 000000;0.00005017;0.00005227;0.00004423;0.00004483;1328353883.3
20260226 000000;0.00004483;0.00004755;0.00004009;0.00004427;1702077919.37
20260227 000000;0.00004427;0.00004435;0.00003731;0.00003825;1743929651.24
20260228 000000;0.00003825;0.00003987;0.00003572;0.00003705;1651879834.06
20260301 000000;0.00003705;0.00003857;0.00003126;0.00003138;1850864770.77
20260302 000000;0.00003138;0.00003932;0.00003123;0.00003864;2113701174.35
20260303 000000;0.00003864;0.00004589;0.00003657;0.00004524;1908760012.85
20260304 000000;0.00004524;0.0000565;0.00004473;0.00005003;2518504647.48
20260305 000000;0.00005003;0.00005243;0.00004647;0.00004816;1394054243.83
20260306 000000;0.00004816;0.00005258;0.00004491;0.00004734;1837113775.58
20260307 000000;0.00004734;0.0000507;0.00004111;0.0000432;1631063569.41
20260308 000000;0.0000432;0.00004537;0.00004263;0.000043;1310842838.53
20260309 000000;0.000043;0.00004642;0.00004272;0.00004435;1224546484.32
20260310 000000;0.00004435;0.00004975;0.00004328;0.00004811;1414592676.05
20260311 000000;0.00004811;0.0000502;0.00004615;0.00004874;1193658320.92
20260312 000000;0.00004874;0.0000511;0.00004668;0.00005017;1174561113.05
20260313 000000;0.00005017;0.00005215;0.00004856;0.0000489;1168729123.84
20260314 000000;0.0000489;0.00005039;0.00004808;0.00005006;1111838340.11
20260315 000000;0.00005006;0.00005158;0.00004887;0.00005072;1096729757.5
20260316 000000;0.00005072;0.00005313;0.00004863;0.00004945;1217756069.01
20260317 000000;0.00004945;0.00005068;0.00004699;0.0000477;1178952672.88
20260318 000000;0.0000477;0.00005329;0.00004725;0.00004875;1154112789.24
20260319 000000;0.00004875;0.00004898;0.00004418;0.00004433;1269232724.87
20260320 000000;0.00004433;0.00004589;0.00004307;0.00004424;1282811257.38
20260321 000000;0.00004424;0.000051;0.00004412;0.00004843;1227306330.09
20260322 000000;0.00004843;0.0000515;0.00004801;0.00005032;1159379178.75
20260323 000000;0.00005032;0.00005054;0.00004528;0.00004791;1304884962.98
20260324 000000;0.00004791;0.00004979;0.0000455;0.00004632;1159866399.88
20260325 000000;0.00004632;0.00004964;0.00004593;0.00004933;1255833129.97
20260326 000000;0.00004933;0.00006;0.00004911;0.00005803;1477768481.98
20260327 000000;0.00005803;0.00006455;0.00005721;0.00005735;1153009710.6
20260328 000000;0.00005735;0.00006149;0.00004763;0.00004836;1375880938.96
20260329 000000;0.00004836;0.00005087;0.00004289;0.00004578;1422139863.48
20260330 000000;0.00004578;0.0000493;0.00004371;0.00004423;1460374510.16
20260331 000000;0.00004423;0.00004547;0.00004091;0.0000417;1384221668.52
20260401 000000;0.0000417;0.00004192;0.00003724;0.00003753;1717008133.6
20260402 000000;0.00003753;0.00004256;0.00003749;0.0000399;1533405107.04
20260403 000000;0.0000399;0.0000399;0.00003619;0.00003632;1734413145.91
20260404 000000;0.00003632;0.00003784;0.00003604;0.00003731;1653919384.06
20260405 000000;0.00003731;0.00004012;0.00003683;0.00003869;1585583883.5
20260406 000000;0.00003869;0.00003993;0.000035;0.00003553;1677646209.97
20260407 000000;0.00003553;0.00003836;0.00003452;0.00003826;1892392710.09
20260408 000000;0.00003826;0.000041;0.0000355;0.00003694;1763721126.12
20260409 000000;0.00003694;0.0000376;0.00003568;0.00003654;1787301284.2
20260410 000000;0.00003654;0.00003714;0.000036;0.00003652;1636657443.36
20260411 000000;0.00003652;0.00003903;0.00003636;0.00003754;1665588622.67
20260412 000000;0.00003754;0.00003837;0.0000353;0.00003729;1664458029.51
20260413 000000;0.00003729;0.00003764;0.00003599;0.00003736;1787430017.24
20260414 000000;0.00003736;0.00003889;0.00003552;0.00003626;2123334015.36
20260415 000000;0.00003626;0.00004532;0.00003566;0.00004426;2950986351.1
20260416 000000;0.00004426;0.00005517;0.00004107;0.00004403;4472115126.99
20260417 000000;0.00004403;0.00004954;0.00003828;0.00003972;2442016489.22
20260418 000000;0.00003972;0.00004102;0.00003511;0.00003608;2014564816.72
20260419 000000;0.00003608;0.00003658;0.0000322;0.00003264;1817002761.51
20260420 000000;0.00003264;0.0000355;0.00003254;0.00003402;1890303080.5
20260421 000000;0.00003402;0.00003555;0.00003368;0.00003461;1830380963.2
20260422 000000;0.00003461;0.00003868;0.0000345;0.00003665;2062992684.39
20260423 000000;0.00003665;0.00004845;0.00003561;0.00004016;4172455010.78
20260424 000000;0.00004016;0.00004304;0.0000362;0.00003661;2257391432.53
20260425 000000;0.00003661;0.00003849;0.00003631;0.00003729;1802196268.38
20260426 000000;0.00003729;0.00003864;0.00003613;0.00003697;2030561606.85
20260427 000000;0.00003697;0.00003882;0.00003694;0.00003838;1750257629.5
20260428 000000;0.00003838;0.0000405;0.00003725;0.00004006;1746816027.66
20260429 000000;0.00004006;0.00004069;0.000036;0.00003739;1684207949.62
20260430 000000;0.00003739;0.00003961;0.00003708;0.00003854;1738583630.5
20260501 000000;0.00003854;0.0000395;0.00003775;0.00003926;1500956550.06
20260502 000000;0.00003926;0.0000425;0.00003824;0.00003951;1726382692.6
20260503 000000;0.00003951;0.00003989;0.00003829;0.00003846;1592719624.27
20260504 000000;0.00003846;0.00003922;0.00003725;0.00003842;1569806351.31
20260505 000000;0.00003842;0.00003944;0.00003816;0.00003923;1578394151.71
20260506 000000;0.00003923;0.0000399;0.00003837;0.00003916;1479741059.91
20260507 000000;0.00003916;0.00003928;0.00003775;0.00003837;1534969573.87
20260508 000000;0.00003837;0.00003914;0.00003775;0.00003907;1450428111.59
20260509 000000;0.00003907;0.00004047;0.00003872;0.00003894;1489586595.67
20260510 000000;0.00003894;0.0000394;0.000038;0.00003884;1644304976.99
20260511 000000;0.00003884;0.00003942;0.0000384;0.00003863;1572991918.1
20260512 000000;0.00003863;0.0000389;0.00003617;0.00003654;1719031544.22
20260513 000000;0.00003654;0.00003748;0.00003478;0.00003528;1737300200.78
20260514 000000;0.00003528;0.00003559;0.00003434;0.00003522;1580858816.52
20260515 000000;0.00003522;0.00003548;0.00003329;0.00003475;1683424847.64
20260516 000000;0.00003475;0.00003671;0.00003475;0.00003599;1757191597.2
20260517 000000;0.00003599;0.00003621;0.00003403;0.00003449;1562813208.5
20260518 000000;0.00003449;0.00003552;0.00003395;0.00003442;1644480173.11
20260519 000000;0.00003442;0.0000348;0.00003204;0.00003226;1738870263.74
20260520 000000;0.00003226;0.00003341;0.00003198;0.00003232;1721686149.04
20260521 000000;0.00003232;0.00003502;0.0000322;0.00003406;1660309193.39
20260522 000000;0.00003406;0.0000367;0.00003393;0.00003589;1815987042.39
20260523 000000;0.00003589;0.00003656;0.00003291;0.0000345;1690947828.15
20260524 000000;0.0000345;0.00003477;0.00003234;0.00003267;1716517851.69
20260525 000000;0.00003267;0.00003381;0.00003242;0.00003302;1752516691.88
20260526 000000;0.00003302;0.00003411;0.00003212;0.00003253;1877364311.77
20260527 000000;0.00003253;0.00003368;0.00003107;0.00003268;1903532871.55
20260528 000000;0.00003268;0.00003275;0.00003;0.00003116;1879067077.24
20260529 000000;0.00003116;0.00003136;0.00002926;0.00003071;1870136142.68
20260530 000000;0.00003071;0.0000328;0.00003051;0.00003278;1806751307.67
20260531 000000;0.00003278;0.00003531;0.00003174;0.00003449;1820584542.48
20260601 000000;0.00003449;0.00003513;0.00003319;0.00003429;1754492166.18
20260602 000000;0.00003429;0.0000351;0.00003208;0.00003291;1797435642.81
20260603 000000;0.00003291;0.00003447;0.00003211;0.00003242;1728822271.59
20260604 000000;0.00003242;0.0000327;0.00002938;0.00002967;1951108702.21
20260605 000000;0.00002967;0.0000297;0.0000261;0.0000271;2091213492.27
20260606 000000;0.0000271;0.0000276;0.00002518;0.0000265;2035156102.32
20260607 000000;0.0000265;0.00002761;0.00002598;0.00002731;2146261535.97
20260608 000000;0.00002731;0.00003186;0.00002637;0.00003155;2237080618.81
20260609 000000;0.00003155;0.00003454;0.0000311;0.00003386;2088556226.75
20260610 000000;0.00003386;0.00003523;0.00003142;0.0000326;1750641370.02
20260611 000000;0.0000326;0.00003371;0.00003041;0.00003132;1992769674.42
20260612 000000;0.00003132;0.00003164;0.00002907;0.00002935;1905539073.25
20260613 000000;0.00002935;0.00002955;0.00002769;0.00002771;2002659864.34
20260614 000000;0.00002771;0.00002805;0.00002652;0.00002763;2041139111.58
20260615 000000;0.00002763;0.00002919;0.00002705;0.00002783;1945062907.93
20260616 000000;0.00002783;0.0000295;0.0000275;0.00002806;1970139161.84
20260617 000000;0.00002806;0.00002955;0.00002689;0.00002864;2084852069.68
20260618 000000;0.00002864;0.00002948;0.00002676;0.00002777;2250951299.14
20260619 000000;0.00002777;0.00002871;0.00002659;0.00002818;2044895641.02
20260620 000000;0.00002818;0.00002872;0.00002723;0.00002795;1514764518.8
