20260101 000000;0.000003027;0.000003133;0.000003018;0.000003126;5827342226.83
20260102 000000;0.000003126;0.0000046;0.00000228;0.000003767;7591570898.78
20260103 000000;0.000003767;0.000003899;0.0000036;0.000003877;4430051309.97
20260104 000000;0.000003877;0.0000041;0.000003816;0.000003914;4578061490.19
20260105 000000;0.000003914;0.00000393;0.0000034;0.000003754;4616601750.93
20260106 000000;0.000003754;0.000003879;0.0000036;0.000003729;5395795142.9
20260107 000000;0.000003729;0.00000381;0.000002884;0.000003084;5393464814.97
20260108 000000;0.000003084;0.000003844;0.000002977;0.000003803;3979998966.02
20260109 000000;0.000003803;0.000003812;0.00000322;0.000003606;4710716685.44
20260110 000000;0.000003606;0.000003853;0.000003039;0.000003838;5669416965.59
20260111 000000;0.000003838;0.000003853;0.00000315;0.000003406;2242308532.51
20260112 000000;0.000003406;0.000003649;0.00000321;0.00000349;733157793.06
20260113 000000;0.00000349;0.000003851;0.000003039;0.000003704;5744513636.98
20260114 000000;0.000003704;0.00000399;0.00000311;0.000003639;2324946585.94
20260115 000000;0.000003639;0.000003952;0.000003275;0.0000038;2103829734.56
20260116 000000;0.0000038;0.00000399;0.000003402;0.000003788;3612698873.93
20260117 000000;0.000003788;0.000003804;0.000003575;0.000003793;4699582771.13
20260118 000000;0.000003793;0.000003802;0.000003564;0.000003691;4712926758.14
20260119 000000;0.000003691;0.000003804;0.000003459;0.000003774;4678238904.57
20260120 000000;0.000003774;0.000003812;0.000003321;0.00000346;4781420008.5
20260121 000000;0.00000346;0.000003796;0.000003335;0.000003679;4617596405.55
20260122 000000;0.000003679;0.000003799;0.00000358;0.000003692;4596193798.16
20260123 000000;0.000003692;0.000003754;0.000003514;0.000003542;4867117660.87
20260124 000000;0.000003542;0.000003691;0.000003363;0.0000036;1344795225.53
20260125 000000;0.0000036;0.0000036;0.000003322;0.000003402;2819827586.81
20260126 000000;0.000003402;0.000003519;0.000003025;0.000003349;4401376928.98
20260127 000000;0.000003349;0.000003353;0.00000303;0.000003302;5383686152.73
20260128 000000;0.000003302;0.00000346;0.000003092;0.000003455;5951576536.55
20260129 000000;0.000003455;0.000003549;0.000002699;0.000003499;4332879783.48
20260130 000000;0.000003499;0.000003613;0.000003101;0.000003196;4979026949.74
20260131 000000;0.000003196;0.000003208;0.000002896;0.000003113;5369777960.56
20260201 000000;0.000003113;0.000003157;0.000002729;0.000002802;3050800106.18
20260202 000000;0.000002802;0.000002802;0.00000241;0.000002718;4504845669.95
20260203 000000;0.000002718;0.00000274;0.0000021;0.000002494;6955945934.64
20260204 000000;0.000002494;0.000002934;0.00000222;0.000002574;6546347512.24
20260205 000000;0.000002574;0.000002599;0.000002174;0.000002257;1389499219.34
20260206 000000;0.000002257;0.000002538;0.000001899;0.000001915;2391759948.69
20260207 000000;0.000001915;0.00000253;0.000001505;0.000002035;9255645032.08
20260208 000000;0.000002035;0.000002484;0.000001712;0.000002174;10784326096.95
20260209 000000;0.000002174;0.000002599;0.000001694;0.000001978;17011655637.52
20260210 000000;0.000001978;0.0000022;0.000001813;0.00000192;10122991329.83
20260211 000000;0.00000192;0.000001997;0.000001895;0.00000199;2719849539.24
20260212 000000;0.00000199;0.00000199;0.00000157;0.000001879;740273676.56
20260213 000000;0.000001879;0.000001967;0.000001805;0.00000191;764715472.56
20260214 000000;0.00000191;0.000001934;0.000001902;0.000001902;139590104.09
20260215 000000;0.000001902;0.000001936;0.000001891;0.000001891;501776271.53
20260216 000000;0.000001891;0.000001925;0.000001891;0.000001904;20234008.77
20260217 000000;0.000001904;0.000001908;0.000001868;0.000001906;627388185.36
20260218 000000;0.000001906;0.000001906;0.000001595;0.000001595;3024617786.5
20260219 000000;0.000001595;0.00000206;0.000001551;0.000001768;4895105683.58
20260220 000000;0.000001768;0.000001831;0.00000169;0.000001714;3081827156.51
20260221 000000;0.000001714;0.000001741;0.000001667;0.000001704;2347357732.06
20260222 000000;0.000001704;0.000001718;0.000001703;0.000001707;4352755992.35
20260223 000000;0.000001707;0.000001726;0.000001583;0.000001609;6691891169.67
20260224 000000;0.000001609;0.000001622;0.0000015;0.000001554;11265017580.2
20260225 000000;0.000001554;0.000001726;0.0000015;0.00000163;8022893909.44
20260226 000000;0.00000163;0.000001785;0.000001607;0.000001641;22697749815.43
20260227 000000;0.000001641;0.000001702;0.000001623;0.000001623;17313860401.23
20260228 000000;0.000001623;0.000001636;0.000001606;0.000001628;4730786531.54
20260301 000000;0.000001628;0.000001659;0.000001627;0.000001646;3736223761.52
20260302 000000;0.000001646;0.000001666;0.000001645;0.000001658;3684004588.1
20260303 000000;0.000001658;0.000001784;0.000001605;0.000001784;3941737975.04
20260304 000000;0.000001784;0.000001899;0.000001784;0.000001821;5543261502.97
20260305 000000;0.000001821;0.000001826;0.000001786;0.000001814;2540801810.98
20260306 000000;0.000001814;0.000001823;0.000001804;0.000001806;4773401612.55
20260307 000000;0.000001806;0.000001808;0.000001793;0.000001799;5034600710.26
20260308 000000;0.000001799;0.000001803;0.000001795;0.000001799;4465085098.25
20260309 000000;0.000001799;0.000001802;0.000001612;0.000001795;7129644858.65
20260310 000000;0.000001795;0.000001885;0.000001789;0.00000187;4949608291.7
20260311 000000;0.00000187;0.000001872;0.000001825;0.000001828;4938738071.14
20260312 000000;0.000001828;0.000001834;0.00000163;0.000001789;4675975386.06
20260313 000000;0.000001789;0.000001793;0.000001783;0.00000179;4681929371.74
20260314 000000;0.00000179;0.0000018;0.000001787;0.0000018;4813948030.38
20260315 000000;0.0000018;0.0000018;0.000001788;0.000001788;3372380053.85
20260316 000000;0.000001788;0.000002065;0.000001788;0.000002065;3774573186.68
20260317 000000;0.000002065;0.000002126;0.000002017;0.000002052;3372315837.73
20260318 000000;0.000002052;0.000002522;0.000002052;0.000002372;4416216527.1
20260319 000000;0.000002372;0.000002884;0.000002372;0.000002784;3616843053.82
20260320 000000;0.000002784;0.000002784;0.000002653;0.000002728;2149290193.28
20260321 000000;0.000002728;0.000002735;0.000002566;0.000002729;2624570732.13
20260322 000000;0.000002729;0.000002752;0.000002544;0.000002727;2296749018.36
20260323 000000;0.000002727;0.000002753;0.000002591;0.000002697;2626864334.19
20260324 000000;0.000002697;0.000003749;0.000001615;0.000002707;6794267726.44
20260325 000000;0.000002707;0.000002961;0.000002696;0.000002923;1924182227.22
20260326 000000;0.000002923;0.000002943;0.000002783;0.00000284;2507905992.15
20260327 000000;0.00000284;0.000002841;0.00000268;0.000002777;2905416930.4
20260328 000000;0.000002777;0.000002779;0.000002516;0.000002596;2550449127.67
20260329 000000;0.000002596;0.000002614;0.000002501;0.000002564;2404168755.97
20260330 000000;0.000002564;0.000002564;0.0000022;0.00000243;2802084496.11
20260331 000000;0.00000243;0.000002448;0.000002357;0.000002427;2431622547.72
20260401 000000;0.000002427;0.000002427;0.000002376;0.000002376;2432330192.9
20260402 000000;0.000002376;0.00000244;0.000002295;0.000002304;3194748204.46
20260403 000000;0.000002304;0.000002312;0.000002287;0.000002287;1847869351.07
20260404 000000;0.000002287;0.000002287;0.000002229;0.00000227;20134691.36
20260405 000000;0.00000227;0.000002281;0.000002263;0.000002281;6660501.9
20260406 000000;0.000002281;0.000002291;0.000002253;0.000002288;2032032557.7
20260407 000000;0.000002288;0.000002296;0.000002273;0.000002277;2374082978.85
20260408 000000;0.000002277;0.000002318;0.000002272;0.000002276;2903008828.4
20260409 000000;0.000002276;0.00000228;0.000002018;0.000002102;2379604110.06
20260410 000000;0.000002102;0.000002133;0.000002013;0.000002133;2408029890.81
20260411 000000;0.000002133;0.000002161;0.000002019;0.000002051;2797212182.88
20260412 000000;0.000002051;0.000002069;0.000002018;0.000002039;2434098386.21
20260413 000000;0.000002039;0.000002045;0.000002013;0.000002042;2729917187.56
20260414 000000;0.000002042;0.000002054;0.000002025;0.000002041;2761549079.34
20260415 000000;0.000002041;0.000002135;0.000002029;0.000002068;3114435335.51
20260416 000000;0.000002068;0.00000228;0.00000203;0.00000228;3357186597.18
20260417 000000;0.00000228;0.000002923;0.000002277;0.000002905;685623460.41
20260418 000000;0.000002905;0.000002918;0.00000279;0.000002811;3046731690.88
20260419 000000;0.000002811;0.000002813;0.000002778;0.000002786;5174281668.64
20260420 000000;0.000002786;0.000002788;0.000002698;0.000002721;5262746176.14
20260421 000000;0.000002721;0.000002804;0.000002572;0.000002603;1184534706.11
20260422 000000;0.000002603;0.000002718;0.000002603;0.000002662;1403151433.15
20260423 000000;0.000002662;0.000002662;0.000002359;0.000002524;2201498315.37
20260424 000000;0.000002524;0.000002526;0.000002294;0.000002406;689363549.49
20260425 000000;0.000002406;0.000002421;0.000002367;0.000002374;2738405514.08
20260426 000000;0.000002374;0.000002419;0.000002309;0.000002312;2089678323.41
20260427 000000;0.000002312;0.000002424;0.000002305;0.000002423;2912631817.39
20260428 000000;0.000002423;0.000002446;0.000002392;0.000002395;2055696518.5
20260429 000000;0.000002395;0.000002395;0.000002358;0.000002358;2003759597.95
20260430 000000;0.000002358;0.000002381;0.000002339;0.000002351;3870776572
20260501 000000;0.000002351;0.000002362;0.000002014;0.000002014;2555165191.9
20260502 000000;0.000002014;0.000002077;0.000001992;0.000002002;1748465922.09
20260503 000000;0.000002002;0.00000225;0.000001988;0.000002234;2031506254.19
20260504 000000;0.000002234;0.000002259;0.000002188;0.000002193;2745742812.94
20260505 000000;0.000002193;0.000002276;0.000002186;0.000002237;2766465236.72
20260506 000000;0.000002237;0.000002794;0.000002235;0.000002616;1750575257.39
20260507 000000;0.000002616;0.000002727;0.000002491;0.000002493;2574875945.03
20260508 000000;0.000002493;0.000002498;0.000002364;0.000002398;1856267729.68
20260509 000000;0.000002398;0.000002429;0.000002392;0.000002415;2661072885.9
20260510 000000;0.000002415;0.000003079;0.000002388;0.000002936;1323692808.97
20260511 000000;0.000002936;0.000003404;0.000002936;0.000003354;2534490763.51
20260512 000000;0.000003354;0.000003387;0.000003051;0.000003344;2721209148.12
20260513 000000;0.000003344;0.000003488;0.00000284;0.000002845;2429031572.78
20260514 000000;0.000002845;0.000002876;0.000002707;0.000002783;1169461710.32
20260515 000000;0.000002783;0.000002824;0.00000267;0.000002732;2137581734.82
20260516 000000;0.000002732;0.000002784;0.000002576;0.000002602;2136632835.18
20260517 000000;0.000002602;0.000002641;0.0000026;0.000002602;2352220220.07
20260518 000000;0.000002602;0.000002608;0.0000025;0.00000256;1423723386.62
20260519 000000;0.00000256;0.000002648;0.000002539;0.000002589;2437212655.73
20260520 000000;0.000002589;0.00000259;0.000002545;0.000002548;2269166379.47
20260521 000000;0.000002548;0.000002582;0.0000025;0.000002548;2119955810.37
20260522 000000;0.000002548;0.000002588;0.000002513;0.000002516;2637181618.73
20260523 000000;0.000002516;0.000002584;0.000002471;0.000002503;2096689652.93
20260524 000000;0.000002503;0.000002512;0.000002426;0.000002475;2318600720.2
20260525 000000;0.000002475;0.000002545;0.000002391;0.000002471;2382388830.17
20260526 000000;0.000002471;0.000002492;0.000002334;0.000002446;2421416847.56
20260527 000000;0.000002446;0.000002575;0.000002129;0.000002424;2558930278.63
20260528 000000;0.000002424;0.000002475;0.000002293;0.000002298;1742275325.33
20260529 000000;0.000002298;0.00000241;0.000002296;0.000002378;2460715686.13
20260530 000000;0.000002378;0.000002393;0.000002369;0.000002384;2305354783.77
20260531 000000;0.000002384;0.000002403;0.000002356;0.000002364;2287988943.39
20260601 000000;0.000002364;0.000002415;0.000002318;0.000002372;2383100606.77
20260602 000000;0.000002372;0.000002501;0.000001899;0.000002025;2488229622.03
20260603 000000;0.000002025;0.000002159;0.000002024;0.000002118;2709181458.07
20260604 000000;0.000002118;0.00000212;0.000001987;0.000001998;2499164754.37
20260605 000000;0.000001998;0.000002085;0.000001928;0.000002047;3261169070.18
20260606 000000;0.000002047;0.000002416;0.00000201;0.000002337;1850783725.49
20260607 000000;0.000002337;0.000002363;0.000001701;0.000001852;3111640401.96
20260608 000000;0.000001852;0.000002016;0.000001809;0.000002011;1473570378.88
20260609 000000;0.000002011;0.000002011;0.000001817;0.000001825;17096213969.06
20260610 000000;0.000001825;0.000001937;0.000001822;0.0000019;6868126641.18
20260611 000000;0.0000019;0.00000192;0.00000189;0.000001905;2867099918.56
20260612 000000;0.000001905;0.000001913;0.000001888;0.000001892;2866090715.19
20260613 000000;0.000001892;0.000001901;0.000001887;0.000001899;2774623563.45
20260614 000000;0.000001899;0.000001901;0.000001892;0.000001901;2800641908.19
20260615 000000;0.000001901;0.00000198;0.000001895;0.000001971;2713283895.25
20260616 000000;0.000001971;0.000002019;0.000001966;0.000001997;2823787615.79
20260617 000000;0.000001997;0.000002025;0.000001945;0.000001984;3012426484.25
20260618 000000;0.000001984;0.000001988;0.000001917;0.000001921;2651396707.14
20260619 000000;0.000001921;0.000001934;0.000001915;0.00000192;2800921789.04
20260620 000000;0.00000192;0.000001943;0.000001916;0.000001939;2280643739.41
