20250101 000000;0.00002402;0.00002848;0.00002056;0.00002567;22753956362.08
20250102 000000;0.00002567;0.00002845;0.000023;0.0000261;12458121817.39
20250103 000000;0.0000261;0.00004;0.0000225;0.00003;18561844673.65
20250104 000000;0.00003;0.00003499;0.000024;0.00002821;16389032890.81
20250105 000000;0.00002821;0.00003294;0.000024;0.00002672;15591468176.18
20250106 000000;0.00002672;0.0000335;0.00002323;0.00002572;16121546513.63
20250107 000000;0.00002572;0.0000262;0.00002005;0.00002222;2325135048.66
20250108 000000;0.00002222;0.00002261;0.00001697;0.00001938;1482112063.08
20250109 000000;0.00001938;0.00002098;0.00001764;0.00001914;679157799.64
20250110 000000;0.00001914;0.0000219;0.000015;0.00001749;1285340176.67
20250111 000000;0.00001749;0.00001809;0.00001525;0.00001602;1125532889.74
20250112 000000;0.00001602;0.00001709;0.0000134;0.00001473;1516790751.01
20250113 000000;0.00001473;0.00001533;0.00001127;0.00001248;2727543608.92
20250114 000000;0.00001248;0.0000255;0.000012;0.0000231;2097693372.47
20250115 000000;0.0000231;0.0000275;0.000019;0.00002496;1582371086.01
20250116 000000;0.00002496;0.000031;0.000024;0.00002821;2191698541.57
20250117 000000;0.00002821;0.00003141;0.00002507;0.000028;1878882611.89
20250118 000000;0.000028;0.000031;0.00001991;0.00002558;1600470494.76
20250119 000000;0.00002558;0.00002574;0.00001501;0.00001701;2851676769.31
20250120 000000;0.00001701;0.00002425;0.00001552;0.000021;2598635156.92
20250121 000000;0.000021;0.000024;0.0000184;0.00002023;2212384179.63
20250122 000000;0.00002023;0.0000205;0.00001706;0.00001839;1086061479.78
20250123 000000;0.00001839;0.00001946;0.00001557;0.00001688;1274389715.9
20250124 000000;0.00001688;0.0000185;0.00001665;0.00001822;1168852945.05
20250125 000000;0.00001822;0.0000245;0.00001776;0.00002164;1010791175.65
20250126 000000;0.00002164;0.000025;0.00002161;0.0000223;533815410.8
20250127 000000;0.0000223;0.00002361;0.0000195;0.00002032;942116437.54
20250128 000000;0.00002032;0.00002534;0.000018;0.00002126;1210135365.55
20250129 000000;0.00002126;0.00002457;0.0000185;0.00002154;1351077654.5
20250130 000000;0.00002154;0.000025;0.00002106;0.00002226;1282185550.36
20250131 000000;0.00002226;0.000027;0.0000215;0.00002443;1507960061.53
20250201 000000;0.00002443;0.0000251;0.00001905;0.00002116;1642121999.78
20250202 000000;0.00002116;0.00002399;0.000019;0.00001906;2891963538.3
20250203 000000;0.00001906;0.000022;0.0000138;0.00001788;3969006719.18
20250204 000000;0.00001788;0.00001865;0.000016;0.00001666;1924053994.19
20250205 000000;0.00001666;0.0000185;0.000016;0.00001643;2903615803.85
20250206 000000;0.00001643;0.000021;0.00001458;0.00001573;2635476107.33
20250207 000000;0.00001573;0.00001623;0.000014;0.00001423;1139083407.42
20250208 000000;0.00001423;0.00001531;0.00001373;0.00001391;1983656085.89
20250209 000000;0.00001391;0.000018;0.0000136;0.0000165;1324031600.98
20250210 000000;0.0000165;0.00001657;0.00001462;0.0000151;987742086.44
20250211 000000;0.0000151;0.00001603;0.0000134;0.00001408;1573446930.95
20250212 000000;0.00001408;0.00001409;0.0000121;0.00001349;1107607738.92
20250213 000000;0.00001349;0.00001719;0.00001272;0.00001444;1491114605.62
20250214 000000;0.00001444;0.0000155;0.0000132;0.00001353;891241767.31
20250215 000000;0.00001353;0.0000145;0.00001322;0.00001402;626338610.73
20250216 000000;0.00001402;0.00001699;0.0000139;0.00001613;1752426231.31
20250217 000000;0.00001613;0.000018;0.00001595;0.00001694;777243657.2
20250218 000000;0.00001694;0.0000175;0.0000138;0.00001528;1176647614.59
20250219 000000;0.00001528;0.00001528;0.00001385;0.00001487;130233487.53
20250220 000000;0.00001487;0.0000155;0.000013;0.00001396;968769208.8
20250221 000000;0.00001396;0.00001453;0.00001343;0.00001382;1157293318.61
20250222 000000;0.00001382;0.0000141;0.00001367;0.00001393;1259489862.31
20250223 000000;0.00001393;0.0000145;0.0000116;0.00001273;1947662486.26
20250224 000000;0.00001273;0.00001474;0.0000108;0.0000116;3064953995.71
20250225 000000;0.0000116;0.00001211;0.0000102;0.00001123;2891988688.76
20250226 000000;0.00001123;0.000012;0.00000984;0.00001037;1258134313.34
20250227 000000;0.00001037;0.000011;0.00000971;0.00001031;1601789693.94
20250228 000000;0.00001031;0.00001069;0.00000808;0.00000979;2499627488.84
20250301 000000;0.00000979;0.00001;0.0000094;0.00000999;2142620905.21
20250302 000000;0.00000999;0.00001159;0.000008;0.00001027;3994934503.26
20250303 000000;0.00001027;0.00001158;0.00000983;0.00001008;2977273883.91
20250304 000000;0.00001008;0.00001066;0.00000808;0.00000865;1702066175.85
20250305 000000;0.00000865;0.0000101;0.00000802;0.00000884;3044584165.92
20250306 000000;0.00000884;0.00000903;0.0000085;0.00000871;2653663073.63
20250307 000000;0.00000871;0.0000094;0.00000869;0.00000877;1366597978.15
20250308 000000;0.00000877;0.00000902;0.0000086;0.00000876;1819464079.44
20250309 000000;0.00000876;0.00000887;0.000006;0.00000673;2519610354.7
20250310 000000;0.00000673;0.0000078;0.0000062;0.00000654;1822642356.59
20250311 000000;0.00000654;0.0000078;0.00000616;0.00000733;1998099502.49
20250312 000000;0.00000733;0.00000793;0.00000698;0.00000767;2254144570.23
20250313 000000;0.00000767;0.00000848;0.00000721;0.00000785;2472857487.21
20250314 000000;0.00000785;0.00000902;0.00000785;0.000009;2300722931.1
20250315 000000;0.000009;0.000011;0.000009;0.00001093;2039906192.63
20250316 000000;0.00001093;0.00001155;0.0000086;0.0000093;1989047936.1
20250317 000000;0.0000093;0.00001034;0.000009;0.0000094;1563738009.66
20250318 000000;0.0000094;0.00001;0.0000086;0.00000939;1358021564.61
20250319 000000;0.00000939;0.00001061;0.00000906;0.00000974;1481157034.28
20250320 000000;0.00000974;0.00001069;0.0000094;0.00000948;1343589525.32
20250321 000000;0.00000948;0.00001;0.00000922;0.00000999;1262360162.42
20250322 000000;0.00000999;0.00001;0.00000948;0.00000952;1085200893.25
20250323 000000;0.00000952;0.00000999;0.00000919;0.00000943;1042506116.96
20250324 000000;0.00000943;0.00001046;0.0000092;0.00001039;1355140597.36
20250325 000000;0.00001039;0.00001069;0.00000916;0.00001004;1494047474.66
20250326 000000;0.00001004;0.0000106;0.0000092;0.00000935;1395291021.74
20250327 000000;0.00000935;0.0000098;0.00000924;0.00000931;1173530422.63
20250328 000000;0.00000931;0.00000943;0.00000712;0.00000821;1703783954.74
20250329 000000;0.00000821;0.000009;0.0000072;0.00000784;1918610225.41
20250330 000000;0.00000784;0.000008;0.00000665;0.00000752;1780083477.15
20250331 000000;0.00000752;0.0000082;0.00000692;0.00000743;1772595121.2
20250401 000000;0.00000743;0.000008;0.0000071;0.00000795;1947970936.5
20250402 000000;0.00000795;0.00000802;0.0000074;0.00000751;1682597672.1
20250403 000000;0.00000751;0.00000762;0.0000064;0.00000689;1615055294.34
20250404 000000;0.00000689;0.00000755;0.000006;0.00000636;1726144555.99
20250405 000000;0.00000636;0.0000069;0.00000582;0.00000594;1765879104.11
20250406 000000;0.00000594;0.00000639;0.00000578;0.0000062;2104114137.27
20250407 000000;0.0000062;0.0000074;0.00000551;0.00000675;2420341258.43
20250408 000000;0.00000675;0.00000759;0.00000563;0.00000679;1812572383.55
20250409 000000;0.00000679;0.0000078;0.00000619;0.00000684;1935858290.42
20250410 000000;0.00000684;0.000008;0.00000605;0.000007;1490560205.7
20250411 000000;0.000007;0.00000795;0.0000068;0.00000733;1951917960.18
20250412 000000;0.00000733;0.00000901;0.00000692;0.00000762;2026831004.15
20250413 000000;0.00000762;0.00000806;0.00000724;0.0000075;1713395486.11
20250414 000000;0.0000075;0.00000768;0.00000749;0.00000763;1691118607.63
20250415 000000;0.00000763;0.0000082;0.00000721;0.0000074;1424172483.87
20250416 000000;0.0000074;0.0000078;0.00000625;0.00000713;1624447701.67
20250417 000000;0.00000713;0.0000078;0.00000662;0.00000716;1668243734.74
20250418 000000;0.00000716;0.0000076;0.0000068;0.00000693;1490025691.61
20250419 000000;0.00000693;0.0000084;0.00000674;0.00000738;1726761360.95
20250420 000000;0.00000738;0.000008;0.00000682;0.00000707;1501929977.4
20250421 000000;0.00000707;0.0000078;0.00000685;0.00000718;1516372915.35
20250422 000000;0.00000718;0.00000867;0.00000693;0.00000737;2041352192.29
20250423 000000;0.00000737;0.0000082;0.0000071;0.00000765;1595909836.29
20250424 000000;0.00000765;0.0000084;0.00000705;0.00000786;1602908279.61
20250425 000000;0.00000786;0.0000082;0.00000674;0.00000696;2625691164.12
20250426 000000;0.00000696;0.00000762;0.00000674;0.00000683;916736024.14
20250427 000000;0.00000683;0.00000746;0.00000674;0.00000677;1580003732.87
20250428 000000;0.00000677;0.00000743;0.00000661;0.0000071;2083509177.22
20250429 000000;0.0000071;0.00000902;0.0000071;0.00000902;2298432980.76
20250430 000000;0.00000902;0.00001081;0.0000082;0.00001079;1813006392.74
20250501 000000;0.00001079;0.00001081;0.00000908;0.00000994;1223955099.8
20250502 000000;0.00000994;0.000016;0.00000969;0.0000125;1476902210.07
20250503 000000;0.0000125;0.0000159;0.00001101;0.00001396;842766008.91
20250504 000000;0.00001396;0.00001424;0.0000112;0.00001194;900821616.77
20250505 000000;0.00001194;0.00001199;0.00001161;0.00001189;723614536.73
20250506 000000;0.00001189;0.00001206;0.00001105;0.00001133;569660625.49
20250507 000000;0.00001133;0.00001156;0.00001114;0.00001152;486478917.4
20250508 000000;0.00001152;0.0000122;0.00001125;0.0000116;586744239.06
20250509 000000;0.0000116;0.00001185;0.0000104;0.00001131;787124820.46
20250510 000000;0.00001131;0.0000126;0.00001077;0.00001143;714173812.47
20250511 000000;0.00001143;0.00001169;0.0000108;0.00001081;660363863.81
20250512 000000;0.00001081;0.000012;0.00001081;0.00001133;1072332558.41
20250513 000000;0.00001133;0.0000185;0.0000092;0.00001446;2015351654.7
20250514 000000;0.00001446;0.00002149;0.00001412;0.00002014;1588252380.07
20250515 000000;0.00002014;0.00002194;0.000016;0.00001939;711089203.42
20250516 000000;0.00001939;0.000021;0.00001851;0.00001978;654273815.55
20250517 000000;0.00001978;0.00002195;0.000019;0.00002047;540750686.22
20250518 000000;0.00002047;0.00002061;0.00001743;0.00001761;896347701.74
20250519 000000;0.00001761;0.00001891;0.000015;0.00001682;803242818.37
20250520 000000;0.00001682;0.00002;0.00001648;0.00001763;675140550.59
20250521 000000;0.00001763;0.0000205;0.00001662;0.0000188;569765077.71
20250522 000000;0.0000188;0.00002062;0.00001726;0.0000198;600541806.42
20250523 000000;0.0000198;0.00002079;0.000014;0.00001684;863205542.22
20250524 000000;0.00001684;0.00001806;0.00001583;0.00001639;756315199.26
20250525 000000;0.00001639;0.00001804;0.00001482;0.00001632;1438276596.26
20250526 000000;0.00001632;0.000019;0.00001594;0.0000175;547429150.3
20250527 000000;0.0000175;0.00002092;0.000016;0.00001777;767547461.29
20250528 000000;0.00001777;0.00001889;0.00001532;0.00001636;562383360.88
20250529 000000;0.00001636;0.000017;0.00001336;0.00001416;731541651.56
20250530 000000;0.00001416;0.00001431;0.0000114;0.00001193;788231934.57
20250531 000000;0.00001193;0.000014;0.00001;0.000012;1231350405.43
20250601 000000;0.000012;0.00001355;0.00001037;0.00001144;897494914.76
20250602 000000;0.00001144;0.00001227;0.00001047;0.00001127;709310813.56
20250603 000000;0.00001127;0.000014;0.00001066;0.00001251;859187702.71
20250604 000000;0.00001251;0.0000145;0.0000124;0.00001287;581865523.23
20250605 000000;0.00001287;0.000013;0.0000106;0.000012;404322309.27
20250606 000000;0.000012;0.0000128;0.00001069;0.00001131;300250964.35
20250607 000000;0.00001131;0.0000122;0.00001068;0.00001089;795398566.3
20250608 000000;0.00001089;0.0000118;0.00001066;0.00001096;345811220.26
20250609 000000;0.00001096;0.000013;0.00001042;0.00001197;874573092.93
20250610 000000;0.00001197;0.00001285;0.0000106;0.00001072;969176168.69
20250611 000000;0.00001072;0.00001201;0.00001;0.00001074;953195930.32
20250612 000000;0.00001074;0.00001138;0.00001011;0.00001042;669231667.03
20250613 000000;0.00001042;0.00001046;0.0000084;0.00000899;1407400129.45
20250614 000000;0.00000899;0.00000968;0.000008;0.00000864;1164851474.77
20250615 000000;0.00000864;0.0000096;0.00000818;0.0000088;756307679.74
20250616 000000;0.0000088;0.00000989;0.00000867;0.00000935;781832174.52
20250617 000000;0.00000935;0.00000967;0.00000825;0.0000087;955446159.91
20250618 000000;0.0000087;0.00000877;0.00000802;0.00000827;709910148.61
20250619 000000;0.00000827;0.00001016;0.0000072;0.00000851;2054773854.09
20250620 000000;0.00000851;0.00000938;0.0000077;0.00000772;730129514.81
20250621 000000;0.00000772;0.000008;0.00000706;0.00000756;638522309.42
20250622 000000;0.00000756;0.0000076;0.0000064;0.00000673;955148891.06
20250623 000000;0.00000673;0.0000078;0.00000673;0.0000073;911177812.1
20250624 000000;0.0000073;0.0000082;0.000007;0.000007;928126663.55
20250625 000000;0.000007;0.00000742;0.00000674;0.00000727;988484861.8
20250626 000000;0.00000727;0.0000076;0.00000656;0.00000706;817832682.19
20250627 000000;0.00000706;0.0000076;0.00000665;0.00000716;960404518.94
20250628 000000;0.00000716;0.0000082;0.000007;0.00000769;846328382.42
20250629 000000;0.00000769;0.00000835;0.000007;0.00000732;836737666.11
20250630 000000;0.00000732;0.000008;0.00000707;0.00000729;636808501.74
20250701 000000;0.00000729;0.00000751;0.0000064;0.00000685;395960852.47
20250702 000000;0.00000685;0.00000755;0.00000611;0.00000686;1406320811.12
20250703 000000;0.00000686;0.00000721;0.00000652;0.00000678;914377655.09
20250704 000000;0.00000678;0.00000702;0.00000643;0.00000701;909128858.75
20250705 000000;0.00000701;0.00000735;0.0000068;0.0000069;889124736.34
20250706 000000;0.0000069;0.00000735;0.0000068;0.00000733;799344229.49
20250707 000000;0.00000733;0.00000735;0.0000068;0.00000689;756642311.99
20250708 000000;0.00000689;0.000007;0.0000066;0.0000067;774669440.7
20250709 000000;0.0000067;0.0000068;0.0000064;0.00000674;824008939.18
20250710 000000;0.00000674;0.0000075;0.00000644;0.00000708;974833388.88
20250711 000000;0.00000708;0.0000074;0.00000666;0.00000687;926233504.69
20250712 000000;0.00000687;0.00000753;0.00000682;0.00000711;1056105279.14
20250713 000000;0.00000711;0.00000739;0.00000681;0.0000072;2190721614.11
20250714 000000;0.0000072;0.00000738;0.00000601;0.00000641;2512986664.42
20250715 000000;0.00000641;0.00000659;0.0000061;0.00000635;2598430395.34
20250716 000000;0.00000635;0.0000074;0.00000604;0.00000658;5649666667.24
20250717 000000;0.00000658;0.0000071;0.0000065;0.00000677;2332340735.6
20250718 000000;0.00000677;0.000008;0.00000669;0.00000717;1472255019.37
20250719 000000;0.00000717;0.0000086;0.00000698;0.00000827;559422119.89
20250720 000000;0.00000827;0.0000099;0.00000808;0.00000867;1191257929.69
20250721 000000;0.00000867;0.0000132;0.0000086;0.00001265;1885020586.36
20250722 000000;0.00001265;0.0000185;0.000012;0.00001613;2014271066.76
20250723 000000;0.00001613;0.0000175;0.00001262;0.00001332;705610754.22
20250724 000000;0.00001332;0.00001347;0.0000122;0.00001287;689358320.15
20250725 000000;0.00001287;0.0000139;0.00001203;0.00001347;1333055161.82
20250726 000000;0.00001347;0.00001374;0.00001221;0.00001255;1281094198.54
20250727 000000;0.00001255;0.0000145;0.00001236;0.00001448;591602093.33
20250728 000000;0.00001448;0.00001586;0.0000134;0.00001418;1365747057.15
20250729 000000;0.00001418;0.00001586;0.0000132;0.00001497;544238737.76
20250730 000000;0.00001497;0.00001538;0.00001424;0.00001469;1198484388.88
20250731 000000;0.00001469;0.00001586;0.0000138;0.00001484;727217948.57
20250801 000000;0.00001484;0.000015;0.0000134;0.0000143;526023365.47
20250802 000000;0.0000143;0.0000145;0.00001304;0.00001363;931018034.71
20250803 000000;0.00001363;0.00001416;0.00001341;0.00001343;586131725.93
20250804 000000;0.00001343;0.000014;0.0000134;0.000014;730227099.04
20250805 000000;0.000014;0.0000155;0.0000132;0.00001389;206235174
20250806 000000;0.00001389;0.00001577;0.0000134;0.00001369;177494948.14
20250807 000000;0.00001369;0.00001436;0.0000136;0.00001367;732022708.05
20250808 000000;0.00001367;0.00001592;0.0000134;0.00001451;732076730.15
20250809 000000;0.00001451;0.00001551;0.0000134;0.00001402;330289232.15
20250810 000000;0.00001402;0.000016;0.0000136;0.00001394;352240716.76
20250811 000000;0.00001394;0.000018;0.0000118;0.00001287;985015062.83
20250812 000000;0.00001287;0.00001467;0.00001106;0.00001294;1347216973.07
20250813 000000;0.00001294;0.000016;0.00001278;0.00001478;752692742.47
20250814 000000;0.00001478;0.00002188;0.00001304;0.00001747;2573073459.06
20250815 000000;0.00001747;0.000022;0.00001651;0.00001848;878141941.55
20250816 000000;0.00001848;0.00001851;0.00001668;0.00001773;188821362.87
20250817 000000;0.00001773;0.00001851;0.00001701;0.00001781;212230146.27
20250818 000000;0.00001781;0.00001853;0.00001779;0.0000185;498585829.63
20250819 000000;0.0000185;0.00001853;0.0000145;0.00001599;664382970.92
20250820 000000;0.00001599;0.00001694;0.00001479;0.00001635;986655787.57
20250821 000000;0.00001635;0.00001694;0.0000158;0.00001617;951297436.31
20250822 000000;0.00001617;0.00001855;0.00001555;0.00001806;925069557.92
20250823 000000;0.00001806;0.000019;0.00001594;0.00001799;182722173.15
20250824 000000;0.00001799;0.00001878;0.0000151;0.00001603;436986290.57
20250825 000000;0.00001603;0.00001699;0.0000155;0.00001609;232054464.85
20250826 000000;0.00001609;0.00001698;0.0000145;0.00001565;436197435.83
20250827 000000;0.00001565;0.0000205;0.00001473;0.00001704;444307929.19
20250828 000000;0.00001704;0.00002;0.0000165;0.00001716;1054582669.9
20250829 000000;0.00001716;0.000018;0.0000153;0.00001691;262933186.08
20250830 000000;0.00001691;0.0000173;0.00001546;0.00001566;267436390.89
20250831 000000;0.00001566;0.00001604;0.0000124;0.00001321;560804955.9
20250901 000000;0.00001321;0.00001403;0.0000098;0.00001133;1072683912.36
20250902 000000;0.00001133;0.0000126;0.00000996;0.00001148;986464558.92
20250903 000000;0.00001148;0.0000122;0.00001094;0.00001184;1006199348.2
20250904 000000;0.00001184;0.00001299;0.00001119;0.00001222;1256913211.51
20250905 000000;0.00001222;0.0000138;0.0000116;0.00001242;826795560.02
20250906 000000;0.00001242;0.00001375;0.00001093;0.00001303;569145349.49
20250907 000000;0.00001303;0.00001379;0.0000122;0.00001272;327479370.09
20250908 000000;0.00001272;0.00001699;0.00001253;0.00001438;519534273.44
20250909 000000;0.00001438;0.00001602;0.0000137;0.00001527;573158329.89
20250910 000000;0.00001527;0.00001548;0.00001347;0.00001383;1296771017.48
20250911 000000;0.00001383;0.00001729;0.00001354;0.00001497;540432032.25
20250912 000000;0.00001497;0.0000165;0.00001459;0.00001532;346032364.8
20250913 000000;0.00001532;0.00001604;0.00001453;0.00001489;1130630345.32
20250914 000000;0.00001489;0.00001512;0.00001462;0.0000147;3927749639.27
20250915 000000;0.0000147;0.00001536;0.00001403;0.00001439;1932330521.22
20250916 000000;0.00001439;0.00001597;0.00001409;0.00001452;1182738816.59
20250917 000000;0.00001452;0.0000165;0.000014;0.00001441;712744342.53
20250918 000000;0.00001441;0.00001777;0.000013;0.00001592;1183807671.34
20250919 000000;0.00001592;0.00001859;0.00001549;0.00001644;1954324702.42
20250920 000000;0.00001644;0.00001757;0.0000142;0.00001542;1042771107.84
20250921 000000;0.00001542;0.00001542;0.0000138;0.0000148;1338134547.48
20250922 000000;0.0000148;0.00001498;0.00001443;0.00001453;1397435977.87
20250923 000000;0.00001453;0.000018;0.000014;0.00001505;3513877459
20250924 000000;0.00001505;0.00001508;0.00001386;0.00001386;942910387.71
20250925 000000;0.00001386;0.00001452;0.0000132;0.00001328;1450693092.68
20250926 000000;0.00001328;0.000014;0.00001306;0.0000132;1620371469.96
20250927 000000;0.0000132;0.00001327;0.0000126;0.00001298;567700368.85
20250928 000000;0.00001298;0.00001298;0.00001265;0.00001271;673078657.17
20250929 000000;0.00001271;0.0000138;0.00001265;0.00001266;186549542.68
20250930 000000;0.00001266;0.00001449;0.00001251;0.00001266;2967025141.5
20251001 000000;0.00001266;0.0000134;0.000012;0.00001261;797087088.72
20251002 000000;0.00001261;0.0000134;0.00001;0.00001256;896862087.36
20251003 000000;0.00001256;0.0000126;0.00001001;0.00001103;1539705515.52
20251004 000000;0.00001103;0.0000128;0.0000094;0.0000107;11457930170.81
20251005 000000;0.0000107;0.000011;0.00001047;0.00001066;418220572.35
20251006 000000;0.00001066;0.00001159;0.0000096;0.00001069;6771890254.77
20251007 000000;0.00001069;0.000011;0.00000962;0.00001019;180934505.72
20251008 000000;0.00001019;0.00001019;0.00000681;0.00000767;10804652583.18
20251009 000000;0.00000767;0.00000779;0.000005;0.00000621;8342266972.79
20251010 000000;0.00000621;0.00000749;0.0000051;0.0000058;6723023359.09
20251011 000000;0.0000058;0.0000068;0.0000053;0.00000581;1989644249.84
20251012 000000;0.00000581;0.00000658;0.00000581;0.00000595;69590899.96
20251013 000000;0.00000595;0.0000072;0.00000591;0.00000624;2531390779.38
20251014 000000;0.00000624;0.00000765;0.0000056;0.00000633;1537358068.72
20251015 000000;0.00000633;0.00000699;0.00000592;0.00000595;907666980.76
20251016 000000;0.00000595;0.00000664;0.00000571;0.0000059;544629132.95
20251017 000000;0.0000059;0.00000609;0.0000046;0.00000477;1241614398.17
20251018 000000;0.00000477;0.00000539;0.0000045;0.000005;1581896138.77
20251019 000000;0.000005;0.0000053;0.00000452;0.00000521;453612153.62
20251020 000000;0.00000521;0.00000521;0.00000466;0.0000048;510605108.57
20251021 000000;0.0000048;0.00000482;0.00000425;0.00000448;1932977162.88
20251022 000000;0.00000448;0.0000046;0.0000042;0.00000421;1429394811.44
20251023 000000;0.00000421;0.0000049;0.0000042;0.00000441;2524084919.63
20251024 000000;0.00000441;0.0000066;0.00000423;0.00000516;3376876465.63
20251025 000000;0.00000516;0.0000066;0.00000443;0.00000519;18035825325.38
20251026 000000;0.00000519;0.0000058;0.0000047;0.0000056;1115553955.81
20251027 000000;0.0000056;0.0000064;0.0000049;0.00000554;3784340408.24
20251028 000000;0.00000554;0.00000555;0.00000514;0.00000522;1197864760.32
20251029 000000;0.00000522;0.00000525;0.000005;0.00000519;2961558432.23
20251030 000000;0.00000519;0.00000537;0.00000445;0.00000477;2939458741.81
20251031 000000;0.00000477;0.000005;0.0000041;0.00000446;3844757340.58
20251101 000000;0.00000446;0.00000549;0.0000035;0.00000376;37834447859.64
20251102 000000;0.00000376;0.00000379;0.0000036;0.00000378;2578165476.38
20251103 000000;0.00000378;0.0000046;0.0000034;0.0000039;4357425414.64
20251104 000000;0.0000039;0.00000392;0.00000302;0.00000347;273114130.49
20251105 000000;0.00000347;0.0000037;0.00000335;0.00000365;2830746782.49
20251106 000000;0.00000365;0.000004;0.00000349;0.00000395;2913533187.28
20251107 000000;0.00000395;0.00000415;0.0000036;0.00000404;1786849727.52
20251108 000000;0.00000404;0.00000428;0.00000362;0.00000406;4539134268.63
20251109 000000;0.00000406;0.00000408;0.00000391;0.00000396;3724961897.62
20251110 000000;0.00000396;0.00000488;0.00000392;0.00000433;5177126059.07
20251111 000000;0.00000433;0.00000489;0.00000399;0.00000434;3789787963.66
20251112 000000;0.00000434;0.00000459;0.0000041;0.00000412;3584733753.6
20251113 000000;0.00000412;0.0000044;0.00000412;0.00000427;3458978276.25
20251114 000000;0.00000427;0.00000437;0.00000392;0.00000407;2954422950.12
20251115 000000;0.00000407;0.00000435;0.00000404;0.00000434;3775720326.89
20251116 000000;0.00000434;0.00000435;0.00000402;0.00000417;4103186606.76
20251117 000000;0.00000417;0.00000434;0.00000401;0.00000402;4303251679.12
20251118 000000;0.00000402;0.00000408;0.00000385;0.00000393;3849737590.34
20251119 000000;0.00000393;0.0000044;0.00000349;0.00000412;6158003332.75
20251120 000000;0.00000412;0.00000412;0.00000381;0.00000392;3903063008.03
20251121 000000;0.00000392;0.00000393;0.00000387;0.00000388;3906010476.88
20251122 000000;0.00000388;0.00000391;0.00000349;0.00000363;4461047346.28
20251123 000000;0.00000363;0.00000366;0.00000356;0.00000365;4294795741.69
20251124 000000;0.00000365;0.00000383;0.00000363;0.00000383;4225253859.61
20251125 000000;0.00000383;0.0000045;0.00000383;0.00000397;4335605471.87
20251126 000000;0.00000397;0.00000433;0.00000389;0.00000432;3801469361.46
20251127 000000;0.00000432;0.0000044;0.0000041;0.00000432;3418095509.2
20251128 000000;0.00000432;0.00000436;0.00000429;0.00000434;3633793422.12
20251129 000000;0.00000434;0.00000435;0.0000043;0.00000432;3557038747.75
20251130 000000;0.00000432;0.0000045;0.00000427;0.00000429;3691056863.76
20251201 000000;0.00000429;0.00000431;0.00000427;0.0000043;3498415043.99
20251202 000000;0.0000043;0.0000044;0.00000422;0.00000435;2767933008.5
20251203 000000;0.00000435;0.00000439;0.0000042;0.00000432;3629760075.25
20251204 000000;0.00000432;0.00000435;0.0000043;0.00000431;3588588410.9
20251205 000000;0.00000431;0.00000435;0.00000426;0.00000428;4098588455.25
20251206 000000;0.00000428;0.00000435;0.00000345;0.00000349;4442574752.9
20251207 000000;0.00000349;0.0000036;0.000003;0.00000321;11503346567
20251208 000000;0.00000321;0.00000369;0.0000032;0.00000335;5491617528.02
20251209 000000;0.00000335;0.00000341;0.000003;0.00000323;5570636876.11
20251210 000000;0.00000323;0.00000327;0.00000321;0.00000323;5326384362.44
20251211 000000;0.00000323;0.00000325;0.00000321;0.00000324;5296878063.72
20251212 000000;0.00000324;0.0000035;0.00000321;0.00000342;5934278521.66
20251213 000000;0.00000342;0.00000362;0.00000321;0.0000036;2669244688.88
20251214 000000;0.0000036;0.0000036;0.00000317;0.00000335;849826050.39
20251215 000000;0.00000335;0.00000364;0.00000317;0.00000326;3110422982.57
20251216 000000;0.00000326;0.00000359;0.00000316;0.00000355;5178842296.66
20251217 000000;0.00000355;0.00000355;0.00000303;0.00000307;7143630938.19
20251218 000000;0.00000307;0.00000308;0.0000025;0.00000265;6674711704.83
20251219 000000;0.00000265;0.000002674;0.000002398;0.00000267;7264155962.4
20251220 000000;0.00000267;0.000002743;0.00000258;0.00000267;6410187554.38
20251221 000000;0.00000267;0.00000268;0.00000262;0.000002676;6345326790.97
20251222 000000;0.000002676;0.000002757;0.000002649;0.000002727;6555686854.57
20251223 000000;0.000002727;0.00000274;0.000002717;0.000002723;6431335862.29
20251224 000000;0.000002723;0.000002746;0.000002719;0.000002744;6410382521.66
20251225 000000;0.000002744;0.000002749;0.000002741;0.000002747;6169725625.33
20251226 000000;0.000002747;0.000002751;0.000002744;0.000002747;6334133864.01
20251227 000000;0.000002747;0.000002752;0.000002741;0.000002745;6280077024.19
20251228 000000;0.000002745;0.000002752;0.000002672;0.00000268;6765728926.46
20251229 000000;0.00000268;0.000002753;0.000002489;0.000002721;6890622957.74
20251230 000000;0.000002721;0.0000043;0.000002695;0.00000297;7008576228.33
20251231 000000;0.00000297;0.000003505;0.000002949;0.000003027;5633730503.25
