20260101 000000;0.03285;0.03488;0.03261;0.03467;8105186.3
20260102 000000;0.03467;0.03654;0.03424;0.0363;18789063.96
20260103 000000;0.0363;0.03913;0.03607;0.03797;25225196.51
20260104 000000;0.03797;0.04065;0.03773;0.03848;40971426.46
20260105 000000;0.03848;0.04;0.03717;0.03944;29238129.09
20260106 000000;0.03944;0.0416;0.03844;0.03976;27002588.56
20260107 000000;0.03976;0.0399;0.03726;0.03761;11385639.12
20260108 000000;0.03761;0.03795;0.03541;0.03627;11666950.18
20260109 000000;0.03627;0.0375;0.03608;0.03677;9002677.28
20260110 000000;0.03677;0.03819;0.03588;0.03702;8542611.51
20260111 000000;0.03702;0.03785;0.03626;0.03673;8974207.49
20260112 000000;0.03673;0.03759;0.03566;0.03599;11655225.51
20260113 000000;0.03599;0.04041;0.03585;0.03866;19913256.38
20260114 000000;0.03866;0.04006;0.03822;0.03833;17313460.78
20260115 000000;0.03833;0.03974;0.03572;0.03664;26103683.58
20260116 000000;0.03664;0.0368;0.03516;0.03659;10696295.66
20260117 000000;0.03659;0.03732;0.03608;0.03635;8678767.33
20260118 000000;0.03635;0.03699;0.03446;0.0345;13352305.38
20260119 000000;0.0345;0.0345;0.03076;0.03365;21413046.44
20260120 000000;0.03365;0.03378;0.0302;0.03043;16798032.88
20260121 000000;0.03043;0.03193;0.02946;0.03036;21116160.46
20260122 000000;0.03036;0.03106;0.02877;0.0293;15496101.03
20260123 000000;0.0293;0.03061;0.02905;0.02935;22177602.94
20260124 000000;0.02935;0.03049;0.02929;0.03016;12211105.99
20260125 000000;0.03016;0.03073;0.0273;0.02808;41043497.52
20260126 000000;0.02808;0.02972;0.02804;0.02932;20172429.45
20260127 000000;0.02932;0.03008;0.02832;0.02908;17657665.5
20260128 000000;0.02908;0.03048;0.02847;0.02922;26088316.6
20260129 000000;0.02922;0.02932;0.026;0.0265;28313548.52
20260130 000000;0.0265;0.02708;0.02522;0.02658;36991933.43
20260131 000000;0.02658;0.02663;0.02085;0.02325;52452718.32
20260201 000000;0.02325;0.02452;0.02225;0.02265;35924609.84
20260202 000000;0.02265;0.02416;0.02218;0.02385;31857210.67
20260203 000000;0.02385;0.02509;0.02281;0.02396;27239757.87
20260204 000000;0.02396;0.02467;0.0225;0.02293;21761627.45
20260205 000000;0.02293;0.02318;0.01879;0.01899;55084544.75
20260206 000000;0.01899;0.02176;0.01706;0.02091;42315977.65
20260207 000000;0.02091;0.02106;0.0198;0.02065;18950172.62
20260208 000000;0.02065;0.02066;0.01943;0.01957;13134047.37
20260209 000000;0.01957;0.0201;0.0188;0.01972;16914567.44
20260210 000000;0.01972;0.01989;0.01854;0.01885;18169100.91
20260211 000000;0.01885;0.01924;0.01802;0.01897;26866821.49
20260212 000000;0.01897;0.02042;0.01894;0.01964;37473583.36
20260213 000000;0.01964;0.02077;0.01932;0.02076;23298182.39
20260214 000000;0.02076;0.02193;0.02064;0.0215;21259174.82
20260215 000000;0.0215;0.02166;0.01977;0.02026;25413434.06
20260216 000000;0.02026;0.0207;0.01999;0.02059;16774152.72
20260217 000000;0.02059;0.02121;0.02017;0.02049;30401425.75
20260218 000000;0.02049;0.02094;0.01954;0.01972;20221270.72
20260219 000000;0.01972;0.02011;0.01887;0.0194;17743421.48
20260220 000000;0.0194;0.0204;0.01932;0.02005;26184650.66
20260221 000000;0.02005;0.02031;0.01967;0.01969;17772434.13
20260222 000000;0.01969;0.01969;0.01869;0.01896;17884596.79
20260223 000000;0.01896;0.01933;0.01785;0.01836;46606312.11
20260224 000000;0.01836;0.01906;0.01796;0.01869;35170855.68
20260225 000000;0.01869;0.02055;0.01868;0.01982;38503824.39
20260226 000000;0.01982;0.01996;0.01861;0.01917;36952865.47
20260227 000000;0.01917;0.01988;0.01856;0.01894;37570849.6
20260228 000000;0.01894;0.01946;0.01754;0.01906;59951681.68
20260301 000000;0.01906;0.01975;0.01786;0.01831;25863730.38
20260302 000000;0.01831;0.01974;0.01814;0.01907;25082683.24
20260303 000000;0.01907;0.01913;0.01815;0.01847;17903847.8
20260304 000000;0.01847;0.01938;0.01825;0.01902;18996095.03
20260305 000000;0.01902;0.01917;0.01833;0.01865;17595945.49
20260306 000000;0.01865;0.01931;0.01793;0.01833;17546677.77
20260307 000000;0.01833;0.01836;0.0176;0.01767;9437338.75
20260308 000000;0.01767;0.01813;0.0174;0.01768;14237341.01
20260309 000000;0.01768;0.01864;0.01761;0.01822;15623186.43
20260310 000000;0.01822;0.01865;0.01806;0.01824;17308677.34
20260311 000000;0.01824;0.01871;0.01771;0.01797;17962031.4
20260312 000000;0.01797;0.01934;0.01774;0.01836;48368954.11
20260313 000000;0.01836;0.01866;0.01717;0.0173;25198106.52
20260314 000000;0.0173;0.01733;0.01592;0.01653;37506493.89
20260315 000000;0.01653;0.01743;0.01634;0.01695;30900813.23
20260316 000000;0.01695;0.01816;0.01674;0.018;60244916.49
20260317 000000;0.018;0.01943;0.01741;0.01861;84749612.21
20260318 000000;0.01861;0.0196;0.01689;0.01726;108228285.62
20260319 000000;0.01726;0.01739;0.0163;0.01662;27766673.68
20260320 000000;0.01662;0.01733;0.01657;0.01713;33726131.73
20260321 000000;0.01713;0.01805;0.01681;0.01697;36135969.08
20260322 000000;0.01697;0.01716;0.01605;0.01627;21496674.08
20260323 000000;0.01627;0.01703;0.01613;0.01662;21637002.31
20260324 000000;0.01662;0.01686;0.0164;0.01663;17887028.96
20260325 000000;0.01663;0.01689;0.01658;0.01672;11031466.99
20260326 000000;0.01672;0.01674;0.01531;0.01555;20139921.66
20260327 000000;0.01555;0.0158;0.01496;0.01508;16506581.42
20260328 000000;0.01508;0.01533;0.01471;0.01481;8116617.33
20260329 000000;0.01481;0.01503;0.01438;0.01467;16715808.76
20260330 000000;0.01467;0.01543;0.01452;0.01456;21553670.89
20260331 000000;0.01456;0.01479;0.01415;0.01435;27094934.64
20260401 000000;0.01435;0.01519;0.01418;0.01492;29975868.44
20260402 000000;0.01492;0.01507;0.01389;0.01398;28390463.04
20260403 000000;0.01398;0.01403;0.01307;0.01318;39900878.47
20260404 000000;0.01318;0.01345;0.01294;0.01335;28402676.85
20260405 000000;0.01335;0.01337;0.01271;0.01325;27686668.02
20260406 000000;0.01325;0.01374;0.01325;0.01337;21044008.87
20260407 000000;0.01337;0.0142;0.01315;0.01415;28057076.59
20260408 000000;0.01415;0.01418;0.01292;0.01306;51987859.02
20260409 000000;0.01306;0.01372;0.01283;0.01332;37444934.57
20260410 000000;0.01332;0.01339;0.01274;0.01301;43931359.28
20260411 000000;0.01301;0.0133;0.01251;0.01303;46683698.9
20260412 000000;0.01303;0.01308;0.01205;0.01213;35823052.32
20260413 000000;0.01213;0.01254;0.01177;0.01247;53700653.39
20260414 000000;0.01247;0.01249;0.01165;0.01189;27345404.39
20260415 000000;0.01189;0.01254;0.0117;0.01233;30334867.3
20260416 000000;0.01233;0.01328;0.01225;0.01322;55482352.97
20260417 000000;0.01322;0.0135;0.01271;0.01313;46429772.93
20260418 000000;0.01313;0.01322;0.01224;0.01225;50139610
20260419 000000;0.01225;0.0131;0.01198;0.01234;75528234.24
20260420 000000;0.01234;0.01304;0.01225;0.01276;58470373.51
20260421 000000;0.01276;0.01286;0.01203;0.01246;42982549.99
20260422 000000;0.01246;0.01334;0.01245;0.01282;33658347.34
20260423 000000;0.01282;0.0132;0.01246;0.01315;31069545.11
20260424 000000;0.01315;0.01445;0.01287;0.01426;76957733.66
20260425 000000;0.01426;0.01546;0.01312;0.01357;118000482.19
20260426 000000;0.01357;0.01413;0.01328;0.01346;37210836.25
20260427 000000;0.01346;0.01379;0.01247;0.01293;35568720.8
20260428 000000;0.01293;0.01306;0.01273;0.01279;18857201.3
20260429 000000;0.01279;0.01315;0.01211;0.01248;22545097.73
20260430 000000;0.01248;0.01268;0.0123;0.01235;9883196.44
20260501 000000;0.01235;0.01283;0.01234;0.01271;13535538.07
20260502 000000;0.01271;0.01301;0.01262;0.01292;11217359.35
20260503 000000;0.01292;0.01294;0.01261;0.01271;13180987.59
20260504 000000;0.01271;0.01414;0.01258;0.01403;56121741.06
20260505 000000;0.01403;0.01431;0.01342;0.01366;30231294.45
20260506 000000;0.01366;0.0143;0.01357;0.01385;24552639.56
20260507 000000;0.01385;0.01467;0.01342;0.01443;50155221
20260508 000000;0.01443;0.01541;0.01426;0.01523;64350595.1
20260509 000000;0.01523;0.01569;0.01461;0.01465;32655029.29
20260510 000000;0.01465;0.0164;0.01441;0.01584;123648544.28
20260511 000000;0.01584;0.01653;0.01508;0.01646;36410311.7
20260512 000000;0.01646;0.01663;0.015;0.01585;59078822.13
20260513 000000;0.01585;0.01608;0.01453;0.01466;30054688.26
20260514 000000;0.01466;0.01477;0.01401;0.01436;33510386.98
20260515 000000;0.01436;0.01446;0.01298;0.01316;31123029.65
20260516 000000;0.01316;0.01341;0.01259;0.01283;19662192.68
20260517 000000;0.01283;0.01316;0.01208;0.01247;21125767
20260518 000000;0.01247;0.01262;0.01192;0.01236;29526262.8
20260519 000000;0.01236;0.01247;0.01181;0.01194;24570044.53
20260520 000000;0.01194;0.01275;0.01186;0.01255;36245070.68
20260521 000000;0.01255;0.01312;0.01241;0.01299;21237688.07
20260522 000000;0.01299;0.01334;0.01206;0.01215;36378599.63
20260523 000000;0.01215;0.01285;0.0117;0.01258;27436614.21
20260524 000000;0.01258;0.01261;0.01182;0.01209;22142266.17
20260525 000000;0.01209;0.0127;0.01207;0.0124;21344137.07
20260526 000000;0.0124;0.01291;0.01201;0.01225;34753631.93
20260527 000000;0.01225;0.01257;0.01188;0.01198;23292102.64
20260528 000000;0.01198;0.01203;0.01102;0.01152;37280682.62
20260529 000000;0.01152;0.01184;0.01118;0.01154;24422998.8
20260530 000000;0.01154;0.01191;0.01151;0.01168;11492448.56
20260531 000000;0.01168;0.01197;0.01139;0.01191;18383804.84
20260601 000000;0.01191;0.01383;0.01191;0.01326;92625377.36
20260602 000000;0.01326;0.01326;0.01186;0.01229;66938082.44
20260603 000000;0.01229;0.01379;0.01223;0.01269;64806129.3
20260604 000000;0.01269;0.01302;0.01053;0.01079;116710130.9
20260605 000000;0.01079;0.01082;0.00916;0.00952;162149499.17
20260606 000000;0.00952;0.00968;0.00883;0.00955;83212514.63
20260607 000000;0.00955;0.00991;0.009241;0.00956;43075291.95
20260608 000000;0.00956;0.00975;0.0093;0.00942;30318252.99
20260609 000000;0.00942;0.00943;0.008778;0.008961;46131843.95
20260610 000000;0.008961;0.009179;0.008495;0.008595;54681294.83
20260611 000000;0.008595;0.00929;0.008585;0.009124;46971799.29
20260612 000000;0.009124;0.009896;0.008945;0.00952;87461823.54
20260613 000000;0.00952;0.010115;0.009427;0.009814;98228350.03
20260614 000000;0.009814;0.010086;0.009446;0.010025;53095605.9
20260615 000000;0.010025;0.010482;0.009936;0.010054;33870505.88
20260616 000000;0.010054;0.010137;0.009623;0.009958;23094405.53
20260617 000000;0.009958;0.01016;0.009639;0.009854;22244040.39
20260618 000000;0.009854;0.010083;0.009156;0.009697;42586733.58
20260619 000000;0.009697;0.009867;0.009372;0.009544;26214217.43
20260620 000000;0.009544;0.01098;0.009377;0.010507;87273734.5
