20240403 000000;0.4;1.85;0.4;1.3;5357320.45
20240404 000000;1.3;1.388;1.01;1.072;4243594.6
20240405 000000;1.072;1.083;0.9;0.958;2238585.44
20240406 000000;0.958;1.138;0.927;1.05;1757119.49
20240407 000000;1.05;1.085;0.975;1.002;1048646.28
20240408 000000;1.002;1.044;0.952;0.97;1643593.6
20240409 000000;0.97;0.999;0.832;0.847;1255602.99
20240410 000000;0.847;0.877;0.785;0.838;1396111.18
20240411 000000;0.838;0.84;0.755;0.779;1284115.88
20240412 000000;0.779;0.825;0.516;0.604;2792459.99
20240413 000000;0.604;0.67;0.45;0.543;2056050.5
20240414 000000;0.543;0.721;0.529;0.711;1867051.94
20240415 000000;0.711;0.711;0.609;0.656;1046783.39
20240416 000000;0.656;0.656;0.566;0.611;813225.49
20240417 000000;0.611;0.627;0.54;0.565;1110351.87
20240418 000000;0.565;0.603;0.54;0.592;1426287.79
20240419 000000;0.592;0.624;0.532;0.589;1035185.36
20240420 000000;0.589;0.666;0.572;0.656;533868.9
20240421 000000;0.656;0.677;0.6;0.613;339384.05
20240422 000000;0.613;0.683;0.61;0.641;791385.54
20240423 000000;0.641;0.658;0.586;0.593;962054.9
20240424 000000;0.593;0.61;0.539;0.545;873863.88
20240425 000000;0.545;0.673;0.525;0.657;1433372.01
20240426 000000;0.657;0.659;0.582;0.587;764614.54
20240427 000000;0.587;0.623;0.55;0.618;575145.98
20240428 000000;0.618;0.673;0.589;0.63;496332.17
20240429 000000;0.63;0.696;0.576;0.681;1117162.9
20240430 000000;0.681;0.701;0.578;0.606;1239691.95
20240501 000000;0.606;0.697;0.59;0.687;1985304.99
20240502 000000;0.687;0.777;0.631;0.727;1403390.69
20240503 000000;0.727;0.76;0.701;0.738;1325998.21
20240504 000000;0.738;0.775;0.719;0.727;962008.52
20240505 000000;0.727;0.742;0.662;0.676;1263336.89
20240506 000000;0.676;0.708;0.638;0.646;1067959.23
20240507 000000;0.646;0.667;0.624;0.634;710115.26
20240508 000000;0.634;0.659;0.603;0.605;653168.69
20240509 000000;0.605;0.641;0.595;0.63;511952.85
20240510 000000;0.63;0.649;0.587;0.596;715807.34
20240511 000000;0.596;0.616;0.582;0.596;448071.98
20240512 000000;0.596;0.608;0.586;0.591;375496
20240513 000000;0.591;0.596;0.537;0.549;642674.34
20240514 000000;0.549;0.553;0.513;0.527;516391.78
20240515 000000;0.527;0.578;0.523;0.57;624498.09
20240516 000000;0.57;0.581;0.523;0.537;374153.89
20240517 000000;0.537;0.57;0.532;0.554;542626.37
20240518 000000;0.554;0.572;0.542;0.56;565825.52
20240519 000000;0.56;0.571;0.526;0.532;621911.59
20240520 000000;0.532;0.574;0.51;0.574;917558.29
20240521 000000;0.574;0.588;0.557;0.582;958216.68
20240522 000000;0.582;0.586;0.546;0.576;550445.96
20240523 000000;0.576;0.597;0.519;0.557;689187.64
20240524 000000;0.557;0.581;0.546;0.56;523103.01
20240525 000000;0.56;0.608;0.557;0.574;805893.03
20240526 000000;0.574;0.587;0.554;0.561;670994.06
20240527 000000;0.561;0.64;0.561;0.633;1592775.59
20240528 000000;0.633;0.637;0.571;0.592;1142743.34
20240529 000000;0.592;0.626;0.576;0.58;733760.7
20240530 000000;0.58;0.603;0.56;0.565;792105.37
20240531 000000;0.565;0.602;0.557;0.588;474681.39
20240601 000000;0.588;0.608;0.579;0.597;375100.86
20240602 000000;0.597;0.675;0.593;0.633;1340624.81
20240603 000000;0.633;0.668;0.619;0.667;846832.04
20240604 000000;0.667;0.7;0.632;0.641;1145216.34
20240605 000000;0.641;0.652;0.614;0.621;613696.05
20240606 000000;0.621;0.697;0.613;0.694;1403225.63
20240607 000000;0.694;0.747;0.619;0.671;1802132.35
20240608 000000;0.671;0.763;0.634;0.661;1556427.5
20240609 000000;0.661;0.69;0.625;0.681;786409.77
20240610 000000;0.681;0.681;0.55;0.556;1350185.46
20240611 000000;0.556;0.563;0.521;0.524;1329707.95
20240612 000000;0.524;0.554;0.496;0.526;1234234.9
20240613 000000;0.526;0.532;0.469;0.477;1120963.94
20240614 000000;0.477;0.492;0.42;0.451;712050.88
20240615 000000;0.451;0.466;0.445;0.45;642169.07
20240616 000000;0.45;0.46;0.438;0.448;709219
20240617 000000;0.448;0.455;0.39;0.398;1352114.78
20240618 000000;0.398;0.4;0.321;0.369;851588.18
20240619 000000;0.369;0.384;0.358;0.366;420982.38
20240620 000000;0.366;0.382;0.34;0.348;402276.3
20240621 000000;0.348;0.358;0.337;0.34;423744.87
20240622 000000;0.34;0.354;0.331;0.342;493722.95
20240623 000000;0.342;0.357;0.328;0.33;382329.28
20240624 000000;0.33;0.355;0.311;0.353;542955.27
20240625 000000;0.353;0.365;0.343;0.348;370934.67
20240626 000000;0.348;0.358;0.332;0.336;281058.51
20240627 000000;0.336;0.3545;0.324;0.3517;513316.64
20240628 000000;0.3517;0.36;0.3301;0.3305;437668.56
20240629 000000;0.3305;0.3545;0.3303;0.3373;298021.62
20240630 000000;0.3373;0.3685;0.3315;0.3644;486006.42
20240701 000000;0.3644;0.387;0.3529;0.375;507612.85
20240702 000000;0.375;0.3825;0.3578;0.3649;433327.63
20240703 000000;0.3649;0.3773;0.3257;0.3272;501364.44
20240704 000000;0.3272;0.3317;0.266;0.2696;761195.62
20240705 000000;0.2696;0.27;0.2339;0.2523;1350757.72
20240706 000000;0.2523;0.2982;0.2493;0.2917;867949.93
20240707 000000;0.2917;0.2929;0.2675;0.2705;409347.69
20240708 000000;0.2705;0.2976;0.2568;0.2871;543789.95
20240709 000000;0.2871;0.2955;0.2826;0.2926;348272.22
20240710 000000;0.2926;0.3035;0.285;0.2884;652485.9
20240711 000000;0.2884;0.2972;0.2713;0.2731;460752.06
20240712 000000;0.2731;0.2833;0.267;0.2757;300453.52
20240713 000000;0.2757;0.2839;0.2698;0.2759;371963.86
20240714 000000;0.2759;0.2932;0.2724;0.289;279909.45
20240715 000000;0.289;0.3224;0.2881;0.3203;933089.53
20240716 000000;0.3203;0.3425;0.3037;0.3312;928200.06
20240717 000000;0.3312;0.3406;0.3172;0.3232;461000.81
20240718 000000;0.3232;0.3363;0.3106;0.3236;911860.05
20240719 000000;0.3236;0.3447;0.3109;0.3393;386309.33
20240720 000000;0.3393;0.353;0.3315;0.3487;475033.59
20240721 000000;0.3487;0.3546;0.3176;0.3535;586420.68
20240722 000000;0.3535;0.3573;0.3188;0.3211;439551.44
20240723 000000;0.3211;0.3342;0.3075;0.313;1036208.8
20240724 000000;0.313;0.3209;0.2951;0.2969;649002.11
20240725 000000;0.2969;0.2978;0.2673;0.2793;764570.88
20240726 000000;0.2793;0.2932;0.2774;0.2904;490929.81
20240727 000000;0.2904;0.3072;0.2886;0.2996;251250.47
20240728 000000;0.2996;0.2996;0.2793;0.2845;299655.82
20240729 000000;0.2845;0.2939;0.2619;0.2641;819769.73
20240730 000000;0.2641;0.2694;0.2478;0.2536;484878.11
20240731 000000;0.2536;0.2605;0.247;0.2488;656956.91
20240801 000000;0.2488;0.2539;0.2249;0.2452;533245.44
20240802 000000;0.2452;0.2486;0.2234;0.2258;481811.66
20240803 000000;0.2258;0.2299;0.2002;0.2069;314966.81
20240804 000000;0.2069;0.22;0.1922;0.2165;458874.05
20240805 000000;0.2165;0.2179;0.1628;0.1751;981267.99
20240806 000000;0.1751;0.1974;0.1749;0.1912;1114317.38
20240807 000000;0.1912;0.2015;0.1805;0.1835;1319751.76
20240808 000000;0.1835;0.214;0.1802;0.2137;1143974.72
20240809 000000;0.2137;0.2163;0.2032;0.209;1614085.8
20240810 000000;0.209;0.2347;0.2064;0.2241;557243.23
20240811 000000;0.2241;0.2264;0.2031;0.2051;889455.22
20240812 000000;0.2051;0.2277;0.2051;0.2224;633340.13
20240813 000000;0.2224;0.2339;0.212;0.2281;366429.72
20240814 000000;0.2281;0.2284;0.2133;0.2171;371664.65
20240815 000000;0.2171;0.2257;0.2066;0.2114;439867.56
20240816 000000;0.2114;0.2136;0.1977;0.2053;284918.84
20240817 000000;0.2053;0.2169;0.2033;0.2138;323767.17
20240818 000000;0.2138;0.2218;0.21;0.2132;285605.09
20240819 000000;0.2132;0.2354;0.2072;0.2345;603223.87
20240820 000000;0.2345;0.2401;0.2247;0.2351;690966.97
20240821 000000;0.2351;0.245;0.2292;0.244;593757.69
20240822 000000;0.244;0.2479;0.2387;0.2415;372137.73
20240823 000000;0.2415;0.267;0.2413;0.2647;573643.99
20240824 000000;0.2647;0.2785;0.2611;0.2659;530309.57
20240825 000000;0.2659;0.2675;0.249;0.2598;343011.86
20240826 000000;0.2598;0.2622;0.2358;0.2376;538789.5
20240827 000000;0.2376;0.2451;0.2185;0.2259;358915.18
20240828 000000;0.2259;0.2331;0.2108;0.2176;338828.98
20240829 000000;0.2176;0.233;0.2155;0.2206;573599.91
20240830 000000;0.2206;0.2226;0.2039;0.2184;328730.47
20240831 000000;0.2184;0.221;0.2071;0.209;262205.17
20240901 000000;0.209;0.2137;0.1974;0.1983;362892.38
20240902 000000;0.1983;0.215;0.1978;0.2103;307469.18
20240903 000000;0.2103;0.2147;0.1956;0.197;174057.59
20240904 000000;0.197;0.2084;0.1859;0.2037;272629.82
20240905 000000;0.2037;0.2059;0.197;0.2007;287999.76
20240906 000000;0.2007;0.205;0.182;0.1917;306646.07
20240907 000000;0.1917;0.2004;0.19;0.1964;402395.91
20240908 000000;0.1964;0.2065;0.1923;0.201;215686.28
20240909 000000;0.201;0.214;0.1988;0.2091;461731.64
20240910 000000;0.2091;0.2109;0.2037;0.2073;289174.89
20240911 000000;0.2073;0.2075;0.1936;0.1995;389795.27
20240912 000000;0.1995;0.2059;0.1962;0.2053;226263.69
20240913 000000;0.2053;0.2139;0.2032;0.2115;405924.96
20240914 000000;0.2115;0.2156;0.2045;0.2073;292951.82
20240915 000000;0.2073;0.2162;0.1965;0.199;407657.27
20240916 000000;0.199;0.202;0.1884;0.1919;279221.25
20240917 000000;0.1919;0.2062;0.1882;0.2013;774169.87
20240918 000000;0.2013;0.2104;0.1916;0.2103;1015840.75
20240919 000000;0.2103;0.2428;0.2103;0.2283;2178149.49
20240920 000000;0.2283;0.254;0.2248;0.235;1552724.86
20240921 000000;0.235;0.2424;0.2264;0.2395;554672.7
20240922 000000;0.2395;0.2395;0.2222;0.2312;260804.34
20240923 000000;0.2312;0.2493;0.2257;0.2443;535166.92
20240924 000000;0.2443;0.2612;0.2382;0.2566;792012.25
20240925 000000;0.2566;0.263;0.2476;0.2507;717462.03
20240926 000000;0.2507;0.3093;0.2461;0.2942;1425411.49
20240927 000000;0.2942;0.3332;0.2941;0.3246;827232.61
20240928 000000;0.3246;0.3403;0.2945;0.3002;482659.5
20240929 000000;0.3002;0.3224;0.2904;0.3124;414479.56
20240930 000000;0.3124;0.32;0.2865;0.2891;460650.13
20241001 000000;0.2891;0.3174;0.2763;0.3041;1049681.47
20241002 000000;0.3041;0.4051;0.3038;0.3432;4648263.51
20241003 000000;0.3432;0.3589;0.3082;0.3181;611777.61
20241004 000000;0.3181;0.3388;0.3086;0.3275;1502618.7
20241005 000000;0.3275;0.3675;0.3275;0.3413;875583.92
20241006 000000;0.3413;0.3512;0.3322;0.3432;431109.79
20241007 000000;0.3432;0.3576;0.3222;0.3231;1048396.22
20241008 000000;0.3231;0.3284;0.31;0.3141;596830.7
20241009 000000;0.3141;0.316;0.2968;0.3024;826665.68
20241010 000000;0.3024;0.3066;0.2877;0.3016;429212.19
20241011 000000;0.3016;0.3179;0.2974;0.3155;391529.48
20241012 000000;0.3155;0.3241;0.307;0.3209;1148410.91
20241013 000000;0.3209;0.3217;0.2994;0.3078;375592.47
20241014 000000;0.3078;0.3323;0.3015;0.3268;773908.43
20241015 000000;0.3268;0.3269;0.2982;0.3068;712411.99
20241016 000000;0.3068;0.3086;0.2913;0.2965;400264.04
20241017 000000;0.2965;0.2993;0.2808;0.2873;348068.16
20241018 000000;0.2873;0.2936;0.2855;0.29;358979.1
20241019 000000;0.29;0.2925;0.2838;0.2899;377779.46
20241020 000000;0.2899;0.3044;0.2834;0.3012;489269.33
20241021 000000;0.3012;0.3079;0.2829;0.2839;343969.22
20241022 000000;0.2839;0.287;0.2709;0.2816;437458.7
20241023 000000;0.2816;0.2865;0.2618;0.2691;443910.72
20241024 000000;0.2691;0.2812;0.2667;0.2729;545692.67
20241025 000000;0.2729;0.2786;0.23;0.2406;748156.51
20241026 000000;0.2406;0.2453;0.2327;0.2435;616747.89
20241027 000000;0.2435;0.247;0.2391;0.242;457054.86
20241028 000000;0.242;0.2429;0.225;0.2369;484841
20241029 000000;0.2369;0.2582;0.2364;0.2458;665827.96
20241030 000000;0.2458;0.2461;0.2365;0.2394;523133.33
20241031 000000;0.2394;0.2403;0.2195;0.2226;680539.91
20241101 000000;0.2226;0.2255;0.2109;0.2149;934935.44
20241102 000000;0.2149;0.2277;0.213;0.2194;834862.38
20241103 000000;0.2194;0.2272;0.2004;0.2116;1114488.97
20241104 000000;0.2116;0.2142;0.1922;0.1963;1017833.4
20241105 000000;0.1963;0.2118;0.1963;0.2069;572268.71
20241106 000000;0.2069;0.2376;0.2068;0.2344;1023121.63
20241107 000000;0.2344;0.2509;0.2328;0.2403;6826037.5
20241108 000000;0.2403;0.2499;0.2315;0.2381;26739569.71
20241109 000000;0.2381;0.2737;0.2371;0.2597;64491038.31
20241110 000000;0.2597;0.2763;0.2474;0.2676;150392207.84
20241111 000000;0.2676;0.2829;0.2594;0.2816;80516827.85
20241112 000000;0.2816;0.2856;0.2412;0.2522;42615250.1
20241113 000000;0.2522;0.2579;0.2255;0.2453;28603989.66
20241114 000000;0.2453;0.2587;0.2256;0.2297;16506678.68
20241115 000000;0.2297;0.2364;0.2198;0.2355;9532919.93
20241116 000000;0.2355;0.2523;0.2335;0.2519;5461284.78
20241117 000000;0.2519;0.2599;0.2363;0.2466;12674328.07
20241118 000000;0.2466;0.261;0.2415;0.2567;7330039.35
20241119 000000;0.2567;0.2581;0.235;0.2423;9038102.46
20241120 000000;0.2423;0.2423;0.2165;0.2197;9982183.94
20241121 000000;0.2197;0.2407;0.2111;0.2367;18393728.27
20241122 000000;0.2367;0.2449;0.2242;0.2444;17885485.38
20241123 000000;0.2444;0.2754;0.2416;0.2648;34759030.82
20241124 000000;0.2648;0.289;0.2413;0.2871;34790549.73
20241125 000000;0.2871;0.2871;0.2641;0.2752;29246228.45
20241126 000000;0.2752;0.291;0.2539;0.2666;22069010.36
20241127 000000;0.2666;0.3067;0.2604;0.3011;17064592.11
20241128 000000;0.3011;0.3094;0.2901;0.3062;11434661.04
20241129 000000;0.3062;0.3141;0.2954;0.308;9436303.14
20241130 000000;0.308;0.3362;0.3;0.3261;10735014.74
20241201 000000;0.3261;0.3764;0.3164;0.3433;28086774.96
20241202 000000;0.3433;0.3457;0.31;0.3444;26977454.61
20241203 000000;0.3444;0.3757;0.3152;0.3631;44808168.95
20241204 000000;0.3631;0.3887;0.3466;0.3729;64585553.82
20241205 000000;0.3729;0.4025;0.3495;0.3835;60361084.49
20241206 000000;0.3835;0.4155;0.3779;0.4002;28913597.72
20241207 000000;0.4002;0.4021;0.385;0.3912;5595654.33
20241208 000000;0.3912;0.4012;0.3731;0.3887;5640676.6
20241209 000000;0.3887;0.3888;0.264;0.3164;29417769.09
20241210 000000;0.3164;0.3264;0.2851;0.3124;67099312.32
20241211 000000;0.3124;0.3484;0.2987;0.3428;12233777.22
20241212 000000;0.3428;0.3593;0.3284;0.3333;19427851.91
20241213 000000;0.3333;0.337;0.3187;0.3286;8654030.89
20241214 000000;0.3286;0.3366;0.3095;0.3338;6558500.67
20241215 000000;0.3338;0.3572;0.3132;0.3544;11960414.42
20241216 000000;0.3544;0.3622;0.3229;0.3303;10234683.7
20241217 000000;0.3303;0.3386;0.3101;0.3148;10954520.85
20241218 000000;0.3148;0.3193;0.2848;0.2947;22743120.1
20241219 000000;0.2947;0.2995;0.2552;0.267;43240939.34
20241220 000000;0.267;0.2856;0.2357;0.2789;47799794.51
20241221 000000;0.2789;0.2998;0.257;0.2621;18801881.2
20241222 000000;0.2621;0.2711;0.251;0.2592;10229237.31
20241223 000000;0.2592;0.292;0.2515;0.2909;10527054.34
20241224 000000;0.2909;0.2992;0.2783;0.2953;6752362.55
20241225 000000;0.2953;0.3042;0.287;0.2919;6477391.31
20241226 000000;0.2919;0.2975;0.2662;0.2721;5946202.73
20241227 000000;0.2721;0.323;0.2708;0.3043;21145268.1
20241228 000000;0.3043;0.3074;0.2846;0.2991;7970260.05
20241229 000000;0.2991;0.3156;0.2826;0.2936;7928509.71
20241230 000000;0.2936;0.3105;0.2894;0.2937;15526438.26
20241231 000000;0.2937;0.303;0.2766;0.2857;8470681.48
