20260101 000000;0.01237;0.01246;0.01171;0.01208;4749258.84
20260102 000000;0.01208;0.01357;0.01188;0.01281;5003541.66
20260103 000000;0.01281;0.01294;0.01224;0.01251;4319816.71
20260104 000000;0.01251;0.01291;0.0121;0.01224;4644715.58
20260105 000000;0.01224;0.01262;0.0118;0.01182;4536207.77
20260106 000000;0.01182;0.01242;0.01166;0.01213;4612510.33
20260107 000000;0.01213;0.01216;0.0116;0.01169;4798904.49
20260108 000000;0.01169;0.01181;0.01069;0.01154;5028584.92
20260109 000000;0.01154;0.01175;0.01095;0.01136;4941309.28
20260110 000000;0.01136;0.01149;0.01092;0.01118;4808406.57
20260111 000000;0.01118;0.01212;0.011;0.01156;5365636.99
20260112 000000;0.01156;0.01183;0.01107;0.01149;4741601.47
20260113 000000;0.01149;0.01188;0.01126;0.01174;4607251.97
20260114 000000;0.01174;0.01248;0.01146;0.01168;4968301.29
20260115 000000;0.01168;0.01196;0.01157;0.01161;4807339.73
20260116 000000;0.01161;0.01186;0.01123;0.01156;5015892.69
20260117 000000;0.01156;0.01205;0.01117;0.01149;5107146.66
20260118 000000;0.01149;0.01163;0.01122;0.01123;4930274.83
20260119 000000;0.01123;0.01173;0.00999;0.01004;5434077.42
20260120 000000;0.01004;0.01005;0.00856;0.00903;6003169.49
20260121 000000;0.00903;0.00904;0.00799;0.00859;6459784.02
20260122 000000;0.00859;0.00861;0.00778;0.007941;6931024.57
20260123 000000;0.007941;0.00863;0.007701;0.008197;7110491.1
20260124 000000;0.008197;0.00884;0.00814;0.008602;6423649.25
20260125 000000;0.008602;0.009008;0.00774;0.007863;6454816.9
20260126 000000;0.007863;0.00847;0.007429;0.008222;7162208.46
20260127 000000;0.008222;0.008291;0.007917;0.008279;6823455.79
20260128 000000;0.008279;0.008359;0.008112;0.008163;6881996.79
20260129 000000;0.008163;0.008181;0.006993;0.007378;7592550.29
20260130 000000;0.007378;0.007671;0.006994;0.007446;7642845.93
20260131 000000;0.007446;0.007536;0.005954;0.006828;7921847.28
20260201 000000;0.006828;0.007403;0.006167;0.006336;8672956.53
20260202 000000;0.006336;0.006446;0.006011;0.006221;8956876.72
20260203 000000;0.006221;0.006224;0.005802;0.005836;9051289.17
20260204 000000;0.005836;0.006072;0.005381;0.005602;10071833.63
20260205 000000;0.005602;0.005678;0.004847;0.004935;9775241.41
20260206 000000;0.004935;0.006632;0.004385;0.006318;10002470.64
20260207 000000;0.006318;0.00651;0.005859;0.00619;8847336.73
20260208 000000;0.00619;0.006196;0.006052;0.006076;9253855.18
20260209 000000;0.006076;0.006719;0.00576;0.00648;9142609.32
20260210 000000;0.00648;0.0065;0.006228;0.006239;8992701.21
20260211 000000;0.006239;0.006332;0.006079;0.006224;9152027.24
20260212 000000;0.006224;0.006468;0.006078;0.006128;8973994.43
20260213 000000;0.006128;0.007398;0.006111;0.006968;8411986.19
20260214 000000;0.006968;0.007706;0.006966;0.00741;7617879.1
20260215 000000;0.00741;0.007719;0.006909;0.007182;7282189.86
20260216 000000;0.007182;0.0072;0.006972;0.007114;8243895.02
20260217 000000;0.007114;0.007317;0.006861;0.00698;8272664.17
20260218 000000;0.00698;0.007019;0.0065;0.006691;7920422.83
20260219 000000;0.006691;0.006796;0.00621;0.006425;8354469.97
20260220 000000;0.006425;0.006486;0.00608;0.006311;8751163.48
20260221 000000;0.006311;0.00652;0.005986;0.006426;8247808.8
20260222 000000;0.006426;0.006443;0.006345;0.006347;8861771.68
20260223 000000;0.006347;0.006348;0.005905;0.006066;9076537.83
20260224 000000;0.006066;0.00622;0.005878;0.006146;8644636.47
20260225 000000;0.006146;0.007205;0.006074;0.006764;8303101.4
20260226 000000;0.006764;0.006949;0.006568;0.006643;8369584.38
20260227 000000;0.006643;0.006664;0.006199;0.006223;8388219.79
20260228 000000;0.006223;0.006351;0.005921;0.006223;8652150.17
20260301 000000;0.006223;0.006476;0.005612;0.005918;8932437.83
20260302 000000;0.005918;0.006525;0.00591;0.00634;9069221
20260303 000000;0.00634;0.006348;0.005918;0.006169;8869565.27
20260304 000000;0.006169;0.006796;0.006146;0.006624;8426044.41
20260305 000000;0.006624;0.006789;0.006287;0.00635;8612730.74
20260306 000000;0.00635;0.00638;0.006028;0.00608;8890581.63
20260307 000000;0.00608;0.006164;0.005977;0.006003;8988319.13
20260308 000000;0.006003;0.006089;0.005881;0.005927;8859776.83
20260309 000000;0.005927;0.006374;0.005914;0.006047;9069762.55
20260310 000000;0.006047;0.00625;0.00599;0.006008;8848471.06
20260311 000000;0.006008;0.006112;0.005565;0.006044;9841243.61
20260312 000000;0.006044;0.006288;0.005917;0.006282;9454890.75
20260313 000000;0.006282;0.007282;0.006271;0.006875;8306225.52
20260314 000000;0.006875;0.007234;0.00678;0.006917;8274726.34
20260315 000000;0.006917;0.007113;0.006567;0.007109;8104628.09
20260316 000000;0.007109;0.008068;0.007102;0.007826;7746233.57
20260317 000000;0.007826;0.00834;0.0076;0.008277;7065755.79
20260318 000000;0.008277;0.009587;0.008225;0.009127;6489039.81
20260319 000000;0.009127;0.011361;0.009124;0.011341;5572206.14
20260320 000000;0.011341;0.011622;0.010196;0.010745;5110003.77
20260321 000000;0.010745;0.010773;0.009637;0.009856;5596306.18
20260322 000000;0.009856;0.009858;0.008819;0.009206;5901161.5
20260323 000000;0.009206;0.010723;0.008993;0.009642;5927946.18
20260324 000000;0.009642;0.0107;0.00933;0.010126;5954774.28
20260325 000000;0.010126;0.011839;0.010123;0.011751;4760538.97
20260326 000000;0.011751;0.011751;0.010221;0.010223;5074188.21
20260327 000000;0.010223;0.010405;0.009745;0.009893;5750991.46
20260328 000000;0.009893;0.00993;0.008718;0.009056;6290030.2
20260329 000000;0.009056;0.009221;0.008557;0.008645;6500845.94
20260330 000000;0.008645;0.009129;0.008636;0.0087;6501485.92
20260331 000000;0.0087;0.009034;0.008691;0.009011;6165607.61
20260401 000000;0.009011;0.00965;0.008713;0.008956;5903010.15
20260402 000000;0.008956;0.008984;0.008553;0.00866;6380018.45
20260403 000000;0.00866;0.009948;0.008638;0.009341;5742168.94
20260404 000000;0.009341;0.010448;0.009297;0.01038;5848601.54
20260405 000000;0.01038;0.011219;0.010319;0.011212;5093701.8
20260406 000000;0.011212;0.011443;0.010648;0.010694;5114222.47
20260407 000000;0.010694;0.012915;0.010388;0.011857;4955380.11
20260408 000000;0.011857;0.011857;0.009911;0.00993;5346942.41
20260409 000000;0.00993;0.010906;0.00991;0.01076;5443536.31
20260410 000000;0.01076;0.010969;0.010412;0.010902;5049906.77
20260411 000000;0.010902;0.011178;0.010737;0.010965;5271711.53
20260412 000000;0.010965;0.010987;0.010209;0.010576;4982920.47
20260413 000000;0.010576;0.011049;0.010313;0.011049;5160500.68
20260414 000000;0.011049;0.01112;0.010065;0.010608;4955756.99
20260415 000000;0.010608;0.012215;0.010599;0.011626;5109003.51
20260416 000000;0.011626;0.01211;0.011418;0.011911;4897905.95
20260417 000000;0.011911;0.013498;0.011828;0.012516;4500659.05
20260418 000000;0.012516;0.012517;0.01143;0.011867;4657185.3
20260419 000000;0.011867;0.011903;0.011254;0.011268;4608357.88
20260420 000000;0.011268;0.011935;0.011;0.011878;5446979.06
20260421 000000;0.011878;0.01216;0.01111;0.011287;5034298.68
20260422 000000;0.011287;0.011927;0.011229;0.011384;4907237.76
20260423 000000;0.011384;0.012271;0.010858;0.011211;4879802.26
20260424 000000;0.011211;0.011626;0.011076;0.011607;4711350.27
20260425 000000;0.011607;0.011869;0.010871;0.011053;5055574
20260426 000000;0.011053;0.016175;0.011053;0.011761;5556350.45
20260427 000000;0.011761;0.012056;0.011255;0.011314;4906685.89
20260428 000000;0.011314;0.011398;0.010902;0.011344;5241307.26
20260429 000000;0.011344;0.011745;0.010906;0.011003;4888576.82
20260430 000000;0.011003;0.011796;0.010969;0.011422;4795254.91
20260501 000000;0.011422;0.011939;0.011398;0.011756;4775973.93
20260502 000000;0.011756;0.0118;0.01111;0.011123;4640861.93
20260503 000000;0.011123;0.011407;0.011;0.011296;5039453.32
20260504 000000;0.011296;0.011684;0.010782;0.011154;5253285.01
20260505 000000;0.011154;0.012477;0.011153;0.0119;4875422.27
20260506 000000;0.0119;0.013238;0.011788;0.012009;4672650.27
20260507 000000;0.012009;0.012506;0.011669;0.011881;4593773.89
20260508 000000;0.011881;0.01268;0.011845;0.012601;4653917.84
20260509 000000;0.012601;0.012817;0.012584;0.012737;4523356.24
20260510 000000;0.012737;0.012926;0.01221;0.012667;4858111.73
20260511 000000;0.012667;0.012723;0.0119;0.012282;4630003.18
20260512 000000;0.012282;0.012287;0.010903;0.011174;4927882.19
20260513 000000;0.011174;0.01127;0.010476;0.010793;5108100.21
20260514 000000;0.010793;0.011381;0.010696;0.011055;5070818.7
20260515 000000;0.011055;0.011093;0.010482;0.011032;5314693.95
20260516 000000;0.011032;0.011062;0.009829;0.010386;5432575.9
20260517 000000;0.010386;0.010388;0.009697;0.009803;5658820.06
20260518 000000;0.009803;0.009849;0.009404;0.009825;5757799.29
20260519 000000;0.009825;0.009855;0.009712;0.009802;5608497.94
20260520 000000;0.009802;0.009908;0.009146;0.009276;5671736.99
20260521 000000;0.009276;0.009785;0.009256;0.009738;5584158.07
20260522 000000;0.009738;0.010157;0.0093;0.009389;5696032.66
20260523 000000;0.009389;0.00971;0.009039;0.009589;6057127.72
20260524 000000;0.009589;0.009733;0.009365;0.009498;5677733.74
20260525 000000;0.009498;0.009533;0.009489;0.009494;5831770.69
20260526 000000;0.009494;0.009532;0.009157;0.00918;5712361.83
20260527 000000;0.00918;0.009458;0.009157;0.009332;5762144.25
20260528 000000;0.009332;0.009341;0.008615;0.00893;6131097.37
20260529 000000;0.00893;0.009231;0.008815;0.00923;5970398.1
20260530 000000;0.00923;0.010344;0.008887;0.008991;6033987.87
20260531 000000;0.008991;0.00912;0.008632;0.008785;6327977.39
20260601 000000;0.008785;0.009102;0.008464;0.008815;21801491.48
20260602 000000;0.008815;0.008904;0.007683;0.007788;17352247.03
20260603 000000;0.007788;0.008614;0.007764;0.007998;32198432.65
20260604 000000;0.007998;0.008159;0.007364;0.007581;9434785.76
20260605 000000;0.007581;0.007581;0.006796;0.007213;8337064.7
20260606 000000;0.007213;0.0073;0.006173;0.006406;11990775.32
20260607 000000;0.006406;0.007112;0.006405;0.006965;8466165.85
20260608 000000;0.006965;0.00744;0.006773;0.007428;7931096.38
20260609 000000;0.007428;0.007782;0.007229;0.00746;7617332.13
20260610 000000;0.00746;0.007803;0.007303;0.007668;7241290.66
20260611 000000;0.007668;0.008121;0.007636;0.008074;7032754.71
20260612 000000;0.008074;0.008361;0.00781;0.007914;6986636.74
20260613 000000;0.007914;0.008286;0.007908;0.008139;6612531.25
20260614 000000;0.008139;0.008327;0.007953;0.008175;6950904.59
20260615 000000;0.008175;0.008868;0.008175;0.008439;6412695.67
20260616 000000;0.008439;0.008958;0.00767;0.008576;7757268.87
20260617 000000;0.008576;0.009028;0.008386;0.008815;6030446.01
20260618 000000;0.008815;0.009399;0.008757;0.00939;6219666.02
20260619 000000;0.00939;0.011279;0.009274;0.011046;5333782.87
20260620 000000;0.011046;0.012422;0.01028;0.011616;4272793.93
