20240615 000000;0.1;0.2879;0.1;0.195;5372526.15
20240616 000000;0.195;0.2127;0.1636;0.1757;5864088.2
20240617 000000;0.1757;0.2318;0.1425;0.1628;9098348.32
20240618 000000;0.1628;0.1677;0.1045;0.1488;15928140.5
20240619 000000;0.1488;0.1582;0.11;0.1149;15598640.75
20240620 000000;0.1149;0.1384;0.0816;0.0901;7948359.13
20240621 000000;0.0901;0.0964;0.0712;0.0788;7741279.71
20240622 000000;0.0788;0.1257;0.0778;0.1143;8144613.36
20240623 000000;0.1143;0.1682;0.1134;0.1576;7597790.24
20240624 000000;0.1576;0.178;0.1192;0.1346;6695975.49
20240625 000000;0.1346;0.145;0.1168;0.1234;3853676.05
20240626 000000;0.1234;0.1341;0.116;0.1291;2487873.12
20240627 000000;0.1291;0.16;0.1112;0.1268;7144087.55
20240628 000000;0.1268;0.1392;0.1096;0.1102;2770098.49
20240629 000000;0.1102;0.123;0.1015;0.1158;3926615.79
20240630 000000;0.1158;0.143;0.1046;0.1241;7458647.16
20240701 000000;0.1241;0.1285;0.1098;0.1227;2872651.41
20240702 000000;0.1227;0.173;0.111;0.1651;7534855.13
20240703 000000;0.1651;0.1945;0.1346;0.1945;12940056.68
20240704 000000;0.1945;0.249;0.1571;0.2088;15167379.51
20240705 000000;0.2088;0.2318;0.1636;0.1955;10109218.49
20240706 000000;0.1955;0.2161;0.1692;0.1725;9140310.44
20240707 000000;0.1725;0.184;0.145;0.1569;6684490.11
20240708 000000;0.1569;0.1859;0.15;0.1662;5428789.68
20240709 000000;0.1662;0.1731;0.1407;0.1553;6150205.82
20240710 000000;0.1553;0.174;0.1465;0.1523;5366061.96
20240711 000000;0.1523;0.16;0.134;0.141;3072213.83
20240712 000000;0.141;0.1471;0.1158;0.1343;7910916.02
20240713 000000;0.1343;0.147;0.11;0.1193;10728194.79
20240714 000000;0.1193;0.136;0.108;0.1296;4938739.63
20240715 000000;0.1296;0.1593;0.1285;0.1488;4129388.63
20240716 000000;0.1488;0.1494;0.1311;0.1409;3982335.31
20240717 000000;0.1409;0.144;0.1147;0.1187;12238116.28
20240718 000000;0.1187;0.1293;0.1073;0.1188;9436745.86
20240719 000000;0.1188;0.1224;0.1058;0.1162;7029777.74
20240720 000000;0.1162;0.135;0.112;0.1155;5434940.89
20240721 000000;0.1155;0.1298;0.1038;0.1188;10801298.03
20240722 000000;0.1188;0.1373;0.1116;0.1197;12118878.8
20240723 000000;0.1197;0.1239;0.1007;0.1111;7765820.83
20240724 000000;0.1111;0.1166;0.109;0.1128;2323796.01
20240725 000000;0.1128;0.12;0.103;0.1162;2368461.48
20240726 000000;0.1162;0.1207;0.1066;0.1107;5323595.07
20240727 000000;0.1107;0.1181;0.106;0.1104;4017931.15
20240728 000000;0.1104;0.116;0.101;0.1029;2960365.21
20240729 000000;0.1029;0.1087;0.0928;0.0949;3719010.9
20240730 000000;0.0949;0.1035;0.0924;0.0997;2485134.02
20240731 000000;0.0997;0.1029;0.0941;0.095;1855056.23
20240801 000000;0.095;0.0978;0.0755;0.0832;10512962.54
20240802 000000;0.0832;0.0862;0.0595;0.0609;9413406.65
20240803 000000;0.0609;0.0785;0.0597;0.0665;4745051.48
20240804 000000;0.0665;0.0684;0.0605;0.0638;1938971.57
20240805 000000;0.0638;0.0669;0.0485;0.0619;5505105.83
20240806 000000;0.0619;0.0801;0.0618;0.0745;2012568.81
20240807 000000;0.0745;0.0957;0.072;0.0722;2840900.2
20240808 000000;0.0722;0.0903;0.068;0.0864;2940930.81
20240809 000000;0.0864;0.0872;0.06972;0.0744;2212948.18
20240810 000000;0.0744;0.08196;0.0734;0.079;1416074.35
20240811 000000;0.079;0.0791;0.06545;0.06716;1670475.24
20240812 000000;0.06716;0.0754;0.06678;0.06855;1925010.49
20240813 000000;0.06855;0.07461;0.06763;0.07339;1140155.79
20240814 000000;0.07339;0.08051;0.07129;0.07876;1501887.59
20240815 000000;0.07876;0.08111;0.06859;0.07279;1613139.59
20240816 000000;0.07279;0.0735;0.06613;0.07184;1324365.17
20240817 000000;0.07184;0.0773;0.07046;0.07425;1087824.79
20240818 000000;0.07425;0.0786;0.07215;0.07378;1177078.21
20240819 000000;0.07378;0.07553;0.07018;0.0723;1168075.45
20240820 000000;0.0723;0.0758;0.06897;0.07053;1350526.32
20240821 000000;0.07053;0.07231;0.05087;0.05562;6508499.17
20240822 000000;0.05562;0.07871;0.05167;0.07574;5011546.79
20240823 000000;0.07574;0.08297;0.072;0.08053;2502278.53
20240824 000000;0.08053;0.11566;0.07559;0.08392;17572139.6
20240825 000000;0.08392;0.09419;0.0706;0.09351;10176040.87
20240826 000000;0.09351;0.11;0.08596;0.0909;5926706.02
20240827 000000;0.0909;0.0933;0.07461;0.0814;11885695.85
20240828 000000;0.0814;0.0864;0.072;0.08137;2206069.97
20240829 000000;0.08137;0.0856;0.0775;0.08269;1563173.28
20240830 000000;0.08269;0.0897;0.07793;0.08287;2113725.1
20240831 000000;0.08287;0.08643;0.08161;0.08243;1083492.75
20240901 000000;0.08243;0.08321;0.0771;0.07846;1436700.59
20240902 000000;0.07846;0.08574;0.07421;0.08184;1786231.77
20240903 000000;0.08184;0.08467;0.07402;0.07428;1126563.96
20240904 000000;0.07428;0.08048;0.072;0.07924;758075.17
20240905 000000;0.07924;0.08317;0.07447;0.07848;2184877.43
20240906 000000;0.07848;0.0854;0.07242;0.0772;2617983.05
20240907 000000;0.0772;0.07904;0.07;0.0739;2344028.13
20240908 000000;0.0739;0.0762;0.07218;0.07316;2213268.26
20240909 000000;0.07316;0.07681;0.07109;0.075;2692472.36
20240910 000000;0.075;0.07644;0.07176;0.0746;2230475.58
20240911 000000;0.0746;0.07497;0.06868;0.0717;2701040.16
20240912 000000;0.0717;0.0735;0.06815;0.071;2251806.59
20240913 000000;0.071;0.075;0.06893;0.0723;2626152.03
20240914 000000;0.0723;0.08026;0.07123;0.077;6319377.63
20240915 000000;0.077;0.07856;0.072;0.0732;7938123.1
20240916 000000;0.0732;0.07392;0.06954;0.0714;6504680.26
20240917 000000;0.0714;0.07334;0.07;0.0719;6899004.33
20240918 000000;0.0719;0.07755;0.0705;0.07482;7750397.7
20240919 000000;0.07482;0.07952;0.07002;0.07102;8172344.44
20240920 000000;0.07102;0.07778;0.06939;0.0738;7685886.94
20240921 000000;0.0738;0.07536;0.07182;0.0732;7570033.02
20240922 000000;0.0732;0.07507;0.07205;0.0726;5940179.4
20240923 000000;0.0726;0.07854;0.0726;0.0758;7899010.37
20240924 000000;0.0758;0.08697;0.075;0.0804;7954349.78
20240925 000000;0.0804;0.09556;0.0785;0.0881;7629791.44
20240926 000000;0.0881;0.117;0.08421;0.10047;10791252.17
20240927 000000;0.10047;0.162;0.10047;0.152;11731373.62
20240928 000000;0.152;0.16739;0.131;0.1468;10794037.14
20240929 000000;0.1468;0.1634;0.1152;0.1594;14827956.44
20240930 000000;0.1594;0.185;0.139;0.1497;17306926.5
20241001 000000;0.1497;0.178;0.13576;0.1419;9651158.94
20241002 000000;0.1419;0.15537;0.1323;0.1412;8192735.36
20241003 000000;0.1412;0.14776;0.1229;0.1295;9093465.04
20241004 000000;0.1295;0.14652;0.12481;0.14036;6587867.08
20241005 000000;0.14036;0.14305;0.12594;0.1331;7724731.72
20241006 000000;0.1331;0.13998;0.12774;0.1364;7828565.35
20241007 000000;0.1364;0.1519;0.13547;0.13757;11353626.8
20241008 000000;0.13757;0.15072;0.1374;0.1415;11942799.7
20241009 000000;0.1415;0.16061;0.14023;0.1462;14573909.3
20241010 000000;0.1462;0.15225;0.13231;0.1394;12747718.5
20241011 000000;0.1394;0.15436;0.13845;0.1462;13049971.47
20241012 000000;0.1462;0.15025;0.14254;0.1465;11031352.05
20241013 000000;0.1465;0.1583;0.143;0.1538;11864270.04
20241014 000000;0.1538;0.17394;0.15171;0.1652;14619225.54
20241015 000000;0.1652;0.19456;0.147;0.1538;15521450.91
20241016 000000;0.1538;0.16392;0.14671;0.1507;14812410.3
20241017 000000;0.1507;0.15839;0.14143;0.1489;11896461.45
20241018 000000;0.1489;0.15634;0.142;0.1487;11762602.1
20241019 000000;0.1487;0.15133;0.1334;0.1402;17417895.4
20241020 000000;0.1402;0.14168;0.1324;0.1383;13123142.33
20241021 000000;0.1383;0.1406;0.1162;0.12193;5564052.87
20241022 000000;0.12193;0.128;0.11134;0.1121;12452425.04
20241023 000000;0.1121;0.13398;0.09873;0.1308;16780687.25
20241024 000000;0.1308;0.1449;0.12175;0.12632;14565070.75
20241025 000000;0.12632;0.12937;0.10619;0.1122;13196129.45
20241026 000000;0.1122;0.12509;0.11068;0.1212;13483289.35
20241027 000000;0.1212;0.12309;0.10744;0.1111;14762622.98
20241028 000000;0.1111;0.11244;0.09762;0.1077;14572645.86
20241029 000000;0.1077;0.1113;0.08667;0.0985;13684956.73
20241030 000000;0.0985;0.10181;0.09401;0.0948;17420194.57
20241031 000000;0.0948;0.09948;0.08787;0.0892;17072337.26
20241101 000000;0.0892;0.09859;0.0844;0.0916;6019094.88
20241102 000000;0.0916;0.0958;0.0893;0.08989;1593007.41
20241103 000000;0.08989;0.09251;0.08173;0.08657;1787141.88
20241104 000000;0.08657;0.09206;0.08086;0.08345;1372901.41
20241105 000000;0.08345;0.09085;0.08117;0.08986;1277889.9
20241106 000000;0.08986;0.129;0.08971;0.11413;2979931.6
20241107 000000;0.11413;0.12585;0.10866;0.11056;1815162.35
20241108 000000;0.11056;0.11241;0.10412;0.10604;1032350.81
20241109 000000;0.10604;0.1074;0.08854;0.09639;2619771.4
20241110 000000;0.09639;0.11203;0.09404;0.09921;4221485.51
20241111 000000;0.09921;0.1214;0.0982;0.12079;4820533.01
20241112 000000;0.12079;0.12079;0.09454;0.09872;4152710.95
20241113 000000;0.09872;0.11108;0.08932;0.09963;4934087.39
20241114 000000;0.09963;0.10849;0.09202;0.0935;2615375.76
20241115 000000;0.0935;0.1244;0.092;0.10681;6398043.94
20241116 000000;0.10681;0.11898;0.09901;0.11287;2644137.83
20241117 000000;0.11287;0.12227;0.0969;0.10202;3118218.08
20241118 000000;0.10202;0.10204;0.08804;0.09111;4870794.88
20241119 000000;0.09111;0.12;0.08891;0.09726;6548061.59
20241120 000000;0.09726;0.10213;0.0839;0.0922;4420304.67
20241121 000000;0.0922;0.136;0.08892;0.0944;18305348.47
20241122 000000;0.0944;0.0969;0.08561;0.0882;6780552.9
20241123 000000;0.0882;0.08834;0.07488;0.07807;6993136.84
20241124 000000;0.07807;0.08141;0.07504;0.07757;4352430.79
20241125 000000;0.07757;0.08267;0.0667;0.0681;4852557.88
20241126 000000;0.0681;0.07434;0.06341;0.06874;4410709.78
20241127 000000;0.06874;0.076;0.06697;0.07012;3073612.92
20241128 000000;0.07012;0.07334;0.06728;0.06941;3101541.11
20241129 000000;0.06941;0.07344;0.06596;0.07088;3611795.79
20241130 000000;0.07088;0.0709;0.06588;0.06799;3636189.27
20241201 000000;0.06799;0.0684;0.06439;0.0644;3877256.86
20241202 000000;0.0644;0.066;0.05863;0.06034;3441922.84
20241203 000000;0.06034;0.06337;0.05623;0.06006;3810731.77
20241204 000000;0.06006;0.06762;0.06005;0.06437;3055335.14
20241205 000000;0.06437;0.08261;0.0638;0.07875;5690523.68
20241206 000000;0.07875;0.08252;0.07309;0.0754;2644481.06
20241207 000000;0.0754;0.07767;0.07196;0.07408;1641750.52
20241208 000000;0.07408;0.07895;0.07224;0.0739;3389070.69
20241209 000000;0.0739;0.07533;0.06501;0.06742;2555243.71
20241210 000000;0.06742;0.06949;0.0605;0.065;2292708.96
20241211 000000;0.065;0.07034;0.06448;0.06861;2271767.56
20241212 000000;0.06861;0.07067;0.06489;0.0652;2003384.31
20241213 000000;0.0652;0.06835;0.0639;0.06807;2166608.49
20241214 000000;0.06807;0.06824;0.06133;0.06367;1634859.08
20241215 000000;0.06367;0.06589;0.05832;0.0631;2105895.99
20241216 000000;0.0631;0.06718;0.06089;0.06354;2798798.76
20241217 000000;0.06354;0.07202;0.06262;0.06487;3307768.9
20241218 000000;0.06487;0.07208;0.06437;0.07059;3733961.09
20241219 000000;0.07059;0.083;0.06087;0.06783;5931772.76
20241220 000000;0.06783;0.07129;0.06042;0.0653;4207263.18
20241221 000000;0.0653;0.06801;0.06096;0.06106;2507114.56
20241222 000000;0.06106;0.06369;0.05936;0.06073;2240387.07
20241223 000000;0.06073;0.06202;0.0579;0.06051;1886058.6
20241224 000000;0.06051;0.06586;0.05883;0.06491;1771443.75
20241225 000000;0.06491;0.06652;0.06206;0.06479;2043262.02
20241226 000000;0.06479;0.0658;0.05921;0.06;1707775.43
20241227 000000;0.06;0.0615;0.05821;0.06061;1405570.1
20241228 000000;0.06061;0.07;0.05831;0.06062;9140686.35
20241229 000000;0.06062;0.06526;0.05956;0.06251;4032410.79
20241230 000000;0.06251;0.06504;0.05566;0.05861;4214106.6
20241231 000000;0.05861;0.06102;0.05463;0.05587;3382442.53
