20260101 000000;0.0004571;0.000461;0.000444;0.0004507;122197861.84
20260102 000000;0.0004507;0.000468;0.000442;0.0004428;117627913.84
20260103 000000;0.0004428;0.0004815;0.0004379;0.0004648;122423677.82
20260104 000000;0.0004648;0.0004973;0.0004367;0.0004717;119066717.74
20260105 000000;0.0004717;0.0004996;0.0004503;0.0004656;128079150.48
20260106 000000;0.0004656;0.0005148;0.000464;0.0005016;118036186.25
20260107 000000;0.0005016;0.000522;0.0004907;0.0004956;113349894.4
20260108 000000;0.0004956;0.0005497;0.0004707;0.0005061;111030000.6
20260109 000000;0.0005061;0.0005182;0.0005048;0.0005147;110371160.29
20260110 000000;0.0005147;0.0005211;0.0004584;0.0004839;109912432.48
20260111 000000;0.0004839;0.0005049;0.0004831;0.0005031;112856622.14
20260112 000000;0.0005031;0.000594;0.0004749;0.0004927;113650807.65
20260113 000000;0.0004927;0.000539;0.0004597;0.0005034;114476297.26
20260114 000000;0.0005034;0.0005902;0.0004727;0.0005834;110323193.69
20260115 000000;0.0005834;0.0005868;0.0005062;0.0005423;114563441.86
20260116 000000;0.0005423;0.0005587;0.0005111;0.0005273;104710562.27
20260117 000000;0.0005273;0.000578;0.0005;0.0005443;111709127.86
20260118 000000;0.0005443;0.000556;0.0005172;0.0005203;108574630.83
20260119 000000;0.0005203;0.0005468;0.0005117;0.00052;158900222.15
20260120 000000;0.00052;0.0005421;0.000462;0.0004804;111193757.32
20260121 000000;0.0004804;0.0004814;0.0004219;0.0004438;122188867.49
20260122 000000;0.0004438;0.0004661;0.0004396;0.0004456;121571107.07
20260123 000000;0.0004456;0.0004683;0.0004442;0.0004481;119360736.37
20260124 000000;0.0004481;0.000449;0.0004325;0.0004347;122974846.77
20260125 000000;0.0004347;0.0004612;0.0004218;0.0004274;134309765.29
20260126 000000;0.0004274;0.000451;0.0004132;0.0004314;130194956.58
20260127 000000;0.0004314;0.0004405;0.0004235;0.0004248;130586210.16
20260128 000000;0.0004248;0.0004339;0.0004056;0.0004128;133142652.53
20260129 000000;0.0004128;0.0005771;0.0003965;0.0004133;135529812.54
20260130 000000;0.0004133;0.0004272;0.0003936;0.0004155;125823524.56
20260131 000000;0.0004155;0.0004159;0.0003778;0.0003944;137758298.83
20260201 000000;0.0003944;0.0004006;0.0003717;0.0003826;145230973.95
20260202 000000;0.0003826;0.0003871;0.000369;0.0003818;145049084.53
20260203 000000;0.0003818;0.0003829;0.00035;0.0003597;148607678.11
20260204 000000;0.0003597;0.0003786;0.0003543;0.0003746;150702513.95
20260205 000000;0.0003746;0.0003763;0.0002966;0.0003199;162233720.1
20260206 000000;0.0003199;0.0003423;0.0003188;0.000342;169980229.59
20260207 000000;0.000342;0.0003455;0.0003181;0.0003313;165397426.27
20260208 000000;0.0003313;0.0003369;0.0003307;0.0003357;163650787.56
20260209 000000;0.0003357;0.0003502;0.0003163;0.0003428;167453871.62
20260210 000000;0.0003428;0.0003469;0.0003386;0.00034;162112077.99
20260211 000000;0.00034;0.000356;0.000336;0.0003392;160089018.86
20260212 000000;0.0003392;0.0003476;0.0003104;0.0003205;166223212.55
20260213 000000;0.0003205;0.0003432;0.0003196;0.0003383;163316876.88
20260214 000000;0.0003383;0.0003735;0.000333;0.0003719;164662355.97
20260215 000000;0.0003719;0.0004005;0.0003631;0.0003678;145785156.41
20260216 000000;0.0003678;0.0003805;0.000354;0.0003616;150383766.68
20260217 000000;0.0003616;0.0003701;0.0003257;0.0003438;160644743.24
20260218 000000;0.0003438;0.0003542;0.0003281;0.0003435;152253288.9
20260219 000000;0.0003435;0.0003564;0.0003376;0.0003495;162968434.98
20260220 000000;0.0003495;0.0005235;0.0003424;0.000364;160781455.33
20260221 000000;0.000364;0.0003769;0.0003605;0.0003671;149676191.77
20260222 000000;0.0003671;0.0003912;0.0003477;0.0003617;163349974.9
20260223 000000;0.0003617;0.00038;0.0003411;0.0003733;148056444.72
20260224 000000;0.0003733;0.0003738;0.0003544;0.0003548;155013245.32
20260225 000000;0.0003548;0.0003649;0.000338;0.0003635;155786646.6
20260226 000000;0.0003635;0.000373;0.000342;0.0003702;152410906.95
20260227 000000;0.0003702;0.0003804;0.0003399;0.00035;145455528
20260228 000000;0.00035;0.0003522;0.0003456;0.0003462;161714942.97
20260301 000000;0.0003462;0.0003497;0.0003454;0.0003484;158282452.39
20260302 000000;0.0003484;0.0003571;0.00034;0.0003419;154286944.26
20260303 000000;0.0003419;0.0003429;0.000335;0.000342;159838866.73
20260304 000000;0.000342;0.0003636;0.0003331;0.0003543;153239629.52
20260305 000000;0.0003543;0.0003657;0.0003437;0.0003501;151794932.39
20260306 000000;0.0003501;0.0003732;0.0003478;0.0003556;153169456.4
20260307 000000;0.0003556;0.0003642;0.0003238;0.0003412;164691549.07
20260308 000000;0.0003412;0.0003566;0.0003381;0.0003518;155862830.6
20260309 000000;0.0003518;0.0003699;0.0003446;0.000363;146373411.87
20260310 000000;0.000363;0.0003672;0.0003466;0.0003498;149836012.9
20260311 000000;0.0003498;0.0003587;0.0003388;0.0003442;161919908.29
20260312 000000;0.0003442;0.0003829;0.0003402;0.0003591;162463211.15
20260313 000000;0.0003591;0.0003676;0.0003407;0.000365;148358682.34
20260314 000000;0.000365;0.0003695;0.0003493;0.0003582;149454754.68
20260315 000000;0.0003582;0.0003604;0.0003462;0.0003595;148272478.76
20260316 000000;0.0003595;0.0003719;0.0003524;0.0003687;150727156.26
20260317 000000;0.0003687;0.0003713;0.0003669;0.000368;153464435.48
20260318 000000;0.000368;0.0003719;0.0003584;0.0003628;151303711.17
20260319 000000;0.0003628;0.000414;0.000358;0.0003797;154023291.82
20260320 000000;0.0003797;0.0003809;0.0003692;0.0003726;142205638.53
20260321 000000;0.0003726;0.0003747;0.0003686;0.0003742;150269915.19
20260322 000000;0.0003742;0.0003818;0.0003675;0.0003705;153029329.15
20260323 000000;0.0003705;0.0003874;0.0003694;0.0003764;153961411.32
20260324 000000;0.0003764;0.0003816;0.0003754;0.0003769;144314973.79
20260325 000000;0.0003769;0.0004066;0.0003754;0.0003964;140867243.98
20260326 000000;0.0003964;0.0004026;0.0003708;0.0003718;146867432.32
20260327 000000;0.0003718;0.0003774;0.0003634;0.0003759;149952129.59
20260328 000000;0.0003759;0.0003778;0.0003695;0.000372;144651806.9
20260329 000000;0.000372;0.0003826;0.0003634;0.0003733;147806572.18
20260330 000000;0.0003733;0.0003795;0.0003707;0.0003724;153676544.21
20260331 000000;0.0003724;0.0004032;0.0003687;0.0003704;146386073.48
20260401 000000;0.0003704;0.000375;0.0003539;0.0003672;147567365.57
20260402 000000;0.0003672;0.0003736;0.0003279;0.0003589;158452157.78
20260403 000000;0.0003589;0.0003622;0.0003483;0.0003525;159285408.56
20260404 000000;0.0003525;0.0003571;0.0003483;0.0003521;159688578.1
20260405 000000;0.0003521;0.0003547;0.0003373;0.0003416;157885452.03
20260406 000000;0.0003416;0.000343;0.0003375;0.0003419;166750545.05
20260407 000000;0.0003419;0.0003456;0.0003379;0.0003452;159844425.97
20260408 000000;0.0003452;0.0003455;0.0003316;0.0003424;154749219.17
20260409 000000;0.0003424;0.0003456;0.0003376;0.0003397;163911928.75
20260410 000000;0.0003397;0.0003487;0.0003275;0.0003298;168866287.27
20260411 000000;0.0003298;0.000334;0.0003242;0.0003277;166741996.3
20260412 000000;0.0003277;0.0003361;0.0003179;0.0003294;166589397.84
20260413 000000;0.0003294;0.0003303;0.0003284;0.0003295;176385997.97
20260414 000000;0.0003295;0.0003306;0.0003284;0.0003292;165445238.32
20260415 000000;0.0003292;0.0003301;0.0003258;0.0003268;168100708.46
20260416 000000;0.0003268;0.0003427;0.0003258;0.0003311;170400526.85
20260417 000000;0.0003311;0.0003539;0.0003309;0.0003479;159687783.64
20260418 000000;0.0003479;0.0003558;0.0003451;0.000355;153150485.8
20260419 000000;0.000355;0.0003688;0.0003526;0.0003553;155669440.75
20260420 000000;0.0003553;0.000382;0.0003545;0.0003604;157818323.59
20260421 000000;0.0003604;0.000361;0.0003595;0.0003598;152668702.06
20260422 000000;0.0003598;0.000374;0.0003297;0.0003601;167344060.82
20260423 000000;0.0003601;0.0003667;0.0003596;0.0003624;148090439.65
20260424 000000;0.0003624;0.000375;0.0003453;0.0003501;154395937.77
20260425 000000;0.0003501;0.0003536;0.0003453;0.0003456;160931797.48
20260426 000000;0.0003456;0.0003494;0.0003271;0.0003416;167022246.63
20260427 000000;0.0003416;0.000344;0.0003305;0.0003319;158755915.52
20260428 000000;0.0003319;0.0003409;0.0003301;0.0003306;170439298.74
20260429 000000;0.0003306;0.000338;0.0003171;0.000326;161701962.12
20260430 000000;0.000326;0.0003262;0.0003107;0.0003156;174917841.02
20260501 000000;0.0003156;0.0003361;0.000311;0.000335;170100372.43
20260502 000000;0.000335;0.0003361;0.0003294;0.0003348;163110975.58
20260503 000000;0.0003348;0.0003361;0.0003281;0.0003319;167702775.98
20260504 000000;0.0003319;0.0003361;0.0002801;0.0003142;177068640.87
20260505 000000;0.0003142;0.0003427;0.0002797;0.0002835;184587621.03
20260506 000000;0.0002835;0.0003106;0.0002801;0.0003027;175177451.36
20260507 000000;0.0003027;0.0003076;0.000284;0.000304;181585191.98
20260508 000000;0.000304;0.0004;0.0002988;0.0003094;176495529.63
20260509 000000;0.0003094;0.0003363;0.0003026;0.0003347;169141117.45
20260510 000000;0.0003347;0.0004258;0.0002989;0.0003226;188899923.48
20260511 000000;0.0003226;0.0003347;0.000312;0.0003309;164299706.62
20260512 000000;0.0003309;0.0003327;0.0003004;0.0003131;174649825.75
20260513 000000;0.0003131;0.0003164;0.0002893;0.0003059;179122049.01
20260514 000000;0.0003059;0.0003216;0.000305;0.0003193;168617959.41
20260515 000000;0.0003193;0.0003386;0.0003113;0.0003143;171266448.88
20260516 000000;0.0003143;0.0003456;0.0003113;0.0003445;170767594.09
20260517 000000;0.0003445;0.0004078;0.0003307;0.00036;161181609.41
20260518 000000;0.00036;0.000372;0.0003515;0.0003646;155319085.05
20260519 000000;0.0003646;0.0003658;0.0003415;0.0003489;157272722.78
20260520 000000;0.0003489;0.0003586;0.0003378;0.0003522;157573823
20260521 000000;0.0003522;0.0003695;0.0003511;0.000368;154842564.96
20260522 000000;0.000368;0.0003876;0.0003512;0.000367;155240982.23
20260523 000000;0.000367;0.000384;0.0003611;0.0003712;152769586.92
20260524 000000;0.0003712;0.0005568;0.0003611;0.0003698;148080482.26
20260525 000000;0.0003698;0.000498;0.0003651;0.0004392;149136871.15
20260526 000000;0.0004392;0.0005766;0.0003932;0.0003938;147375550.82
20260527 000000;0.0003938;0.0004044;0.0003668;0.0003847;145217415.19
20260528 000000;0.0003847;0.0003878;0.0003428;0.0003659;148206315.81
20260529 000000;0.0003659;0.000399;0.000349;0.0003508;151354721.15
20260530 000000;0.0003508;0.0004915;0.00035;0.0003685;152257979.32
20260531 000000;0.0003685;0.00037;0.0003467;0.0003566;151432856.45
20260601 000000;0.0003566;0.0004324;0.0003438;0.00036;145720389.15
20260602 000000;0.00036;0.0003601;0.0003258;0.0003322;160789079.53
20260603 000000;0.0003322;0.0003363;0.0003257;0.0003283;163663064.72
20260604 000000;0.0003283;0.0003405;0.0003148;0.0003277;163358884.89
20260605 000000;0.0003277;0.0003286;0.0002898;0.0003066;178432394.1
20260606 000000;0.0003066;0.0003088;0.0002888;0.0002926;179584938.14
20260607 000000;0.0002926;0.0003161;0.0002887;0.0003118;181432701.54
20260608 000000;0.0003118;0.0003161;0.0003035;0.0003054;182281852.81
20260609 000000;0.0003054;0.0003161;0.0003035;0.000315;183938560.44
20260610 000000;0.000315;0.0003161;0.0002902;0.0002923;181472869.74
20260611 000000;0.0002923;0.0003064;0.0002798;0.0002964;179205775.25
20260612 000000;0.0002964;0.0002968;0.0002809;0.000287;186504771.29
20260613 000000;0.000287;0.0002934;0.0002724;0.0002882;197025870.68
20260614 000000;0.0002882;0.0002966;0.00028;0.0002873;193388775.21
20260615 000000;0.0002873;0.0003013;0.0002837;0.0003002;186355046.52
20260616 000000;0.0003002;0.0003013;0.0002811;0.0002869;182196650.62
20260617 000000;0.0002869;0.0002979;0.0002809;0.0002895;184784457.72
20260618 000000;0.0002895;0.0002979;0.0002828;0.0002956;186502445.12
20260619 000000;0.0002956;0.0002974;0.0002787;0.0002911;179566391.73
20260620 000000;0.0002911;0.0002924;0.0002732;0.0002846;146883535.3
