20230622 000000;0.3147;0.324;0.3092;0.3184;66367.39
20230623 000000;0.3184;0.3423;0.3182;0.3338;107524.99
20230624 000000;0.3338;0.3409;0.3281;0.3394;72432
20230625 000000;0.3394;0.3652;0.334;0.3652;90045.31
20230626 000000;0.3652;0.3652;0.3345;0.3408;113501.62
20230627 000000;0.3408;0.3408;0.3284;0.3373;57850.72
20230628 000000;0.3373;0.3373;0.3143;0.3162;57901.17
20230629 000000;0.3162;0.3218;0.3133;0.3203;64021.13
20230630 000000;0.3203;0.3359;0.308;0.328;66521.92
20230701 000000;0.328;0.3362;0.3204;0.3354;59359.68
20230702 000000;0.3354;0.3376;0.3279;0.3338;65716.64
20230703 000000;0.3338;0.338;0.3305;0.3374;57067.72
20230704 000000;0.3374;0.3445;0.3304;0.3431;53278.03
20230705 000000;0.3431;0.3454;0.3296;0.3366;57392.19
20230706 000000;0.3366;0.341;0.3206;0.3215;68537.42
20230707 000000;0.3215;0.3276;0.3184;0.3251;76195.31
20230708 000000;0.3251;0.3251;0.3186;0.3214;67684.23
20230709 000000;0.3214;0.333;0.3201;0.332;68928.51
20230710 000000;0.332;0.3339;0.3202;0.3334;64534.45
20230711 000000;0.3334;0.3823;0.3285;0.352;91414.82
20230712 000000;0.352;0.3558;0.3427;0.3522;69149.2
20230713 000000;0.3522;0.3665;0.343;0.362;65746.82
20230714 000000;0.362;0.3828;0.3587;0.3717;95849
20230715 000000;0.3717;0.3896;0.3583;0.3822;65914.24
20230716 000000;0.3822;0.3822;0.3681;0.377;78275.75
20230717 000000;0.377;0.3949;0.3565;0.3662;93675.67
20230718 000000;0.3662;0.3662;0.3465;0.3516;54455.7
20230719 000000;0.3516;0.3616;0.3499;0.3608;59193.31
20230720 000000;0.3608;0.3638;0.35;0.3556;47957.09
20230721 000000;0.3556;0.3586;0.3507;0.3581;48392.53
20230722 000000;0.3581;0.3678;0.3561;0.3662;56303.85
20230723 000000;0.3662;0.3719;0.3628;0.3711;54393.24
20230724 000000;0.3711;0.3711;0.3466;0.3521;49344.63
20230725 000000;0.3521;0.3562;0.3416;0.3547;48306.4
20230726 000000;0.3547;0.3571;0.3476;0.3562;50351.95
20230727 000000;0.3562;0.3604;0.3534;0.36;52415.45
20230728 000000;0.36;0.3687;0.3531;0.3687;51683.2
20230729 000000;0.3687;0.3774;0.3649;0.3774;51009.41
20230730 000000;0.3774;0.3828;0.3591;0.3655;52325.29
20230731 000000;0.3655;0.4;0.3623;0.3704;82011.34
20230801 000000;0.3704;0.3704;0.3513;0.3654;52368.47
20230802 000000;0.3654;0.3654;0.3509;0.3546;52136.85
20230803 000000;0.3546;0.3552;0.3473;0.3531;49096.81
20230804 000000;0.3531;0.3534;0.3441;0.3463;106383.41
20230805 000000;0.3463;0.3511;0.3453;0.3507;52947.54
20230806 000000;0.3507;0.3509;0.3445;0.3463;99655.66
20230807 000000;0.3463;0.3486;0.3392;0.3454;52664.31
20230808 000000;0.3454;0.3497;0.3402;0.348;53481.44
20230809 000000;0.348;0.3587;0.3425;0.3446;55102.09
20230810 000000;0.3446;0.3467;0.3419;0.3463;61945.69
20230811 000000;0.3463;0.3489;0.3429;0.3468;49720.18
20230812 000000;0.3468;0.3484;0.3438;0.348;48270.1
20230813 000000;0.348;0.3483;0.3453;0.3469;52632.78
20230814 000000;0.3469;0.3499;0.3428;0.3465;78919.83
20230815 000000;0.3465;0.3465;0.331;0.3317;55607.57
20230816 000000;0.3317;0.3317;0.3066;0.3087;77670.33
20230817 000000;0.3087;0.3147;0.2689;0.2835;100302.05
20230818 000000;0.2835;0.2917;0.2784;0.2912;92578.73
20230819 000000;0.2912;0.2943;0.2884;0.2934;64852.9
20230820 000000;0.2934;0.302;0.291;0.296;66759.58
20230821 000000;0.296;0.2963;0.2853;0.2893;86762.28
20230822 000000;0.2893;0.2904;0.2768;0.285;83861.02
20230823 000000;0.285;0.3006;0.2809;0.2899;98775.07
20230824 000000;0.2899;0.2966;0.2856;0.2907;71896.95
20230825 000000;0.2907;0.2966;0.2864;0.2932;85352.46
20230826 000000;0.2932;0.2946;0.2908;0.293;59187.57
20230827 000000;0.293;0.2937;0.29;0.2933;68157.89
20230828 000000;0.2933;0.2933;0.2818;0.2865;73786.86
20230829 000000;0.2865;0.2958;0.2808;0.2953;83030.26
20230830 000000;0.2953;0.2953;0.2849;0.2878;74655.73
20230831 000000;0.2878;0.288;0.2732;0.2755;81159.74
20230901 000000;0.2755;0.2789;0.2652;0.2689;92998.05
20230902 000000;0.2689;0.2794;0.2651;0.277;66357.27
20230903 000000;0.277;0.2793;0.2713;0.2757;67181.69
20230904 000000;0.2757;0.2784;0.2722;0.2741;62434.52
20230905 000000;0.2741;0.2757;0.2692;0.2742;93945.38
20230906 000000;0.2742;0.2779;0.2712;0.2748;72807.43
20230907 000000;0.2748;0.2793;0.2728;0.2781;61044.18
20230908 000000;0.2781;0.2826;0.2723;0.2759;64409.55
20230909 000000;0.2759;0.2779;0.2736;0.2778;66941.09
20230910 000000;0.2778;0.2778;0.2708;0.2743;67003.26
20230911 000000;0.2743;0.2827;0.2644;0.2656;120818.8
20230912 000000;0.2656;0.2716;0.264;0.2682;73149.08
20230913 000000;0.2682;0.2779;0.2669;0.2771;76706.5
20230914 000000;0.2771;0.2925;0.2757;0.2911;72224.46
20230915 000000;0.2911;0.3002;0.2862;0.2996;69547.23
20230916 000000;0.2996;0.3062;0.2933;0.2997;64140.68
20230917 000000;0.2997;0.2998;0.2858;0.2871;64721.19
20230918 000000;0.2871;0.2926;0.2797;0.2878;71194.91
20230919 000000;0.2878;0.2943;0.2854;0.2936;72356.01
20230920 000000;0.2936;0.3006;0.2882;0.2998;94668.56
20230921 000000;0.2998;0.3004;0.2866;0.2894;68324.25
20230922 000000;0.2894;0.2989;0.288;0.2956;121758.6
20230923 000000;0.2956;0.299;0.2945;0.298;107908.8
20230924 000000;0.298;0.3091;0.2938;0.2959;97262.89
20230925 000000;0.2959;0.2979;0.288;0.2974;115573.46
20230926 000000;0.2974;0.2978;0.29;0.2935;101746.87
20230927 000000;0.2935;0.2948;0.2883;0.2918;96997.95
20230928 000000;0.2918;0.2995;0.2889;0.2994;101641.4
20230929 000000;0.2994;0.302;0.2927;0.3001;116563.85
20230930 000000;0.3001;0.303;0.2951;0.3027;99580.99
20231001 000000;0.3027;0.3082;0.2982;0.307;115772.47
20231002 000000;0.307;0.3079;0.2949;0.2963;107462.26
20231003 000000;0.2963;0.3035;0.2928;0.3003;167872.39
20231004 000000;0.3003;0.3136;0.2934;0.3112;140050.94
20231005 000000;0.3112;0.3126;0.2972;0.3025;114650.63
20231006 000000;0.3025;0.3129;0.2971;0.312;144002.66
20231007 000000;0.312;0.3142;0.3058;0.3123;102367.66
20231008 000000;0.3123;0.3133;0.3042;0.312;98897.6
20231009 000000;0.312;0.3135;0.2971;0.2996;115466.15
20231010 000000;0.2996;0.3;0.2942;0.2985;115344.6
20231011 000000;0.2985;0.2985;0.285;0.29;98450.35
20231012 000000;0.29;0.29;0.2843;0.2893;108065.12
20231013 000000;0.2893;0.2946;0.2859;0.2936;114058.98
20231014 000000;0.2936;0.2937;0.2891;0.2905;100588.52
20231015 000000;0.2905;0.3018;0.2889;0.2969;123023.74
20231016 000000;0.2969;0.3057;0.2947;0.3044;106182.83
20231017 000000;0.3044;0.3082;0.3003;0.307;106135.74
20231018 000000;0.307;0.307;0.2971;0.2995;111790.55
20231019 000000;0.2995;0.301;0.287;0.2958;118719.81
20231020 000000;0.2958;0.3072;0.2917;0.3052;106307.54
20231021 000000;0.3052;0.3189;0.3043;0.3164;109934.01
20231022 000000;0.3164;0.3344;0.3123;0.3323;154517.25
20231023 000000;0.3323;0.3404;0.3174;0.3369;126453.13
20231024 000000;0.3369;0.3412;0.3244;0.3359;112418.65
20231025 000000;0.3359;0.3444;0.3288;0.3377;135955.32
20231026 000000;0.3377;0.3395;0.32;0.3297;112321.84
20231027 000000;0.3297;0.3299;0.3215;0.3264;122824.97
20231028 000000;0.3264;0.3358;0.3227;0.3308;129806.43
20231029 000000;0.3308;0.3461;0.3285;0.3437;175794.65
20231030 000000;0.3437;0.3454;0.3338;0.3445;156494.72
20231031 000000;0.3445;0.3452;0.3254;0.3381;197745.8
20231101 000000;0.3381;0.3469;0.3278;0.3453;147614.22
20231102 000000;0.3453;0.3574;0.3352;0.35;151617.56
20231103 000000;0.35;0.35;0.3359;0.3484;151325.75
20231104 000000;0.3484;0.3657;0.345;0.3648;179907.53
20231105 000000;0.3648;0.3648;0.3519;0.3602;95066.39
20231106 000000;0.3602;0.3639;0.3502;0.3629;113103.91
20231107 000000;0.3629;0.364;0.3532;0.3633;130024.76
20231108 000000;0.3633;0.3775;0.3575;0.3751;143490.48
20231109 000000;0.3751;0.3887;0.3497;0.3752;125014.7
20231110 000000;0.3752;0.3803;0.3636;0.3794;185443.82
20231111 000000;0.3794;0.3833;0.3667;0.3812;101712.08
20231112 000000;0.3812;0.402;0.3688;0.3865;202963.16
20231113 000000;0.3865;0.3912;0.3703;0.3744;134540.75
20231114 000000;0.3744;0.3777;0.3581;0.3678;131287.09
20231115 000000;0.3678;0.3775;0.3565;0.3754;102880.78
20231116 000000;0.3754;0.3769;0.358;0.3633;94885.79
20231117 000000;0.3633;0.3707;0.3535;0.3678;99533.08
20231118 000000;0.3678;0.3761;0.346;0.3599;151346.9
20231119 000000;0.3599;0.3673;0.3528;0.3649;83779
20231120 000000;0.3649;0.3677;0.3599;0.3623;149140.9
20231121 000000;0.3623;0.3627;0.3233;0.3238;131434.5
20231122 000000;0.3238;0.3545;0.3206;0.3476;244273.32
20231123 000000;0.3476;0.3498;0.3388;0.3471;173012.98
20231124 000000;0.3471;0.3529;0.345;0.3501;154665.86
20231125 000000;0.3501;0.3584;0.3476;0.3575;87150.16
20231126 000000;0.3575;0.3589;0.3442;0.3491;103626.83
20231127 000000;0.3491;0.3789;0.3448;0.3711;444421.11
20231128 000000;0.3711;0.3723;0.3516;0.3658;252992.84
20231129 000000;0.3658;0.371;0.3562;0.3642;133965.91
20231130 000000;0.3642;0.3665;0.3502;0.3561;115802.86
20231201 000000;0.3561;0.3603;0.3526;0.3588;107594.65
20231202 000000;0.3588;0.3666;0.358;0.3648;110344.36
20231203 000000;0.3648;0.3648;0.3548;0.3591;101536.38
20231204 000000;0.3591;0.3659;0.3524;0.3621;167958.06
20231205 000000;0.3621;0.3722;0.3592;0.3687;180112.72
20231206 000000;0.3687;0.3699;0.3547;0.3649;150996.45
20231207 000000;0.3649;0.376;0.3596;0.3743;131952.77
20231208 000000;0.3743;0.3839;0.369;0.383;126259.92
20231209 000000;0.383;0.3893;0.3784;0.3848;114442.35
20231210 000000;0.3848;0.3848;0.3684;0.3783;135623.21
20231211 000000;0.3783;0.3785;0.3436;0.3525;190739.99
20231212 000000;0.3525;0.3568;0.3466;0.3555;116022.63
20231213 000000;0.3555;0.3609;0.3382;0.3594;240832.09
20231214 000000;0.3594;0.367;0.3517;0.3656;119607.9
20231215 000000;0.3656;0.3661;0.3507;0.3515;202471.51
20231216 000000;0.3515;0.3588;0.3472;0.356;172902.5
20231217 000000;0.356;0.3571;0.3456;0.3474;128562.27
20231218 000000;0.3474;0.3483;0.3252;0.3422;184503.11
20231219 000000;0.3422;0.3521;0.3388;0.346;157319.54
20231220 000000;0.346;0.3573;0.3389;0.3546;115724.08
20231221 000000;0.3546;0.357;0.3451;0.3563;139838.25
20231222 000000;0.3563;0.3612;0.3452;0.3602;222119.66
20231223 000000;0.3602;0.3634;0.3547;0.3629;202330.14
20231224 000000;0.3629;0.3649;0.3556;0.3572;124942.14
20231225 000000;0.3572;0.3742;0.3528;0.368;227447.87
20231226 000000;0.368;0.3689;0.3505;0.3622;272232.96
20231227 000000;0.3622;0.3708;0.3549;0.3701;198625.69
20231228 000000;0.3701;0.3725;0.3557;0.3625;210234.66
20231229 000000;0.3625;0.3707;0.3546;0.3603;135956.46
20231230 000000;0.3603;0.3711;0.3561;0.3618;153621.16
20231231 000000;0.3618;0.3696;0.3593;0.3633;136875.77
