20250101 000000;0.3847;0.3847;0.3489;0.3596;401024.74
20250102 000000;0.3596;0.3681;0.3442;0.364;377543.14
20250103 000000;0.364;0.379;0.3506;0.3777;319125.07
20250104 000000;0.3777;0.409;0.3639;0.3973;675806.49
20250105 000000;0.3973;0.683;0.394;0.6028;3865442.44
20250106 000000;0.6028;0.6635;0.5115;0.662;1681058.55
20250107 000000;0.662;0.6911;0.5724;0.6019;1859424.75
20250108 000000;0.6019;0.6329;0.5391;0.5668;956888.61
20250109 000000;0.5668;0.5829;0.4917;0.5047;729569.96
20250110 000000;0.5047;0.5196;0.4614;0.4934;547384.42
20250111 000000;0.4934;0.6229;0.4934;0.5363;1372338.42
20250112 000000;0.5363;0.5734;0.5113;0.5192;1025184.47
20250113 000000;0.5192;0.5542;0.4568;0.505;1147019.14
20250114 000000;0.505;0.5124;0.4745;0.51;325082.03
20250115 000000;0.51;0.5125;0.4794;0.5108;268489.54
20250116 000000;0.5108;0.5218;0.4788;0.4947;300947.82
20250117 000000;0.4947;0.5302;0.466;0.5265;631677.12
20250118 000000;0.5265;0.5265;0.4698;0.4777;218928.17
20250119 000000;0.4777;0.4801;0.4;0.4076;287206.32
20250120 000000;0.4076;0.4322;0.3899;0.4039;328252.22
20250121 000000;0.4039;0.4113;0.3797;0.4042;291711.57
20250122 000000;0.4042;0.409;0.3882;0.3971;192437.88
20250123 000000;0.3971;0.4034;0.3775;0.3901;297214.72
20250124 000000;0.3901;0.495;0.3901;0.4827;1116792.27
20250125 000000;0.4827;0.4869;0.4295;0.4378;612331.83
20250126 000000;0.4378;0.4378;0.4039;0.407;501499.24
20250127 000000;0.407;0.4673;0.3919;0.4157;732899.15
20250128 000000;0.4157;0.434;0.3922;0.4007;450990.46
20250129 000000;0.4007;0.425;0.3924;0.411;609835.5
20250130 000000;0.411;0.4274;0.4;0.4191;680445.48
20250131 000000;0.4191;0.4191;0.3933;0.4001;643518.45
20250201 000000;0.4001;0.4001;0.3711;0.3743;414455.77
20250202 000000;0.3743;0.3892;0.3106;0.3277;305085.5
20250203 000000;0.3277;0.381;0.2501;0.349;1036128.27
20250204 000000;0.349;0.349;0.3112;0.3235;308409.53
20250205 000000;0.3235;0.3338;0.3076;0.3121;257585.99
20250206 000000;0.3121;0.3177;0.2934;0.2974;303837.92
20250207 000000;0.2974;0.3163;0.2834;0.2958;417740.96
20250208 000000;0.2958;0.3102;0.2893;0.3101;235382.46
20250209 000000;0.3101;0.3649;0.3043;0.3336;354760.33
20250210 000000;0.3336;0.3336;0.3161;0.3261;254106.36
20250211 000000;0.3261;0.3311;0.303;0.3093;335918.71
20250212 000000;0.3093;0.3473;0.3072;0.3266;434837.18
20250213 000000;0.3266;0.3276;0.3063;0.314;181285.73
20250214 000000;0.314;0.3305;0.3123;0.3235;284562.97
20250215 000000;0.3235;0.363;0.316;0.3421;615833.69
20250216 000000;0.3421;0.3648;0.3223;0.3311;490511.29
20250217 000000;0.3311;0.3336;0.3145;0.3281;218526.44
20250218 000000;0.3281;0.3546;0.3156;0.3366;566981.86
20250219 000000;0.3366;0.3372;0.3264;0.3362;201719.07
20250220 000000;0.3362;0.3447;0.3302;0.3364;2798971.85
20250221 000000;0.3364;0.3459;0.3202;0.3414;8344973.95
20250222 000000;0.3414;0.3485;0.3335;0.348;7278502.33
20250223 000000;0.348;0.348;0.3363;0.3414;4610257.17
20250224 000000;0.3414;0.3416;0.2927;0.2932;5360064.41
20250225 000000;0.2932;0.296;0.2701;0.2904;10140748.59
20250226 000000;0.2904;0.2942;0.273;0.2843;5551735.43
20250227 000000;0.2843;0.292;0.2795;0.2864;4624719.15
20250228 000000;0.2864;0.287;0.2586;0.2821;8586516.53
20250301 000000;0.2821;0.2952;0.2775;0.2901;10615131.87
20250302 000000;0.2901;0.32;0.2875;0.3074;26308082.32
20250303 000000;0.3074;0.3176;0.2634;0.2694;10559898.92
20250304 000000;0.2694;0.2707;0.24;0.2603;8722640.72
20250305 000000;0.2603;0.2704;0.2569;0.2699;5070441.31
20250306 000000;0.2699;0.277;0.2611;0.2632;3585425.98
20250307 000000;0.2632;0.2726;0.248;0.2635;5808721.55
20250308 000000;0.2635;0.265;0.2567;0.2616;2467020.62
20250309 000000;0.2616;0.2677;0.2265;0.2299;7924109.57
20250310 000000;0.2299;0.2425;0.2141;0.2219;6960892.15
20250311 000000;0.2219;0.24;0.2071;0.2353;8242694.25
20250312 000000;0.2353;0.2439;0.2289;0.2399;4479301.91
20250313 000000;0.2399;0.2464;0.2281;0.2369;8380758.33
20250314 000000;0.2369;0.2489;0.2345;0.2466;6512199.67
20250315 000000;0.2466;0.2509;0.2444;0.2497;2685379.69
20250316 000000;0.2497;0.2521;0.2352;0.2365;4035082.51
20250317 000000;0.2365;0.2481;0.2353;0.2454;6194320.87
20250318 000000;0.2454;0.2514;0.237;0.2456;9503560.19
20250319 000000;0.2456;0.2501;0.2427;0.2494;6317187.3
20250320 000000;0.2494;0.2496;0.2422;0.2456;2876944.21
20250321 000000;0.2456;0.2493;0.234;0.2368;6184395.22
20250322 000000;0.2368;0.239;0.2333;0.2363;2263209.8
20250323 000000;0.2363;0.237;0.2308;0.2334;3209224.69
20250324 000000;0.2334;0.2435;0.2284;0.2424;3385778.29
20250325 000000;0.2424;0.2924;0.2419;0.2613;68101420.13
20250326 000000;0.2613;0.2616;0.252;0.255;205954646.85
20250327 000000;0.255;0.2551;0.2455;0.2513;8447518.92
20250328 000000;0.2513;0.2597;0.2375;0.2414;20506957.42
20250329 000000;0.2414;0.256;0.241;0.255;11447739.16
20250330 000000;0.255;0.255;0.2359;0.2384;4500668.16
20250331 000000;0.2384;0.2518;0.2193;0.2345;6632951.31
20250401 000000;0.2345;0.2422;0.2322;0.2367;2690327.63
20250402 000000;0.2367;0.2379;0.2197;0.2211;3178068.1
20250403 000000;0.2211;0.2284;0.209;0.2192;2378600.99
20250404 000000;0.2192;0.2199;0.2108;0.2185;2408914.62
20250405 000000;0.2185;0.2204;0.2124;0.2158;1394001.04
20250406 000000;0.2158;0.2303;0.1888;0.193;3181935.98
20250407 000000;0.193;0.2069;0.1778;0.199;5625806.6
20250408 000000;0.199;0.2074;0.1902;0.1951;3607796.49
20250409 000000;0.1951;0.2161;0.185;0.2144;6306918.83
20250410 000000;0.2144;0.245;0.2072;0.2217;8426895.32
20250411 000000;0.2217;0.2236;0.2135;0.2235;3434550.24
20250412 000000;0.2235;0.2404;0.2172;0.2332;5857427.3
20250413 000000;0.2332;0.2492;0.2245;0.229;4606375.02
20250414 000000;0.229;0.2293;0.2196;0.2251;2438015.01
20250415 000000;0.2251;0.2348;0.2204;0.2238;12828621.37
20250416 000000;0.2238;0.2366;0.2167;0.2352;13424002.97
20250417 000000;0.2352;0.2405;0.2262;0.2377;4584284.74
20250418 000000;0.2377;0.2482;0.2312;0.2457;4001346.08
20250419 000000;0.2457;0.2488;0.2401;0.2476;2476016.66
20250420 000000;0.2476;0.2476;0.2329;0.2381;1627430.41
20250421 000000;0.2381;0.2462;0.2362;0.238;2974302.63
20250422 000000;0.238;0.249;0.2323;0.247;2863311.91
20250423 000000;0.247;0.2509;0.2423;0.2498;3249105.57
20250424 000000;0.2498;0.2505;0.2388;0.2493;2709812.01
20250425 000000;0.2493;0.2519;0.2447;0.2504;2351675.65
20250426 000000;0.2504;0.2577;0.2444;0.2576;2713231.87
20250427 000000;0.2576;0.2725;0.2495;0.2534;6285373.46
20250428 000000;0.2534;0.2591;0.2449;0.2578;2995673.7
20250429 000000;0.2578;0.266;0.2503;0.2558;3689603.57
20250430 000000;0.2558;0.2562;0.2424;0.2521;2255979.8
20250501 000000;0.2521;0.2564;0.2481;0.2503;1659630.98
20250502 000000;0.2503;0.2549;0.2494;0.2539;2081278.77
20250503 000000;0.2539;0.2982;0.2539;0.2607;15090196.32
20250504 000000;0.2607;0.2608;0.2381;0.2432;3697596.42
20250505 000000;0.2432;0.2482;0.2365;0.245;2559406.29
20250506 000000;0.245;0.2462;0.229;0.2361;2700863.03
20250507 000000;0.2361;0.2392;0.2308;0.2358;1813114.38
20250508 000000;0.2358;0.2529;0.2346;0.2518;2102596.79
20250509 000000;0.2518;0.2633;0.2479;0.2632;2972603.15
20250510 000000;0.2632;0.2739;0.2591;0.2735;1513585.77
20250511 000000;0.2735;0.274;0.2581;0.2649;374173.11
20250512 000000;0.2649;0.2757;0.2598;0.2754;503743.79
20250513 000000;0.2754;0.282;0.2615;0.2772;515245.46
20250514 000000;0.2772;0.2772;0.2665;0.2702;549017.53
20250515 000000;0.2702;0.2799;0.2506;0.2591;1017373.06
20250516 000000;0.2591;0.2786;0.2559;0.2737;760453.36
20250517 000000;0.2737;0.2839;0.2529;0.2581;600795.63
20250518 000000;0.2581;0.2736;0.2543;0.2661;572930.41
20250519 000000;0.2661;0.2664;0.2462;0.2564;494755.07
20250520 000000;0.2564;0.2623;0.2527;0.259;782535.85
20250521 000000;0.259;0.2667;0.2542;0.2632;665191.52
20250522 000000;0.2632;0.275;0.2622;0.2729;872816.79
20250523 000000;0.2729;0.2784;0.2556;0.2572;558281.73
20250524 000000;0.2572;0.2628;0.2555;0.2573;454779.9
20250525 000000;0.2573;0.258;0.2455;0.2564;452082.92
20250526 000000;0.2564;0.259;0.253;0.2562;454075.82
20250527 000000;0.2562;0.262;0.2496;0.2609;592806.6
20250528 000000;0.2609;0.2665;0.2562;0.2663;437202.96
20250529 000000;0.2663;0.2697;0.2538;0.2548;482346.74
20250530 000000;0.2548;0.2554;0.2278;0.2292;514489.56
20250531 000000;0.2292;0.2344;0.2208;0.2323;529044.33
20250601 000000;0.2323;0.2355;0.2281;0.2347;532798.2
20250602 000000;0.2347;0.2458;0.2325;0.2441;713755.32
20250603 000000;0.2441;0.2469;0.2414;0.243;466970.41
20250604 000000;0.243;0.2477;0.2377;0.2409;519027.33
20250605 000000;0.2409;0.2419;0.2229;0.2275;559066.02
20250606 000000;0.2275;0.2396;0.2259;0.2312;438892.62
20250607 000000;0.2312;0.2374;0.2307;0.2351;420636.05
20250608 000000;0.2351;0.2428;0.2338;0.2367;332193.34
20250609 000000;0.2367;0.2461;0.2331;0.2458;515624.97
20250610 000000;0.2458;0.2496;0.241;0.2494;491166.62
20250611 000000;0.2494;0.2494;0.237;0.2392;377821.44
20250612 000000;0.2392;0.2392;0.2234;0.2245;414072.23
20250613 000000;0.2245;0.2246;0.2092;0.2188;419789.93
20250614 000000;0.2188;0.2221;0.2124;0.2163;1578266.42
20250615 000000;0.2163;0.2192;0.2137;0.2172;1644133.8
20250616 000000;0.2172;0.222;0.2127;0.2135;2754601.24
20250617 000000;0.2135;0.2156;0.2012;0.2033;3348811.44
20250618 000000;0.2033;0.2057;0.197;0.2052;2435198.48
20250619 000000;0.2052;0.2066;0.1983;0.2022;2041503.83
20250620 000000;0.2022;0.2077;0.1939;0.1989;3652034.58
20250621 000000;0.1989;0.2056;0.1874;0.1908;6613584.88
20250622 000000;0.1908;0.1933;0.1756;0.1865;4502965.5
20250623 000000;0.1865;0.2023;0.185;0.201;2526838.84
20250624 000000;0.201;0.2067;0.2009;0.2057;3157291.54
20250625 000000;0.2057;0.2092;0.2022;0.2032;3123795.99
20250626 000000;0.2032;0.2068;0.1971;0.1986;1552177.61
20250627 000000;0.1986;0.2027;0.1961;0.1999;1736073.45
20250628 000000;0.1999;0.2017;0.1962;0.2011;1417956.06
20250629 000000;0.2011;0.2073;0.1987;0.2058;1478579.53
20250630 000000;0.2058;0.2062;0.2004;0.204;2029560.76
20250701 000000;0.204;0.2043;0.1934;0.1946;2303536.13
20250702 000000;0.1946;0.2159;0.193;0.2134;8544977.75
20250703 000000;0.2134;0.2354;0.2114;0.2169;15892807.58
20250704 000000;0.2169;0.2175;0.2076;0.2101;2751794.54
20250705 000000;0.2101;0.2115;0.2048;0.2063;2098526.31
20250706 000000;0.2063;0.2124;0.2059;0.2102;2205721.33
20250707 000000;0.2102;0.2204;0.2087;0.211;6173870.75
20250708 000000;0.211;0.2259;0.2109;0.2176;17429716.12
20250709 000000;0.2176;0.2211;0.2135;0.2192;4382039.76
20250710 000000;0.2192;0.2275;0.2165;0.2261;4222333.52
20250711 000000;0.2261;0.2334;0.2232;0.2288;5001502.16
20250712 000000;0.2288;0.2603;0.2274;0.24;14835996.57
20250713 000000;0.24;0.2404;0.2325;0.2379;2800250.77
20250714 000000;0.2379;0.2445;0.2341;0.2381;2817671.86
20250715 000000;0.2381;0.2471;0.2281;0.2386;5490933.17
20250716 000000;0.2386;0.2426;0.2337;0.2416;2210183.13
20250717 000000;0.2416;0.2427;0.2337;0.2415;2878740.99
20250718 000000;0.2415;0.2477;0.2365;0.2429;3028658.49
20250719 000000;0.2429;0.2462;0.2373;0.2453;2257207.11
20250720 000000;0.2453;0.2557;0.2447;0.2539;2950558.7
20250721 000000;0.2539;0.271;0.2448;0.2568;3397544.07
20250722 000000;0.2568;0.271;0.2378;0.2624;14788570.54
20250723 000000;0.2624;0.28;0.2419;0.251;16814286.4
20250724 000000;0.251;0.2675;0.2307;0.241;7146442.82
20250725 000000;0.241;0.2436;0.2303;0.2384;6855651.41
20250726 000000;0.2384;0.2404;0.2349;0.2392;2089654.86
20250727 000000;0.2392;0.2457;0.2381;0.2448;2695721.73
20250728 000000;0.2448;0.2466;0.23;0.2309;3116984.66
20250729 000000;0.2309;0.2327;0.224;0.2278;2245136.12
20250730 000000;0.2278;0.233;0.2205;0.2323;4253292.33
20250731 000000;0.2323;0.2331;0.2188;0.2201;2564927.99
20250801 000000;0.2201;0.2221;0.2115;0.2149;2765988.62
20250802 000000;0.2149;0.2173;0.2048;0.2085;1917575.66
20250803 000000;0.2085;0.2141;0.2062;0.2131;1219120.44
20250804 000000;0.2131;0.2194;0.2124;0.2189;1626585.38
20250805 000000;0.2189;0.2205;0.2089;0.2119;1854989.71
20250806 000000;0.2119;0.2163;0.2073;0.214;1344290.82
20250807 000000;0.214;0.2222;0.2127;0.2222;1834418.31
20250808 000000;0.2222;0.2255;0.2206;0.225;1620176.14
20250809 000000;0.225;0.2304;0.2249;0.2277;2015568.31
20250810 000000;0.2277;0.2304;0.2214;0.2251;1690724.55
20250811 000000;0.2251;0.229;0.218;0.219;2049280.18
20250812 000000;0.219;0.2295;0.2143;0.2287;2327832.02
20250813 000000;0.2287;0.2325;0.226;0.2318;2292844.53
20250814 000000;0.2318;0.2327;0.2128;0.2164;2479954.84
20250815 000000;0.2164;0.2213;0.2091;0.2157;2002047.11
20250816 000000;0.2157;0.2202;0.2144;0.2184;1254766.28
20250817 000000;0.2184;0.2208;0.2154;0.2163;1302234.05
20250818 000000;0.2163;0.2164;0.2056;0.2119;2257014.56
20250819 000000;0.2119;0.2142;0.2028;0.203;2511207.54
20250820 000000;0.203;0.2113;0.2018;0.21;1794095.32
20250821 000000;0.21;0.2122;0.2014;0.2042;2164544.57
20250822 000000;0.2042;0.2187;0.1992;0.2177;3235730.1
20250823 000000;0.2177;0.2187;0.212;0.2143;1917657.83
20250824 000000;0.2143;0.216;0.2076;0.2098;2188750.61
20250825 000000;0.2098;0.2126;0.1948;0.1981;2780417.25
20250826 000000;0.1981;0.2074;0.1961;0.2065;1678696.14
20250827 000000;0.2065;0.2092;0.2042;0.2061;1900640.84
20250828 000000;0.2061;0.2109;0.2048;0.2097;2472167.74
20250829 000000;0.2097;0.2099;0.1975;0.2011;2731089.71
20250830 000000;0.2011;0.2043;0.1988;0.2025;1429789.75
20250831 000000;0.2025;0.2057;0.1984;0.1986;1325947.43
20250901 000000;0.1986;0.2023;0.1916;0.1956;2761740.87
20250902 000000;0.1956;0.2011;0.1944;0.2006;1662746.6
20250903 000000;0.2006;0.2038;0.1977;0.2019;1068364.75
20250904 000000;0.2019;0.2028;0.1956;0.1982;1883401.29
20250905 000000;0.1982;0.2029;0.1979;0.2008;1512828.36
20250906 000000;0.2008;0.2015;0.1985;0.1994;993699.44
20250907 000000;0.1994;0.2026;0.199;0.2016;954343.79
20250908 000000;0.2016;0.2061;0.2007;0.2045;1586783.45
20250909 000000;0.2045;0.21;0.2031;0.2065;1692325.5
20250910 000000;0.2065;0.21;0.205;0.2084;1715461.79
20250911 000000;0.2084;0.2089;0.2049;0.2085;1311214.04
20250912 000000;0.2085;0.2114;0.2065;0.2111;1559287.14
20250913 000000;0.2111;0.2152;0.2105;0.2144;1985764.05
20250914 000000;0.2144;0.2146;0.2064;0.2081;1983168.63
20250915 000000;0.2081;0.212;0.1985;0.2023;2537480.64
20250916 000000;0.2023;0.2036;0.1983;0.2025;1560168.04
20250917 000000;0.2025;0.205;0.1978;0.2039;1711751.41
20250918 000000;0.2039;0.2068;0.2011;0.2059;2137341.9
20250919 000000;0.2059;0.2077;0.1974;0.1988;1838855.45
20250920 000000;0.1988;0.201;0.1971;0.1993;1254298.97
20250921 000000;0.1993;0.2011;0.1968;0.1974;1186631.16
20250922 000000;0.1974;0.1979;0.1809;0.1843;3282454.8
20250923 000000;0.1843;0.1915;0.1809;0.1858;1953691.9
20250924 000000;0.1858;0.1905;0.1823;0.1868;1587410.3
20250925 000000;0.1868;0.1869;0.1753;0.1763;2364920.6
20250926 000000;0.1763;0.1816;0.1743;0.1806;2207268.87
20250927 000000;0.1806;0.181;0.1782;0.1793;1142291.63
20250928 000000;0.1793;0.1825;0.1746;0.1821;1266221.3
20250929 000000;0.1821;0.1829;0.1775;0.1804;2040010.05
20250930 000000;0.1804;0.1823;0.1763;0.1804;1565211.48
20251001 000000;0.1804;0.19;0.1775;0.1893;2346522.92
20251002 000000;0.1893;0.1922;0.1867;0.1916;1542037.14
20251003 000000;0.1916;0.1945;0.189;0.1926;1594159.74
20251004 000000;0.1926;0.1929;0.1849;0.1866;1147315.4
20251005 000000;0.1866;0.191;0.1845;0.1848;1959518.79
20251006 000000;0.1848;0.1929;0.184;0.1908;2182006.33
20251007 000000;0.1908;0.1914;0.1822;0.1826;1700069.61
20251008 000000;0.1826;0.1886;0.1801;0.1872;1714036.62
20251009 000000;0.1872;0.1874;0.1784;0.182;2325962.37
20251010 000000;0.182;0.1849;0.0627;0.138;10259383.5
20251011 000000;0.138;0.1451;0.1335;0.1379;4809778.65
20251012 000000;0.1379;0.1514;0.135;0.1486;5637625.36
20251013 000000;0.1486;0.1564;0.1455;0.1552;5809847.37
20251014 000000;0.1552;0.1631;0.1398;0.1495;6567897.45
20251015 000000;0.1495;0.1583;0.1414;0.1435;3519472.49
20251016 000000;0.1435;0.1465;0.1361;0.1378;5483773.68
20251017 000000;0.1378;0.1407;0.1279;0.1365;11060550.8
20251018 000000;0.1365;0.1398;0.1349;0.1382;2230073.62
20251019 000000;0.1382;0.1445;0.1367;0.1419;2374442.42
20251020 000000;0.1419;0.1457;0.139;0.1414;2915768.66
20251021 000000;0.1414;0.1455;0.1357;0.1368;3316962.57
20251022 000000;0.1368;0.1381;0.1295;0.1339;3670168.26
20251023 000000;0.1339;0.1387;0.1331;0.1371;2355642.22
20251024 000000;0.1371;0.1397;0.1342;0.1379;1493955.78
20251025 000000;0.1379;0.138;0.1352;0.1366;1253065.65
20251026 000000;0.1366;0.1413;0.1352;0.1406;1209830.68
20251027 000000;0.1406;0.1417;0.1344;0.1352;2851876.47
20251028 000000;0.1352;0.1375;0.1303;0.1324;2454490.79
20251029 000000;0.1324;0.1346;0.1284;0.1308;2912810.15
20251030 000000;0.1308;0.132;0.1183;0.1225;3126304.85
20251031 000000;0.1225;0.1255;0.1214;0.1237;1503002.92
20251101 000000;0.1237;0.1291;0.1225;0.1281;1708092.55
20251102 000000;0.1281;0.1292;0.1238;0.1276;1542130.58
20251103 000000;0.1276;0.1282;0.1097;0.1126;4301468.29
20251104 000000;0.1126;0.1143;0.1007;0.1068;5004006.79
20251105 000000;0.1068;0.1127;0.1011;0.1111;2171282.43
20251106 000000;0.1111;0.1134;0.1065;0.1119;3168676.12
20251107 000000;0.1119;0.1272;0.1101;0.124;4669202.39
20251108 000000;0.124;0.126;0.1202;0.1233;2443346.18
20251109 000000;0.1233;0.1256;0.1152;0.1245;1976917.19
20251110 000000;0.1245;0.1273;0.1232;0.1262;2890744.03
20251111 000000;0.1262;0.1428;0.1192;0.1196;15813195.34
20251112 000000;0.1196;0.1308;0.1171;0.1188;13923651.96
20251113 000000;0.1188;0.1203;0.1105;0.1135;2628144.07
20251114 000000;0.1135;0.1152;0.1065;0.1124;3701419.32
20251115 000000;0.1124;0.116;0.1119;0.1138;1650513.61
20251116 000000;0.1138;0.1158;0.1072;0.1099;1866169.29
20251117 000000;0.1099;0.1134;0.106;0.1079;2303804.57
20251118 000000;0.1079;0.1123;0.1056;0.1111;1673452.47
20251119 000000;0.1111;0.1127;0.1043;0.1103;1412077.7
20251120 000000;0.1103;0.1156;0.1064;0.108;1726798.45
20251121 000000;0.108;0.1201;0.0969;0.1022;3970791.42
20251122 000000;0.1022;0.1033;0.0986;0.1021;1588060.65
20251123 000000;0.1021;0.1058;0.1017;0.1023;1795955.5
20251124 000000;0.1023;0.1073;0.1011;0.1064;1630011.97
20251125 000000;0.1064;0.1088;0.1034;0.1068;1468958.67
20251126 000000;0.1068;0.1077;0.1038;0.107;1388161.4
20251127 000000;0.107;0.1132;0.1062;0.1101;2192523.14
20251128 000000;0.1101;0.1113;0.1073;0.1091;2410448.15
20251129 000000;0.1091;0.1127;0.1078;0.1088;2146127.85
20251130 000000;0.1088;0.1099;0.1069;0.1069;1043499.59
20251201 000000;0.1069;0.1074;0.0982;0.1008;1683935.72
20251202 000000;0.1008;0.1078;0.0993;0.1063;1819173.25
20251203 000000;0.1063;0.1091;0.105;0.1082;1698652.56
20251204 000000;0.1082;0.1097;0.1044;0.1057;2212030.11
20251205 000000;0.1057;0.1095;0.1013;0.1027;1908728.18
20251206 000000;0.1027;0.1066;0.1018;0.1047;4727230.8
20251207 000000;0.1047;0.1053;0.0988;0.1009;1839755.97
20251208 000000;0.1009;0.105;0.1006;0.1024;2525521.87
20251209 000000;0.1024;0.1085;0.1005;0.1059;1402315.78
20251210 000000;0.1059;0.1082;0.1031;0.1031;1697064
20251211 000000;0.1031;0.1073;0.1003;0.1031;3649797.19
20251212 000000;0.1031;0.1041;0.0991;0.1017;2218118.25
20251213 000000;0.1017;0.1033;0.1012;0.1025;1380194.79
20251214 000000;0.1025;0.1025;0.0978;0.0985;1169379.42
20251215 000000;0.0985;0.1001;0.09304;0.0948;1211873.74
20251216 000000;0.0948;0.09563;0.09267;0.09386;1670776.92
20251217 000000;0.09386;0.0946;0.08807;0.08905;1980780.15
20251218 000000;0.08905;0.0909;0.0835;0.0855;2779202.31
20251219 000000;0.0855;0.09049;0.08482;0.08978;2203214.46
20251220 000000;0.08978;0.09015;0.08889;0.08963;1158775.81
20251221 000000;0.08963;0.0912;0.08698;0.08846;1653344.09
20251222 000000;0.08846;0.10391;0.0879;0.09543;9417664.87
20251223 000000;0.09543;0.09579;0.09298;0.09413;3543035.91
20251224 000000;0.09413;0.09459;0.09094;0.09224;1698080.27
20251225 000000;0.09224;0.09414;0.09072;0.09095;1601149.77
20251226 000000;0.09095;0.09188;0.08888;0.09003;1772170.45
20251227 000000;0.09003;0.09533;0.08913;0.09506;2303710.21
20251228 000000;0.09506;0.12117;0.09506;0.09912;25261188.75
20251229 000000;0.09912;0.1082;0.09504;0.10468;12389401.91
20251230 000000;0.10468;0.11177;0.09958;0.10101;9715138.43
20251231 000000;0.10101;0.10105;0.09493;0.09657;2906569.28
