20260101 000000;0.06028;0.06671;0.05937;0.06625;2367435.1
20260102 000000;0.06625;0.06927;0.06468;0.06693;2836717.33
20260103 000000;0.06693;0.06791;0.06527;0.0667;1253745.47
20260104 000000;0.0667;0.08;0.06661;0.07231;10769452.96
20260105 000000;0.07231;0.07335;0.07005;0.07177;3370132.65
20260106 000000;0.07177;0.07317;0.06737;0.07193;2819136.45
20260107 000000;0.07193;0.07204;0.06766;0.06818;1804830.47
20260108 000000;0.06818;0.06913;0.06404;0.06659;1982453.09
20260109 000000;0.06659;0.06777;0.06505;0.06595;1544924.37
20260110 000000;0.06595;0.06642;0.06504;0.06544;1078769.56
20260111 000000;0.06544;0.06619;0.06282;0.06377;1379632.58
20260112 000000;0.06377;0.06537;0.06149;0.06199;1342500.22
20260113 000000;0.06199;0.06797;0.06189;0.06683;2211910.35
20260114 000000;0.06683;0.06802;0.06589;0.06652;1932933.56
20260115 000000;0.06652;0.06657;0.0609;0.06204;2413122.34
20260116 000000;0.06204;0.06398;0.06137;0.06375;1540159.09
20260117 000000;0.06375;0.06532;0.06328;0.06415;1291553.39
20260118 000000;0.06415;0.06477;0.06064;0.06072;1258338.99
20260119 000000;0.06072;0.06089;0.05547;0.06071;1859042.71
20260120 000000;0.06071;0.06301;0.05568;0.05703;2871696.42
20260121 000000;0.05703;0.05998;0.057;0.05857;1695372.36
20260122 000000;0.05857;0.05984;0.05684;0.05742;1471730.46
20260123 000000;0.05742;0.05849;0.05592;0.0572;1692345.45
20260124 000000;0.0572;0.05796;0.05632;0.05652;1136561.53
20260125 000000;0.05652;0.05674;0.05178;0.05327;1951206.04
20260126 000000;0.05327;0.05558;0.05297;0.05429;1685700.4
20260127 000000;0.05429;0.05477;0.0526;0.0543;1462405.2
20260128 000000;0.0543;0.05456;0.05156;0.05198;1903645.35
20260129 000000;0.05198;0.05243;0.0478;0.04927;2085623.69
20260130 000000;0.04927;0.0495;0.04661;0.04791;2242724.83
20260131 000000;0.04791;0.04813;0.04006;0.0445;3261620.96
20260201 000000;0.0445;0.04534;0.04182;0.04252;2074557.57
20260202 000000;0.04252;0.04422;0.04114;0.04367;2432659.29
20260203 000000;0.04367;0.04484;0.04106;0.04273;2297501.92
20260204 000000;0.04273;0.04374;0.04124;0.04222;2107504.88
20260205 000000;0.04222;0.04266;0.03539;0.03557;3874407.01
20260206 000000;0.03557;0.04141;0.03249;0.04046;4007252.31
20260207 000000;0.04046;0.04113;0.03893;0.04044;1999828.47
20260208 000000;0.04044;0.0405;0.03839;0.03879;1851364.14
20260209 000000;0.03879;0.03911;0.03692;0.03812;1969127.96
20260210 000000;0.03812;0.03825;0.03625;0.03653;1788600.53
20260211 000000;0.03653;0.03688;0.03502;0.03649;2253594.54
20260212 000000;0.03649;0.03911;0.03648;0.03813;2132240.37
20260213 000000;0.03813;0.04305;0.03717;0.03952;7567073.54
20260214 000000;0.03952;0.04131;0.0393;0.04065;2264905.02
20260215 000000;0.04065;0.04072;0.03778;0.03836;2518462.07
20260216 000000;0.03836;0.03913;0.03765;0.03892;1932252.55
20260217 000000;0.03892;0.03902;0.03729;0.03773;2244091.19
20260218 000000;0.03773;0.03793;0.0352;0.03587;2191523.13
20260219 000000;0.03587;0.03637;0.03444;0.03523;2123049.72
20260220 000000;0.03523;0.03592;0.0344;0.03587;1999572.8
20260221 000000;0.03587;0.03982;0.0358;0.03706;4190871.47
20260222 000000;0.03706;0.03706;0.03552;0.0361;1880264.92
20260223 000000;0.0361;0.03619;0.03337;0.03404;2326768.54
20260224 000000;0.03404;0.03458;0.0333;0.03444;2035302.11
20260225 000000;0.03444;0.04089;0.03443;0.03894;2667161.98
20260226 000000;0.03894;0.03922;0.03621;0.03726;2157341.28
20260227 000000;0.03726;0.03832;0.03614;0.03675;2137831.13
20260228 000000;0.03675;0.03774;0.03373;0.03767;3014187.61
20260301 000000;0.03767;0.04131;0.03617;0.03707;5286467.77
20260302 000000;0.03707;0.04462;0.03703;0.03985;7048233.67
20260303 000000;0.03985;0.04161;0.03864;0.04051;2591168.79
20260304 000000;0.04051;0.04191;0.03953;0.04032;2485810.17
20260305 000000;0.04032;0.04036;0.03836;0.03884;2190244.28
20260306 000000;0.03884;0.03917;0.03718;0.03732;1974543.26
20260307 000000;0.03732;0.03754;0.03592;0.03613;1940210.26
20260308 000000;0.03613;0.03758;0.0359;0.03645;2175767.86
20260309 000000;0.03645;0.03848;0.03635;0.03747;1652190.74
20260310 000000;0.03747;0.04159;0.03735;0.04135;2919580.64
20260311 000000;0.04135;0.04623;0.04007;0.04069;10092955.26
20260312 000000;0.04069;0.04183;0.04001;0.04149;4808301.76
20260313 000000;0.04149;0.0427;0.0405;0.04071;3235856.37
20260314 000000;0.04071;0.04101;0.03963;0.04053;1999031.64
20260315 000000;0.04053;0.04126;0.04011;0.04089;1954540.84
20260316 000000;0.04089;0.04324;0.04079;0.04294;2115899.35
20260317 000000;0.04294;0.04338;0.04207;0.04286;1945468.86
20260318 000000;0.04286;0.04346;0.04023;0.04065;1969666.09
20260319 000000;0.04065;0.04074;0.0391;0.03989;1827588.37
20260320 000000;0.03989;0.04046;0.03892;0.03944;2074986.17
20260321 000000;0.03944;0.03964;0.03791;0.03807;1760802.88
20260322 000000;0.03807;0.03927;0.03664;0.03728;2333993.43
20260323 000000;0.03728;0.04276;0.03686;0.04009;4057398.41
20260324 000000;0.04009;0.04253;0.03975;0.04188;2296531.81
20260325 000000;0.04188;0.04522;0.04167;0.04315;4949004.08
20260326 000000;0.04315;0.04378;0.04064;0.04129;2293855.43
20260327 000000;0.04129;0.04157;0.03824;0.03836;2202567.7
20260328 000000;0.03836;0.03844;0.03651;0.03664;2262135.08
20260329 000000;0.03664;0.03729;0.03559;0.03615;2416268.14
20260330 000000;0.03615;0.03836;0.03601;0.03652;2520728.51
20260331 000000;0.03652;0.03759;0.03619;0.03724;2267128.05
20260401 000000;0.03724;0.03797;0.03668;0.03716;2192507.04
20260402 000000;0.03716;0.03744;0.0352;0.03657;2176196.62
20260403 000000;0.03657;0.03793;0.03644;0.03669;1821348.16
20260404 000000;0.03669;0.03713;0.03604;0.03632;1724348.9
20260405 000000;0.03632;0.03676;0.0353;0.03668;1924867.97
20260406 000000;0.03668;0.03823;0.03584;0.03627;2661090.63
20260407 000000;0.03627;0.06425;0.0352;0.058;29632366.14
20260408 000000;0.058;0.07833;0.05055;0.0518;60316962.84
20260409 000000;0.0518;0.05635;0.04889;0.04994;14498631.14
20260410 000000;0.04994;0.0509;0.04646;0.04926;8400956.07
20260411 000000;0.04926;0.04986;0.04513;0.04692;7247618.84
20260412 000000;0.04692;0.0478;0.04389;0.04395;7212170.98
20260413 000000;0.04395;0.04565;0.04312;0.04463;4180752.16
20260414 000000;0.04463;0.04777;0.04212;0.04463;3976777.68
20260415 000000;0.04463;0.0505;0.04433;0.04667;3116579.73
20260416 000000;0.04667;0.04742;0.0452;0.04727;1605817.22
20260417 000000;0.04727;0.04753;0.04537;0.04718;1298439.51
20260418 000000;0.04718;0.0481;0.04554;0.04585;1473044.12
20260419 000000;0.04585;0.05113;0.04552;0.04644;2336917.71
20260420 000000;0.04644;0.04833;0.04621;0.04668;1445191.8
20260421 000000;0.04668;0.04963;0.04606;0.04795;1418530.47
20260422 000000;0.04795;0.05059;0.04792;0.04836;1488650.49
20260423 000000;0.04836;0.05177;0.04764;0.05169;1624787.39
20260424 000000;0.05169;0.05245;0.04729;0.04737;1358318.14
20260425 000000;0.04737;0.04792;0.04564;0.04706;1263790.21
20260426 000000;0.04706;0.04782;0.04625;0.04712;1209052.05
20260427 000000;0.04712;0.0475;0.04517;0.04627;1259617.24
20260428 000000;0.04627;0.04636;0.04463;0.04552;1276000.07
20260429 000000;0.04552;0.04661;0.04379;0.04498;1253375.94
20260430 000000;0.04498;0.04795;0.04435;0.04707;1625496.54
20260501 000000;0.04707;0.04949;0.04493;0.04726;1650244.24
20260502 000000;0.04726;0.04835;0.04676;0.04793;1305238.58
20260503 000000;0.04793;0.04796;0.04667;0.04744;1286459.45
20260504 000000;0.04744;0.0492;0.0469;0.04755;1208581.81
20260505 000000;0.04755;0.04849;0.04712;0.04778;1306782.79
20260506 000000;0.04778;0.0493;0.04752;0.04828;1230160.53
20260507 000000;0.04828;0.04858;0.0473;0.04832;1134237.52
20260508 000000;0.04832;0.04913;0.04752;0.04891;1151183.73
20260509 000000;0.04891;0.05036;0.04844;0.04856;1186844.64
20260510 000000;0.04856;0.05235;0.04795;0.05055;1592257.36
20260511 000000;0.05055;0.05443;0.0493;0.05247;2293278.69
20260512 000000;0.05247;0.05303;0.04858;0.04947;1201919.05
20260513 000000;0.04947;0.05153;0.04564;0.04647;1187174.87
20260514 000000;0.04647;0.04891;0.0456;0.04733;1444265.7
20260515 000000;0.04733;0.04773;0.04377;0.04467;1291431.73
20260516 000000;0.04467;0.04477;0.04187;0.04206;1304545.84
20260517 000000;0.04206;0.04432;0.04136;0.04191;1570715.4
20260518 000000;0.04191;0.04192;0.04044;0.04155;1344221.3
20260519 000000;0.04155;0.0461;0.04104;0.04347;3171431.27
20260520 000000;0.04347;0.044;0.04193;0.04317;1365055.33
20260521 000000;0.04317;0.04437;0.04294;0.04385;1370380.43
20260522 000000;0.04385;0.04476;0.04168;0.04185;1231461.76
20260523 000000;0.04185;0.04414;0.04136;0.04334;2214024.22
20260524 000000;0.04334;0.04349;0.04116;0.04178;1312729.95
20260525 000000;0.04178;0.04331;0.04164;0.04223;1296577.71
20260526 000000;0.04223;0.0426;0.04056;0.04084;1447675.61
20260527 000000;0.04084;0.04189;0.03763;0.03814;2969026.26
20260528 000000;0.03814;0.03874;0.03706;0.03818;1520154.55
20260529 000000;0.03818;0.03886;0.03743;0.03796;1536050.97
20260530 000000;0.03796;0.04059;0.03784;0.03914;1506243.78
20260531 000000;0.03914;0.03971;0.03798;0.03915;1391159.22
20260601 000000;0.03915;0.042;0.03809;0.04059;1438603.32
20260602 000000;0.04059;0.04069;0.0362;0.03685;1420144.14
20260603 000000;0.03685;0.03874;0.03633;0.03684;1652295.23
20260604 000000;0.03684;0.0371;0.03359;0.03466;1692943.43
20260605 000000;0.03466;0.03469;0.02964;0.03046;1924224.65
20260606 000000;0.03046;0.03117;0.02875;0.03014;1819355.04
20260607 000000;0.03014;0.03172;0.02964;0.03104;2104511.46
20260608 000000;0.03104;0.03193;0.03015;0.0311;1906810.09
20260609 000000;0.0311;0.03112;0.02943;0.02997;1904172.66
20260610 000000;0.02997;0.03011;0.02776;0.02831;1975493.38
20260611 000000;0.02831;0.03043;0.02827;0.02993;1941986.98
20260612 000000;0.02993;0.03199;0.02934;0.03075;1902705
20260613 000000;0.03075;0.03171;0.03067;0.03097;1855047.21
20260614 000000;0.03097;0.03202;0.03034;0.03192;1946439.96
20260615 000000;0.03192;0.03352;0.03183;0.03218;2028743.5
20260616 000000;0.03218;0.03258;0.03124;0.03174;1803357.54
20260617 000000;0.03174;0.03258;0.03092;0.03153;1830827.82
20260618 000000;0.03153;0.0317;0.02926;0.03007;1947046.78
20260619 000000;0.03007;0.0302;0.02912;0.02957;1880087.53
20260620 000000;0.02957;0.03181;0.02929;0.03165;1633784.36
