20250101 000000;0.000075;0.000075;0.000075;0.000075;0
20250102 000000;0.000075;0.000075;0.000075;0.000075;0
20250103 000000;0.000075;0.000075;0.000075;0.000075;0
20250104 000000;0.000075;0.000075;0.000075;0.000075;0
20250105 000000;0.000075;0.000075;0.000075;0.000075;0
20250106 000000;0.000075;0.000075;0.000075;0.000075;0
20250107 000000;0.000075;0.000075;0.000075;0.000075;0
20250108 000000;0.000075;0.000075;0.000075;0.000075;0
20250109 000000;0.000075;0.000075;0.000075;0.000075;0
20250110 000000;0.000075;0.000075;0.000075;0.000075;0
20250111 000000;0.000075;0.000075;0.000075;0.000075;0
20250112 000000;0.000075;0.000075;0.000075;0.000075;0
20250113 000000;0.000075;0.000075;0.000075;0.000075;0
20250114 000000;0.000075;0.000075;0.000075;0.000075;0
20250115 000000;0.000075;0.000075;0.000075;0.000075;0
20250116 000000;0.000075;0.000075;0.000075;0.000075;0
20250117 000000;0.000075;0.000075;0.000075;0.000075;0
20250118 000000;0.000075;0.000075;0.000075;0.000075;0
20250119 000000;0.000075;0.000075;0.000075;0.000075;0
20250120 000000;0.000075;0.0001841;0.000075;0.0001134;732826191.64
20250121 000000;0.0001134;0.000148;0.0000939;0.0001157;632330522.47
20250122 000000;0.0001157;0.0001321;0.0001083;0.0001199;359011402.56
20250123 000000;0.0001199;0.0001372;0.00011;0.0001146;267737608.98
20250124 000000;0.0001146;0.0001192;0.0001013;0.0001061;290936987.26
20250125 000000;0.0001061;0.0001141;0.0000903;0.0001049;256630718.03
20250126 000000;0.0001049;0.0001089;0.0000935;0.0000957;243445320.98
20250127 000000;0.0000957;0.0001017;0.00009;0.0000994;286277186.22
20250128 000000;0.0000994;0.0001027;0.0000938;0.0001005;278100273.84
20250129 000000;0.0001005;0.0001083;0.0000939;0.0001002;265009681.44
20250130 000000;0.0001002;0.000109;0.0000978;0.0001009;266058236.5
20250131 000000;0.0001009;0.0001046;0.0000979;0.0001008;258162229.44
20250201 000000;0.0001008;0.0001124;0.0000978;0.0001042;269044328.31
20250202 000000;0.0001042;0.0001388;0.0000973;0.0001228;352725977.83
20250203 000000;0.0001228;0.0001407;0.000102;0.0001285;372572890.24
20250204 000000;0.0001285;0.0001389;0.000117;0.0001205;260756157.43
20250205 000000;0.0001205;0.0001615;0.000116;0.0001348;222684907
20250206 000000;0.0001348;0.0001617;0.0001299;0.0001487;236985588.55
20250207 000000;0.0001487;0.0001602;0.0001364;0.0001405;190555641.72
20250208 000000;0.0001405;0.0001713;0.00012;0.000134;236561038.94
20250209 000000;0.000134;0.0001576;0.0001275;0.0001374;282768249.26
20250210 000000;0.0001374;0.0001462;0.0001261;0.000129;161537881.19
20250211 000000;0.000129;0.0001443;0.000129;0.0001371;194649824.87
20250212 000000;0.0001371;0.000145;0.0001308;0.0001378;186881373.35
20250213 000000;0.0001378;0.0001453;0.0001328;0.0001382;252406999.75
20250214 000000;0.0001382;0.00014;0.0001269;0.0001321;328182957
20250215 000000;0.0001321;0.0001398;0.0001306;0.0001358;198833237.02
20250216 000000;0.0001358;0.0001449;0.0001301;0.0001323;212712446.96
20250217 000000;0.0001323;0.0001427;0.0001301;0.0001335;232907616.5
20250218 000000;0.0001335;0.0001381;0.0001301;0.0001338;198622574.38
20250219 000000;0.0001338;0.0001349;0.0001196;0.0001216;253311450.77
20250220 000000;0.0001216;0.0001256;0.0001055;0.0001155;323331902.03
20250221 000000;0.0001155;0.0001165;0.0001049;0.0001085;389263664.88
20250222 000000;0.0001085;0.0001199;0.0001061;0.0001067;205393281.36
20250223 000000;0.0001067;0.0001107;0.0001;0.0001083;271312952.59
20250224 000000;0.0001083;0.0001155;0.000102;0.0001064;303416109.46
20250225 000000;0.0001064;0.0001066;0.0001;0.0001013;337340716.72
20250226 000000;0.0001013;0.0001599;0.0000944;0.0000993;365898704.02
20250227 000000;0.0000993;0.0001092;0.0000975;0.0001038;302175945.5
20250228 000000;0.0001038;0.0001042;0.0000919;0.0000972;324500712.76
20250301 000000;0.0000972;0.0001042;0.0000951;0.0000983;260442581.45
20250302 000000;0.0000983;0.0001091;0.000096;0.0001054;347362091.84
20250303 000000;0.0001054;0.000109;0.0000995;0.0001;521090933.05
20250304 000000;0.0001;0.0001003;0.0000918;0.000097;687636339.57
20250305 000000;0.000097;0.0001067;0.0000941;0.0000998;653541813.38
20250306 000000;0.0000998;0.0001122;0.0000995;0.0001056;577791176.57
20250307 000000;0.0001056;0.000106;0.0000999;0.0001008;491892899.66
20250308 000000;0.0001008;0.0001068;0.0000994;0.0001006;383086476.53
20250309 000000;0.0001006;0.0001017;0.00009;0.000092;555917496.61
20250310 000000;0.000092;0.0001003;0.0000901;0.0000948;550924713.31
20250311 000000;0.0000948;0.0001084;0.00009;0.0000969;383113382.53
20250312 000000;0.0000969;0.0001174;0.000095;0.0000979;392421374.08
20250313 000000;0.0000979;0.0001022;0.00009;0.0000922;483756930.12
20250314 000000;0.0000922;0.0000975;0.000086;0.0000945;464027098.04
20250315 000000;0.0000945;0.0000955;0.0000902;0.0000945;483903752.5
20250316 000000;0.0000945;0.0000962;0.0000868;0.0000918;406781123.94
20250317 000000;0.0000918;0.0001048;0.0000881;0.0000949;626925415.45
20250318 000000;0.0000949;0.0000954;0.0000887;0.0000923;493529947.35
20250319 000000;0.0000923;0.0000936;0.0000896;0.0000916;515315105.71
20250320 000000;0.0000916;0.0000925;0.0000878;0.0000901;480024580.03
20250321 000000;0.0000901;0.0000917;0.000086;0.0000887;542280096.08
20250322 000000;0.0000887;0.0000953;0.0000826;0.0000858;535620298.67
20250323 000000;0.0000858;0.0000963;0.0000854;0.000089;529095456.57
20250324 000000;0.000089;0.0000937;0.0000836;0.0000872;490802020.66
20250325 000000;0.0000872;0.0000898;0.000087;0.0000887;547667428.09
20250326 000000;0.0000887;0.0000916;0.0000734;0.0000785;577334509.22
20250327 000000;0.0000785;0.0000861;0.0000785;0.0000798;541076897
20250328 000000;0.0000798;0.0000825;0.0000751;0.0000766;544502904.57
20250329 000000;0.0000766;0.000077;0.0000709;0.0000728;500938841.05
20250330 000000;0.0000728;0.0000764;0.0000721;0.0000749;591889285.23
20250331 000000;0.0000749;0.0000764;0.0000737;0.0000738;582075222.08
20250401 000000;0.0000738;0.00008;0.0000728;0.0000761;646479809.87
20250402 000000;0.0000761;0.0000783;0.0000739;0.000074;665924841.96
20250403 000000;0.000074;0.0000753;0.000066;0.0000733;719835596.92
20250404 000000;0.0000733;0.000078;0.0000728;0.0000777;548158287.83
20250405 000000;0.0000777;0.000078;0.0000736;0.0000768;630713552.92
20250406 000000;0.0000768;0.0000789;0.000067;0.0000713;600600182.56
20250407 000000;0.0000713;0.0000737;0.0000626;0.0000728;586609190.06
20250408 000000;0.0000728;0.0000801;0.0000717;0.0000756;586137270.49
20250409 000000;0.0000756;0.0000757;0.0000697;0.0000747;677778880.82
20250410 000000;0.0000747;0.0000777;0.0000712;0.0000716;596093719.15
20250411 000000;0.0000716;0.0000858;0.0000713;0.0000769;566006748.49
20250412 000000;0.0000769;0.00008;0.0000745;0.0000786;553350218.56
20250413 000000;0.0000786;0.0000835;0.0000721;0.0000757;624301350.5
20250414 000000;0.0000757;0.000077;0.0000728;0.000074;646274367.91
20250415 000000;0.000074;0.0000908;0.0000739;0.0000861;776664056.74
20250416 000000;0.0000861;0.0000883;0.000075;0.0000827;568256376.05
20250417 000000;0.0000827;0.0000868;0.0000748;0.0000795;652351896.8
20250418 000000;0.0000795;0.0000853;0.0000794;0.0000822;538940776.89
20250419 000000;0.0000822;0.0000848;0.0000764;0.000081;506925396.24
20250420 000000;0.000081;0.0000819;0.0000788;0.0000812;473896467.89
20250421 000000;0.0000812;0.0000832;0.0000764;0.0000792;586242953.23
20250422 000000;0.0000792;0.0000964;0.0000782;0.0000914;563114889.08
20250423 000000;0.0000914;0.0001069;0.0000852;0.0000955;547468927.16
20250424 000000;0.0000955;0.0001154;0.0000955;0.0001134;525458052.95
20250425 000000;0.0001134;0.0001175;0.0001074;0.0001107;490801419.59
20250426 000000;0.0001107;0.000113;0.0001062;0.0001082;593566592.48
20250427 000000;0.0001082;0.0001093;0.0001012;0.0001041;508315461.61
20250428 000000;0.0001041;0.0001044;0.0000962;0.0001005;444243319.39
20250429 000000;0.0001005;0.0001036;0.0000947;0.0000995;413227260.48
20250430 000000;0.0000995;0.0001017;0.0000954;0.0001001;433570176.53
20250501 000000;0.0001001;0.0001098;0.0000979;0.000107;508041396.17
20250502 000000;0.000107;0.0001161;0.0000999;0.0001068;452632395.14
20250503 000000;0.0001068;0.0001113;0.0000955;0.0000996;563786868.65
20250504 000000;0.0000996;0.0001042;0.0000945;0.0000963;594823422.4
20250505 000000;0.0000963;0.0001049;0.0000945;0.0000979;443299563.15
20250506 000000;0.0000979;0.0001002;0.0000921;0.0000964;390388718.03
20250507 000000;0.0000964;0.0000988;0.0000947;0.0000986;494795649.57
20250508 000000;0.0000986;0.0001019;0.0000957;0.0000989;447042170.11
20250509 000000;0.0000989;0.0001035;0.0000962;0.0001008;568977107.21
20250510 000000;0.0001008;0.0001051;0.0000975;0.0001026;509606950.87
20250511 000000;0.0001026;0.0001046;0.0001002;0.0001006;297872847.26
20250512 000000;0.0001006;0.0001051;0.0001002;0.0001029;499698433.4
20250513 000000;0.0001029;0.0001083;0.0000981;0.0001058;432397133.02
20250514 000000;0.0001058;0.0001065;0.0000999;0.0001;354192004.06
20250515 000000;0.0001;0.0001006;0.000092;0.0000977;484645794.11
20250516 000000;0.0000977;0.0001023;0.0000818;0.0000921;449832686.22
20250517 000000;0.0000921;0.0000927;0.0000862;0.0000908;333019838.37
20250518 000000;0.0000908;0.0000981;0.0000888;0.0000949;386041059.1
20250519 000000;0.0000949;0.0000991;0.0000834;0.0000938;472250464.78
20250520 000000;0.0000938;0.0000955;0.0000883;0.0000932;347202493.54
20250521 000000;0.0000932;0.0001005;0.0000917;0.0000973;371562098.72
20250522 000000;0.0000973;0.0001033;0.0000962;0.0000972;411746422.37
20250523 000000;0.0000972;0.0001029;0.0000955;0.0000972;372953776.28
20250524 000000;0.0000972;0.0001048;0.0000939;0.0001022;337691839.63
20250525 000000;0.0001022;0.0001036;0.0000916;0.0000946;366225089.2
20250526 000000;0.0000946;0.0001027;0.0000945;0.0001022;422889638.48
20250527 000000;0.0001022;0.000104;0.0000979;0.0001002;286636414.92
20250528 000000;0.0001002;0.0001011;0.0000958;0.0000965;403689250.28
20250529 000000;0.0000965;0.0001025;0.0000954;0.0000965;411070425.87
20250530 000000;0.0000965;0.0000973;0.0000838;0.000088;550730025.6
20250531 000000;0.000088;0.0001099;0.0000876;0.0000936;289071180.85
20250601 000000;0.0000936;0.0000995;0.0000881;0.0000986;322091020.15
20250602 000000;0.0000986;0.0000999;0.0000932;0.0000987;495090780.88
20250603 000000;0.0000987;0.0001059;0.0000958;0.0000987;534253325.8
20250604 000000;0.0000987;0.0001011;0.0000955;0.0000963;365023676.22
20250605 000000;0.0000963;0.0000986;0.0000891;0.0000938;266658630.54
20250606 000000;0.0000938;0.0000955;0.0000896;0.0000907;271747355.88
20250607 000000;0.0000907;0.0000961;0.0000897;0.0000931;291988776.03
20250608 000000;0.0000931;0.0001032;0.0000926;0.0000998;295584849.65
20250609 000000;0.0000998;0.0001075;0.0000972;0.0001049;421097582.71
20250610 000000;0.0001049;0.0001104;0.0001034;0.0001083;320087898.5
20250611 000000;0.0001083;0.0001113;0.0000959;0.0001019;266929743.97
20250612 000000;0.0001019;0.0001027;0.000096;0.0000986;230448356.88
20250613 000000;0.0000986;0.0000986;0.0000898;0.0000938;198563792.45
20250614 000000;0.0000938;0.0000955;0.0000909;0.0000928;140762253.51
20250615 000000;0.0000928;0.0000939;0.0000888;0.0000909;244206689.41
20250616 000000;0.0000909;0.0000937;0.0000889;0.0000891;239897190.77
20250617 000000;0.0000891;0.0000903;0.000085;0.0000877;197094512.69
20250618 000000;0.0000877;0.0000882;0.0000829;0.0000833;332643074.81
20250619 000000;0.0000833;0.0000861;0.0000825;0.0000831;263439974.47
20250620 000000;0.0000831;0.0000852;0.0000769;0.0000794;394232445.23
20250621 000000;0.0000794;0.0000812;0.0000767;0.0000769;315373378.71
20250622 000000;0.0000769;0.0000798;0.0000631;0.0000728;278739388.28
20250623 000000;0.0000728;0.0000806;0.0000725;0.0000788;286927402.09
20250624 000000;0.0000788;0.0000834;0.0000784;0.0000819;257047244.83
20250625 000000;0.0000819;0.0000834;0.0000806;0.0000812;207176720.6
20250626 000000;0.0000812;0.0000827;0.0000794;0.0000819;237761194.01
20250627 000000;0.0000819;0.0000824;0.0000771;0.0000789;277263845.05
20250628 000000;0.0000789;0.0000817;0.0000776;0.0000808;350199661.57
20250629 000000;0.0000808;0.0000827;0.0000791;0.0000797;246873806.31
20250630 000000;0.0000797;0.0000806;0.0000789;0.00008;289647423.01
20250701 000000;0.00008;0.0000834;0.0000773;0.0000819;339285282.99
20250702 000000;0.0000819;0.0000848;0.0000788;0.0000846;325725401.64
20250703 000000;0.0000846;0.0000848;0.0000775;0.0000813;238831329.47
20250704 000000;0.0000813;0.0000823;0.0000754;0.0000755;268757432.22
20250705 000000;0.0000755;0.0000776;0.0000743;0.0000776;436529856.89
20250706 000000;0.0000776;0.0000776;0.0000687;0.0000741;285013532
20250707 000000;0.0000741;0.0000757;0.0000721;0.0000736;442212416.1
20250708 000000;0.0000736;0.0000777;0.0000718;0.0000773;470536917.07
20250709 000000;0.0000773;0.0000777;0.0000711;0.0000776;457794795.51
20250710 000000;0.0000776;0.0000801;0.0000736;0.0000795;343251423.74
20250711 000000;0.0000795;0.0000867;0.000079;0.0000823;247603769.98
20250712 000000;0.0000823;0.0000848;0.00008;0.0000806;276102481.88
20250713 000000;0.0000806;0.0000819;0.0000766;0.0000817;420431193.75
20250714 000000;0.0000817;0.0000836;0.0000799;0.0000805;296558417.87
20250715 000000;0.0000805;0.0000812;0.0000772;0.0000794;317715557.83
20250716 000000;0.0000794;0.0000888;0.0000788;0.0000875;400033057.81
20250717 000000;0.0000875;0.0000923;0.0000847;0.0000881;372490670.02
20250718 000000;0.0000881;0.0000916;0.000083;0.0000857;259125542.01
20250719 000000;0.0000857;0.0000944;0.0000799;0.000083;294605855.99
20250720 000000;0.000083;0.0000875;0.0000759;0.0000829;298282790.16
20250721 000000;0.0000829;0.0000905;0.0000828;0.0000855;385397769.33
20250722 000000;0.0000855;0.0000869;0.0000834;0.0000861;357373184.07
20250723 000000;0.0000861;0.0000917;0.0000826;0.0000883;296051015.07
20250724 000000;0.0000883;0.000094;0.0000827;0.000091;338865571.9
20250725 000000;0.000091;0.0000939;0.0000807;0.0000889;381835499.11
20250726 000000;0.0000889;0.0000941;0.0000845;0.0000873;306394439.18
20250727 000000;0.0000873;0.0000978;0.0000853;0.0000945;470064907.75
20250728 000000;0.0000945;0.0000979;0.000091;0.0000911;311395613.56
20250729 000000;0.0000911;0.0000915;0.0000886;0.0000909;279473635.14
20250730 000000;0.0000909;0.0000915;0.000078;0.0000876;358403892.41
20250731 000000;0.0000876;0.0000936;0.0000848;0.000089;317701588.8
20250801 000000;0.000089;0.0000896;0.0000799;0.0000829;185100151.9
20250802 000000;0.0000829;0.00009;0.0000826;0.0000828;450285670.38
20250803 000000;0.0000828;0.0000958;0.0000825;0.0000866;655420561.36
20250804 000000;0.0000866;0.0000866;0.0000801;0.000084;758275366.71
20250805 000000;0.000084;0.0000957;0.00008;0.0000826;278233837.49
20250806 000000;0.0000826;0.0000867;0.0000801;0.0000828;526982304.05
20250807 000000;0.0000828;0.0000882;0.0000802;0.0000848;545423948.95
20250808 000000;0.0000848;0.0000879;0.0000801;0.0000853;347100732.27
20250809 000000;0.0000853;0.0000904;0.0000846;0.000089;381198921.79
20250810 000000;0.000089;0.0000895;0.000081;0.0000858;372299391.71
20250811 000000;0.0000858;0.0000876;0.0000841;0.0000873;377864500.49
20250812 000000;0.0000873;0.0001103;0.0000854;0.0001002;361611764.65
20250813 000000;0.0001002;0.0001094;0.000093;0.0001085;345744695.24
20250814 000000;0.0001085;0.0001091;0.0000897;0.0000962;321069694.58
20250815 000000;0.0000962;0.0000972;0.0000935;0.0000944;339525522.49
20250816 000000;0.0000944;0.000108;0.0000914;0.0000948;334696832.66
20250817 000000;0.0000948;0.0000956;0.0000938;0.0000948;337796132.03
20250818 000000;0.0000948;0.0000964;0.0000906;0.0000913;326020246.07
20250819 000000;0.0000913;0.000094;0.0000909;0.0000913;362204092.88
20250820 000000;0.0000913;0.0000917;0.0000877;0.0000881;343461797.53
20250821 000000;0.0000881;0.0000883;0.0000867;0.000087;369206099.16
20250822 000000;0.000087;0.0000897;0.0000822;0.0000889;318135728.97
20250823 000000;0.0000889;0.0000955;0.0000881;0.0000934;343948157.31
20250824 000000;0.0000934;0.0000974;0.0000903;0.0000915;293473413.35
20250825 000000;0.0000915;0.0000916;0.0000801;0.0000825;404141627.38
20250826 000000;0.0000825;0.0000914;0.0000806;0.0000884;522670214.12
20250827 000000;0.0000884;0.0000938;0.0000861;0.0000882;676040790.92
20250828 000000;0.0000882;0.0000936;0.000085;0.0000869;501617419.93
20250829 000000;0.0000869;0.0000918;0.000085;0.0000863;498208676.71
20250830 000000;0.0000863;0.0000887;0.0000833;0.0000868;823353838.38
20250831 000000;0.0000868;0.0000874;0.00008591;0.00008628;947175463.87
20250901 000000;0.00008628;0.00008727;0.00008422;0.00008641;1379690343.38
20250902 000000;0.00008641;0.00008662;0.00008481;0.00008634;663808531.05
20250903 000000;0.00008634;0.00009177;0.00008215;0.00008675;724800504.9
20250904 000000;0.00008675;0.0000873;0.00008509;0.00008572;676273453.04
20250905 000000;0.00008572;0.0000873;0.00008508;0.0000872;767564956.26
20250906 000000;0.0000872;0.00009177;0.00008377;0.00008687;914343687.85
20250907 000000;0.00008687;0.00008757;0.00008503;0.000086;889655273.57
20250908 000000;0.000086;0.0000882;0.00008179;0.00008595;846881489.61
20250909 000000;0.00008595;0.00008961;0.00008525;0.00008527;738744352.92
20250910 000000;0.00008527;0.00008941;0.00007695;0.00008011;915468749.76
20250911 000000;0.00008011;0.00008604;0.000078;0.00008094;860412413.34
20250912 000000;0.00008094;0.00008322;0.00007775;0.00007943;917997672.57
20250913 000000;0.00007943;0.00008224;0.00007854;0.00008111;901581727.83
20250914 000000;0.00008111;0.00008366;0.00007829;0.00008074;581213000.53
20250915 000000;0.00008074;0.0000821;0.00007771;0.00007808;811937498.55
20250916 000000;0.00007808;0.0000819;0.00007655;0.00007834;726492259.53
20250917 000000;0.00007834;0.00008119;0.00007826;0.00008103;940828444.65
20250918 000000;0.00008103;0.0000819;0.00007914;0.00008188;702105797.39
20250919 000000;0.00008188;0.00008413;0.00007979;0.00008099;601211854.94
20250920 000000;0.00008099;0.00008125;0.00007916;0.00007989;480217896.54
20250921 000000;0.00007989;0.00008411;0.00007952;0.00008133;702517204.18
20250922 000000;0.00008133;0.0000825;0.00007779;0.00007932;550507108.83
20250923 000000;0.00007932;0.00008166;0.000075;0.00007622;451473761.18
20250924 000000;0.00007622;0.00007819;0.000075;0.00007539;499244322.8
20250925 000000;0.00007539;0.00007815;0.000073;0.00007381;517150257.23
20250926 000000;0.00007381;0.000078;0.00007376;0.00007798;523604801.21
20250927 000000;0.00007798;0.000078;0.00007206;0.00007581;561987602.26
20250928 000000;0.00007581;0.00007779;0.00007307;0.00007684;546405962.36
20250929 000000;0.00007684;0.00007684;0.00007333;0.00007581;198351465.71
20250930 000000;0.00007581;0.00007605;0.00007285;0.00007349;161916169.94
20251001 000000;0.00007349;0.00007635;0.000072;0.00007491;185919783.77
20251002 000000;0.00007491;0.00007861;0.00007424;0.00007617;191837376.72
20251003 000000;0.00007617;0.00008138;0.00007617;0.00008137;262631827.48
20251004 000000;0.00008137;0.00008184;0.00008008;0.00008168;155386966.76
20251005 000000;0.00008168;0.0000821;0.00007858;0.00007939;200777996.07
20251006 000000;0.00007939;0.0000825;0.00007859;0.00008063;175307064.13
20251007 000000;0.00008063;0.00008618;0.00008061;0.00008616;254659519.21
20251008 000000;0.00008616;0.00010777;0.00008088;0.00009156;358593973.59
20251009 000000;0.00009156;0.00009259;0.00008059;0.00008404;201459709.18
20251010 000000;0.00008404;0.00008594;0.00007079;0.00007262;233608273.42
20251011 000000;0.00007262;0.00008352;0.00007036;0.00007268;230943563.42
20251012 000000;0.00007268;0.00008407;0.0000701;0.00008214;194899699.88
20251013 000000;0.00008214;0.00008535;0.00008099;0.00008161;158470285.41
20251014 000000;0.00008161;0.00008247;0.00007736;0.00007859;149309378.48
20251015 000000;0.00007859;0.00009027;0.00007584;0.00007727;216898092.5
20251016 000000;0.00007727;0.00007858;0.00007723;0.00007792;143957746.15
20251017 000000;0.00007792;0.00007812;0.00007303;0.00007421;170563422.72
20251018 000000;0.00007421;0.00008152;0.00007407;0.00007681;144205669.37
20251019 000000;0.00007681;0.0000801;0.00007204;0.00007365;170108944.12
20251020 000000;0.00007365;0.00007738;0.00007363;0.00007429;169297781.87
20251021 000000;0.00007429;0.000075;0.00007073;0.000071;172639421.03
20251022 000000;0.000071;0.00007384;0.00006748;0.00007249;218235079.61
20251023 000000;0.00007249;0.0000825;0.00007195;0.0000804;233399038.64
20251024 000000;0.0000804;0.00008138;0.00007925;0.00007928;148070189.86
20251025 000000;0.00007928;0.00008348;0.00007927;0.00007935;216767001.54
20251026 000000;0.00007935;0.00008074;0.00007883;0.00007888;166601285
20251027 000000;0.00007888;0.00008161;0.00007885;0.00008044;185094223.88
20251028 000000;0.00008044;0.00008133;0.00007884;0.00007885;224045750.08
20251029 000000;0.00007885;0.00008038;0.00007623;0.00007625;236683030.76
20251030 000000;0.00007625;0.00007697;0.0000718;0.00007181;244187161.41
20251031 000000;0.00007181;0.00007229;0.00007086;0.00007152;231117877.13
20251101 000000;0.00007152;0.00007193;0.00006447;0.00007094;298021235.39
20251102 000000;0.00007094;0.00007336;0.00007091;0.00007325;235071867.57
20251103 000000;0.00007325;0.00007338;0.00006601;0.00006901;232218585.31
20251104 000000;0.00006901;0.00007122;0.00006739;0.00006914;310862974.67
20251105 000000;0.00006914;0.00007834;0.00006793;0.00007463;385582174.47
20251106 000000;0.00007463;0.00007532;0.00007248;0.0000744;283795867.54
20251107 000000;0.0000744;0.00007628;0.00007377;0.00007552;243487520.36
20251108 000000;0.00007552;0.00008161;0.0000755;0.0000793;251230426.09
20251109 000000;0.0000793;0.00007991;0.00006988;0.00007364;290276301.93
20251110 000000;0.00007364;0.00007824;0.00007101;0.00007319;274428481.44
20251111 000000;0.00007319;0.00007511;0.00007207;0.00007328;196710955.07
20251112 000000;0.00007328;0.0000733;0.00007205;0.00007206;188244041.07
20251113 000000;0.00007206;0.00007372;0.00007026;0.00007089;215636211.87
20251114 000000;0.00007089;0.00007138;0.00006529;0.00006914;193828942.09
20251115 000000;0.00006914;0.00007101;0.00006851;0.00006851;212452444
20251116 000000;0.00006851;0.00007135;0.00006284;0.00006605;358818115.64
20251117 000000;0.00006605;0.00006753;0.00006567;0.00006632;202159154.94
20251118 000000;0.00006632;0.00006716;0.00006568;0.00006711;232684180.72
20251119 000000;0.00006711;0.00006806;0.0000658;0.0000664;201134393.26
20251120 000000;0.0000664;0.00006641;0.00006545;0.00006606;206107516.08
20251121 000000;0.00006606;0.00006641;0.00006077;0.00006371;236263788.31
20251122 000000;0.00006371;0.00006488;0.00006325;0.00006361;199479645.84
20251123 000000;0.00006361;0.0000666;0.00006326;0.00006622;198544012.6
20251124 000000;0.00006622;0.000067;0.00006524;0.00006647;211163759.23
20251125 000000;0.00006647;0.00006712;0.00006433;0.00006496;198396247.41
20251126 000000;0.00006496;0.00006659;0.00006433;0.00006535;201138169.19
20251127 000000;0.00006535;0.00006659;0.0000633;0.00006658;196469512.76
20251128 000000;0.00006658;0.00006714;0.00006481;0.00006586;193415276.48
20251129 000000;0.00006586;0.00006587;0.00006331;0.00006412;208890560.58
20251130 000000;0.00006412;0.00006948;0.00006264;0.0000644;223732018.46
20251201 000000;0.0000644;0.00006501;0.00006186;0.00006273;229696332.08
20251202 000000;0.00006273;0.00006389;0.00006149;0.00006388;229277104.77
20251203 000000;0.00006388;0.00006501;0.00006087;0.0000631;214409529.41
20251204 000000;0.0000631;0.00006754;0.0000631;0.0000671;197453695.26
20251205 000000;0.0000671;0.00006807;0.00006536;0.00006537;189960484.79
20251206 000000;0.00006537;0.00006808;0.00006535;0.00006806;190259843.67
20251207 000000;0.00006806;0.00007035;0.00006669;0.00006899;214322050.46
20251208 000000;0.00006899;0.00007206;0.00006899;0.00007204;207666846.75
20251209 000000;0.00007204;0.00007269;0.0000698;0.00007134;202100577.98
20251210 000000;0.00007134;0.00007511;0.00007134;0.00007506;186028120.94
20251211 000000;0.00007506;0.00007563;0.00007074;0.00007326;204271073.88
20251212 000000;0.00007326;0.00007389;0.00006856;0.00007322;228114176.54
20251213 000000;0.00007322;0.00007563;0.00007191;0.00007478;175621908.88
20251214 000000;0.00007478;0.00007989;0.00007351;0.00007449;237402665.52
20251215 000000;0.00007449;0.00007824;0.00006844;0.00007046;220214000.46
20251216 000000;0.00007046;0.00007539;0.00006908;0.00006909;205731310.82
20251217 000000;0.00006909;0.00007205;0.00006737;0.00006799;196783871.62
20251218 000000;0.00006799;0.00006824;0.00006485;0.00006485;236626229.08
20251219 000000;0.00006485;0.00006704;0.00006485;0.00006588;202135735.66
20251220 000000;0.00006588;0.00006591;0.00006378;0.00006494;186698418.72
20251221 000000;0.00006494;0.00006579;0.00006432;0.00006492;258917374.99
20251222 000000;0.00006492;0.00006538;0.00006186;0.00006236;192859709.85
20251223 000000;0.00006236;0.00006539;0.00006184;0.00006536;210635627.98
20251224 000000;0.00006536;0.00006579;0.00006172;0.00006274;212080839.92
20251225 000000;0.00006274;0.0000643;0.00006076;0.0000608;218228604.05
20251226 000000;0.0000608;0.000064;0.00006076;0.00006397;170540882.84
20251227 000000;0.00006397;0.00006397;0.0000613;0.00006186;193493403.29
20251228 000000;0.00006186;0.00006326;0.00006132;0.00006221;211319150.17
20251229 000000;0.00006221;0.00006441;0.0000622;0.00006221;221892578.74
20251230 000000;0.00006221;0.00006303;0.00006169;0.00006171;191204072.92
20251231 000000;0.00006171;0.00006593;0.00006145;0.00006395;197819364.71
