20230622 000000;0.00035498;0.00039918;0.000335;0.00035604;141241659.08
20230623 000000;0.00035604;0.00038545;0.00033;0.00036408;134639581.92
20230624 000000;0.00036408;0.000377;0.00033683;0.00033901;139484954.75
20230625 000000;0.00033901;0.00035599;0.00033013;0.0003425;144767630.6
20230626 000000;0.0003425;0.00035;0.0003;0.00030505;120922262.94
20230627 000000;0.00030505;0.00032666;0.00030025;0.00031015;130391203.62
20230628 000000;0.00031015;0.0003215;0.00028062;0.00028921;169441284.52
20230629 000000;0.00028921;0.00032001;0.00025842;0.00031001;158361642.9
20230630 000000;0.00031001;0.00034999;0.00029;0.0003262;130485983.34
20230701 000000;0.0003262;0.00034934;0.00031735;0.00033593;95729502.53
20230702 000000;0.00033593;0.0003455;0.00031901;0.00034253;138422111.82
20230703 000000;0.00034253;0.00036;0.00032784;0.00034388;106386347.11
20230704 000000;0.00034388;0.00034566;0.000299;0.00032356;118708185.97
20230705 000000;0.00032356;0.000337;0.000312;0.0003125;134607894.29
20230706 000000;0.0003125;0.00034134;0.000301;0.00030135;138169188.44
20230707 000000;0.00030135;0.00034;0.000298;0.00032126;136816897.3
20230708 000000;0.00032126;0.00034933;0.000302;0.00030836;138864021.49
20230709 000000;0.00030836;0.00044268;0.000305;0.00042403;243508610.04
20230710 000000;0.00042403;0.00043997;0.00037315;0.00040227;132274273.55
20230711 000000;0.00040227;0.00044999;0.00036513;0.00039101;106765201.93
20230712 000000;0.00039101;0.00041;0.00034412;0.00036437;145681146.73
20230713 000000;0.00036437;0.00043337;0.00035235;0.00040184;137078060.23
20230714 000000;0.00040184;0.00044818;0.00038117;0.00038943;123257379.86
20230715 000000;0.00038943;0.00054;0.00038685;0.00051602;153920489.1
20230716 000000;0.00051602;0.00053608;0.00045;0.00049926;193163535.25
20230717 000000;0.00049926;0.00055;0.00045122;0.00047906;191047086.37
20230718 000000;0.00047906;0.0005407;0.00044221;0.00046387;242052719.49
20230719 000000;0.00046387;0.00051997;0.00045251;0.00047227;218184950.21
20230720 000000;0.00047227;0.00049;0.00044922;0.00045284;234872330.52
20230721 000000;0.00045284;0.00051;0.000445;0.00048359;310054164.77
20230722 000000;0.00048359;0.000509;0.00044558;0.0004481;283472647.6
20230723 000000;0.0004481;0.00047999;0.00041115;0.00042003;274277836.55
20230724 000000;0.00042003;0.00043522;0.00038751;0.00039847;290489809.19
20230725 000000;0.00039847;0.000422;0.00037028;0.00038933;372746129.67
20230726 000000;0.00038933;0.00041771;0.00035001;0.00037213;369903137.9
20230727 000000;0.00037213;0.00042;0.00036022;0.00037282;436197091.54
20230728 000000;0.00037282;0.00038979;0.00034953;0.00035701;444548202.58
20230729 000000;0.00035701;0.000375;0.0003461;0.00034862;444833549.35
20230730 000000;0.00034862;0.00037015;0.00030183;0.00031765;510787098.87
20230731 000000;0.00031765;0.00036;0.00031117;0.00032493;477791604.6
20230801 000000;0.00032493;0.000365;0.00030301;0.0003324;471155083.48
20230802 000000;0.0003324;0.00034094;0.000295;0.00032069;435961003.33
20230803 000000;0.00032069;0.000345;0.00030545;0.00032246;447919450.54
20230804 000000;0.00032246;0.0003575;0.00030525;0.00033882;448458673.81
20230805 000000;0.00033882;0.0003832;0.000325;0.0003814;379353154.39
20230806 000000;0.0003814;0.00042387;0.00035732;0.00039848;385038537.15
20230807 000000;0.00039848;0.0004095;0.00031759;0.00039779;291975526.79
20230808 000000;0.00039779;0.00046977;0.00037512;0.00040183;771903544.94
20230809 000000;0.00040183;0.00044484;0.000385;0.00043797;809653826.5
20230810 000000;0.00043797;0.00045;0.00038;0.00039159;433431777.17
20230811 000000;0.00039159;0.00040299;0.000374;0.00038733;164375094.73
20230812 000000;0.00038733;0.00039969;0.00037602;0.00038331;174299408.33
20230813 000000;0.00038331;0.00038975;0.00036155;0.00036597;166895961.74
20230814 000000;0.00036597;0.00039001;0.00036334;0.00037357;197987003.54
20230815 000000;0.00037357;0.0003943;0.00035001;0.00035569;189679200.06
20230816 000000;0.00035569;0.00036032;0.00033654;0.00034697;219854217.66
20230817 000000;0.00034697;0.00036283;0.00032;0.00033062;189336527.12
20230818 000000;0.00033062;0.00035;0.00032666;0.0003361;183945403.65
20230819 000000;0.0003361;0.00042082;0.00033008;0.00040204;321280932.48
20230820 000000;0.00040204;0.000419;0.0003705;0.00039635;151083952.78
20230821 000000;0.00039635;0.00042903;0.00038757;0.00042507;168834418.25
20230822 000000;0.00042507;0.00042976;0.00038189;0.0004042;188138317.77
20230823 000000;0.0004042;0.00042498;0.0003859;0.00041646;153573998.41
20230824 000000;0.00041646;0.00042477;0.00038712;0.00038948;131803881.14
20230825 000000;0.00038948;0.000399;0.00037601;0.000395;118448496.96
20230826 000000;0.000395;0.00039694;0.0003714;0.00038166;112084535.61
20230827 000000;0.00038166;0.0004;0.00036943;0.00037343;151478224.06
20230828 000000;0.00037343;0.0003832;0.00036;0.0003723;141951006.14
20230829 000000;0.0003723;0.00039892;0.00035823;0.00039213;159349587.18
20230830 000000;0.00039213;0.00039244;0.0003673;0.00037023;184193693.28
20230831 000000;0.00037023;0.000378;0.00035176;0.00035276;177593343.01
20230901 000000;0.00035276;0.00036979;0.00033556;0.00034017;233987248.38
20230902 000000;0.00034017;0.000365;0.00032076;0.00034993;231336638.53
20230903 000000;0.00034993;0.00039215;0.00033442;0.00036703;230696204.89
20230904 000000;0.00036703;0.00037795;0.00035708;0.00036946;164492962.28
20230905 000000;0.00036946;0.00038626;0.000364;0.00036972;233462136.48
20230906 000000;0.00036972;0.00037724;0.00034113;0.00035574;209677666.99
20230907 000000;0.00035574;0.00037425;0.00034294;0.00036641;229485930.47
20230908 000000;0.00036641;0.00037798;0.00035739;0.00036531;209855662.25
20230909 000000;0.00036531;0.0003681;0.000361;0.00036771;223167556.29
20230910 000000;0.00036771;0.00037181;0.00034656;0.00034659;222453809.97
20230911 000000;0.00034659;0.00038056;0.00033031;0.00036788;234673391.87
20230912 000000;0.00036788;0.0004;0.0003426;0.00037812;193387505.61
20230913 000000;0.00037812;0.0003853;0.00036605;0.00037678;231325413.49
20230914 000000;0.00037678;0.0003966;0.00036971;0.00038603;169494235.84
20230915 000000;0.00038603;0.00041306;0.00037506;0.00040895;240351009.35
20230916 000000;0.00040895;0.00042;0.0003782;0.00038897;218922885.6
20230917 000000;0.00038897;0.000409;0.00037663;0.00040057;202019497.49
20230918 000000;0.00040057;0.00043667;0.0003821;0.00043176;268154021.12
20230919 000000;0.00043176;0.0005114;0.00041125;0.00050501;496427772.27
20230920 000000;0.00050501;0.00054113;0.0004556;0.00050677;609668193.55
20230921 000000;0.00050677;0.00052772;0.00044652;0.00048976;1937878982.83
20230922 000000;0.00048976;0.000499;0.00045411;0.00046224;796891355.63
20230923 000000;0.00046224;0.000478;0.00044366;0.00044806;855404426.78
20230924 000000;0.00044806;0.000474;0.00041801;0.00042848;802645925.62
20230925 000000;0.00042848;0.000433;0.00040041;0.0004138;741342198.33
20230926 000000;0.0004138;0.000445;0.00040915;0.0004278;772938503.96
20230927 000000;0.0004278;0.00047679;0.00040706;0.00044409;763081021.1
20230928 000000;0.00044409;0.00048152;0.00041506;0.00046332;534911892.91
20230929 000000;0.00046332;0.00048;0.0004221;0.00045013;417488997.87
20230930 000000;0.00045013;0.000469;0.00041014;0.00042004;603500686.3
20231001 000000;0.00042004;0.0004612;0.00041968;0.00045882;765970887.13
20231002 000000;0.00045882;0.00048273;0.00042012;0.00042761;784081966.4
20231003 000000;0.00042761;0.000448;0.00041212;0.0004276;708657396.14
20231004 000000;0.0004276;0.00043431;0.00039024;0.00039213;423546634.22
20231005 000000;0.00039213;0.00040388;0.0003442;0.00035917;276139039
20231006 000000;0.00035917;0.00038544;0.00034705;0.0003718;190729455.23
20231007 000000;0.0003718;0.00039068;0.000362;0.00038098;204070924.95
20231008 000000;0.00038098;0.00038915;0.00036001;0.00037966;197457309.56
20231009 000000;0.00037966;0.00038632;0.0003416;0.00034722;262124530.93
20231010 000000;0.00034722;0.000392;0.00033334;0.00036651;249336508.24
20231011 000000;0.00036651;0.000378;0.00033818;0.00033996;262199820.82
20231012 000000;0.00033996;0.000348;0.00032454;0.0003364;299601546.85
20231013 000000;0.0003364;0.000359;0.00033146;0.0003469;297278470.69
20231014 000000;0.0003469;0.0003841;0.00034689;0.00038358;222968200.29
20231015 000000;0.00038358;0.000391;0.00035825;0.0003718;225636157.51
20231016 000000;0.0003718;0.00037949;0.000344;0.00034993;206200120.43
20231017 000000;0.00034993;0.000359;0.00032181;0.00033604;191026520.47
20231018 000000;0.00033604;0.00035;0.00031766;0.00033406;259345272.48
20231019 000000;0.00033406;0.00037898;0.000319;0.00034456;190654451.05
20231020 000000;0.00034456;0.00035999;0.00032524;0.00034066;171380838.98
20231021 000000;0.00034066;0.00037899;0.000333;0.00036104;243911167.11
20231022 000000;0.00036104;0.00041185;0.00035003;0.00041079;182332798.9
20231023 000000;0.00041079;0.00041079;0.0003785;0.0004079;394048097.18
20231024 000000;0.0004079;0.00046936;0.00039562;0.00046018;448400906.75
20231025 000000;0.00046018;0.00047055;0.000401;0.00045172;467080622.93
20231026 000000;0.00045172;0.00048173;0.00042;0.00043573;474818860.79
20231027 000000;0.00043573;0.00043659;0.0004;0.00041962;453171115.79
20231028 000000;0.00041962;0.00045999;0.00039136;0.00044786;420053543.55
20231029 000000;0.00044786;0.00048;0.00043614;0.0004434;391618441.58
20231030 000000;0.0004434;0.00054;0.00042;0.00051798;479304780.21
20231031 000000;0.00051798;0.0006;0.00045155;0.00054046;174726021.06
20231101 000000;0.00054046;0.00059;0.00049327;0.00054739;147532474.78
20231102 000000;0.00054739;0.00058;0.00052353;0.00054349;178950982.34
20231103 000000;0.00054349;0.00054499;0.00047872;0.000487;344596866.6
20231104 000000;0.000487;0.00055;0.00048654;0.00050301;320112275.79
20231105 000000;0.00050301;0.0005267;0.00047203;0.00049253;312297039.33
20231106 000000;0.00049253;0.00061594;0.00047109;0.00056287;224540340.13
20231107 000000;0.00056287;0.00063972;0.00054002;0.00060832;340058609.56
20231108 000000;0.00060832;0.00082053;0.0005555;0.00079908;723928096.62
20231109 000000;0.00079908;0.00089341;0.00064602;0.00079361;997571403.46
20231110 000000;0.00079361;0.00080078;0.00069;0.00072991;1139498902.36
20231111 000000;0.00072991;0.0008952;0.0007;0.00077183;788733608.31
20231112 000000;0.00077183;0.0008569;0.000716;0.00076861;390733165.31
20231113 000000;0.00076861;0.00080495;0.0006772;0.00068327;504855425.07
20231114 000000;0.00068327;0.00071662;0.00058;0.00062641;654586138.63
20231115 000000;0.00062641;0.00072;0.00062641;0.00068639;175234747.89
20231116 000000;0.00068639;0.00081674;0.00065303;0.00068858;288705850.46
20231117 000000;0.00068858;0.00072694;0.000625;0.00067143;168895850.73
20231118 000000;0.00067143;0.00072;0.00062036;0.00067878;151894826.69
20231119 000000;0.00067878;0.00068999;0.00061555;0.00066644;168592111.85
20231120 000000;0.00066644;0.00075;0.000625;0.00069305;228318757.02
20231121 000000;0.00069305;0.000745;0.00055186;0.00057229;198877877.84
20231122 000000;0.00057229;0.00069897;0.000562;0.00065836;198293008.01
20231123 000000;0.00065836;0.0007399;0.000628;0.00072358;176442420.86
20231124 000000;0.00072358;0.00094091;0.000713;0.00090989;490468032.64
20231125 000000;0.00090989;0.00095;0.00079636;0.00081085;223199718.62
20231126 000000;0.00081085;0.00097;0.00079;0.00092065;234218122.46
20231127 000000;0.00092065;0.00109819;0.00081272;0.00089259;253701623.82
20231128 000000;0.00089259;0.001098;0.000851;0.00099995;288092528.82
20231129 000000;0.00099995;0.00111706;0.00096342;0.00108598;295340344.83
20231130 000000;0.00108598;0.00135;0.00104603;0.00130193;510473679.18
20231201 000000;0.00130193;0.00145;0.00120209;0.00132282;483812175.27
20231202 000000;0.00132282;0.00135;0.00109055;0.00117548;480623686.67
20231203 000000;0.00117548;0.00128;0.00102255;0.00102724;413689207.02
20231204 000000;0.00102724;0.00142;0.00097;0.00138957;680048262.95
20231205 000000;0.00138957;0.0016;0.00127;0.00151381;587874568.6
20231206 000000;0.00151381;0.0016;0.00135;0.00145987;196704251.32
20231207 000000;0.00145987;0.00188;0.00142727;0.00172188;302615565.75
20231208 000000;0.00172188;0.00180898;0.001415;0.00158467;249703992.97
20231209 000000;0.00158467;0.001827;0.00139;0.00141123;201464144.45
20231210 000000;0.00141123;0.00175;0.0012;0.00136465;235737591.3
20231211 000000;0.00136465;0.00148893;0.001197;0.00125681;302336542.55
20231212 000000;0.00125681;0.00165;0.00123002;0.00148138;257618054.46
20231213 000000;0.00148138;0.001595;0.001452;0.00154191;253287915.17
20231214 000000;0.00154191;0.001726;0.00126;0.00136739;345297533.79
20231215 000000;0.00136739;0.0014499;0.0012501;0.00128465;252335430.44
20231216 000000;0.00128465;0.001408;0.001122;0.0011682;323283238.03
20231217 000000;0.0011682;0.0013;0.00104;0.00115381;296003843.05
20231218 000000;0.00115381;0.00136;0.00103;0.00125838;368746790.37
20231219 000000;0.00125838;0.00151511;0.00117;0.00126929;432747227.92
20231220 000000;0.00126929;0.00147;0.00115245;0.00131285;417091887.58
20231221 000000;0.00131285;0.00135166;0.00121;0.00123542;331646423
20231222 000000;0.00123542;0.00129695;0.00116363;0.00121867;336789256.55
20231223 000000;0.00121867;0.00124992;0.00105;0.00114333;542269657.62
20231224 000000;0.00114333;0.00125183;0.00106501;0.00110764;631227449.58
20231225 000000;0.00110764;0.00125088;0.00107588;0.00116655;551764059.11
20231226 000000;0.00116655;0.001385;0.001142;0.00125034;287063184.78
20231227 000000;0.00125034;0.0014;0.00120111;0.00138991;305240981
20231228 000000;0.00138991;0.0014961;0.00122015;0.00126443;350192791.61
20231229 000000;0.00126443;0.00137828;0.00114209;0.00119216;531666084.39
20231230 000000;0.00119216;0.00122944;0.00118008;0.00120429;452682908.51
20231231 000000;0.00120429;0.00122944;0.00105;0.0011077;500398939.57
