20250101 000000;0.00055029;0.00055029;0.00046;0.000469;179677334.48
20250102 000000;0.000469;0.000555;0.000435;0.000506;214626134.05
20250103 000000;0.000506;0.000508;0.000476;0.00049;181939533.47
20250104 000000;0.00049;0.00052201;0.00045568;0.000481;222209842.45
20250105 000000;0.000481;0.00054999;0.00047;0.000534;190698213.79
20250106 000000;0.000534;0.00062517;0.00050105;0.00059884;161742756.83
20250107 000000;0.00059884;0.00059884;0.00045;0.000479;159894932.78
20250108 000000;0.000479;0.00048467;0.00040912;0.000465;249920882.11
20250109 000000;0.000465;0.00047591;0.0004;0.000408;150041553.15
20250110 000000;0.000408;0.00046305;0.00038124;0.00039751;112052843.67
20250111 000000;0.00039751;0.00043199;0.000365;0.000395;166038864.8
20250112 000000;0.000395;0.00042678;0.000351;0.00042096;140818960.68
20250113 000000;0.00042096;0.00044417;0.00035888;0.00040492;78836871.19
20250114 000000;0.00040492;0.000481;0.00039642;0.000456;128627920.7
20250115 000000;0.000456;0.00052805;0.00043706;0.0005092;77475167.71
20250116 000000;0.0005092;0.00056597;0.0004921;0.00049395;42607219.45
20250117 000000;0.00049395;0.00052014;0.00045;0.00049617;136901070.06
20250118 000000;0.00049617;0.00050604;0.00038011;0.00042311;185599611.27
20250119 000000;0.00042311;0.00046065;0.00034385;0.00037412;252141305.67
20250120 000000;0.00037412;0.00040421;0.00033848;0.00035998;332486590.23
20250121 000000;0.00035998;0.00037585;0.000305;0.00036167;206910617.66
20250122 000000;0.00036167;0.00037512;0.00033002;0.00034825;101049422.44
20250123 000000;0.00034825;0.00037599;0.00033;0.00037077;170465121.94
20250124 000000;0.00037077;0.00040925;0.00036;0.00038026;100407678.62
20250125 000000;0.00038026;0.00038964;0.00038;0.00038964;18035651.65
20250126 000000;0.00038964;0.00039675;0.00035828;0.00035828;25134429.26
20250127 000000;0.00035828;0.00036581;0.00032623;0.00034656;124199543.14
20250128 000000;0.00034656;0.00039469;0.00032856;0.00033991;170164653.42
20250129 000000;0.00033991;0.0003909;0.00033195;0.00034911;177097020.95
20250130 000000;0.00034911;0.00035587;0.00030171;0.00031864;155223982.47
20250131 000000;0.00031864;0.00033064;0.0003067;0.00032059;64042349.31
20250201 000000;0.00032059;0.00032207;0.00026664;0.00028104;112504707.5
20250202 000000;0.00028104;0.00029435;0.00021612;0.00023655;193877921.55
20250203 000000;0.00023655;0.00027654;0.000151;0.000266;247651842.86
20250204 000000;0.000266;0.00032238;0.00026066;0.00027247;195292414.7
20250205 000000;0.00027247;0.00027511;0.00024716;0.00025843;132760839.14
20250206 000000;0.00025843;0.000285;0.0002326;0.00023837;138957453.94
20250207 000000;0.00023837;0.00024744;0.00019924;0.00020815;147221888.9
20250208 000000;0.00020815;0.00024999;0.0001986;0.00022306;215277648.24
20250209 000000;0.00022306;0.00025053;0.00018652;0.00019916;376199252.69
20250210 000000;0.00019916;0.000215;0.00019;0.00020616;146113817.13
20250211 000000;0.00020616;0.00025444;0.00020502;0.00023985;169550665.42
20250212 000000;0.00023985;0.00027613;0.00023249;0.00027406;138915638.9
20250213 000000;0.00027406;0.00030956;0.00024666;0.0002618;158689963.89
20250214 000000;0.0002618;0.00026736;0.00025013;0.00025341;77728493.33
20250215 000000;0.00025341;0.00025396;0.00022127;0.00023124;98950741.01
20250216 000000;0.00023124;0.00024224;0.00022;0.00022789;67970965.58
20250217 000000;0.00022789;0.00023934;0.0002219;0.00022944;71736747.96
20250218 000000;0.00022944;0.000247;0.00021503;0.00022307;86597847.84
20250219 000000;0.00022307;0.0002336;0.000215;0.00022493;60528881.88
20250220 000000;0.00022493;0.00022694;0.00020587;0.00021743;107248594.6
20250221 000000;0.00021743;0.000255;0.00021523;0.00023395;153097978.2
20250222 000000;0.00023395;0.00024587;0.0002255;0.00023518;90189419.88
20250223 000000;0.00023518;0.0002393;0.000215;0.00022998;78723235.16
20250224 000000;0.00022998;0.00023035;0.00020777;0.00021076;118849323.72
20250225 000000;0.00021076;0.00021625;0.000189;0.00021593;163504615.02
20250226 000000;0.00021593;0.00022227;0.00019251;0.00019542;116810969.05
20250227 000000;0.00019542;0.000213;0.00018612;0.0001865;99799944.63
20250228 000000;0.0001865;0.00020028;0.0001676;0.00019133;146907139.58
20250301 000000;0.00019133;0.00020428;0.00018738;0.00020042;134891941.13
20250302 000000;0.00020042;0.00022899;0.00018934;0.00021227;124129427.7
20250303 000000;0.00021227;0.00021243;0.00019093;0.00019778;119095505.53
20250304 000000;0.00019778;0.00020127;0.00016168;0.00019767;87692979.82
20250305 000000;0.00019767;0.000206;0.00018356;0.00019088;28410860.92
20250306 000000;0.00019088;0.00020813;0.00017546;0.00019324;85558345.22
20250307 000000;0.00019324;0.00023079;0.0001888;0.00021196;202381240.02
20250308 000000;0.00021196;0.00021382;0.00019723;0.00019798;166982232.55
20250309 000000;0.00019798;0.00020055;0.00017001;0.00017685;226631071.62
20250310 000000;0.00017685;0.00018176;0.00010532;0.00012389;982080918.64
20250311 000000;0.00012389;0.00016232;0.00011501;0.00015642;398193660.74
20250312 000000;0.00015642;0.00015924;0.00013846;0.0001535;344198127.28
20250313 000000;0.0001535;0.00018;0.000143;0.00016635;689059970.54
20250314 000000;0.00016635;0.00018;0.00016443;0.00017365;667988792.09
20250315 000000;0.00017365;0.0001796;0.00017156;0.00017542;691121842.73
20250316 000000;0.00017542;0.000177;0.00016982;0.00017322;709162669.12
20250317 000000;0.00017322;0.00019996;0.000171;0.00017706;489136840.51
20250318 000000;0.00017706;0.00018999;0.000171;0.00017101;11574495.95
20250319 000000;0.00017101;0.000188;0.00012;0.00016811;63689501.31
20250320 000000;0.00016811;0.00020165;0.00016811;0.00019321;19986776.25
20250321 000000;0.00019321;0.00022796;0.00019;0.00019095;240998174.63
20250322 000000;0.00019095;0.0001989;0.00018113;0.00018831;275774329.51
20250323 000000;0.00018831;0.00019787;0.00017;0.00018957;285496948.62
20250324 000000;0.00018957;0.00024;0.00017504;0.00023401;274533348.33
20250325 000000;0.00023401;0.00025197;0.00021055;0.00023474;260948149.24
20250326 000000;0.00023474;0.00023708;0.00020221;0.00021;131002238.08
20250327 000000;0.00021;0.00022699;0.00019524;0.00020601;10768631.61
20250328 000000;0.00020601;0.00022499;0.00018701;0.00020167;24051340.68
20250329 000000;0.00020167;0.00020696;0.00017311;0.00017967;6443391.46
20250330 000000;0.00017967;0.00020238;0.00017346;0.00018423;30462206.6
20250331 000000;0.00018423;0.000209;0.00016855;0.00017421;220421394.37
20250401 000000;0.00017421;0.00019833;0.00017421;0.00018307;276349053.66
20250402 000000;0.00018307;0.00018972;0.00016302;0.00016965;307552126.27
20250403 000000;0.00016965;0.00016965;0.00014244;0.00016819;302815094.87
20250404 000000;0.00016819;0.00017986;0.000151;0.00017337;233049022.71
20250405 000000;0.00017337;0.00018332;0.00016791;0.00018205;306534038.63
20250406 000000;0.00018205;0.000188;0.00014602;0.00016668;310272067.73
20250407 000000;0.00016668;0.00016947;0.00013501;0.00015501;395690749.19
20250408 000000;0.00015501;0.00016607;0.00013002;0.00014799;367333181.98
20250409 000000;0.00014799;0.00017096;0.00012006;0.00015747;464275191.62
20250410 000000;0.00015747;0.00016582;0.0001305;0.00014622;394634447.1
20250411 000000;0.00014622;0.000173;0.000138;0.00016148;383152446.95
20250412 000000;0.00016148;0.00016246;0.00015;0.00015281;357835033.66
20250413 000000;0.00015281;0.00016199;0.00014176;0.00015532;355474284.99
20250414 000000;0.00015532;0.0001792;0.00014406;0.00016784;340483384.99
20250415 000000;0.00016784;0.00017635;0.000146;0.00016862;126738426.03
20250416 000000;0.00016862;0.00017067;0.00015101;0.00015761;251860255.82
20250417 000000;0.00015761;0.00016533;0.00015761;0.0001642;321338281.61
20250418 000000;0.0001642;0.00017067;0.00015877;0.00016761;328612688.73
20250419 000000;0.00016761;0.000176;0.0001473;0.00016428;309352185.28
20250420 000000;0.00016428;0.00017336;0.00015101;0.00016321;319812144.49
20250421 000000;0.00016321;0.00019062;0.00015929;0.00017159;338392400.83
20250422 000000;0.00017159;0.00017482;0.000145;0.0001697;120177839.2
20250423 000000;0.0001697;0.0001999;0.00016321;0.00018154;1075888816.41
20250424 000000;0.00018154;0.00018236;0.00015025;0.00017822;1484134521.8
20250425 000000;0.00017822;0.0001937;0.00017056;0.00017487;1097501162.92
20250426 000000;0.00017487;0.00017527;0.00016168;0.00016866;212581085.51
20250427 000000;0.00016866;0.00017146;0.00015862;0.00016193;33945576.44
20250428 000000;0.00016193;0.00016391;0.00015249;0.0001639;47397623.77
20250429 000000;0.0001639;0.00016542;0.00015105;0.0001589;101169171.11
20250430 000000;0.0001589;0.0001616;0.0001426;0.00014524;1025948544.6
20250501 000000;0.00014524;0.000175;0.00012963;0.00013228;1291392228.84
20250502 000000;0.00013228;0.00014798;0.00012772;0.00013831;610618961.45
20250503 000000;0.00013831;0.0001384;0.00013429;0.00013429;12338794.15
20250504 000000;0.00013429;0.0001583;0.00013296;0.00014168;53959571.03
20250505 000000;0.00014168;0.00015089;0.0001385;0.00015068;24355605.57
20250506 000000;0.00015068;0.00015556;0.00012511;0.00014328;392546078.45
20250507 000000;0.00014328;0.00017636;0.00013213;0.00015224;1071223029.12
20250508 000000;0.00015224;0.00019499;0.000149;0.00018257;968371939.48
20250509 000000;0.00018257;0.00022997;0.00017953;0.00021134;660385152.42
20250510 000000;0.00021134;0.00023139;0.00021081;0.00023138;944753279.19
20250511 000000;0.00023138;0.00025497;0.00021547;0.00024029;873228083.39
20250512 000000;0.00024029;0.00025487;0.00019305;0.00020098;982447657.4
20250513 000000;0.00020098;0.00021921;0.00018572;0.00020768;1104970632.93
20250514 000000;0.00020768;0.000232;0.0001943;0.00022013;947854090.12
20250515 000000;0.00022013;0.00024497;0.00020518;0.0002384;906182424.02
20250516 000000;0.0002384;0.00027;0.00022301;0.00025716;864886947.03
20250517 000000;0.00025716;0.00025982;0.00020701;0.00021586;897698249.39
20250518 000000;0.00021586;0.000232;0.00021203;0.00022221;955572933.36
20250519 000000;0.00022221;0.00022443;0.00018988;0.00020626;778024017.55
20250520 000000;0.00020626;0.00023389;0.00020613;0.00022808;585229816.14
20250521 000000;0.00022808;0.0002439;0.00020629;0.00021085;1109132649.67
20250522 000000;0.00021085;0.000317;0.00020952;0.00025598;1133421225.46
20250523 000000;0.00025598;0.00026894;0.0002192;0.00025921;1293391177.22
20250524 000000;0.00025921;0.00026;0.00022008;0.00022066;1744684920.83
20250525 000000;0.00022066;0.00024348;0.0002;0.00021474;935691178.33
20250526 000000;0.00021474;0.00023989;0.00018504;0.00022243;1304827031.82
20250527 000000;0.00022243;0.00026098;0.00022191;0.0002488;1671387103.82
20250528 000000;0.0002488;0.000261;0.00022905;0.00024592;1488177689.7
20250529 000000;0.00024592;0.00025999;0.000211;0.00022237;1814749877.78
20250530 000000;0.00022237;0.00024216;0.00021034;0.00022332;1578382660.18
20250531 000000;0.00022332;0.00023784;0.00020002;0.0002205;1416511806.47
20250601 000000;0.0002205;0.00022929;0.0002005;0.00020916;91158843.13
20250602 000000;0.00020916;0.00021498;0.00020002;0.00021306;46869997.82
20250603 000000;0.00021306;0.000237;0.00019202;0.0002025;616434015.78
20250604 000000;0.0002025;0.00020759;0.00019851;0.00019858;703127593.03
20250605 000000;0.00019858;0.00021454;0.00019532;0.00019966;841897947.28
20250606 000000;0.00019966;0.00021241;0.00019748;0.00020569;648446577.25
20250607 000000;0.00020569;0.00021;0.00019543;0.00020188;10960016.74
20250608 000000;0.00020188;0.00020188;0.00019019;0.00019352;345726531.57
20250609 000000;0.00019352;0.00020019;0.000172;0.00018693;524187961.79
20250610 000000;0.00018693;0.00019123;0.00017254;0.00018199;463072533.41
20250611 000000;0.00018199;0.00018199;0.0001651;0.0001662;43770935.38
20250612 000000;0.0001662;0.000173;0.00015086;0.00015086;25887993.61
20250613 000000;0.00015086;0.00015632;0.00013501;0.00014725;86547746.1
20250614 000000;0.00014725;0.00015444;0.00013058;0.00014924;57427955.11
20250615 000000;0.00014924;0.00017501;0.00014924;0.000169;95007101.51
20250616 000000;0.000169;0.00018531;0.00016553;0.00017343;74142377.41
20250617 000000;0.00017343;0.0001875;0.00016803;0.00017053;321483283.39
20250618 000000;0.00017053;0.000172;0.00015506;0.00015985;297455007.77
20250619 000000;0.00015985;0.00016408;0.00015511;0.00016096;284903954.34
20250620 000000;0.00016096;0.00016412;0.00015687;0.00015896;291927399.32
20250621 000000;0.00015896;0.00016284;0.000155;0.00015504;317444570.93
20250622 000000;0.00015504;0.00015532;0.00012665;0.00014476;313368737.97
20250623 000000;0.00014476;0.00016075;0.000132;0.00014974;312221243.65
20250624 000000;0.00014974;0.00016404;0.0001426;0.0001535;312361615.29
20250625 000000;0.0001535;0.0001643;0.00014795;0.00015232;918757649.74
20250626 000000;0.00015232;0.000163;0.00014702;0.00014884;1174139337.9
20250627 000000;0.00014884;0.000172;0.000148;0.00015331;1129821450.87
20250628 000000;0.00015331;0.00016139;0.000151;0.00015604;950242655.18
20250629 000000;0.00015604;0.000161;0.00015133;0.00015695;708637348.97
20250630 000000;0.00015695;0.00017111;0.00014801;0.000159;932545985.19
20250701 000000;0.000159;0.00016708;0.0001532;0.00015628;317183630.56
20250702 000000;0.00015628;0.00015843;0.000151;0.00015617;154176802.61
20250703 000000;0.00015617;0.00015802;0.0001207;0.00012857;416192529.45
20250704 000000;0.00012857;0.00014511;0.00012071;0.00012379;1018171240.9
20250705 000000;0.00012379;0.00013191;0.000106;0.00011597;1014900603.92
20250706 000000;0.00011597;0.00012901;0.0001;0.00011814;1169772050.01
20250707 000000;0.00011814;0.00012659;0.0000811;0.0001096;1000731605.23
20250708 000000;0.0001096;0.00011796;0.00010112;0.00011039;944276155.48
20250709 000000;0.00011039;0.00012542;0.00011029;0.00012038;964175971.33
20250710 000000;0.00012038;0.000156;0.00012038;0.00014128;1285075865.47
20250711 000000;0.00014128;0.00015074;0.00013251;0.00014368;1221152820.51
20250712 000000;0.00014368;0.00014396;0.00012613;0.00013802;1245282322.5
20250713 000000;0.00013802;0.00014019;0.00013275;0.00013519;1248066793.75
20250714 000000;0.00013519;0.00013992;0.00011;0.00012696;1356714936
20250715 000000;0.00012696;0.000136;0.00012363;0.00012459;1126455653.24
20250716 000000;0.00012459;0.00013448;0.00012121;0.0001319;421815023.64
20250717 000000;0.0001319;0.00015298;0.00012964;0.00013404;524001731.51
20250718 000000;0.00013404;0.000162;0.00013396;0.00013741;1098123273.61
20250719 000000;0.00013741;0.00014597;0.00012686;0.00013726;1108457682.43
20250720 000000;0.00013726;0.00015383;0.00013347;0.00014445;865662926.33
20250721 000000;0.00014445;0.0001568;0.0001372;0.00014574;288588830.01
20250722 000000;0.00014574;0.00015098;0.00013754;0.0001413;63207625.2
20250723 000000;0.0001413;0.00015536;0.00012304;0.00013446;59078773.08
20250724 000000;0.00013446;0.00013446;0.00011819;0.000133;29452509.61
20250725 000000;0.000133;0.000152;0.00011909;0.00011909;76376729.49
20250726 000000;0.00011909;0.0001339;0.00011821;0.0001205;33540357.41
20250727 000000;0.0001205;0.00013472;0.0001205;0.00013098;17374150.45
20250728 000000;0.00013098;0.00013388;0.000111;0.00012207;824890939.07
20250729 000000;0.00012207;0.00014999;0.0001185;0.00012736;818973965.97
20250730 000000;0.00012736;0.00014496;0.000124;0.00012875;89404322.39
20250731 000000;0.00012875;0.000144;0.00012875;0.00013549;26877477.42
20250801 000000;0.00013549;0.0001355;0.000124;0.00012447;773997973.17
20250802 000000;0.00012447;0.00012899;0.00012405;0.000125;983778794.73
20250803 000000;0.000125;0.0001355;0.000125;0.00012975;32459725.88
20250804 000000;0.00012975;0.000155;0.00012801;0.0001378;190837899.06
20250805 000000;0.0001378;0.00014594;0.00013589;0.0001359;29266150.64
20250806 000000;0.0001359;0.00014988;0.0001359;0.00013993;817885912.3
20250807 000000;0.00013993;0.00014982;0.0001396;0.00014329;1612605973.58
20250808 000000;0.00014329;0.00015688;0.00014053;0.00014481;1019676581.08
20250809 000000;0.00014481;0.00016209;0.000143;0.00015103;116023021.45
20250810 000000;0.00015103;0.00016899;0.00015103;0.0001531;31643849.67
20250811 000000;0.0001531;0.0001705;0.00014603;0.00015299;102289178.02
20250812 000000;0.00015299;0.000166;0.00014629;0.00016088;415795120.52
20250813 000000;0.00016088;0.00018794;0.00015875;0.00018207;664932793.82
20250814 000000;0.00018207;0.00018207;0.000137;0.00017524;30255903.86
20250815 000000;0.00017524;0.00017524;0.0001607;0.00016971;11465551.17
20250816 000000;0.00016971;0.00017499;0.000165;0.00016701;14303253.23
20250817 000000;0.00016701;0.00017552;0.00016701;0.00017552;9184704.37
20250818 000000;0.00017552;0.00017678;0.00016706;0.00017223;881546097.05
20250819 000000;0.00017223;0.000195;0.00016944;0.00017124;830360071.3
20250820 000000;0.00017124;0.00019237;0.00016944;0.00017464;719581674.4
20250821 000000;0.00017464;0.00017623;0.000156;0.0001645;92090412.79
20250822 000000;0.0001645;0.000186;0.00015875;0.00017443;796377708.32
20250823 000000;0.00017443;0.000184;0.00016504;0.00017705;240735149.23
20250824 000000;0.00017705;0.00020999;0.00017002;0.000175;37442437.24
20250825 000000;0.000175;0.00018394;0.00016111;0.000162;416668367.91
20250826 000000;0.000162;0.000182;0.000147;0.00016706;507555036.16
20250827 000000;0.00016706;0.00018209;0.000164;0.00016873;606667267.85
20250828 000000;0.00016873;0.000182;0.00016752;0.00017401;609719077.61
20250829 000000;0.00017401;0.0001755;0.00016726;0.00016727;25335586.98
20250830 000000;0.00016727;0.0001742;0.000166;0.00016603;18336355.4
20250831 000000;0.00016603;0.0001819;0.00016575;0.00016775;12195226.87
20250901 000000;0.00016775;0.00016905;0.0001611;0.00016307;10020546.03
20250902 000000;0.00016307;0.0001732;0.0001562;0.00015629;42101373.93
20250903 000000;0.00015629;0.00016997;0.00015629;0.00016;21354751.13
20250904 000000;0.00016;0.00016499;0.00014561;0.00015081;361420157.96
20250905 000000;0.00015081;0.00015889;0.00014561;0.00014604;382741966.21
20250906 000000;0.00014604;0.00015186;0.00013612;0.00014095;409481283.58
20250907 000000;0.00014095;0.000147;0.00013596;0.00013925;211213878.25
20250908 000000;0.00013925;0.0001649;0.00012341;0.00013401;152998650.25
20250909 000000;0.00013401;0.00015;0.00012025;0.00014;98583046.04
20250910 000000;0.00014;0.00018499;0.00013451;0.000177;74990711.46
20250911 000000;0.000177;0.000177;0.00013863;0.00014558;131582414.11
20250912 000000;0.00014558;0.00015075;0.00013951;0.0001416;31411929.06
20250913 000000;0.0001416;0.0001575;0.0001416;0.0001479;23891809.51
20250914 000000;0.0001479;0.00014975;0.00013612;0.000141;21590225.01
20250915 000000;0.000141;0.00014224;0.00012525;0.00013221;138113795.85
20250916 000000;0.00013221;0.000155;0.00011721;0.00013372;458188600.78
20250917 000000;0.00013372;0.00017365;0.000133;0.000146;324387334.23
20250918 000000;0.000146;0.000159;0.00013508;0.0001415;80741933.74
20250919 000000;0.0001415;0.00014849;0.00012975;0.00013005;115477208.84
20250920 000000;0.00013005;0.00013799;0.0001158;0.000128;143682639.95
20250921 000000;0.000128;0.00013125;0.000128;0.000129;17164856.26
20250922 000000;0.000129;0.000137;0.00010846;0.00012193;505077792.05
20250923 000000;0.00012193;0.00012943;0.00010006;0.0001168;481004113.15
20250924 000000;0.0001168;0.00011749;0.00008638;0.0001065;640777086.5
20250925 000000;0.0001065;0.00011196;0.00008501;0.00009422;372234403.48
20250926 000000;0.00009422;0.00010242;0.00008999;0.00009708;173170095.57
20250927 000000;0.00009708;0.00011678;0.00008951;0.00010002;133466078.04
20250928 000000;0.00010002;0.00011678;0.0001;0.00010799;42563415.45
20250929 000000;0.00010799;0.000119;0.00009;0.00011434;442589660.61
20250930 000000;0.00011434;0.00011724;0.00010899;0.00010995;457686573.43
20251001 000000;0.00010995;0.00012668;0.00010725;0.00011301;196643271.83
20251002 000000;0.00011301;0.00012669;0.00011034;0.00011331;313899379.43
20251003 000000;0.00011331;0.00015675;0.00011331;0.00013522;193250680.89
20251004 000000;0.00013522;0.00014141;0.000131;0.00013251;14067753.22
20251005 000000;0.00013251;0.00013551;0.00012801;0.00012956;40817570.46
20251006 000000;0.00012956;0.0001512;0.00012826;0.00013418;40969073.28
20251007 000000;0.00013418;0.000147;0.00012596;0.0001284;168908870
20251008 000000;0.0001284;0.000135;0.0001175;0.00012001;167245098.75
20251009 000000;0.00012001;0.000125;0.00011431;0.00011593;339272160.84
20251010 000000;0.00011593;0.00011889;0.00004616;0.00009404;796520718.63
20251011 000000;0.00009404;0.0001235;0.00009389;0.00010902;719361994.77
20251012 000000;0.00010902;0.000125;0.00009813;0.00010759;666623504.32
20251013 000000;0.00010759;0.00011989;0.0001071;0.000111;657383231.14
20251014 000000;0.000111;0.00011688;0.000092;0.00010221;592634361.13
20251015 000000;0.00010221;0.00010598;0.00009625;0.00010029;373465328.25
20251016 000000;0.00010029;0.00010519;0.0000951;0.00009602;736866525.85
20251017 000000;0.00009602;0.00014107;0.000083;0.00009702;797560651.55
20251018 000000;0.00009702;0.00010499;0.00009226;0.00010147;823482643.58
20251019 000000;0.00010147;0.0001119;0.00009502;0.0000994;580318565.8
20251020 000000;0.0000994;0.0001099;0.00009301;0.00009752;431780665.56
20251021 000000;0.00009752;0.000098;0.000072;0.000091;199798433.83
20251022 000000;0.000091;0.000093;0.00008301;0.00008725;148248430.87
20251023 000000;0.00008725;0.00009599;0.000081;0.000093;903111566.2
20251024 000000;0.000093;0.00009458;0.00008793;0.0000911;311516533.16
20251025 000000;0.0000911;0.0001055;0.0000903;0.000095;773025914.12
20251026 000000;0.000095;0.0001039;0.00009175;0.000096;141361892.72
20251027 000000;0.000096;0.00010559;0.00009001;0.00009801;387840244.72
20251028 000000;0.00009801;0.00010019;0.00009;0.00009265;442940400.05
20251029 000000;0.00009265;0.0000937;0.000078;0.000088;221548552.78
20251030 000000;0.000088;0.0000883;0.00007975;0.00008196;288541434.97
20251031 000000;0.00008196;0.00009336;0.00007501;0.000084;1148466335.21
20251101 000000;0.000084;0.00008967;0.000081;0.00008299;3775933551.01
20251102 000000;0.00008299;0.00008327;0.00008031;0.000082;110751286.65
20251103 000000;0.000082;0.000093;0.00007466;0.000084;738427437.95
20251104 000000;0.000084;0.000086;0.000061;0.00007;859569391.14
20251105 000000;0.00007;0.000078;0.00006454;0.000072;760642455.04
20251106 000000;0.000072;0.0000763;0.00006502;0.000069;1106750204.88
20251107 000000;0.000069;0.0000783;0.00006305;0.00007285;369760007.6
20251108 000000;0.00007285;0.000079;0.0000683;0.000074;1393643816.29
20251109 000000;0.000074;0.0000805;0.00007259;0.00007866;1149256765.81
20251110 000000;0.00007866;0.000082;0.00007025;0.000071;1283318842.11
20251111 000000;0.000071;0.00007348;0.00006875;0.00006999;506518594.45
20251112 000000;0.00006999;0.00007;0.00006675;0.00006799;336928197.18
20251113 000000;0.00006799;0.00006918;0.00005921;0.000061;843447894.61
20251114 000000;0.000061;0.000069;0.000061;0.000064;305402268.88
20251115 000000;0.000064;0.00007;0.000061;0.000069;283612476.99
20251116 000000;0.000069;0.00007192;0.00004111;0.000062;335754897.28
20251117 000000;0.000062;0.00006585;0.000056;0.000059;617273172.5
20251118 000000;0.000059;0.00006305;0.000057;0.000061;427733670.21
20251119 000000;0.000061;0.000061;0.000055;0.000057;177621527.83
20251120 000000;0.000057;0.000063;0.00005475;0.0000561;489162741.55
20251121 000000;0.0000561;0.00005724;0.00004985;0.000053;564284434.85
20251122 000000;0.000053;0.00005575;0.000052;0.000053;656131387.22
20251123 000000;0.000053;0.00006025;0.00005201;0.00006002;410289317.39
20251124 000000;0.00006002;0.00006623;0.0000587;0.000064;160889361.35
20251125 000000;0.000064;0.00006569;0.00005501;0.000063;570608355.82
20251126 000000;0.000063;0.0000657;0.000061;0.000065;387419572.04
20251127 000000;0.000065;0.00007498;0.00006325;0.000065;632095805.96
20251128 000000;0.000065;0.0000665;0.0000615;0.000063;292819056.2
20251129 000000;0.000063;0.00006548;0.00006068;0.000062;362684935.38
20251130 000000;0.000062;0.0000632;0.00006066;0.000061;216616644.38
20251201 000000;0.000061;0.00006327;0.0000565;0.00006;384745952.21
20251202 000000;0.00006;0.000068;0.0000593;0.000065;119703572.39
20251203 000000;0.000065;0.00006802;0.00006048;0.000068;236784772.81
20251204 000000;0.000068;0.00007075;0.0000654;0.000067;344671442.07
20251205 000000;0.000067;0.00007413;0.00006125;0.000064;260089924.79
20251206 000000;0.000064;0.00006574;0.00006182;0.00006182;435722693.48
20251207 000000;0.00006182;0.00006687;0.000061;0.000062;606208035.6
20251208 000000;0.000062;0.00006384;0.00006125;0.000063;379939053.91
20251209 000000;0.000063;0.0000635;0.00006002;0.000062;307008408.01
20251210 000000;0.000062;0.00006317;0.00005929;0.0000605;181341439.06
20251211 000000;0.0000605;0.00006216;0.00005791;0.00005855;389772943.94
20251212 000000;0.00005855;0.00006241;0.00004501;0.000056;362454133.62
20251213 000000;0.000056;0.00005657;0.0000523;0.00005243;437819699.13
20251214 000000;0.00005243;0.00005546;0.0000508;0.00005135;580361744
20251215 000000;0.00005135;0.000054;0.00004001;0.00004543;383100736.55
20251216 000000;0.00004543;0.0000464;0.00004326;0.000045;152035064.09
20251217 000000;0.000045;0.0000464;0.00004303;0.00004303;1024230288.94
20251218 000000;0.00004303;0.00004549;0.00004101;0.00004205;265427561.45
20251219 000000;0.00004205;0.00004599;0.00004044;0.000044;1109221163.72
20251220 000000;0.000044;0.0000473;0.00004383;0.000045;395624086.75
20251221 000000;0.000045;0.0000473;0.00004001;0.00004001;493160021.45
20251222 000000;0.00004001;0.00004287;0.00003812;0.000042;768587765.18
20251223 000000;0.000042;0.000042;0.00003546;0.000039;581514090.21
20251224 000000;0.000039;0.00004042;0.00003737;0.000039;453116247.39
20251225 000000;0.000039;0.0000405;0.0000378;0.00003887;628784917.04
20251226 000000;0.00003887;0.0000403;0.00003737;0.000039;211924283.23
20251227 000000;0.000039;0.00003952;0.00003751;0.00003751;202365593.65
20251228 000000;0.00003751;0.00004041;0.00003751;0.000039;477196743.97
20251229 000000;0.000039;0.0000404;0.0000381;0.0000389;644787305.51
20251230 000000;0.0000389;0.00004497;0.00003805;0.00004221;1126377239.73
20251231 000000;0.00004221;0.00004371;0.00004181;0.00004218;546473971.37
