20240101 000000;0.0011077;0.001289;0.001085;0.00123463;523356736.73
20240102 000000;0.00123463;0.0014;0.00114454;0.00129815;467179250.74
20240103 000000;0.00129815;0.00137403;0.0011;0.00119564;412136356.98
20240104 000000;0.00119564;0.001339;0.00115557;0.00125851;432405609.86
20240105 000000;0.00125851;0.001329;0.00107003;0.00112856;503091398.97
20240106 000000;0.00112856;0.00115569;0.00105666;0.00109543;455852167.12
20240107 000000;0.00109543;0.00114999;0.00107403;0.00107469;639962522.38
20240108 000000;0.00107469;0.001132;0.00100887;0.00113016;356245081.04
20240109 000000;0.00113016;0.00119167;0.00106144;0.00115389;160149300.16
20240110 000000;0.00115389;0.00127791;0.00112905;0.00125606;149776090.36
20240111 000000;0.00125606;0.00142367;0.00121398;0.00134545;185022222.18
20240112 000000;0.00134545;0.00139535;0.001202;0.00127409;171031031.87
20240113 000000;0.00127409;0.00133784;0.00126248;0.0013181;114561822.76
20240114 000000;0.0013181;0.0014137;0.00120222;0.00120809;138035114.5
20240115 000000;0.00120809;0.00131935;0.0011736;0.00121888;120178385.45
20240116 000000;0.00121888;0.0012725;0.00118;0.00121074;120694306.6
20240117 000000;0.00121074;0.001246;0.00111655;0.00116487;127724855.34
20240118 000000;0.00116487;0.00117625;0.00107022;0.00115114;144670481.92
20240119 000000;0.00115114;0.00116099;0.00093228;0.00109746;147053613.86
20240120 000000;0.00109746;0.0012;0.00103305;0.00105028;99899667.01
20240121 000000;0.00105028;0.00118;0.00101039;0.00105234;97796542.64
20240122 000000;0.00105234;0.00105375;0.0009;0.00093695;213477513.96
20240123 000000;0.00093695;0.001009;0.00088122;0.00096983;255138051.06
20240124 000000;0.00096983;0.00107899;0.00093976;0.00097657;226171130.12
20240125 000000;0.00097657;0.00107067;0.000941;0.00102873;246137425.38
20240126 000000;0.00102873;0.001135;0.00102857;0.0010981;226742044.15
20240127 000000;0.0010981;0.0011;0.001038;0.00107378;170762748.29
20240128 000000;0.00107378;0.00114798;0.00105292;0.00106151;213523554.71
20240129 000000;0.00106151;0.00109495;0.001;0.00106247;246852279.89
20240130 000000;0.00106247;0.00114;0.00100005;0.00113876;246270697.07
20240131 000000;0.00113876;0.00113876;0.0010022;0.00103545;173980627.7
20240201 000000;0.00103545;0.00106777;0.00095001;0.00097347;264386187.91
20240202 000000;0.00097347;0.00107739;0.0009181;0.00101564;344286417.76
20240203 000000;0.00101564;0.00108476;0.0009903;0.00100633;319698564.06
20240204 000000;0.00100633;0.001095;0.0009;0.00103789;391607099.08
20240205 000000;0.00103789;0.00106497;0.000883;0.0009932;359225474.56
20240206 000000;0.0009932;0.001028;0.00095698;0.00101032;295783561.26
20240207 000000;0.00101032;0.00105477;0.00097503;0.00103765;236146273.29
20240208 000000;0.00103765;0.00115;0.00102653;0.00107994;241892447.13
20240209 000000;0.00107994;0.00118996;0.00103841;0.00115988;219463138.12
20240210 000000;0.00115988;0.001195;0.00110812;0.00116668;181874550
20240211 000000;0.00116668;0.00122967;0.001113;0.00120377;196514979.85
20240212 000000;0.00120377;0.00129963;0.0011261;0.00128489;268605185.31
20240213 000000;0.00128489;0.00134;0.00123107;0.001295;228423755.7
20240214 000000;0.001295;0.00141;0.0012506;0.00137417;200059561.87
20240215 000000;0.00137417;0.00149;0.001351;0.00140172;142447206.5
20240216 000000;0.00140172;0.001479;0.00125499;0.00128616;126579984.7
20240217 000000;0.00128616;0.00136499;0.00115686;0.0012059;126826712.92
20240218 000000;0.0012059;0.00134;0.00115666;0.00120161;186728649.24
20240219 000000;0.00120161;0.00146;0.0011804;0.00131785;129635267.11
20240220 000000;0.00131785;0.00145;0.00130702;0.00143218;207060524.07
20240221 000000;0.00143218;0.00160782;0.001375;0.00150419;286839500.84
20240222 000000;0.00150419;0.00160717;0.00145;0.00146623;121254178.09
20240223 000000;0.00146623;0.00154894;0.00135604;0.00138618;374071099.82
20240224 000000;0.00138618;0.00144;0.00138357;0.00143619;376896519.47
20240225 000000;0.00143619;0.00143999;0.001334;0.00136156;98498063.27
20240226 000000;0.00136156;0.00147998;0.00136147;0.00147333;1326107745.02
20240227 000000;0.00147333;0.00168358;0.00143063;0.00164031;153611249.63
20240228 000000;0.00164031;0.001695;0.00153503;0.00161238;1469632731.43
20240229 000000;0.00161238;0.00167885;0.00155558;0.00160537;1516189874.58
20240301 000000;0.00160537;0.00176057;0.00157608;0.00169961;807028013.45
20240302 000000;0.00169961;0.002;0.00165;0.00198871;830546509.13
20240303 000000;0.00198871;0.00215546;0.00182501;0.00197944;853988626.83
20240304 000000;0.00197944;0.00209997;0.00185;0.00187489;793439925.13
20240305 000000;0.00187489;0.00194997;0.00163151;0.00174041;588380434.6
20240306 000000;0.00174041;0.00219361;0.00161;0.00203375;504261098.09
20240307 000000;0.00203375;0.00246286;0.00200401;0.00243513;1049430796.24
20240308 000000;0.00243513;0.00253999;0.00220092;0.0022744;655835923.92
20240309 000000;0.0022744;0.00239313;0.0021;0.00224813;697512858.14
20240310 000000;0.00224813;0.00253;0.00212015;0.00240824;621484524.99
20240311 000000;0.00240824;0.00276799;0.00222558;0.00267423;478114629.37
20240312 000000;0.00267423;0.00286832;0.00233389;0.00252566;629813350.05
20240313 000000;0.00252566;0.0028203;0.00243613;0.00275953;493520288.1
20240314 000000;0.00275953;0.00284497;0.00231643;0.00244561;590888028.58
20240315 000000;0.00244561;0.00308947;0.00218485;0.00305;171917710.16
20240316 000000;0.00305;0.0031;0.00238007;0.00245886;150135144.14
20240317 000000;0.00245886;0.002745;0.00216868;0.00241907;151921135.17
20240318 000000;0.00241907;0.0027;0.00224252;0.00234227;113706966.59
20240319 000000;0.00234227;0.00257456;0.002;0.00217114;166679666.82
20240320 000000;0.00217114;0.00262625;0.002153;0.00254315;94899877.05
20240321 000000;0.00254315;0.00262999;0.00231;0.00236049;82720581.08
20240322 000000;0.00236049;0.0026;0.0023;0.00231872;64225759.69
20240323 000000;0.00231872;0.002545;0.00230519;0.00244909;55883272.64
20240324 000000;0.00244909;0.00249997;0.002269;0.00233629;50799486.97
20240325 000000;0.00233629;0.0025499;0.00225216;0.00242832;95782876.53
20240326 000000;0.00242832;0.0027;0.00235771;0.00240985;87662463.29
20240327 000000;0.00240985;0.00244699;0.00221887;0.00228478;74311479.15
20240328 000000;0.00228478;0.00234498;0.00207373;0.00208509;70430647.08
20240329 000000;0.00208509;0.00226148;0.002;0.00203132;206548182.76
20240330 000000;0.00203132;0.00205707;0.0019;0.00190133;92377967.57
20240331 000000;0.00190133;0.001998;0.0018026;0.001876;88145692.11
20240401 000000;0.001876;0.00196098;0.00166082;0.00181617;127966437.92
20240402 000000;0.00181617;0.00183574;0.00165016;0.00171501;86039380.16
20240403 000000;0.00171501;0.00190654;0.00165;0.0017983;126001594.58
20240404 000000;0.0017983;0.0019;0.00178022;0.00182368;93511214.63
20240405 000000;0.00182368;0.00184789;0.00170202;0.00173599;91793498.26
20240406 000000;0.00173599;0.00185692;0.00166009;0.00174448;86740556.54
20240407 000000;0.00174448;0.00204233;0.001499;0.00183027;83728015.21
20240408 000000;0.00183027;0.00225755;0.0018;0.00207012;187549245.88
20240409 000000;0.00207012;0.00222823;0.0019;0.00191204;103110976.55
20240410 000000;0.00191204;0.0019195;0.00172673;0.00179656;99882237.66
20240411 000000;0.00179656;0.00204799;0.00162222;0.00169231;111179739.24
20240412 000000;0.00169231;0.00176423;0.00151558;0.00157894;96632068.1
20240413 000000;0.00157894;0.00167997;0.00129;0.00139839;152448819.47
20240414 000000;0.00139839;0.00156496;0.00135588;0.00149761;104967233.45
20240415 000000;0.00149761;0.00166679;0.00138003;0.00138603;92800408.19
20240416 000000;0.00138603;0.00145699;0.00132522;0.00144886;79905490.81
20240417 000000;0.00144886;0.00145;0.00126;0.0013485;113840433.23
20240418 000000;0.0013485;0.00141898;0.00131012;0.00139862;94795318.66
20240419 000000;0.00139862;0.0014875;0.00131643;0.00144326;96901536.5
20240420 000000;0.00144326;0.00151;0.0013685;0.00144146;91127774.25
20240421 000000;0.00144146;0.00158;0.00144062;0.00152019;115848234.74
20240422 000000;0.00152019;0.00165;0.0015001;0.00158562;82745999.09
20240423 000000;0.00158562;0.00165274;0.00144971;0.00156775;88726982.22
20240424 000000;0.00156775;0.00174;0.00148906;0.00156612;86678181.3
20240425 000000;0.00156612;0.0016342;0.00149893;0.00157349;66795121.31
20240426 000000;0.00157349;0.00175;0.00138004;0.0014436;102805447.54
20240427 000000;0.0014436;0.0015;0.00139202;0.0014463;74790848.25
20240428 000000;0.0014463;0.00154544;0.00143606;0.00145043;61591271.26
20240429 000000;0.00145043;0.00146198;0.0013625;0.00140008;77201834.12
20240430 000000;0.00140008;0.001425;0.00118083;0.00126598;93779847.79
20240501 000000;0.00126598;0.00131432;0.00106898;0.00121154;133197845.59
20240502 000000;0.00121154;0.001289;0.00118318;0.00122879;107620615.73
20240503 000000;0.00122879;0.0014;0.00119326;0.00130119;97582657.43
20240504 000000;0.00130119;0.00140618;0.00125892;0.00131102;74183082.55
20240505 000000;0.00131102;0.00139;0.00126927;0.00132173;70919960.15
20240506 000000;0.00132173;0.00149;0.00126954;0.00127312;77926791.75
20240507 000000;0.00127312;0.00134899;0.00125001;0.00125042;76180065.47
20240508 000000;0.00125042;0.00130809;0.00120004;0.00123032;87045927.08
20240509 000000;0.00123032;0.00124999;0.00117;0.00120993;91215074.05
20240510 000000;0.00120993;0.0013197;0.00120985;0.0012306;131723851.96
20240511 000000;0.0012306;0.00124238;0.00118002;0.00121664;86431839.47
20240512 000000;0.00121664;0.00123799;0.00118881;0.00119194;98084370.33
20240513 000000;0.00119194;0.00129;0.00117;0.00119534;81366798.54
20240514 000000;0.00119534;0.00121884;0.0010712;0.00112141;101238019.68
20240515 000000;0.00112141;0.0011741;0.001076;0.00115017;101572127.26
20240516 000000;0.00115017;0.00121;0.00110981;0.00112989;109213092.16
20240517 000000;0.00112989;0.00121996;0.00111636;0.00121114;82351802.22
20240518 000000;0.00121114;0.00134351;0.0012065;0.00128925;78001888.38
20240519 000000;0.00128925;0.00134;0.00124019;0.00129287;82406710.87
20240520 000000;0.00129287;0.00147;0.00124812;0.0014612;124622538.77
20240521 000000;0.0014612;0.00148812;0.00139204;0.0014286;84635217.61
20240522 000000;0.0014286;0.00145;0.00139003;0.00142964;75194069.64
20240523 000000;0.00142964;0.00143499;0.00130019;0.00135502;106988363.24
20240524 000000;0.00135502;0.00138525;0.00117003;0.00120744;122719595.92
20240525 000000;0.00120744;0.001254;0.00119102;0.0012032;74866408.48
20240526 000000;0.0012032;0.00121467;0.00107174;0.00112849;142963812.03
20240527 000000;0.00112849;0.00114949;0.00107788;0.00110794;118827306.73
20240528 000000;0.00110794;0.00114945;0.00104;0.00104036;124714715.6
20240529 000000;0.00104036;0.00119999;0.00102555;0.00109993;75661065.38
20240530 000000;0.00109993;0.00113897;0.00104118;0.00108347;90356947.76
20240531 000000;0.00108347;0.00109;0.00103501;0.00106046;105210869.55
20240601 000000;0.00106046;0.00109994;0.001035;0.00109133;78880526.17
20240602 000000;0.00109133;0.0011297;0.00108232;0.00111106;124076194.4
20240603 000000;0.00111106;0.001238;0.0010891;0.00112817;140924812.63
20240604 000000;0.00112817;0.00125;0.00112817;0.00120895;235886072.64
20240605 000000;0.00120895;0.00125;0.00106365;0.00115894;215646253.56
20240606 000000;0.00115894;0.00127473;0.00105502;0.00119907;225091407.65
20240607 000000;0.00119907;0.00124997;0.00108101;0.00114424;221686610.69
20240608 000000;0.00114424;0.00118993;0.00107502;0.00108515;114590608.88
20240609 000000;0.00108515;0.00111108;0.00105;0.00107332;102467022.3
20240610 000000;0.00107332;0.00111111;0.000975;0.00099767;194221936.13
20240611 000000;0.00099767;0.001048;0.00094001;0.0009498;223278804.93
20240612 000000;0.0009498;0.00102497;0.00092568;0.00100069;219587242.47
20240613 000000;0.00100069;0.0011;0.00094001;0.00097075;286093904.5
20240614 000000;0.00097075;0.00097075;0.00082001;0.00087075;273626118.99
20240615 000000;0.00087075;0.00092019;0.00083;0.00090481;306803728.69
20240616 000000;0.00090481;0.00090997;0.00085257;0.00088067;251412220.63
20240617 000000;0.00088067;0.00092027;0.00083992;0.00085002;412404472.67
20240618 000000;0.00085002;0.00086188;0.00075002;0.00081235;310365185.95
20240619 000000;0.00081235;0.00087056;0.00079998;0.0008293;210176057.89
20240620 000000;0.0008293;0.00085056;0.00079003;0.00080234;270155086.25
20240621 000000;0.00080234;0.00080462;0.0007504;0.00077429;300191937.55
20240622 000000;0.00077429;0.00087813;0.00075;0.00083968;284001405.81
20240623 000000;0.00083968;0.00092499;0.00081168;0.0008406;182757161.73
20240624 000000;0.0008406;0.000868;0.00077501;0.00081055;124308120.76
20240625 000000;0.00081055;0.00084035;0.00077527;0.00081614;170866699.27
20240626 000000;0.00081614;0.00083495;0.0007578;0.0007896;131563155.12
20240627 000000;0.0007896;0.00080964;0.00069568;0.00078379;293242329.48
20240628 000000;0.00078379;0.00078615;0.00075353;0.00075733;303546878.28
20240629 000000;0.00075733;0.00077275;0.000725;0.00072953;215036025.84
20240630 000000;0.00072953;0.00079296;0.000712;0.00076747;232340877.69
20240701 000000;0.00076747;0.000793;0.000735;0.00073672;196662286.6
20240702 000000;0.00073672;0.0007603;0.0007279;0.00074126;229390521.35
20240703 000000;0.00074126;0.00074126;0.00063585;0.00064976;295946805.9
20240704 000000;0.00064976;0.00067;0.00056212;0.00060595;380105592.67
20240705 000000;0.00060595;0.000619;0.00051001;0.00056647;281657642.82
20240706 000000;0.00056647;0.00063477;0.000558;0.00060002;252354648.39
20240707 000000;0.00060002;0.00061731;0.00055003;0.00056038;269485880.91
20240708 000000;0.00056038;0.00061468;0.00053401;0.00055722;272114101.52
20240709 000000;0.00055722;0.0006;0.00054204;0.00056213;312953446.63
20240710 000000;0.00056213;0.00058999;0.0005424;0.0005691;326009830.01
20240711 000000;0.0005691;0.00061999;0.0005436;0.00054884;317638211.63
20240712 000000;0.00054884;0.00056199;0.00053105;0.00054068;296378369.27
20240713 000000;0.00054068;0.00055879;0.00053105;0.00054713;280957829.06
20240714 000000;0.00054713;0.00055427;0.00052608;0.00054825;315538568.52
20240715 000000;0.00054825;0.00060083;0.00053649;0.00058448;283185343.4
20240716 000000;0.00058448;0.00065;0.00056597;0.00062269;257520849.09
20240717 000000;0.00062269;0.00067893;0.00062009;0.00064736;228665997.22
20240718 000000;0.00064736;0.00065;0.00061249;0.00062345;224322548.96
20240719 000000;0.00062345;0.0007;0.00061102;0.00068956;231479982.37
20240720 000000;0.00068956;0.00069999;0.00063748;0.00065254;155733852.57
20240721 000000;0.00065254;0.00068808;0.00064078;0.00065683;231064380.46
20240722 000000;0.00065683;0.00069038;0.00062;0.00062671;203802335.9
20240723 000000;0.00062671;0.000675;0.00061515;0.00062949;194924575.19
20240724 000000;0.00062949;0.00064;0.00059334;0.00060508;175739947.21
20240725 000000;0.00060508;0.00062128;0.00057;0.00060982;187657945.87
20240726 000000;0.00060982;0.00062897;0.000585;0.00060834;195229677.49
20240727 000000;0.00060834;0.00061094;0.00057759;0.00060456;239394902.76
20240728 000000;0.00060456;0.00060461;0.00056051;0.0005776;206871972.64
20240729 000000;0.0005776;0.00062137;0.00056223;0.00056981;281732425.31
20240730 000000;0.00056981;0.0006;0.00054629;0.00058144;231690301.69
20240731 000000;0.00058144;0.00059334;0.000557;0.00056111;239981111.77
20240801 000000;0.00056111;0.00057646;0.00053602;0.00055595;285902300.12
20240802 000000;0.00055595;0.00056571;0.00052603;0.00052721;307640358.22
20240803 000000;0.00052721;0.00054035;0.000485;0.00049988;298244522.79
20240804 000000;0.00049988;0.000535;0.00043303;0.00045407;341739149.99
20240805 000000;0.00045407;0.00045473;0.00037368;0.0004165;378880225.75
20240806 000000;0.0004165;0.0004635;0.00040794;0.00043314;279368439.92
20240807 000000;0.00043314;0.00047;0.00042;0.00042934;394676291.37
20240808 000000;0.00042934;0.00046518;0.00041699;0.00046441;271502178.82
20240809 000000;0.00046441;0.00046609;0.00042001;0.000444;371856496.73
20240810 000000;0.000444;0.0004628;0.00042502;0.00045515;307818778.12
20240811 000000;0.00045515;0.00046503;0.00041792;0.00043816;381007515.3
20240812 000000;0.00043816;0.00048605;0.00041955;0.00043444;318800449.83
20240813 000000;0.00043444;0.00044798;0.00042461;0.00043623;168862542.53
20240814 000000;0.00043623;0.00044978;0.0004;0.00043671;425924462.48
20240815 000000;0.00043671;0.00044697;0.00041105;0.00041894;363934803.93
20240816 000000;0.00041894;0.00044099;0.00041191;0.00042582;323555486.45
20240817 000000;0.00042582;0.00044;0.00041791;0.00043735;249246595.63
20240818 000000;0.00043735;0.00046;0.00043179;0.00044258;213846619.79
20240819 000000;0.00044258;0.00044258;0.000415;0.00043223;343794508.26
20240820 000000;0.00043223;0.00049649;0.00043005;0.00047892;266982366.78
20240821 000000;0.00047892;0.00054;0.00045201;0.00047733;217174651.38
20240822 000000;0.00047733;0.00050763;0.00046418;0.0004853;180663902.37
20240823 000000;0.0004853;0.00051378;0.00047957;0.00051331;192259081.89
20240824 000000;0.00051331;0.0005196;0.00046;0.00049172;173244315.81
20240825 000000;0.00049172;0.00050575;0.00048279;0.00049275;212912312.5
20240826 000000;0.00049275;0.00049898;0.00046011;0.00047487;194982633.42
20240827 000000;0.00047487;0.00047627;0.00044038;0.00045012;211368107.89
20240828 000000;0.00045012;0.00045014;0.000425;0.00043685;192537856.26
20240829 000000;0.00043685;0.00045731;0.00040501;0.00042054;238567588.01
20240830 000000;0.00042054;0.0004231;0.00039058;0.0003988;236290365.98
20240831 000000;0.0003988;0.00040148;0.00034387;0.00036474;317374512.91
20240901 000000;0.00036474;0.00038;0.00034404;0.00035657;245426693.7
20240902 000000;0.00035657;0.00037597;0.00034404;0.00035614;221547759.73
20240903 000000;0.00035614;0.00035935;0.00034391;0.00034395;259046489.63
20240904 000000;0.00034395;0.0003712;0.00034;0.00035491;266650326.87
20240905 000000;0.00035491;0.00036443;0.00034;0.00034352;277728353
20240906 000000;0.00034352;0.00036474;0.00031435;0.00031772;233199870.3
20240907 000000;0.00031772;0.00033802;0.00030578;0.00031744;330835609.05
20240908 000000;0.00031744;0.0003355;0.00030702;0.00032675;297651725.23
20240909 000000;0.00032675;0.00039844;0.00032182;0.00039707;258996898.79
20240910 000000;0.00039707;0.00043;0.000375;0.00041015;235458726.14
20240911 000000;0.00041015;0.00043914;0.00040643;0.00042641;185212965.35
20240912 000000;0.00042641;0.00045;0.0004101;0.00042002;204716248.1
20240913 000000;0.00042002;0.0004546;0.00041947;0.00045294;252878165.35
20240914 000000;0.00045294;0.00051425;0.00044218;0.00049166;236219180.31
20240915 000000;0.00049166;0.00053042;0.00049155;0.0005015;243274926.11
20240916 000000;0.0005015;0.00051023;0.000484;0.00048742;216461477.84
20240917 000000;0.00048742;0.00052899;0.00047711;0.00049776;179702903.64
20240918 000000;0.00049776;0.00052;0.00047564;0.00051048;170534269.04
20240919 000000;0.00051048;0.00053496;0.000494;0.00049836;241471859.52
20240920 000000;0.00049836;0.00052449;0.00045001;0.00048665;173939282.48
20240921 000000;0.00048665;0.00054;0.00046;0.00049028;139628441.52
20240922 000000;0.00049028;0.00051496;0.00047516;0.00049539;120857596.15
20240923 000000;0.00049539;0.00056344;0.00047784;0.00051227;181887096.73
20240924 000000;0.00051227;0.00054516;0.000495;0.0005162;162716497.87
20240925 000000;0.0005162;0.00061673;0.0004911;0.00051531;209380638.62
20240926 000000;0.00051531;0.00053445;0.00046101;0.00049739;174984067.51
20240927 000000;0.00049739;0.00057597;0.00048076;0.00056416;243209370.72
20240928 000000;0.00056416;0.000595;0.00051001;0.00055987;104352904.59
20240929 000000;0.00055987;0.000577;0.0005272;0.00053582;103550149.08
20240930 000000;0.00053582;0.00055024;0.00048656;0.00050132;125022273.44
20241001 000000;0.00050132;0.00053784;0.00045581;0.00047786;142614416.3
20241002 000000;0.00047786;0.00049497;0.00044406;0.00044834;166457451.72
20241003 000000;0.00044834;0.00050952;0.0004302;0.00044874;166083521.71
20241004 000000;0.00044874;0.00047315;0.00042111;0.00045222;169333369.59
20241005 000000;0.00045222;0.00048728;0.00045001;0.0004568;163990728.06
20241006 000000;0.0004568;0.00045957;0.00041001;0.00041751;135539855.13
20241007 000000;0.00041751;0.000445;0.00040566;0.00041591;269845517.79
20241008 000000;0.00041591;0.00042435;0.00040809;0.00041036;220946010.46
20241009 000000;0.00041036;0.0004164;0.000386;0.00040354;237416473.34
20241010 000000;0.00040354;0.00041463;0.00037841;0.00038001;166063814.64
20241011 000000;0.00038001;0.00047001;0.00038001;0.00042841;82144908.2
20241012 000000;0.00042841;0.00044028;0.000425;0.00043895;15819432.54
20241013 000000;0.00043895;0.00045411;0.00040802;0.00041307;19247395.89
20241014 000000;0.00041307;0.000494;0.00041307;0.0004763;42973571.93
20241015 000000;0.0004763;0.00051297;0.0004545;0.00046103;28253405.62
20241016 000000;0.00046103;0.00050999;0.00044406;0.00047906;115898609.53
20241017 000000;0.00047906;0.00051811;0.00043;0.0004653;290045438.34
20241018 000000;0.0004653;0.000486;0.00043524;0.00046878;113000623.39
20241019 000000;0.00046878;0.000485;0.00046877;0.00047104;185721302.2
20241020 000000;0.00047104;0.000485;0.00044501;0.00046181;188294902.79
20241021 000000;0.00046181;0.00048097;0.00044852;0.00047078;274017462.76
20241022 000000;0.00047078;0.0004721;0.00042818;0.00043426;261981842.57
20241023 000000;0.00043426;0.00044366;0.0004;0.00041874;267372389.83
20241024 000000;0.00041874;0.00043929;0.00040313;0.00043928;255281688.98
20241025 000000;0.00043928;0.00044008;0.00037;0.00039421;96723631.29
20241026 000000;0.00039421;0.00043265;0.000371;0.00039372;131943401.1
20241027 000000;0.00039372;0.00041479;0.000386;0.00038741;79103172.23
20241028 000000;0.00038741;0.00040999;0.00038238;0.00040138;190173481.93
20241029 000000;0.00040138;0.00043992;0.00038249;0.00041413;284730886.48
20241030 000000;0.00041413;0.00043997;0.00040603;0.00042196;289347319.71
20241031 000000;0.00042196;0.00048499;0.00040985;0.00047946;183443486.74
20241101 000000;0.00047946;0.00052;0.00046001;0.00049019;270799834.25
20241102 000000;0.00049019;0.00050728;0.00046635;0.0004845;269901725.9
20241103 000000;0.0004845;0.0004879;0.00044254;0.00046996;307167701.12
20241104 000000;0.00046996;0.00046997;0.00041003;0.0004439;277368109.74
20241105 000000;0.0004439;0.00048998;0.0004092;0.00046146;312910207.67
20241106 000000;0.00046146;0.00054;0.00041;0.00053594;353048775.12
20241107 000000;0.00053594;0.000604;0.000499;0.00053232;352617947.08
20241108 000000;0.00053232;0.00059;0.00052008;0.0005643;279125848.98
20241109 000000;0.0005643;0.00068;0.00055901;0.00061707;330817924.42
20241110 000000;0.00061707;0.00073095;0.0006005;0.00066597;284886586.94
20241111 000000;0.00066597;0.00094999;0.00066478;0.00082794;387358285.55
20241112 000000;0.00082794;0.00084988;0.00069001;0.00074171;303776188.6
20241113 000000;0.00074171;0.000788;0.00066103;0.00070221;292579224.14
20241114 000000;0.00070221;0.00075;0.00064002;0.00064231;325330750.58
20241115 000000;0.00064231;0.00076607;0.00062206;0.00064845;274692714.66
20241116 000000;0.00064845;0.00067999;0.00060116;0.00061578;264476570.69
20241117 000000;0.00061578;0.0007;0.00058;0.00059766;281349206.07
20241118 000000;0.00059766;0.00074999;0.00058604;0.00059083;246341694.36
20241119 000000;0.00059083;0.00061987;0.00051155;0.00055549;311009510.12
20241120 000000;0.00055549;0.0005849;0.00048;0.00053123;303966671.78
20241121 000000;0.00053123;0.00066;0.00049099;0.00061541;238692815.51
20241122 000000;0.00061541;0.000642;0.00052424;0.00054;245391933.06
20241123 000000;0.00054;0.00063999;0.000515;0.000573;316319637.28
20241124 000000;0.000573;0.00063499;0.00057201;0.0006153;150516219.36
20241125 000000;0.0006153;0.000653;0.00058883;0.00061985;178324488.48
20241126 000000;0.00061985;0.00063;0.00056802;0.00060194;90402774.85
20241127 000000;0.00060194;0.00063901;0.00057601;0.000611;80878201.6
20241128 000000;0.000611;0.00062298;0.00059629;0.000601;91978303.09
20241129 000000;0.000601;0.000617;0.000586;0.000594;89096635.67
20241130 000000;0.000594;0.00060401;0.000546;0.000554;115922711.87
20241201 000000;0.000554;0.00062;0.00054642;0.00058968;108426867.37
20241202 000000;0.00058968;0.00064;0.000568;0.000602;176363005.65
20241203 000000;0.000602;0.001;0.000601;0.000873;560209100.9
20241204 000000;0.000873;0.00093988;0.00078;0.000802;216665328.02
20241205 000000;0.000802;0.00092;0.00070233;0.000851;165038192.46
20241206 000000;0.000851;0.00091999;0.000807;0.00082201;141953364.96
20241207 000000;0.00082201;0.00089791;0.00082105;0.000853;69823241.83
20241208 000000;0.000853;0.00087517;0.00079201;0.000793;149652026.37
20241209 000000;0.000793;0.000796;0.0006626;0.000692;179586857.19
20241210 000000;0.000692;0.000796;0.000692;0.00079;171856912.67
20241211 000000;0.00079;0.00092;0.00077928;0.000885;102044459.35
20241212 000000;0.000885;0.00096;0.00086101;0.000872;108119051.66
20241213 000000;0.000872;0.000875;0.00078001;0.000824;109972489.08
20241214 000000;0.000824;0.00084313;0.000776;0.000784;84132971.4
20241215 000000;0.000784;0.0007907;0.00074;0.000754;131639714.18
20241216 000000;0.000754;0.00076132;0.00071003;0.000738;83773306.89
20241217 000000;0.000738;0.000738;0.000654;0.000662;129919662.95
20241218 000000;0.000662;0.00066698;0.00060701;0.000608;139328596.8
20241219 000000;0.000608;0.000615;0.00054899;0.000583;185055548.79
20241220 000000;0.000583;0.0006035;0.00052231;0.00056799;195347980.23
20241221 000000;0.00056799;0.00064;0.00056701;0.000597;92570346.95
20241222 000000;0.000597;0.00062985;0.000572;0.000574;74898850.54
20241223 000000;0.000574;0.00061998;0.00055201;0.000599;97956367.45
20241224 000000;0.000599;0.000635;0.000596;0.000633;75141431.64
20241225 000000;0.000633;0.000652;0.000631;0.000637;73660225.8
20241226 000000;0.000637;0.000653;0.000616;0.00061901;90838348.53
20241227 000000;0.00061901;0.00062998;0.00058;0.000601;78220943.6
20241228 000000;0.000601;0.000624;0.00059092;0.000616;55338391.39
20241229 000000;0.000616;0.00061927;0.000589;0.00059;46929035.18
20241230 000000;0.00059;0.000597;0.00056106;0.000573;61647961.23
20241231 000000;0.000573;0.00057608;0.00045921;0.00055029;135295780.29
