20260101 000000;0.0004702;0.0004748;0.0004627;0.0004725;117418796.69
20260102 000000;0.0004725;0.0005076;0.0004646;0.0004999;110712735.68
20260103 000000;0.0004999;0.0005082;0.0004863;0.0004983;114150587.96
20260104 000000;0.0004983;0.000575;0.0004972;0.0005165;118154238.96
20260105 000000;0.0005165;0.0005486;0.0005071;0.0005285;108757656.16
20260106 000000;0.0005285;0.0005637;0.0005202;0.0005575;105307863.95
20260107 000000;0.0005575;0.0005611;0.00051;0.0005273;107589053.05
20260108 000000;0.0005273;0.0005337;0.0005119;0.0005277;105023711.98
20260109 000000;0.0005277;0.0005555;0.0005159;0.0005186;109679118.84
20260110 000000;0.0005186;0.0005239;0.0005144;0.0005171;106181772.8
20260111 000000;0.0005171;0.0005335;0.0005045;0.0005308;104293966.02
20260112 000000;0.0005308;0.0005495;0.0005237;0.0005263;101649780.44
20260113 000000;0.0005263;0.0005751;0.0005244;0.0005518;99475993.72
20260114 000000;0.0005518;0.0005751;0.000541;0.0005536;101514973.29
20260115 000000;0.0005536;0.0005599;0.00051;0.0005323;107789729.37
20260116 000000;0.0005323;0.0005638;0.0005218;0.0005466;101316256.36
20260117 000000;0.0005466;0.0005751;0.0005278;0.0005406;106896987.23
20260118 000000;0.0005406;0.0005425;0.0005141;0.0005222;108237357.9
20260119 000000;0.0005222;0.0005222;0.0004957;0.0004989;106874432.38
20260120 000000;0.0004989;0.0005057;0.0004501;0.0004724;116229728.57
20260121 000000;0.0004724;0.0004892;0.0004655;0.0004828;116376159.66
20260122 000000;0.0004828;0.000487;0.0004709;0.0004756;111278584.04
20260123 000000;0.0004756;0.0004888;0.0004599;0.0004726;115966506.13
20260124 000000;0.0004726;0.0004741;0.0004688;0.0004692;114575742.11
20260125 000000;0.0004692;0.0004724;0.0004271;0.0004314;119416143.93
20260126 000000;0.0004314;0.0004654;0.0004309;0.0004619;124010306.15
20260127 000000;0.0004619;0.0004722;0.00044;0.0004645;120814077.58
20260128 000000;0.0004645;0.0004819;0.000449;0.0004548;122884604.96
20260129 000000;0.0004548;0.000458;0.0004147;0.0004202;125985910.79
20260130 000000;0.0004202;0.0004275;0.0004072;0.0004227;132551203.09
20260131 000000;0.0004227;0.0004263;0.0003498;0.0003727;140605901.25
20260201 000000;0.0003727;0.0003759;0.0003494;0.0003551;153153250.37
20260202 000000;0.0003551;0.0003698;0.0003434;0.000366;156103616.89
20260203 000000;0.000366;0.0003698;0.0003396;0.0003451;150893288.67
20260204 000000;0.0003451;0.0003469;0.0003141;0.0003186;164882765.7
20260205 000000;0.0003186;0.0003238;0.0002701;0.000271;188399939.45
20260206 000000;0.000271;0.0003066;0.0002377;0.0003055;196321088.02
20260207 000000;0.0003055;0.0003086;0.000293;0.0003055;186842322.91
20260208 000000;0.0003055;0.0003106;0.0002973;0.0003013;186530949.65
20260209 000000;0.0003013;0.0003023;0.0002838;0.0002988;184022690.38
20260210 000000;0.0002988;0.0002996;0.0002821;0.0002825;193329372.31
20260211 000000;0.0002825;0.0002862;0.0002713;0.0002752;197230486.04
20260212 000000;0.0002752;0.0002868;0.0002634;0.0002656;189233684.02
20260213 000000;0.0002656;0.0002913;0.0002655;0.0002911;191329877.56
20260214 000000;0.0002911;0.0003009;0.0002901;0.0003002;187849691.07
20260215 000000;0.0003002;0.0003107;0.0002914;0.0002921;179061474.7
20260216 000000;0.0002921;0.0002967;0.000286;0.0002917;191552701.98
20260217 000000;0.0002917;0.0002975;0.0002841;0.0002873;188968933.65
20260218 000000;0.0002873;0.0002918;0.0002738;0.000275;181602017.47
20260219 000000;0.000275;0.0002902;0.0002744;0.0002796;199101554.35
20260220 000000;0.0002796;0.0002942;0.0002794;0.0002911;191582831.85
20260221 000000;0.0002911;0.0002964;0.0002808;0.0002936;191535691.73
20260222 000000;0.0002936;0.0002942;0.0002828;0.0002831;180594550.59
20260223 000000;0.0002831;0.0002835;0.0002642;0.0002674;209573758.56
20260224 000000;0.0002674;0.0002679;0.0002595;0.000267;208509547.1
20260225 000000;0.000267;0.0003091;0.0002665;0.0003005;198972929.81
20260226 000000;0.0003005;0.000301;0.0002849;0.0002892;181853717.8
20260227 000000;0.0002892;0.0003;0.0002747;0.0002763;199138333.43
20260228 000000;0.0002763;0.0002844;0.0002615;0.000284;211395026.39
20260301 000000;0.000284;0.0002934;0.0002772;0.000278;184996964.98
20260302 000000;0.000278;0.0002962;0.0002758;0.0002925;196379591.81
20260303 000000;0.0002925;0.0002932;0.000279;0.0002844;191092203.61
20260304 000000;0.0002844;0.0003114;0.0002844;0.000304;188944842.81
20260305 000000;0.000304;0.0003107;0.0002898;0.0002953;186136989.5
20260306 000000;0.0002953;0.0002956;0.0002799;0.000281;190625335.86
20260307 000000;0.000281;0.0002834;0.0002713;0.0002745;200904521.38
20260308 000000;0.0002745;0.0002761;0.0002663;0.0002701;198991203.32
20260309 000000;0.0002701;0.0002897;0.0002695;0.0002829;206653431.28
20260310 000000;0.0002829;0.0002977;0.000281;0.0002847;198279051.48
20260311 000000;0.0002847;0.0002934;0.000271;0.00029;188136766.34
20260312 000000;0.00029;0.0002906;0.0002818;0.0002883;185126384.67
20260313 000000;0.0002883;0.0003043;0.0002876;0.000294;192943904.83
20260314 000000;0.000294;0.0002949;0.0002775;0.0002899;189326813.37
20260315 000000;0.0002899;0.0003031;0.0002854;0.0003009;192139673.6
20260316 000000;0.0003009;0.0003231;0.0002977;0.0003185;184505610.33
20260317 000000;0.0003185;0.0003188;0.0003012;0.0003113;178204665.05
20260318 000000;0.0003113;0.0003113;0.0002913;0.0002953;182105893.8
20260319 000000;0.0002953;0.0002956;0.0002781;0.0002897;177604067.16
20260320 000000;0.0002897;0.0002991;0.0002834;0.0002901;192352630.06
20260321 000000;0.0002901;0.0002952;0.0002871;0.0002872;190384343.66
20260322 000000;0.0002872;0.0002899;0.0002814;0.0002818;198945666.68
20260323 000000;0.0002818;0.0002996;0.0002803;0.0002946;196352106.75
20260324 000000;0.0002946;0.0002994;0.000287;0.0002921;186678502.02
20260325 000000;0.0002921;0.0003017;0.0002908;0.0002952;185471233.69
20260326 000000;0.0002952;0.0002955;0.0002739;0.0002802;195977447.25
20260327 000000;0.0002802;0.000287;0.0002658;0.0002681;194965703.22
20260328 000000;0.0002681;0.0002701;0.0002669;0.0002673;203469447.8
20260329 000000;0.0002673;0.0002679;0.0002585;0.0002649;206909703.02
20260330 000000;0.0002649;0.0002708;0.0002604;0.000266;210565880.2
20260331 000000;0.000266;0.0002728;0.0002581;0.0002679;213356952.75
20260401 000000;0.0002679;0.0002813;0.0002633;0.0002654;192828802.98
20260402 000000;0.0002654;0.0002657;0.0002534;0.0002555;210224777.32
20260403 000000;0.0002555;0.0002645;0.0002549;0.0002587;217718489.82
20260404 000000;0.0002587;0.000262;0.0002582;0.000261;202609664.53
20260405 000000;0.000261;0.000262;0.0002543;0.0002619;208406994.03
20260406 000000;0.0002619;0.0002673;0.0002594;0.0002598;204032325.98
20260407 000000;0.0002598;0.0002773;0.0002532;0.0002768;203442963.23
20260408 000000;0.0002768;0.0002772;0.0002667;0.0002675;209874512.25
20260409 000000;0.0002675;0.0002802;0.0002617;0.0002724;210216167.45
20260410 000000;0.0002724;0.0002775;0.0002689;0.0002752;207323250.93
20260411 000000;0.0002752;0.0002891;0.0002744;0.0002785;196593897.11
20260412 000000;0.0002785;0.0002808;0.0002645;0.0002698;197137855.4
20260413 000000;0.0002698;0.0002817;0.0002612;0.0002812;199783958
20260414 000000;0.0002812;0.0002833;0.0002707;0.0002708;188592772.67
20260415 000000;0.0002708;0.0002751;0.0002627;0.0002739;206409155.56
20260416 000000;0.0002739;0.0002921;0.0002728;0.0002876;196030528.21
20260417 000000;0.0002876;0.0002989;0.0002828;0.0002911;188239565.05
20260418 000000;0.0002911;0.0002943;0.0002843;0.0002881;188349343.11
20260419 000000;0.0002881;0.0002891;0.0002749;0.000279;196351959.5
20260420 000000;0.000279;0.0002883;0.0002767;0.0002842;190266690.65
20260421 000000;0.0002842;0.0002915;0.0002793;0.0002895;194759726.6
20260422 000000;0.0002895;0.0003068;0.0002884;0.000293;195732439.03
20260423 000000;0.000293;0.0002934;0.0002846;0.0002865;198928237.32
20260424 000000;0.0002865;0.0002951;0.0002798;0.0002866;190909672.23
20260425 000000;0.0002866;0.0002899;0.0002836;0.0002836;196858909.8
20260426 000000;0.0002836;0.0002964;0.0002836;0.0002897;192021846.24
20260427 000000;0.0002897;0.0002941;0.0002809;0.0002836;199680953.39
20260428 000000;0.0002836;0.0002838;0.00027;0.0002771;193426891.67
20260429 000000;0.0002771;0.0002824;0.0002692;0.0002743;195039927.35
20260430 000000;0.0002743;0.0002761;0.0002712;0.0002742;202465083.15
20260501 000000;0.0002742;0.0002803;0.0002733;0.0002762;208793907.22
20260502 000000;0.0002762;0.0002787;0.00027;0.0002748;199602294.45
20260503 000000;0.0002748;0.0002801;0.0002718;0.0002749;192844262.92
20260504 000000;0.0002749;0.0002798;0.000271;0.0002774;194666635.56
20260505 000000;0.0002774;0.0002871;0.000271;0.0002846;199621476.94
20260506 000000;0.0002846;0.0003014;0.0002836;0.0002938;202505946.97
20260507 000000;0.0002938;0.0002981;0.000287;0.0002911;188576966.32
20260508 000000;0.0002911;0.0003066;0.0002885;0.0003052;207637111.2
20260509 000000;0.0003052;0.0003117;0.0003;0.000308;184547605.69
20260510 000000;0.000308;0.0003231;0.000305;0.0003177;176005256.2
20260511 000000;0.0003177;0.0003267;0.00031;0.0003228;177039196.73
20260512 000000;0.0003228;0.0003249;0.0003074;0.0003125;185520091.35
20260513 000000;0.0003125;0.0003141;0.0002942;0.0002963;171691353.79
20260514 000000;0.0002963;0.0003103;0.0002957;0.000301;184023430.3
20260515 000000;0.000301;0.0003015;0.0002875;0.0002897;187829976.5
20260516 000000;0.0002897;0.0002904;0.0002791;0.0002823;191172657.45
20260517 000000;0.0002823;0.0002874;0.0002767;0.0002773;198421803.52
20260518 000000;0.0002773;0.0002797;0.0002731;0.0002771;201133736.51
20260519 000000;0.0002771;0.0002804;0.0002704;0.0002708;202777046.08
20260520 000000;0.0002708;0.0002795;0.0002704;0.0002777;193343765.8
20260521 000000;0.0002777;0.0002872;0.0002745;0.0002813;190927424.64
20260522 000000;0.0002813;0.0002839;0.0002617;0.0002722;199240467.27
20260523 000000;0.0002722;0.0002777;0.0002626;0.0002773;204228763.32
20260524 000000;0.0002773;0.0002802;0.0002706;0.0002713;195358364.57
20260525 000000;0.0002713;0.0002795;0.0002706;0.0002741;203266326
20260526 000000;0.0002741;0.0002741;0.0002688;0.0002691;198408003.26
20260527 000000;0.0002691;0.0002741;0.0002636;0.0002654;210708722.5
20260528 000000;0.0002654;0.0002671;0.0002535;0.0002627;207533621.91
20260529 000000;0.0002627;0.0002668;0.0002608;0.0002614;206140057.11
20260530 000000;0.0002614;0.0002654;0.0002595;0.0002644;211792098.91
20260531 000000;0.0002644;0.0002648;0.0002601;0.0002615;213131318.63
20260601 000000;0.0002615;0.0002623;0.0002535;0.0002586;250664200.49
20260602 000000;0.0002586;0.000264;0.0002336;0.0002362;343561255.38
20260603 000000;0.0002362;0.0002559;0.0002282;0.0002307;425020345.52
20260604 000000;0.0002307;0.0002483;0.0002171;0.0002209;426666066.15
20260605 000000;0.0002209;0.0002439;0.0002001;0.0002053;505798400.41
20260606 000000;0.0002053;0.0002086;0.0001965;0.0001999;299656909.09
20260607 000000;0.0001999;0.0002148;0.0001973;0.000211;340603233.47
20260608 000000;0.000211;0.0002185;0.0002073;0.0002145;279686287.43
20260609 000000;0.0002145;0.0002158;0.0002034;0.0002092;249907871.71
20260610 000000;0.0002092;0.0002125;0.0002033;0.0002047;252230317.96
20260611 000000;0.0002047;0.000223;0.0002039;0.0002172;271184201.65
20260612 000000;0.0002172;0.0002224;0.0002152;0.0002172;255022013.34
20260613 000000;0.0002172;0.0002355;0.0002167;0.0002246;255385117.45
20260614 000000;0.0002246;0.0002312;0.0002182;0.0002311;253094913.77
20260615 000000;0.0002311;0.0002497;0.0002288;0.000241;284454955.95
20260616 000000;0.000241;0.0002447;0.0002372;0.00024;222579559.78
20260617 000000;0.00024;0.0002418;0.0002318;0.000233;229369784.29
20260618 000000;0.000233;0.0002355;0.0002227;0.000224;233862662.05
20260619 000000;0.000224;0.0002243;0.0002187;0.0002225;246317983.16
20260620 000000;0.0002225;0.0002327;0.0002224;0.0002291;192490741.54
