20250101 000000;0.004896;0.004966;0.004687;0.004893;28088950.31
20250102 000000;0.004893;0.00549;0.004891;0.005238;29701725.37
20250103 000000;0.005238;0.005515;0.004912;0.005464;30648644.42
20250104 000000;0.005464;0.0057;0.005353;0.005456;26800247.48
20250105 000000;0.005456;0.005502;0.005001;0.005138;20821928.64
20250106 000000;0.005138;0.005259;0.004987;0.005003;32198060.39
20250107 000000;0.005003;0.005019;0.004381;0.004446;45656381.27
20250108 000000;0.004446;0.004454;0.004041;0.00412;39836514.58
20250109 000000;0.00412;0.004135;0.003633;0.003644;51524988.3
20250110 000000;0.003644;0.003936;0.003632;0.003787;24700851.87
20250111 000000;0.003787;0.003917;0.003687;0.003807;17101806.77
20250112 000000;0.003807;0.003989;0.00373;0.003894;18876106.45
20250113 000000;0.003894;0.003957;0.00335;0.003736;37851471.04
20250114 000000;0.003736;0.003929;0.00369;0.003899;16838540.97
20250115 000000;0.003899;0.004439;0.00377;0.004389;27549764.66
20250116 000000;0.004389;0.004532;0.004109;0.004248;35198024.1
20250117 000000;0.004248;0.004549;0.004202;0.004443;29574367.43
20250118 000000;0.004443;0.004888;0.004301;0.004598;62738902.22
20250119 000000;0.004598;0.004966;0.0038;0.003955;94444432.54
20250120 000000;0.003955;0.004075;0.003508;0.003596;119343382.75
20250121 000000;0.003596;0.003872;0.003402;0.003732;97254805.55
20250122 000000;0.003732;0.00406;0.003666;0.003839;119592542.77
20250123 000000;0.003839;0.003846;0.003505;0.003637;93031840.46
20250124 000000;0.003637;0.004013;0.003541;0.00365;79729613.45
20250125 000000;0.00365;0.003709;0.003479;0.003641;38981309.63
20250126 000000;0.003641;0.003722;0.003417;0.003423;24639855.2
20250127 000000;0.003423;0.003428;0.003049;0.003238;34872292.52
20250128 000000;0.003238;0.003362;0.003084;0.003129;31927783.98
20250129 000000;0.003129;0.00337;0.003111;0.003221;33652216.79
20250130 000000;0.003221;0.003448;0.003221;0.003346;22292977.3
20250131 000000;0.003346;0.003421;0.003208;0.003243;27793236.36
20250201 000000;0.003243;0.003279;0.002837;0.002837;56439481.72
20250202 000000;0.002837;0.00296;0.002129;0.002255;83421039.97
20250203 000000;0.002255;0.002262;0.001903;0.002103;104363913.59
20250204 000000;0.002103;0.002771;0.002068;0.002125;93692384.42
20250205 000000;0.002125;0.002194;0.002007;0.002018;50243264.09
20250206 000000;0.002018;0.002112;0.00187;0.00189;47710544.27
20250207 000000;0.00189;0.002117;0.001825;0.001867;53764965.18
20250208 000000;0.001867;0.001999;0.001787;0.001949;50342606.39
20250209 000000;0.001949;0.002087;0.001825;0.001877;53523222.98
20250210 000000;0.001877;0.001995;0.001837;0.001877;51409556.86
20250211 000000;0.001877;0.001983;0.001777;0.001795;52528065.7
20250212 000000;0.001795;0.001801;0.001668;0.001734;57419099.82
20250213 000000;0.001734;0.001753;0.001625;0.001715;52392495.54
20250214 000000;0.001715;0.001968;0.001696;0.001897;75850584.03
20250215 000000;0.001897;0.001905;0.001807;0.001817;38205787.04
20250216 000000;0.001817;0.001825;0.001674;0.001716;57917979.03
20250217 000000;0.001716;0.001757;0.001594;0.001622;53642433.08
20250218 000000;0.001622;0.00163;0.001427;0.001466;83654455.29
20250219 000000;0.001466;0.001525;0.001433;0.001487;59564999.02
20250220 000000;0.001487;0.001576;0.001478;0.001535;51414807.58
20250221 000000;0.001535;0.001633;0.001495;0.001517;64863647.03
20250222 000000;0.001517;0.001852;0.0015;0.001812;72638501.65
20250223 000000;0.001812;0.002026;0.001616;0.001667;67425959.31
20250224 000000;0.001667;0.001692;0.001342;0.001361;88601810.06
20250225 000000;0.001361;0.00149;0.001244;0.001422;103340545.23
20250226 000000;0.001422;0.001433;0.001299;0.001356;71733367.18
20250227 000000;0.001356;0.001452;0.001356;0.001401;46802713.78
20250228 000000;0.001401;0.001463;0.001249;0.00145;88351865.35
20250301 000000;0.00145;0.001466;0.001343;0.001383;56120562.63
20250302 000000;0.001383;0.001714;0.001345;0.001712;54495173.98
20250303 000000;0.001712;0.001714;0.001341;0.00139;50549081.7
20250304 000000;0.00139;0.001417;0.001289;0.001408;84135310.46
20250305 000000;0.001408;0.001478;0.001376;0.001437;47869118.12
20250306 000000;0.001437;0.001496;0.001373;0.001391;43786970.59
20250307 000000;0.001391;0.001538;0.001318;0.001371;63863603.27
20250308 000000;0.001371;0.001406;0.00132;0.00136;52700505.4
20250309 000000;0.00136;0.001381;0.001211;0.001228;67189633.21
20250310 000000;0.001228;0.001272;0.00105;0.001074;74921815.38
20250311 000000;0.001074;0.001175;0.001027;0.001142;58197468.06
20250312 000000;0.001142;0.001209;0.001117;0.001176;63780313.35
20250313 000000;0.001176;0.001177;0.001106;0.001132;53565739.66
20250314 000000;0.001132;0.001237;0.001129;0.001213;62006062.59
20250315 000000;0.001213;0.0013;0.001195;0.00127;63273488.7
20250316 000000;0.00127;0.001275;0.001147;0.001155;57395938.15
20250317 000000;0.001155;0.00122;0.001154;0.001191;52703742.06
20250318 000000;0.001191;0.001193;0.001125;0.001175;61760722.35
20250319 000000;0.001175;0.001283;0.001165;0.00128;55315686.8
20250320 000000;0.00128;0.001284;0.001208;0.001218;49994184.49
20250321 000000;0.001218;0.00123;0.001172;0.001203;51937667.2
20250322 000000;0.001203;0.001246;0.001199;0.001217;57488148.42
20250323 000000;0.001217;0.001278;0.001215;0.001248;53856549.47
20250324 000000;0.001248;0.001353;0.001245;0.001312;51651775.27
20250325 000000;0.001312;0.001396;0.001241;0.001343;100647901.72
20250326 000000;0.001343;0.001377;0.001193;0.001267;96175057.16
20250327 000000;0.001267;0.001293;0.001242;0.001276;47946969.55
20250328 000000;0.001276;0.00128;0.001161;0.001175;49536688.22
20250329 000000;0.001175;0.001188;0.001041;0.001103;78783201.63
20250330 000000;0.001103;0.00114;0.001097;0.001117;61133583.22
20250331 000000;0.001117;0.001135;0.001087;0.001106;51725758.84
20250401 000000;0.001106;0.001142;0.001085;0.0011;54609233.12
20250402 000000;0.0011;0.001147;0.001014;0.001015;57022022.65
20250403 000000;0.001015;0.001042;0.000974;0.001026;70089873.45
20250404 000000;0.001026;0.00108;0.001005;0.001067;59693321.78
20250405 000000;0.001067;0.001074;0.001025;0.001048;54961809.57
20250406 000000;0.001048;0.001058;0.000906;0.000923;78234999.97
20250407 000000;0.000923;0.000954;0.000848;0.00091;86841889.06
20250408 000000;0.00091;0.000952;0.000866;0.0008794;60966821.76
20250409 000000;0.0008794;0.0009965;0.0008438;0.0009822;69732908.18
20250410 000000;0.0009822;0.0009945;0.0009076;0.0009945;62496952.37
20250411 000000;0.0009945;0.0022953;0.0009945;0.0020673;220639475.42
20250412 000000;0.0020673;0.0026771;0.0019276;0.0022608;276762946.01
20250413 000000;0.0022608;0.003156;0.0020147;0.0026821;137367754.35
20250414 000000;0.0026821;0.0029713;0.002414;0.0024406;93027740.99
20250415 000000;0.0024406;0.00331;0.0023918;0.0032448;142499594.2
20250416 000000;0.0032448;0.0036119;0.0028971;0.0035441;94821244.92
20250417 000000;0.0035441;0.004949;0.0034415;0.0040255;140566486.15
20250418 000000;0.0040255;0.0046712;0.002004;0.0022962;391551549.2
20250419 000000;0.0022962;0.0022962;0.001675;0.0018782;198445135.5
20250420 000000;0.0018782;0.0019805;0.0017432;0.0018301;65038796.63
20250421 000000;0.0018301;0.0021183;0.0018082;0.001985;113263967.97
20250422 000000;0.001985;0.0026546;0.001962;0.0024918;140580568.68
20250423 000000;0.0024918;0.0031644;0.0024818;0.0030738;81738272.7
20250424 000000;0.0030738;0.0039888;0.0021355;0.0024083;213685348.91
20250425 000000;0.0024083;0.0025726;0.0022725;0.0024154;93813838
20250426 000000;0.0024154;0.0024823;0.0022198;0.0023873;45782313.47
20250427 000000;0.0023873;0.002422;0.0020486;0.0021029;85796357.68
20250428 000000;0.0021029;0.0021137;0.0017158;0.0018512;199270181.35
20250429 000000;0.0018512;0.0019042;0.0017505;0.001803;88319362.07
20250430 000000;0.001803;0.0018366;0.0015986;0.0017181;110153965.95
20250501 000000;0.0017181;0.0019778;0.0017082;0.0018338;111958901.46
20250502 000000;0.0018338;0.0018406;0.0017231;0.0017293;104299952.36
20250503 000000;0.0017293;0.0017884;0.0016999;0.0017243;79416035.72
20250504 000000;0.0017243;0.0017365;0.0016658;0.001701;52939601.12
20250505 000000;0.001701;0.0017364;0.0016099;0.0016667;82750370.84
20250506 000000;0.0016667;0.00167;0.0015458;0.0016345;68575843.2
20250507 000000;0.0016345;0.0017162;0.0016011;0.0016663;75835810.35
20250508 000000;0.0016663;0.0019168;0.0016592;0.0019168;81689240.51
20250509 000000;0.0019168;0.0024;0.0018622;0.0022165;100564396.23
20250510 000000;0.0022165;0.002354;0.00187;0.0020839;69197139.95
20250511 000000;0.0020839;0.0021133;0.0018632;0.0019818;65300644.73
20250512 000000;0.0019818;0.0023;0.001877;0.002073;108318667.71
20250513 000000;0.002073;0.0026042;0.0019488;0.0023894;87766562.18
20250514 000000;0.0023894;0.0023894;0.0020907;0.0021079;74361296.84
20250515 000000;0.0021079;0.002228;0.0020248;0.0020589;99707389.1
20250516 000000;0.0020589;0.002214;0.001872;0.0018777;138646104.38
20250517 000000;0.0018777;0.0019724;0.0017904;0.0018191;142590706.16
20250518 000000;0.0018191;0.0019901;0.0018004;0.0019073;53049150.81
20250519 000000;0.0019073;0.0019073;0.0017607;0.001845;96925689.38
20250520 000000;0.001845;0.0019052;0.0018155;0.0018517;107414631.55
20250521 000000;0.0018517;0.0019531;0.0018;0.001891;183261409.22
20250522 000000;0.001891;0.0020403;0.0018651;0.0020082;123300582.63
20250523 000000;0.0020082;0.0021049;0.0017701;0.0018097;146916771.33
20250524 000000;0.0018097;0.0019161;0.0017746;0.0018147;126384706.31
20250525 000000;0.0018147;0.001842;0.0016891;0.0017645;81639418.13
20250526 000000;0.0017645;0.0018314;0.0017477;0.0017748;68092460.53
20250527 000000;0.0017748;0.0018151;0.0017437;0.0017609;89801376.34
20250528 000000;0.0017609;0.0017787;0.0016311;0.0016798;53220673.94
20250529 000000;0.0016798;0.0017384;0.0015713;0.0015756;48425814.82
20250530 000000;0.0015756;0.0016038;0.0014025;0.001413;61323881.35
20250531 000000;0.001413;0.001433;0.0013641;0.0014144;53672948.94
20250601 000000;0.0014144;0.0015213;0.0013683;0.001441;64770370.25
20250602 000000;0.001441;0.0014607;0.0013922;0.0014449;51359693.59
20250603 000000;0.0014449;0.0015063;0.0014009;0.0014129;47395471.83
20250604 000000;0.0014129;0.0014997;0.0013801;0.0013919;49329219.25
20250605 000000;0.0013919;0.0014285;0.001267;0.0012935;55989798.31
20250606 000000;0.0012935;0.0013512;0.00129;0.0012904;45720152.38
20250607 000000;0.0012904;0.0013512;0.001256;0.001291;57217701.33
20250608 000000;0.001291;0.0013512;0.0012639;0.0013096;53221110.66
20250609 000000;0.0013096;0.0013907;0.0012884;0.0013835;52396526.32
20250610 000000;0.0013835;0.0014714;0.0013221;0.0013941;66248535.26
20250611 000000;0.0013941;0.0014963;0.0013619;0.001375;60855993.32
20250612 000000;0.001375;0.0013792;0.00128;0.0012955;58527700.74
20250613 000000;0.0012955;0.0012979;0.0011048;0.0012247;77748638.43
20250614 000000;0.0012247;0.0012412;0.0011164;0.0011898;73584160.55
20250615 000000;0.0011898;0.001247;0.0010822;0.0012312;70265698.59
20250616 000000;0.0012312;0.0013253;0.0012117;0.0012356;76739816.78
20250617 000000;0.0012356;0.0012607;0.0011203;0.0011607;73974221.06
20250618 000000;0.0011607;0.0011994;0.0011;0.0011692;76894101.61
20250619 000000;0.0011692;0.0011793;0.0011397;0.0011664;53742711.3
20250620 000000;0.0011664;0.0011827;0.0010772;0.0011122;64260785.47
20250621 000000;0.0011122;0.0011509;0.0010104;0.001025;61653156.2
20250622 000000;0.001025;0.0010589;0.0009483;0.0009896;68060315.86
20250623 000000;0.0009896;0.0011499;0.0009746;0.00112;69032028.25
20250624 000000;0.00112;0.0011656;0.0010309;0.0010739;62575378.74
20250625 000000;0.0010739;0.0010902;0.0010199;0.0010469;59400258.42
20250626 000000;0.0010469;0.0010679;0.0009774;0.0009872;57801353.89
20250627 000000;0.0009872;0.0010616;0.0009766;0.0010059;62208895.32
20250628 000000;0.0010059;0.0011577;0.0010009;0.0010764;68271204.75
20250629 000000;0.0010764;0.0010996;0.0010169;0.0010316;55994468.47
20250630 000000;0.0010316;0.0010784;0.0010007;0.0010359;56659306.69
20250701 000000;0.0010359;0.0010383;0.0009013;0.0009744;64232053.56
20250702 000000;0.0009744;0.0010701;0.0009572;0.0010329;61265483.65
20250703 000000;0.0010329;0.0011436;0.0010232;0.0010817;58676774.24
20250704 000000;0.0010817;0.0010955;0.0009907;0.0010108;53577024.93
20250705 000000;0.0010108;0.001058;0.0009917;0.0010092;55455316.05
20250706 000000;0.0010092;0.0010735;0.0009953;0.0010453;56138935.09
20250707 000000;0.0010453;0.0010579;0.0009875;0.0009966;59556960.92
20250708 000000;0.0009966;0.001028;0.0009684;0.0010057;56479471.24
20250709 000000;0.0010057;0.0010402;0.0009931;0.0010333;59406307.61
20250710 000000;0.0010333;0.0011407;0.0010003;0.0010619;77601701
20250711 000000;0.0010619;0.0011963;0.0010462;0.0011228;86821526.93
20250712 000000;0.0011228;0.001148;0.0010412;0.0010886;69519743.05
20250713 000000;0.0010886;0.0011617;0.00105;0.0010959;59348023.57
20250714 000000;0.0010959;0.0011578;0.001081;0.0010868;61991496.51
20250715 000000;0.0010868;0.0011095;0.0010308;0.0011022;62656344.31
20250716 000000;0.0011022;0.0012562;0.0010662;0.0011718;70563510.97
20250717 000000;0.0011718;0.0012201;0.0010963;0.0011748;62037446.81
20250718 000000;0.0011748;0.0012447;0.0011444;0.0011663;62914763.95
20250719 000000;0.0011663;0.0012308;0.0011444;0.0011803;56773499.52
20250720 000000;0.0011803;0.0013849;0.0011723;0.0013386;59592875.27
20250721 000000;0.0013386;0.0015217;0.0013091;0.0014784;56170604.04
20250722 000000;0.0014784;0.0015507;0.0013844;0.0014239;54995310.19
20250723 000000;0.0014239;0.0014321;0.0012348;0.0012783;48248543.26
20250724 000000;0.0012783;0.0013134;0.0012104;0.0012307;53366377.33
20250725 000000;0.0012307;0.0012986;0.0011519;0.0012947;57576306.41
20250726 000000;0.0012947;0.0013187;0.0012688;0.0012728;43128521.06
20250727 000000;0.0012728;0.0013823;0.0012425;0.0013021;50568541.78
20250728 000000;0.0013021;0.0013455;0.0012206;0.0012233;54179134.22
20250729 000000;0.0012233;0.0012808;0.0011906;0.001206;51000867.76
20250730 000000;0.001206;0.0012098;0.0011138;0.0011593;54674770.81
20250731 000000;0.0011593;0.0012128;0.0011247;0.0011334;53300280.48
20250801 000000;0.0011334;0.001135;0.0010307;0.0010535;56082114.75
20250802 000000;0.0010535;0.0010627;0.0010027;0.0010231;51922207.75
20250803 000000;0.0010231;0.0011203;0.001;0.001056;60917041.83
20250804 000000;0.001056;0.00111;0.0010329;0.0011031;60782977.23
20250805 000000;0.0011031;0.0011156;0.0010445;0.0010614;54405503
20250806 000000;0.0010614;0.0011239;0.0010531;0.0011089;54201125.99
20250807 000000;0.0011089;0.0011938;0.0011011;0.0011743;62243073.94
20250808 000000;0.0011743;0.0012107;0.0011312;0.0011704;58338025.76
20250809 000000;0.0011704;0.0013492;0.0011472;0.0012623;54418602.94
20250810 000000;0.0012623;0.0013623;0.0012153;0.0012309;57533840.67
20250811 000000;0.0012309;0.0012513;0.00111;0.0011228;54664684.32
20250812 000000;0.0011228;0.0012339;0.001086;0.0012153;52960872.87
20250813 000000;0.0012153;0.0015335;0.0011927;0.0015193;75299830.49
20250814 000000;0.0015193;0.001653;0.0013542;0.0013726;66058465.17
20250815 000000;0.0013726;0.0014872;0.001254;0.0013353;77709698.1
20250816 000000;0.0013353;0.001459;0.0013349;0.0013894;42646104.33
20250817 000000;0.0013894;0.0014377;0.0013747;0.00141;41923944.25
20250818 000000;0.00141;0.0014106;0.001255;0.0012861;48721882.03
20250819 000000;0.0012861;0.0013022;0.0012172;0.0012208;47155993.53
20250820 000000;0.0012208;0.0012699;0.0012;0.0012571;67243758.7
20250821 000000;0.0012571;0.0012859;0.0011967;0.0012074;46079640.68
20250822 000000;0.0012074;0.0013565;0.0011891;0.0013475;48642902.21
20250823 000000;0.0013475;0.0014231;0.0013166;0.0013692;43963833.52
20250824 000000;0.0013692;0.0014213;0.0013;0.0013665;49712686.11
20250825 000000;0.0013665;0.0014142;0.0012222;0.0012357;50464459.31
20250826 000000;0.0012357;0.00129;0.0012194;0.0012803;51397255.43
20250827 000000;0.0012803;0.0013999;0.001274;0.0013376;43290863.57
20250828 000000;0.0013376;0.0014387;0.001324;0.0014133;50498753.72
20250829 000000;0.0014133;0.0014488;0.0013086;0.0013432;46901497.98
20250830 000000;0.0013432;0.0013656;0.0012771;0.0013197;54714192.61
20250831 000000;0.0013197;0.0013543;0.0013088;0.0013089;42975062.66
20250901 000000;0.0013089;0.0013754;0.0012509;0.0013015;89588211.32
20250902 000000;0.0013015;0.0013813;0.0012895;0.0013753;43997496.38
20250903 000000;0.0013753;0.0013987;0.0013239;0.0013862;40886824.62
20250904 000000;0.0013862;0.0013991;0.0012709;0.001313;43716210.91
20250905 000000;0.001313;0.0013838;0.001279;0.0013287;44893921.5
20250906 000000;0.0013287;0.0013514;0.0012757;0.001288;42883710.71
20250907 000000;0.001288;0.001309;0.001258;0.0013025;45429748.96
20250908 000000;0.0013025;0.0013886;0.0013017;0.0013617;43629871.18
20250909 000000;0.0013617;0.0013918;0.001334;0.0013703;43138068.85
20250910 000000;0.0013703;0.001436;0.001344;0.001395;45695803.91
20250911 000000;0.001395;0.0014451;0.001367;0.0014303;44485800.87
20250912 000000;0.0014303;0.0015673;0.0014254;0.0015225;47512874.44
20250913 000000;0.0015225;0.0015725;0.0014671;0.0015016;38543839.65
20250914 000000;0.0015016;0.0016285;0.0014181;0.001431;121341740.05
20250915 000000;0.001431;0.0014423;0.0013477;0.0013798;44029772.01
20250916 000000;0.0013798;0.0014361;0.0013647;0.0014041;43383162.88
20250917 000000;0.0014041;0.0014422;0.0013679;0.0014343;43721468.53
20250918 000000;0.0014343;0.0014826;0.0014211;0.0014478;40351987.56
20250919 000000;0.0014478;0.0014585;0.0013752;0.001389;42138015.15
20250920 000000;0.001389;0.0014564;0.0013601;0.0013863;41082941.43
20250921 000000;0.0013863;0.0013941;0.0013114;0.0013516;40692971.19
20250922 000000;0.0013516;0.0013555;0.0012321;0.0012454;59195229.69
20250923 000000;0.0012454;0.0012625;0.0011546;0.0012104;61291845.59
20250924 000000;0.0012104;0.0012115;0.0011519;0.0011765;52435820.08
20250925 000000;0.0011765;0.0011906;0.0010773;0.0010824;54056076.19
20250926 000000;0.0010824;0.0011564;0.001071;0.001155;54261779.07
20250927 000000;0.001155;0.001194;0.0011187;0.001149;51466836.23
20250928 000000;0.001149;0.0011796;0.0011036;0.0011793;54654538.68
20250929 000000;0.0011793;0.0012248;0.0011583;0.0011866;49721849.61
20250930 000000;0.0011866;0.0011954;0.0011311;0.0011633;51559604.86
20251001 000000;0.0011633;0.001248;0.001153;0.0012479;46868520.62
20251002 000000;0.0012479;0.0013369;0.0012227;0.0013025;49049868.36
20251003 000000;0.0013025;0.001334;0.0012418;0.0012947;49328764.69
20251004 000000;0.0012947;0.0012952;0.0012368;0.00126;46826918.79
20251005 000000;0.00126;0.0013622;0.001227;0.001259;46690804.48
20251006 000000;0.001259;0.0013443;0.001257;0.0012882;45350315.84
20251007 000000;0.0012882;0.0013039;0.0011993;0.0012186;49714014.37
20251008 000000;0.0012186;0.0013063;0.0011923;0.0012631;55905096.64
20251009 000000;0.0012631;0.001265;0.0011838;0.0012119;59487102.06
20251010 000000;0.0012119;0.0012281;0.0008567;0.0010012;65504851
20251011 000000;0.0010012;0.0010194;0.0009384;0.0009664;61551687.59
20251012 000000;0.0009664;0.0011003;0.0009382;0.0010501;58591243.25
20251013 000000;0.0010501;0.001112;0.0009968;0.0010958;60354152.61
20251014 000000;0.0010958;0.0011115;0.0009601;0.0010506;57423070.09
20251015 000000;0.0010506;0.0010941;0.0009984;0.0010083;56029210.02
20251016 000000;0.0010083;0.0010226;0.0009188;0.0009518;61355293.43
20251017 000000;0.0009518;0.0009703;0.0008872;0.0009329;61299584.7
20251018 000000;0.0009329;0.0010095;0.0009072;0.0009519;62470833.75
20251019 000000;0.0009519;0.000982;0.0009391;0.0009616;61246036.16
20251020 000000;0.0009616;0.0010212;0.0009447;0.0009769;57387132.69
20251021 000000;0.0009769;0.001023;0.0008984;0.000953;63027031.66
20251022 000000;0.000953;0.0009563;0.000836;0.0008414;65416399.73
20251023 000000;0.0008414;0.0009159;0.0008409;0.0008974;64232748.22
20251024 000000;0.0008974;0.0009378;0.0008631;0.0009112;66550706.43
20251025 000000;0.0009112;0.0009248;0.0008913;0.000922;63373639.86
20251026 000000;0.000922;0.0009747;0.0009047;0.0009441;66814534.3
20251027 000000;0.0009441;0.0009919;0.000918;0.0009449;61050731.64
20251028 000000;0.0009449;0.0009734;0.0008355;0.0009011;63749172.01
20251029 000000;0.0009011;0.0009435;0.0008628;0.0009042;68012868.11
20251030 000000;0.0009042;0.0009331;0.000807;0.0008418;60997178.15
20251031 000000;0.0008418;0.0008894;0.0008366;0.0008538;67783897.67
20251101 000000;0.0008538;0.0008727;0.0008407;0.0008493;63591325.67
20251102 000000;0.0008493;0.00087;0.0008073;0.0008465;69837730.01
20251103 000000;0.0008465;0.000854;0.0007027;0.0007323;72714452.11
20251104 000000;0.0007323;0.0007382;0.0006407;0.0006773;80346385.56
20251105 000000;0.0006773;0.0007209;0.0006429;0.0007057;80880875.77
20251106 000000;0.0007057;0.0007166;0.0006609;0.0006671;82330902.35
20251107 000000;0.0006671;0.000716;0.0005556;0.0006223;108591694.22
20251108 000000;0.0006223;0.0006586;0.0006004;0.0006154;97911877.72
20251109 000000;0.0006154;0.0006416;0.0005944;0.0006274;90901915.81
20251110 000000;0.0006274;0.000682;0.0006232;0.0006535;87009091.05
20251111 000000;0.0006535;0.0006681;0.0005853;0.000593;91177236.95
20251112 000000;0.000593;0.0006356;0.0005719;0.0005838;102891150.94
20251113 000000;0.0005838;0.0006279;0.0005243;0.0005389;94972618.53
20251114 000000;0.0005389;0.0005651;0.0005054;0.0005286;107676046.07
20251115 000000;0.0005286;0.000572;0.0005206;0.0005319;100057784.65
20251116 000000;0.0005319;0.0005627;0.0004966;0.0005162;114632361.7
20251117 000000;0.0005162;0.0005365;0.000483;0.0004982;104922589.42
20251118 000000;0.0004982;0.0005617;0.0004876;0.0005319;106742095.33
20251119 000000;0.0005319;0.0005431;0.0004931;0.0005184;107532246.93
20251120 000000;0.0005184;0.0005655;0.0004935;0.0005101;109398167.12
20251121 000000;0.0005101;0.0005168;0.0004546;0.0004745;115811810.4
20251122 000000;0.0004745;0.0004932;0.0004633;0.0004852;116004549.5
20251123 000000;0.0004852;0.0005273;0.000479;0.0004915;114331419.01
20251124 000000;0.0004915;0.0005295;0.0004817;0.0005241;106754495.77
20251125 000000;0.0005241;0.0005422;0.0005036;0.0005254;110504734.35
20251126 000000;0.0005254;0.0005788;0.0005091;0.0005523;102143511.32
20251127 000000;0.0005523;0.000561;0.0005364;0.0005443;96729487.05
20251128 000000;0.0005443;0.0006108;0.0005364;0.0005705;96884580.63
20251129 000000;0.0005705;0.0005915;0.0005574;0.0005636;96997588.84
20251130 000000;0.0005636;0.000598;0.0005539;0.0005563;98158397.81
20251201 000000;0.0005563;0.0005567;0.0004874;0.0005006;110554596.79
20251202 000000;0.0005006;0.000579;0.0004869;0.0005457;112574530.6
20251203 000000;0.0005457;0.0005681;0.0005393;0.000566;100101043.04
20251204 000000;0.000566;0.0005941;0.0005092;0.0005427;103849256.53
20251205 000000;0.0005427;0.0005497;0.0005092;0.0005168;104715800.06
20251206 000000;0.0005168;0.0005254;0.0005148;0.0005203;109870212.36
20251207 000000;0.0005203;0.0005302;0.000497;0.0005101;111808623.75
20251208 000000;0.0005101;0.000545;0.0005078;0.0005154;106382719.57
20251209 000000;0.0005154;0.00057;0.0005075;0.0005313;105947270.91
20251210 000000;0.0005313;0.0005666;0.0005205;0.0005281;103330576.39
20251211 000000;0.0005281;0.0005366;0.0004974;0.0005245;108578351.57
20251212 000000;0.0005245;0.0005345;0.0004986;0.0005075;109015522.03
20251213 000000;0.0005075;0.0005199;0.0005063;0.0005079;104702418.74
20251214 000000;0.0005079;0.0005127;0.0004932;0.0004938;112904103.94
20251215 000000;0.0004938;0.000518;0.0004512;0.0004823;112770714.22
20251216 000000;0.0004823;0.0004966;0.0004746;0.0004857;116724814.52
20251217 000000;0.0004857;0.0005143;0.0004596;0.0004682;114718201.96
20251218 000000;0.0004682;0.0004891;0.0004448;0.0004507;134395476.93
20251219 000000;0.0004507;0.0004855;0.0004458;0.0004833;117753653.12
20251220 000000;0.0004833;0.0004848;0.0004662;0.0004705;115906362.01
20251221 000000;0.0004705;0.0004957;0.0004525;0.0004769;121006945.93
20251222 000000;0.0004769;0.0005234;0.0004695;0.0004727;127381292.73
20251223 000000;0.0004727;0.000477;0.0004645;0.0004679;115342377.01
20251224 000000;0.0004679;0.000473;0.0004478;0.0004614;121536218.56
20251225 000000;0.0004614;0.0004703;0.0004514;0.0004584;126209438.19
20251226 000000;0.0004584;0.0004663;0.0004521;0.0004588;127144638.49
20251227 000000;0.0004588;0.0004789;0.000449;0.0004601;126641396.92
20251228 000000;0.0004601;0.0004724;0.00046;0.0004695;123634480.1
20251229 000000;0.0004695;0.0004996;0.0004466;0.0004673;120865893.71
20251230 000000;0.0004673;0.0004758;0.0004537;0.000471;117830523.05
20251231 000000;0.000471;0.0004854;0.0004633;0.0004702;116978631.43
