20250101 000000;0.0020364;0.00249;0.0018218;0.0019825;580435853.96
20250102 000000;0.0019825;0.0019923;0.0015359;0.0015788;663280620.46
20250103 000000;0.0015788;0.0020472;0.0015;0.0019498;637457557.36
20250104 000000;0.0019498;0.0019514;0.0016481;0.0018097;618944615.86
20250105 000000;0.0018097;0.0018253;0.0015163;0.0015613;621778694.62
20250106 000000;0.0015613;0.0022844;0.001548;0.0018703;646312530.07
20250107 000000;0.0018703;0.0020222;0.0016917;0.0017024;580847363.43
20250108 000000;0.0017024;0.0017253;0.00151;0.0016025;633725605.01
20250109 000000;0.0016025;0.0016508;0.0013;0.0013389;735538966.94
20250110 000000;0.0013389;0.0015372;0.0013125;0.0014383;783569529.59
20250111 000000;0.0014383;0.0021417;0.0014252;0.0018805;670550147
20250112 000000;0.0018805;0.0019145;0.0016089;0.0016092;413566826.5
20250113 000000;0.0016092;0.0016965;0.0013;0.0014484;722636517.21
20250114 000000;0.0014484;0.0017532;0.0014188;0.0015341;694957728.71
20250115 000000;0.0015341;0.0018317;0.001508;0.001761;682542383.53
20250116 000000;0.001761;0.0018268;0.0015943;0.0016216;613004186.61
20250117 000000;0.0016216;0.0019268;0.0015943;0.0017957;599268332.73
20250118 000000;0.0017957;0.0018987;0.0014181;0.0016026;654044393.71
20250119 000000;0.0016026;0.00175;0.0013332;0.0013399;775425951.48
20250120 000000;0.0013399;0.001358;0.0011462;0.0012378;897412142.06
20250121 000000;0.0012378;0.0013498;0.0012236;0.0013005;821279532.51
20250122 000000;0.0013005;0.001369;0.0012319;0.0012839;788806192.6
20250123 000000;0.0012839;0.00136;0.0011808;0.0011957;737764458.39
20250124 000000;0.0011957;0.0013604;0.0011332;0.0012909;837867191.8
20250125 000000;0.0012909;0.0013602;0.0012301;0.00135;634514301.58
20250126 000000;0.00135;0.0013927;0.001253;0.0012795;530035243.25
20250127 000000;0.0012795;0.0012918;0.001073;0.0011932;823693323.62
20250128 000000;0.0011932;0.0013386;0.0011155;0.0011441;818449994.73
20250129 000000;0.0011441;0.0011885;0.0011228;0.0011545;857931461.19
20250130 000000;0.0011545;0.0012767;0.0011365;0.0012311;831393127.95
20250131 000000;0.0012311;0.0012615;0.0011718;0.0011873;811429834.3
20250201 000000;0.0011873;0.0012079;0.001;0.0010363;797092798.7
20250202 000000;0.0010363;0.0010814;0.0008467;0.0008536;1011674080.33
20250203 000000;0.0008536;0.0009916;0.000707;0.0009672;1061853143.62
20250204 000000;0.0009672;0.0009891;0.0008572;0.0009013;921504383.1
20250205 000000;0.0009013;0.0009498;0.0008714;0.0008757;1053674751.14
20250206 000000;0.0008757;0.0009181;0.0008354;0.0008404;1096774578.29
20250207 000000;0.0008404;0.0008801;0.0007865;0.0008172;949991717.1
20250208 000000;0.0008172;0.0008362;0.0007841;0.0008106;618129810.84
20250209 000000;0.0008106;0.0008962;0.0007833;0.0008031;750886980.11
20250210 000000;0.0008031;0.0008196;0.0007056;0.0007351;1228722886.75
20250211 000000;0.0007351;0.0007845;0.000721;0.0007271;955903380.99
20250212 000000;0.0007271;0.0007457;0.0006527;0.0007219;921612745.29
20250213 000000;0.0007219;0.0007445;0.0006768;0.0007;1064237957.79
20250214 000000;0.0007;0.0007297;0.0006743;0.0006963;1179612405.67
20250215 000000;0.0006963;0.000697;0.0006733;0.0006867;1128411302.72
20250216 000000;0.0006867;0.0007101;0.000674;0.0006803;1104915658.51
20250217 000000;0.0006803;0.000712;0.0006517;0.0006704;515404928.36
20250218 000000;0.0006704;0.0006912;0.0006142;0.0006294;1181516707.67
20250219 000000;0.0006294;0.0006396;0.0006141;0.0006255;1568405960.14
20250220 000000;0.0006255;0.000652;0.0006183;0.0006244;1539541473.19
20250221 000000;0.0006244;0.0008099;0.0006168;0.0006648;1473524888.26
20250222 000000;0.0006648;0.0007289;0.0006602;0.0007033;1293697260.98
20250223 000000;0.0007033;0.0007328;0.0006898;0.0007103;1347826793.57
20250224 000000;0.0007103;0.0007151;0.0006264;0.0006288;1289235135.36
20250225 000000;0.0006288;0.0006424;0.0005095;0.0005813;815400151.91
20250226 000000;0.0005813;0.000584;0.0005042;0.000518;1574504180.64
20250227 000000;0.000518;0.0005366;0.0005143;0.0005206;1869563373.94
20250228 000000;0.0005206;0.0005663;0.0004852;0.0005532;1425315636.36
20250301 000000;0.0005532;0.0005763;0.0005089;0.0005185;1081769637.2
20250302 000000;0.0005185;0.0006446;0.0005174;0.0006271;1644435217.31
20250303 000000;0.0006271;0.0006306;0.0005043;0.0005118;994096542.71
20250304 000000;0.0005118;0.0005184;0.000439;0.0004638;970856099.4
20250305 000000;0.0004638;0.0005054;0.0004615;0.0005035;1093933910.04
20250306 000000;0.0005035;0.0005553;0.0004917;0.0005015;607259975.75
20250307 000000;0.0005015;0.0005284;0.0004807;0.0004822;1175271115.46
20250308 000000;0.0004822;0.0004944;0.0004702;0.0004741;506147317.71
20250309 000000;0.0004741;0.0004965;0.00043;0.0004316;630293252.89
20250310 000000;0.0004316;0.0005276;0.0004303;0.0004513;558486512.97
20250311 000000;0.0004513;0.0004928;0.0004334;0.0004747;588018592.3
20250312 000000;0.0004747;0.00051;0.0004658;0.0004929;449797038.68
20250313 000000;0.0004929;0.000503;0.0004734;0.0004797;337719511.26
20250314 000000;0.0004797;0.0005398;0.0004721;0.0005296;392561316.94
20250315 000000;0.0005296;0.0006153;0.0005285;0.000587;461922208.63
20250316 000000;0.000587;0.0005997;0.0005075;0.0005298;354699799.82
20250317 000000;0.0005298;0.0005596;0.0005296;0.0005524;425326796.5
20250318 000000;0.0005524;0.0005897;0.0005266;0.0005573;276192783.04
20250319 000000;0.0005573;0.0008483;0.0005389;0.0006821;541654043.95
20250320 000000;0.0006821;0.0007076;0.0005675;0.0005891;259103263.33
20250321 000000;0.0005891;0.0008752;0.0005699;0.0006839;326751992.97
20250322 000000;0.0006839;0.0007576;0.0006672;0.0006672;293149889.58
20250323 000000;0.0006672;0.0007223;0.0006005;0.0006951;249013179.37
20250324 000000;0.0006951;0.0008232;0.0006731;0.0007467;236635888.15
20250325 000000;0.0007467;0.0007551;0.0007132;0.0007179;92056160.59
20250326 000000;0.0007179;0.0007256;0.000633;0.0006527;139270560.74
20250327 000000;0.0006527;0.0006757;0.000633;0.0006371;106580387.31
20250328 000000;0.0006371;0.0006413;0.0005615;0.0005725;87570093.37
20250329 000000;0.0005725;0.0005895;0.0005388;0.0005415;68772332.7
20250330 000000;0.0005415;0.000554;0.000504;0.0005406;101557725.97
20250331 000000;0.0005406;0.0005535;0.0005195;0.000539;86819074.46
20250401 000000;0.000539;0.0005721;0.0005373;0.0005617;58850674.6
20250402 000000;0.0005617;0.0005683;0.0004312;0.0004501;79851491.49
20250403 000000;0.0004501;0.0004931;0.000378;0.0004242;364941529.44
20250404 000000;0.0004242;0.0004716;0.0004189;0.0004572;78950587.29
20250405 000000;0.0004572;0.0004734;0.0004551;0.0004639;55547275.26
20250406 000000;0.0004639;0.0004672;0.000365;0.0003815;231995852.75
20250407 000000;0.0003815;0.0004075;0.0003328;0.0003875;112683133.64
20250408 000000;0.0003875;0.0004342;0.0003576;0.0003855;54186323.17
20250409 000000;0.0003855;0.0004555;0.00037;0.0004458;49806561.6
20250410 000000;0.0004458;0.0004458;0.0003801;0.0004037;19577055.38
20250411 000000;0.0004037;0.0004304;0.000401;0.0004259;7112945.79
20250412 000000;0.0004259;0.0004976;0.000425;0.0004626;10017271.52
20250413 000000;0.0004626;0.000486;0.0004472;0.0004511;5557854.7
20250414 000000;0.0004511;0.0004812;0.0004501;0.0004652;6004127.25
20250415 000000;0.0004652;0.0004802;0.0004335;0.0004335;4135712.94
20250416 000000;0.0004335;0.0004752;0.0004333;0.0004465;3382046.02
20250417 000000;0.0004465;0.0004755;0.0004355;0.000473;2792959.18
20250418 000000;0.000473;0.0005;0.0004404;0.000465;7304125.63
20250419 000000;0.000465;0.000482;0.0004489;0.0004688;5542033.16
20250420 000000;0.0004688;0.000516;0.00045;0.000468;8581376.42
20250421 000000;0.000468;0.0005159;0.0004465;0.0004552;23865398.09
20250422 000000;0.0004552;0.0006289;0.0004424;0.0005714;15091230.46
20250423 000000;0.0005714;0.00068;0.0005438;0.0005709;18471222.25
20250424 000000;0.0005709;0.0005783;0.000505;0.0005375;14695069.89
20250425 000000;0.0005375;0.000568;0.0004928;0.0005383;6151123.43
20250426 000000;0.0005383;0.0006615;0.0005278;0.0005561;3045660.07
20250427 000000;0.0005561;0.0005953;0.0005473;0.0005625;7339646.43
20250428 000000;0.0005625;0.0005889;0.0005392;0.0005543;6851604.1
20250429 000000;0.0005543;0.0005896;0.0005477;0.0005477;7103439.25
20250430 000000;0.0005477;0.0005678;0.0005215;0.0005356;9898377.69
20250501 000000;0.0005356;0.0005906;0.0005296;0.0005603;24424799.5
20250502 000000;0.0005603;0.0006028;0.0005462;0.0005572;12242403.01
20250503 000000;0.0005572;0.0005628;0.0005477;0.0005583;5853535.1
20250504 000000;0.0005583;0.0005955;0.0005482;0.000551;9344780.92
20250505 000000;0.000551;0.0005619;0.0005405;0.0005544;8201248.39
20250506 000000;0.0005544;0.0005616;0.0005191;0.0005371;12333950
20250507 000000;0.0005371;0.0005454;0.0004731;0.0004874;4612202.66
20250508 000000;0.0004874;0.000613;0.0004737;0.0005912;13159019.1
20250509 000000;0.0005912;0.00068;0.0005614;0.0006248;7826830.91
20250510 000000;0.0006248;0.0006879;0.0006223;0.0006513;10286616.46
20250511 000000;0.0006513;0.0007038;0.000616;0.0006729;11663268.23
20250512 000000;0.0006729;0.0007949;0.0006659;0.0006838;9719285.99
20250513 000000;0.0006838;0.0007441;0.000656;0.0007167;2637498.59
20250514 000000;0.0007167;0.0007627;0.0006735;0.0006735;2587232.31
20250515 000000;0.0006735;0.0007166;0.0005952;0.0006104;11388782.08
20250516 000000;0.0006104;0.0006713;0.0006058;0.000623;3712582.81
20250517 000000;0.000623;0.000623;0.0005648;0.0005761;3116991.1
20250518 000000;0.0005761;0.0006397;0.0005752;0.0006067;3287403.43
20250519 000000;0.0006067;0.0006142;0.0005345;0.0005655;8710867.13
20250520 000000;0.0005655;0.0006588;0.0005595;0.0006051;7548751.77
20250521 000000;0.0006051;0.0006888;0.0005308;0.0005509;11227412.42
20250522 000000;0.0005509;0.0005912;0.0005436;0.0005505;7460669.28
20250523 000000;0.0005505;0.0005874;0.0004959;0.0005306;20163564.14
20250524 000000;0.0005306;0.0005492;0.0005204;0.0005346;6024471.82
20250525 000000;0.0005346;0.0005516;0.0005007;0.0005308;9504516.75
20250526 000000;0.0005308;0.0005576;0.0005194;0.0005313;11020201.74
20250527 000000;0.0005313;0.0005607;0.0005195;0.0005478;6358958.2
20250528 000000;0.0005478;0.000559;0.000523;0.0005377;10438564.26
20250529 000000;0.0005377;0.0005509;0.0004803;0.0005021;6814585.04
20250530 000000;0.0005021;0.0005693;0.0004711;0.0005126;24581594.78
20250531 000000;0.0005126;0.0006849;0.0005001;0.0006306;19497854.64
20250601 000000;0.0006306;0.0006749;0.0005735;0.0006444;11135833.14
20250602 000000;0.0006444;0.0006745;0.0005507;0.0006387;12186652.81
20250603 000000;0.0006387;0.0006595;0.0005733;0.0005801;7339049.04
20250604 000000;0.0005801;0.0006496;0.0005731;0.0006122;8675429.14
20250605 000000;0.0006122;0.000614;0.0005559;0.0005776;7114697.17
20250606 000000;0.0005776;0.0006059;0.0005383;0.0005461;7457513.64
20250607 000000;0.0005461;0.000571;0.0005313;0.0005415;2010717.64
20250608 000000;0.0005415;0.0005444;0.0005318;0.000541;7145614
20250609 000000;0.000541;0.000573;0.0005267;0.000573;8410073.68
20250610 000000;0.000573;0.0005891;0.0005539;0.0005776;3754651.04
20250611 000000;0.0005776;0.0005858;0.0005521;0.0005611;3255784.39
20250612 000000;0.0005611;0.0005615;0.000533;0.000533;2183545.36
20250613 000000;0.000533;0.000533;0.000488;0.000512;7651934.09
20250614 000000;0.000512;0.0005138;0.0004968;0.0005074;1677593.35
20250615 000000;0.0005074;0.0005312;0.0004714;0.0004954;12794102.8
20250616 000000;0.0004954;0.000523;0.0004843;0.0004866;3932042.11
20250617 000000;0.0004866;0.0005024;0.0004608;0.0004643;7115923.07
20250618 000000;0.0004643;0.0005579;0.0004553;0.0005296;16772734.37
20250619 000000;0.0005296;0.0005499;0.0004866;0.0004943;3313353.26
20250620 000000;0.0004943;0.0005087;0.0004152;0.0004212;4134566.36
20250621 000000;0.0004212;0.0004459;0.0003675;0.0003745;15368236.74
20250622 000000;0.0003745;0.0004328;0.0003472;0.0003814;10331216.98
20250623 000000;0.0003814;0.0004329;0.0003687;0.0004285;5838776.82
20250624 000000;0.0004285;0.0004568;0.000411;0.0004197;2230948.9
20250625 000000;0.0004197;0.0004421;0.000419;0.0004204;925539.99
20250626 000000;0.0004204;0.0004373;0.0003881;0.0003887;3608878.64
20250627 000000;0.0003887;0.0004439;0.0003887;0.000434;1014086.47
20250628 000000;0.000434;0.0004361;0.0004164;0.0004164;455033.35
20250629 000000;0.0004164;0.0004436;0.0004136;0.0004436;4969562.07
20250630 000000;0.0004436;0.0005318;0.0004207;0.0004941;7832023.42
20250701 000000;0.0004941;0.0005023;0.000446;0.0004574;6194977.92
20250702 000000;0.0004574;0.0005084;0.0004533;0.0004874;5682423.99
20250703 000000;0.0004874;0.0005009;0.0004662;0.0004883;3555906.04
20250704 000000;0.0004883;0.0005089;0.0004729;0.0004802;1981367.85
20250705 000000;0.0004802;0.0005634;0.0004718;0.0005158;2864099.17
20250706 000000;0.0005158;0.0005568;0.0005062;0.0005322;11200663.62
20250707 000000;0.0005322;0.0006179;0.0004891;0.0005125;26480805.81
20250708 000000;0.0005125;0.000523;0.0004871;0.0004959;3773690.45
20250709 000000;0.0004959;0.0005189;0.000481;0.0005147;2062551.41
20250710 000000;0.0005147;0.0005441;0.0004874;0.000505;6202587.68
20250711 000000;0.000505;0.0005582;0.0005001;0.0005227;5665309.98
20250712 000000;0.0005227;0.0005576;0.000477;0.0005101;4429631.62
20250713 000000;0.0005101;0.0005101;0.0004955;0.000503;1731778.16
20250714 000000;0.000503;0.0005494;0.0004968;0.0005342;5242456.39
20250715 000000;0.0005342;0.0005516;0.0005042;0.0005363;3727994.19
20250716 000000;0.0005363;0.0005772;0.0005289;0.0005684;2079222.09
20250717 000000;0.0005684;0.000611;0.0005455;0.0005865;2881278.59
20250718 000000;0.0005865;0.0006398;0.0005854;0.000592;3746923.06
20250719 000000;0.000592;0.0006151;0.0005833;0.0005923;2807368.26
20250720 000000;0.0005923;0.0006601;0.0005867;0.0006196;2900189.05
20250721 000000;0.0006196;0.0006739;0.0006196;0.0006556;4840580.8
20250722 000000;0.0006556;0.0006594;0.0006239;0.0006578;4762357.75
20250723 000000;0.0006578;0.0006578;0.0005888;0.0006154;3879392.67
20250724 000000;0.0006154;0.0007065;0.0005812;0.0006681;4974802.25
20250725 000000;0.0006681;0.0006864;0.0006093;0.0006519;3273592.91
20250726 000000;0.0006519;0.0006673;0.0006281;0.0006365;1210529.23
20250727 000000;0.0006365;0.0006365;0.00061;0.00061;336182.19
20250728 000000;0.00061;0.0006274;0.0005286;0.0005396;11936649.36
20250729 000000;0.0005396;0.0006271;0.0005396;0.0005864;3403634.65
20250730 000000;0.0005864;0.0005864;0.0005566;0.0005622;808518.3
20250731 000000;0.0005622;0.0006131;0.000544;0.000544;3028265.41
20250801 000000;0.000544;0.0005483;0.000473;0.0005226;2440079.85
20250802 000000;0.0005226;0.0005369;0.0004187;0.0004187;1919786.28
20250803 000000;0.0004187;0.00075;0.0004187;0.0005992;1217837.72
20250804 000000;0.0005992;0.00073;0.0004276;0.000603;3617125.5
20250805 000000;0.000603;0.000603;0.0005;0.0005585;2290278.91
20250806 000000;0.0005585;0.000603;0.0005018;0.0005639;946396.87
20250807 000000;0.0005639;0.00058;0.0005023;0.000575;803163.72
20250808 000000;0.000575;0.0006243;0.000575;0.0006243;3338736.84
20250809 000000;0.0006243;0.0006684;0.0004848;0.0006502;5967666.42
20250810 000000;0.0006502;0.0007;0.00059;0.00059;475902.73
20250811 000000;0.00059;0.0006359;0.0005302;0.0005575;196980.26
20250812 000000;0.0005575;0.000649;0.0005511;0.0005867;924135.55
20250813 000000;0.0005867;0.0007289;0.0005562;0.00065;2781932.98
20250814 000000;0.00065;0.0006836;0.0005841;0.0006032;859958.12
20250815 000000;0.0006032;0.000719;0.0005566;0.0005999;836305.95
20250816 000000;0.0005999;0.0006691;0.0005566;0.000609;494839.85
20250817 000000;0.000609;0.00065;0.0005588;0.0005625;302577.52
20250818 000000;0.0005625;0.0006502;0.0005611;0.0005611;645281.37
20250819 000000;0.0005611;0.0005794;0.0004815;0.0005042;896914.59
20250820 000000;0.0005042;0.0005556;0.0004852;0.000539;204696.46
20250821 000000;0.000539;0.0005581;0.0004868;0.0005466;157536.48
20250822 000000;0.0005466;0.0007186;0.0005033;0.0006023;948048.81
20250823 000000;0.0006023;0.0006404;0.0005504;0.0005948;499841.35
20250824 000000;0.0005948;0.0007;0.000553;0.0005909;1794298.15
20250825 000000;0.0005909;0.0006014;0.0005555;0.0005568;904766.95
20250826 000000;0.0005568;0.0005568;0.0005016;0.0005274;1865216.85
20250827 000000;0.0005274;0.0007185;0.0005274;0.0005345;1679439.23
20250828 000000;0.0005345;0.0005684;0.0005027;0.000532;2706370.65
20250829 000000;0.000532;0.0007;0.0005043;0.0005076;581084.41
20250830 000000;0.0005076;0.0005692;0.000505;0.0005213;123655.26
20250831 000000;0.0005213;0.0005426;0.0005166;0.0005426;71819.38
20250901 000000;0.0005426;0.0005486;0.0005081;0.0005232;1431307.35
20250902 000000;0.0005232;0.0006583;0.0005105;0.000632;1402049.68
20250903 000000;0.000632;0.00072;0.0005505;0.0006614;1652411.35
20250904 000000;0.0006614;0.0007;0.0006001;0.0006239;295809.47
20250905 000000;0.0006239;0.0006408;0.00058;0.0006142;83837.56
20250906 000000;0.0006142;0.0006142;0.000567;0.000567;382535.97
20250907 000000;0.000567;0.00058;0.0005647;0.00058;14509.77
20250908 000000;0.00058;0.0005947;0.00058;0.00058;85172.73
20250909 000000;0.00058;0.0005839;0.00056;0.00056;307387.97
20250910 000000;0.00056;0.0005787;0.0005124;0.0005424;853955.78
20250911 000000;0.0005424;0.0006082;0.0005424;0.0006082;538982.99
20250912 000000;0.0006082;0.0006163;0.0005882;0.0006139;367093.41
20250913 000000;0.0006139;0.0006798;0.00052;0.0006445;2145551.61
20250914 000000;0.0006445;0.0006463;0.0006208;0.0006216;925094.35
20250915 000000;0.0006216;0.0006318;0.000597;0.000597;2615652.04
20250916 000000;0.000597;0.0006197;0.000597;0.0006072;100135.28
20250917 000000;0.0006072;0.00066;0.0006017;0.000606;918255.14
20250918 000000;0.000606;0.0006239;0.0006012;0.0006059;714892.22
20250919 000000;0.0006059;0.0006204;0.0005968;0.0006017;939192.81
20250920 000000;0.0006017;0.0006017;0.0005304;0.0005598;721333.09
20250921 000000;0.0005598;0.000635;0.0005348;0.00054;10154814.88
20250922 000000;0.00054;0.00054;0.0005053;0.0005053;2683397.29
20250923 000000;0.0005053;0.0005146;0.0004898;0.000503;5697574.43
20250924 000000;0.000503;0.0005479;0.00049;0.0005422;3507188.73
20250925 000000;0.0005422;0.000603;0.000491;0.0004964;4074742.11
20250926 000000;0.0004964;0.0005156;0.0004863;0.0005039;2040892.1
20250927 000000;0.0005039;0.0006035;0.0004;0.0004877;3176544.75
20250928 000000;0.0004877;0.0005056;0.0004271;0.0005056;2260032.87
20250929 000000;0.0005056;0.000575;0.0004996;0.0005;587737.23
20250930 000000;0.0005;0.0005176;0.0004911;0.0004911;1337635.79
20251001 000000;0.0004911;0.0006199;0.000489;0.00053;1973354.43
20251002 000000;0.00053;0.0006199;0.00053;0.0005373;436900.77
20251003 000000;0.0005373;0.00062;0.0005351;0.0005485;1171773.83
20251004 000000;0.0005485;0.0005501;0.0005343;0.0005494;355487.68
20251005 000000;0.0005494;0.0005494;0.0005101;0.000538;432090.08
20251006 000000;0.000538;0.0005401;0.0005193;0.000524;132428.95
20251007 000000;0.000524;0.0005328;0.0005155;0.0005155;958229.78
20251008 000000;0.0005155;0.0005155;0.0004854;0.0005005;683447.54
20251009 000000;0.0005005;0.0006199;0.0004401;0.000477;13623667.76
20251010 000000;0.000477;0.0006199;0.0002804;0.0003931;19027652.48
20251011 000000;0.0003931;0.0004206;0.0003839;0.0003843;877715.72
20251012 000000;0.0003843;0.000451;0.0003833;0.000451;2897529.43
20251013 000000;0.000451;0.000451;0.0004304;0.0004423;811008.02
20251014 000000;0.0004423;0.0004454;0.00044;0.00044;474598.02
20251015 000000;0.00044;0.00044;0.0004185;0.0004185;1536060.26
20251016 000000;0.0004185;0.0004185;0.0004062;0.0004062;99230.91
20251017 000000;0.0004062;0.0004302;0.0004032;0.000414;274155.99
20251018 000000;0.000414;0.0005899;0.0003157;0.0004067;15595360.18
20251019 000000;0.0004067;0.0005099;0.00035;0.0004121;14883261.44
20251020 000000;0.0004121;0.00048;0.0004121;0.0004129;901707.81
20251021 000000;0.0004129;0.0004131;0.0004075;0.0004082;100079.96
20251022 000000;0.0004082;0.0004085;0.0004034;0.0004034;103091.11
20251023 000000;0.0004034;0.0004078;0.00039;0.0004015;1974103.64
20251024 000000;0.0004015;0.0004521;0.0003851;0.0004357;8402754.45
20251025 000000;0.0004357;0.0005098;0.0003851;0.0004412;6365348.51
20251026 000000;0.0004412;0.0004503;0.000431;0.0004456;121003.45
20251027 000000;0.0004456;0.00057;0.0004288;0.0004288;21904111.74
20251028 000000;0.0004288;0.0004344;0.0004264;0.0004264;1795090.17
20251029 000000;0.0004264;0.0004264;0.00039;0.0004029;92485.74
20251030 000000;0.0004029;0.0004029;0.0003205;0.0003775;4511951.29
20251031 000000;0.0003775;0.000425;0.0003542;0.000398;2780061.65
20251101 000000;0.000398;0.0004011;0.000385;0.0003921;154397.97
20251102 000000;0.0003921;0.000425;0.0003921;0.0004064;217698.16
20251103 000000;0.0004064;0.0004064;0.0003609;0.0003612;210843.94
20251104 000000;0.0003612;0.0003753;0.0003541;0.0003753;3096340.06
20251105 000000;0.0003753;0.0003868;0.0003575;0.0003776;535476.2
20251106 000000;0.0003776;0.0004084;0.0003616;0.0003945;273329.34
20251107 000000;0.0003945;0.0004109;0.0003788;0.0003788;147631.04
20251108 000000;0.0003788;0.0004056;0.0003788;0.0003981;103440.3
20251109 000000;0.0003981;0.0004359;0.0003803;0.0004229;1347209.55
20251110 000000;0.0004229;0.00048;0.0003896;0.0004464;402600.12
20251111 000000;0.0004464;0.0006098;0.0003952;0.0004124;1173810543.1
20251112 000000;0.0004124;0.00048;0.000396;0.000409;106734486.14
20251113 000000;0.000409;0.000595;0.0004036;0.0004139;6268830.07
20251114 000000;0.0004139;0.0005012;0.0003788;0.0003921;3394268.89
20251115 000000;0.0003921;0.0003921;0.000383;0.0003898;24932.64
20251116 000000;0.0003898;0.0004606;0.000366;0.0003673;296311.86
20251117 000000;0.0003673;0.0003723;0.0003673;0.0003723;26092.74
20251118 000000;0.0003723;0.0004444;0.0003443;0.0003786;231066.41
20251119 000000;0.0003786;0.0003786;0.0003421;0.0003497;174756.2
20251120 000000;0.0003497;0.000382;0.0003176;0.0003197;1503108.74
20251121 000000;0.0003197;0.0003307;0.0003197;0.0003215;513854.71
20251122 000000;0.0003215;0.0003388;0.0003121;0.0003388;132815.89
20251123 000000;0.0003388;0.0003399;0.0003388;0.0003399;2942.04
20251124 000000;0.0003399;0.0003478;0.0003399;0.0003478;28233.99
20251125 000000;0.0003478;0.0003489;0.0003397;0.0003453;32778281.07
20251126 000000;0.0003453;0.000357;0.0003365;0.0003506;111792028.18
20251127 000000;0.0003506;0.0004363;0.0003445;0.0003558;121215053.05
20251128 000000;0.0003558;0.0003645;0.0003417;0.0003564;122661371.35
20251129 000000;0.0003564;0.0003571;0.0003483;0.0003491;107751581.91
20251130 000000;0.0003491;0.0003524;0.0003484;0.0003517;106838192.64
20251201 000000;0.0003517;0.0003519;0.0003214;0.0003265;123505070.14
20251202 000000;0.0003265;0.0003572;0.0003216;0.0003509;127530336.07
20251203 000000;0.0003509;0.0003699;0.0003503;0.0003695;103083341.78
20251204 000000;0.0003695;0.000372;0.0003505;0.0003565;108710079.64
20251205 000000;0.0003565;0.0003604;0.0003339;0.0003364;109917730.51
20251206 000000;0.0003364;0.000345;0.0003339;0.0003418;111345632.86
20251207 000000;0.0003418;0.0003513;0.0003314;0.0003394;117541393.14
20251208 000000;0.0003394;0.0003528;0.0003392;0.0003492;106158227.44
20251209 000000;0.0003492;0.0003599;0.000335;0.0003552;112205637.07
20251210 000000;0.0003552;0.0003628;0.00035;0.0003502;108997588.97
20251211 000000;0.0003502;0.0003504;0.0003301;0.0003407;105511744.01
20251212 000000;0.0003407;0.0003407;0.0003172;0.0003193;89615177.75
20251213 000000;0.0003193;0.0003278;0.0003162;0.000317;119064062.12
20251214 000000;0.000317;0.0003172;0.0003115;0.0003118;121747670.45
20251215 000000;0.0003118;0.0003283;0.0002969;0.0003008;122858780.65
20251216 000000;0.0003008;0.0003171;0.0002935;0.0003036;114877208.03
20251217 000000;0.0003036;0.000311;0.0002934;0.0002938;128178826.18
20251218 000000;0.0002938;0.000304;0.0002872;0.0002888;113177005.92
20251219 000000;0.0002888;0.000304;0.0002869;0.0003034;127133734.66
20251220 000000;0.0003034;0.0003086;0.0003029;0.0003082;122926993.84
20251221 000000;0.0003082;0.0003112;0.0003024;0.0003111;126623127.1
20251222 000000;0.0003111;0.0003251;0.0003068;0.0003188;111109395.91
20251223 000000;0.0003188;0.0003266;0.0003163;0.0003244;115936983.47
20251224 000000;0.0003244;0.0003439;0.0003193;0.0003437;119498665.12
20251225 000000;0.0003437;0.0003444;0.0003324;0.0003331;95605329.2
20251226 000000;0.0003331;0.0003802;0.0003288;0.0003355;127303589.28
20251227 000000;0.0003355;0.0003459;0.0003329;0.0003435;97794996.36
20251228 000000;0.0003435;0.0003492;0.0003324;0.0003349;102479719.44
20251229 000000;0.0003349;0.0003482;0.0003324;0.0003342;84457178.83
20251230 000000;0.0003342;0.0003437;0.0003324;0.0003411;94677007.77
20251231 000000;0.0003411;0.0003492;0.0003375;0.0003405;92989640.56
