20260101 000000;0.0003405;0.0003428;0.0003223;0.0003325;93717666.47
20260102 000000;0.0003325;0.0003665;0.0003311;0.0003622;64114419.8
20260103 000000;0.0003622;0.0003622;0.0003573;0.000358;79569896.87
20260104 000000;0.000358;0.0003656;0.0003568;0.0003621;89503823.08
20260105 000000;0.0003621;0.0003813;0.0003616;0.0003811;80355146.25
20260106 000000;0.0003811;0.0003925;0.0003777;0.0003857;90699327.81
20260107 000000;0.0003857;0.0003883;0.0003657;0.0003691;87475408.46
20260108 000000;0.0003691;0.0003762;0.0003544;0.000363;92495869.77
20260109 000000;0.000363;0.0003685;0.000351;0.0003545;93617069.78
20260110 000000;0.0003545;0.0003622;0.0003509;0.000352;93482169.52
20260111 000000;0.000352;0.0003566;0.0003509;0.0003562;88755729.01
20260112 000000;0.0003562;0.0003607;0.000351;0.0003537;90584619.46
20260113 000000;0.0003537;0.0003858;0.000351;0.0003811;94791917.88
20260114 000000;0.0003811;0.0003874;0.0003587;0.0003825;91903632.86
20260115 000000;0.0003825;0.0003845;0.0003746;0.0003787;86797660.61
20260116 000000;0.0003787;0.0003812;0.0003738;0.0003769;86181220.06
20260117 000000;0.0003769;0.0003868;0.0003746;0.0003798;86015531.52
20260118 000000;0.0003798;0.0003803;0.0003771;0.0003772;84693624.62
20260119 000000;0.0003772;0.0003773;0.0003574;0.0003579;91004234.1
20260120 000000;0.0003579;0.0003623;0.0003344;0.0003355;95285475.02
20260121 000000;0.0003355;0.0003494;0.000329;0.0003405;98548544.93
20260122 000000;0.0003405;0.0003465;0.0003371;0.0003385;94587813.78
20260123 000000;0.0003385;0.000344;0.0003342;0.0003386;91230824.92
20260124 000000;0.0003386;0.0003428;0.0003333;0.0003374;94354859.77
20260125 000000;0.0003374;0.0003375;0.0003159;0.000317;99478463.11
20260126 000000;0.000317;0.0003287;0.000316;0.0003281;95003275.49
20260127 000000;0.0003281;0.0003366;0.0003233;0.0003365;97326178.36
20260128 000000;0.0003365;0.0003458;0.0003338;0.0003395;94666782.68
20260129 000000;0.0003395;0.0003396;0.0003174;0.0003248;97191396.58
20260130 000000;0.0003248;0.0003393;0.0003071;0.000311;113194533.04
20260131 000000;0.000311;0.0003131;0.0002719;0.0002811;123496516.11
20260201 000000;0.0002811;0.000285;0.000262;0.0002628;113026042.7
20260202 000000;0.0002628;0.0002724;0.0002528;0.0002682;116503434.31
20260203 000000;0.0002682;0.0002692;0.00025;0.0002533;127953097.9
20260204 000000;0.0002533;0.0002578;0.0002411;0.0002444;149188268.66
20260205 000000;0.0002444;0.0002533;0.0002149;0.0002149;129982514.78
20260206 000000;0.0002149;0.000242;0.000211;0.0002406;155358434.98
20260207 000000;0.0002406;0.0002419;0.0002331;0.0002368;167217523.62
20260208 000000;0.0002368;0.0002404;0.0002332;0.0002332;163914073.54
20260209 000000;0.0002332;0.0002367;0.0002291;0.0002333;159324665.32
20260210 000000;0.0002333;0.0002338;0.0002227;0.0002257;161542793.79
20260211 000000;0.0002257;0.0002257;0.0002136;0.0002156;177136291.68
20260212 000000;0.0002156;0.000223;0.0002146;0.0002191;116224938.15
20260213 000000;0.0002191;0.0002412;0.0002183;0.0002379;169037674.71
20260214 000000;0.0002379;0.0002429;0.0002375;0.0002429;151960735.61
20260215 000000;0.0002429;0.0002443;0.0002308;0.0002346;155645801.14
20260216 000000;0.0002346;0.0002388;0.0002306;0.0002356;150909921.63
20260217 000000;0.0002356;0.0002381;0.0002307;0.0002346;157110725.42
20260218 000000;0.0002346;0.0002359;0.0002256;0.0002259;154865646.04
20260219 000000;0.0002259;0.0002308;0.0002214;0.0002217;162809473.77
20260220 000000;0.0002217;0.0002251;0.0002209;0.0002245;164117519.04
20260221 000000;0.0002245;0.0002283;0.000222;0.000224;165093079.31
20260222 000000;0.000224;0.0002259;0.000222;0.0002231;170417303.1
20260223 000000;0.0002231;0.000224;0.0002158;0.0002185;187468974.15
20260224 000000;0.0002185;0.0002232;0.0002163;0.0002229;173438556.22
20260225 000000;0.0002229;0.0002468;0.0002222;0.0002395;155445391.64
20260226 000000;0.0002395;0.0002452;0.0002317;0.0002374;161605072.98
20260227 000000;0.0002374;0.0002423;0.0002221;0.0002246;149014336.43
20260228 000000;0.0002246;0.000232;0.00022;0.0002317;171224079.36
20260301 000000;0.0002317;0.0002401;0.0002255;0.0002259;166320947.68
20260302 000000;0.0002259;0.00024;0.0002255;0.0002368;163527258.08
20260303 000000;0.0002368;0.0002371;0.0002246;0.0002295;167407720.79
20260304 000000;0.0002295;0.0002551;0.0002231;0.0002456;160202226.52
20260305 000000;0.0002456;0.000248;0.0002353;0.0002364;162271559.48
20260306 000000;0.0002364;0.0002403;0.0002259;0.0002324;149236967.34
20260307 000000;0.0002324;0.0002412;0.0002271;0.0002293;151586561.03
20260308 000000;0.0002293;0.0002324;0.0002227;0.0002247;168636157.05
20260309 000000;0.0002247;0.0002391;0.0002227;0.0002303;186506649.9
20260310 000000;0.0002303;0.0002359;0.0002288;0.0002316;145444421.69
20260311 000000;0.0002316;0.0002349;0.0002289;0.0002318;161421182.11
20260312 000000;0.0002318;0.0002367;0.0002291;0.0002332;157184875.1
20260313 000000;0.0002332;0.0002444;0.000233;0.000234;164643322.13
20260314 000000;0.000234;0.0002622;0.0002316;0.0002417;167704825.53
20260315 000000;0.0002417;0.0002527;0.0002397;0.0002524;152703833.37
20260316 000000;0.0002524;0.0002696;0.0002512;0.0002674;148751264.49
20260317 000000;0.0002674;0.0002674;0.0002582;0.0002619;143596475.14
20260318 000000;0.0002619;0.0002626;0.0002465;0.0002489;146427861.35
20260319 000000;0.0002489;0.0002504;0.0002423;0.0002459;150182641.06
20260320 000000;0.0002459;0.0002482;0.00024;0.0002429;154130876.93
20260321 000000;0.0002429;0.0002463;0.0002392;0.0002402;151591340.62
20260322 000000;0.0002402;0.0002424;0.0002329;0.0002358;155503390.35
20260323 000000;0.0002358;0.0002464;0.000235;0.0002424;161627131.26
20260324 000000;0.0002424;0.0002458;0.0002348;0.000238;159762779.6
20260325 000000;0.000238;0.0002398;0.0002353;0.0002369;157115778.22
20260326 000000;0.0002369;0.0002382;0.0002252;0.0002297;168112619.22
20260327 000000;0.0002297;0.0002309;0.00022;0.0002203;168203071.13
20260328 000000;0.0002203;0.0002248;0.0002203;0.0002211;167520663.87
20260329 000000;0.0002211;0.000231;0.0002128;0.000215;190962744.71
20260330 000000;0.000215;0.0002258;0.0002147;0.0002184;170882302.5
20260331 000000;0.0002184;0.0002234;0.0002162;0.0002222;170814228.16
20260401 000000;0.0002222;0.0002301;0.0002203;0.0002266;165585029.21
20260402 000000;0.0002266;0.0002271;0.0002149;0.0002199;170673664.09
20260403 000000;0.0002199;0.0002265;0.0002164;0.000221;171336897.47
20260404 000000;0.000221;0.0002278;0.0002208;0.0002257;172603290.88
20260405 000000;0.0002257;0.0002314;0.0002216;0.0002314;173421288.89
20260406 000000;0.0002314;0.0002351;0.000229;0.0002293;160323241.19
20260407 000000;0.0002293;0.0002484;0.0002241;0.0002457;165081146.29
20260408 000000;0.0002457;0.000246;0.0002347;0.0002369;157860416.18
20260409 000000;0.0002369;0.0002426;0.0002323;0.0002383;159412943.61
20260410 000000;0.0002383;0.0002435;0.0002366;0.0002425;154004016.26
20260411 000000;0.0002425;0.0002489;0.0002423;0.0002487;150754775.11
20260412 000000;0.0002487;0.0002489;0.0002382;0.0002387;153477050.27
20260413 000000;0.0002387;0.0002543;0.000237;0.0002532;153663464.29
20260414 000000;0.0002532;0.0002541;0.0002386;0.0002401;150526776.04
20260415 000000;0.0002401;0.0002504;0.0002396;0.0002494;153511640.23
20260416 000000;0.0002494;0.0002497;0.0002343;0.0002442;158998959.35
20260417 000000;0.0002442;0.0002533;0.0002407;0.0002489;155898948.7
20260418 000000;0.0002489;0.0002489;0.0002377;0.000238;154043564.57
20260419 000000;0.000238;0.0002402;0.0002322;0.0002326;154759925.46
20260420 000000;0.0002326;0.0002448;0.0002326;0.0002368;168112427.75
20260421 000000;0.0002368;0.0002381;0.0002209;0.0002213;165871337.3
20260422 000000;0.0002213;0.0002361;0.0002208;0.0002256;175648012.4
20260423 000000;0.0002256;0.0002272;0.0002103;0.0002199;178542961.79
20260424 000000;0.0002199;0.0002248;0.0002193;0.0002233;172195677.05
20260425 000000;0.0002233;0.0002272;0.0002218;0.000225;167810791.14
20260426 000000;0.000225;0.0002302;0.0002248;0.00023;163597681.07
20260427 000000;0.00023;0.0002307;0.0002204;0.0002221;168381886.84
20260428 000000;0.0002221;0.0002223;0.0002172;0.0002221;172567265.5
20260429 000000;0.0002221;0.0002243;0.0002089;0.0002101;169129956.15
20260430 000000;0.0002101;0.0002212;0.00021;0.0002175;176059335.83
20260501 000000;0.0002175;0.0002206;0.0002165;0.000219;170993063.92
20260502 000000;0.000219;0.0002289;0.0002183;0.0002241;165433848.23
20260503 000000;0.0002241;0.0002245;0.0002201;0.0002205;166079906.76
20260504 000000;0.0002205;0.0002292;0.0002202;0.0002217;170996618.3
20260505 000000;0.0002217;0.0002267;0.000221;0.0002251;166700036.45
20260506 000000;0.0002251;0.0002268;0.0002209;0.0002238;167163113.27
20260507 000000;0.0002238;0.000224;0.0002183;0.0002185;166025667.63
20260508 000000;0.0002185;0.0002256;0.0002183;0.0002253;168785960.31
20260509 000000;0.0002253;0.000229;0.000225;0.0002287;163428710.21
20260510 000000;0.0002287;0.0002445;0.0002277;0.0002445;184584528.69
20260511 000000;0.0002445;0.0002469;0.0002359;0.000246;163939406.65
20260512 000000;0.000246;0.0002461;0.0002305;0.0002305;159751055.85
20260513 000000;0.0002305;0.0002343;0.0002227;0.0002241;150742515.31
20260514 000000;0.0002241;0.0002362;0.0002175;0.000236;173647892.98
20260515 000000;0.000236;0.000236;0.0002229;0.000224;168691321.14
20260516 000000;0.000224;0.0002582;0.0002229;0.0002424;129961892.92
20260517 000000;0.0002424;0.0002481;0.0002415;0.0002419;159814276.35
20260518 000000;0.0002419;0.000359;0.0002414;0.0002752;161548947.95
20260519 000000;0.0002752;0.000308;0.000247;0.0002667;208619948.02
20260520 000000;0.0002667;0.0002684;0.0002542;0.0002545;148773852.42
20260521 000000;0.0002545;0.0002556;0.0002446;0.0002465;159320865.97
20260522 000000;0.0002465;0.0002505;0.0002421;0.0002425;156814009.96
20260523 000000;0.0002425;0.0002434;0.0002328;0.0002422;164162342.86
20260524 000000;0.0002422;0.0002715;0.0002394;0.0002677;175457894.67
20260525 000000;0.0002677;0.000283;0.0002549;0.0002615;155234884.5
20260526 000000;0.0002615;0.0002675;0.0002582;0.0002593;144652036.86
20260527 000000;0.0002593;0.0002694;0.0002488;0.0002538;151726767.17
20260528 000000;0.0002538;0.0002609;0.0002472;0.0002503;156016952.14
20260529 000000;0.0002503;0.0002609;0.000248;0.0002538;167624303.72
20260530 000000;0.0002538;0.0002566;0.000249;0.0002525;153082708.37
20260531 000000;0.0002525;0.0002551;0.0002487;0.0002508;147002402.26
20260601 000000;0.0002508;0.0002523;0.0002457;0.0002483;149103494.98
20260602 000000;0.0002483;0.0002504;0.0002293;0.0002308;159708178.93
20260603 000000;0.0002308;0.0002381;0.0002277;0.0002301;170297910.48
20260604 000000;0.0002301;0.0002309;0.0002192;0.0002251;172138939.27
20260605 000000;0.0002251;0.0002256;0.0002041;0.0002078;180007979.37
20260606 000000;0.0002078;0.0002097;0.0002011;0.0002072;183994042.48
20260607 000000;0.0002072;0.0002191;0.0002066;0.0002163;177020678.51
20260608 000000;0.0002163;0.000221;0.0002101;0.0002193;179582864.67
20260609 000000;0.0002193;0.0002202;0.0002107;0.0002125;174643230.55
20260610 000000;0.0002125;0.0002165;0.0002094;0.0002098;185769733.91
20260611 000000;0.0002098;0.0002179;0.0002098;0.0002154;176745558.37
20260612 000000;0.0002154;0.00022;0.000215;0.0002154;171075028.67
20260613 000000;0.0002154;0.0002203;0.0002151;0.0002197;171601284.67
20260614 000000;0.0002197;0.0002219;0.0002162;0.0002216;169799149.2
20260615 000000;0.0002216;0.0002335;0.00022;0.0002287;169701413.52
20260616 000000;0.0002287;0.0002325;0.0002256;0.0002291;164250371.19
20260617 000000;0.0002291;0.0002338;0.0002256;0.000229;172638534.18
20260618 000000;0.000229;0.0002297;0.0002147;0.0002182;176005076.26
20260619 000000;0.0002182;0.0002203;0.0002156;0.0002178;172167146.47
20260620 000000;0.0002178;0.000222;0.0002177;0.0002217;137244961.04
