20230622 000000;6.77;7.049;6.622;6.641;6081.866
20230623 000000;6.641;7.081;6.616;6.937;4201.651
20230624 000000;6.937;7.215;6.864;7.12;6054.754
20230625 000000;7.12;7.501;7.117;7.262;6433.623
20230626 000000;7.262;7.392;6.976;7.213;4896.316
20230627 000000;7.213;7.292;7.063;7.223;3019.91
20230628 000000;7.223;7.224;6.454;6.769;4134.248
20230629 000000;6.769;7.045;6.731;6.906;3010.908
20230630 000000;6.906;9.615;6.843;8.686;37210.563
20230701 000000;8.686;9.183;8.005;8.206;8281.084
20230702 000000;8.206;9;8.092;8.733;9123.441
20230703 000000;8.733;9.68;8.703;9.236;9376.098
20230704 000000;9.236;9.708;9.014;9.016;4054.294
20230705 000000;9.016;9.216;8.128;8.305;5184.685
20230706 000000;8.305;9.068;8.277;8.282;5415.835
20230707 000000;8.282;8.544;8.112;8.186;3088.234
20230708 000000;8.186;8.362;7.75;8.103;2856.62
20230709 000000;8.103;8.145;7.854;7.891;2634.12
20230710 000000;7.891;8.369;7.677;8.136;4901.769
20230711 000000;8.136;8.191;7.945;8.055;2522.983
20230712 000000;8.055;8.321;7.976;8.167;2838.637
20230713 000000;8.167;8.773;7.998;8.764;4310.057
20230714 000000;8.764;8.929;8.078;8.561;3242.672
20230715 000000;8.561;8.588;8.295;8.334;2083.658
20230716 000000;8.334;8.388;7.956;7.993;3927.667
20230717 000000;7.993;8.239;7.83;8.171;3165.364
20230718 000000;8.171;8.245;7.855;8.032;2698.675
20230719 000000;8.032;8.2;7.95;8.043;2752.792
20230720 000000;8.043;8.393;7.982;8.391;5232.051
20230721 000000;8.391;8.573;8.248;8.467;4433.639
20230722 000000;8.467;8.855;8.442;8.748;3316.229
20230723 000000;8.748;9.535;8.703;9.235;9964.389
20230724 000000;9.235;9.451;8.371;8.647;7444.814
20230725 000000;8.647;8.817;8.524;8.551;2672.623
20230726 000000;8.551;9.365;8.454;9.197;3031.18
20230727 000000;9.197;10;9.114;9.716;10013.228
20230728 000000;9.716;10.194;9.502;9.533;7236.354
20230729 000000;9.533;9.626;9.273;9.289;2135.844
20230730 000000;9.289;9.462;8.879;9.138;3496.271
20230731 000000;9.138;9.394;8.978;9.029;2265.562
20230801 000000;9.029;9.632;8.846;9.632;3441.514
20230802 000000;9.632;9.742;9.231;9.259;3201.824
20230803 000000;9.259;9.489;9.128;9.215;2049.03
20230804 000000;9.215;9.572;9.101;9.261;2752.347
20230805 000000;9.261;9.33;9.058;9.263;2528.628
20230806 000000;9.263;9.506;9.225;9.401;2488.405
20230807 000000;9.401;9.502;8.857;9.041;2509.24
20230808 000000;9.041;9.041;8.595;8.713;3341.1
20230809 000000;8.713;8.778;8.551;8.671;3782.728
20230810 000000;8.671;8.813;8.586;8.625;2607.54
20230811 000000;8.625;8.727;8.544;8.718;2303.951
20230812 000000;8.718;8.779;8.655;8.678;2140.412
20230813 000000;8.678;8.769;8.553;8.624;2242.152
20230814 000000;8.624;8.867;8.566;8.815;2719.135
20230815 000000;8.815;8.817;7.604;8.003;3516.707
20230816 000000;8.003;8.024;7.513;7.807;3447.113
20230817 000000;7.807;7.896;6.374;7.09;3172.329
20230818 000000;7.09;7.368;7.082;7.237;2446.65
20230819 000000;7.237;7.339;7.139;7.279;2553.464
20230820 000000;7.279;7.313;7.096;7.213;2342.393
20230821 000000;7.213;7.227;7.002;7.155;2429.593
20230822 000000;7.155;7.281;6.97;7.281;3415.287
20230823 000000;7.281;7.52;7.223;7.414;2684.148
20230824 000000;7.414;7.417;7.016;7.134;5239.853
20230825 000000;7.134;7.179;6.946;7.127;6027.137
20230826 000000;7.127;7.218;7.043;7.098;2518.347
20230827 000000;7.098;7.143;6.778;6.826;3430.431
20230828 000000;6.826;6.929;6.65;6.903;2788.417
20230829 000000;6.903;8.124;6.765;7.835;20447.71
20230830 000000;7.835;7.935;7.623;7.935;6049.556
20230831 000000;7.935;7.994;7.388;7.553;4537.744
20230901 000000;7.553;7.735;7.272;7.327;3217.387
20230902 000000;7.327;7.374;7.027;7.207;2782.562
20230903 000000;7.207;7.32;7.123;7.276;2734.5
20230904 000000;7.276;7.438;7.035;7.114;2476.247
20230905 000000;7.114;7.363;7.019;7.309;3024.294
20230906 000000;7.309;7.394;7.114;7.339;2773.523
20230907 000000;7.339;7.351;7.043;7.275;2916.985
20230908 000000;7.275;7.332;7.15;7.228;2808.434
20230909 000000;7.228;7.311;7.17;7.184;2404.592
20230910 000000;7.184;7.187;6.746;6.931;2813.343
20230911 000000;6.931;6.995;6.631;6.807;5903.796
20230912 000000;6.807;7.047;6.763;6.831;5106.35
20230913 000000;6.831;7.047;6.831;7.021;3578.721
20230914 000000;7.021;7.148;6.874;6.977;3570.151
20230915 000000;6.977;7.302;6.919;7.297;4704.592
20230916 000000;7.297;7.469;7.285;7.422;7045.231
20230917 000000;7.422;7.423;7.002;7.098;4697.328
20230918 000000;7.098;7.662;7.039;7.299;6276.405
20230919 000000;7.299;7.654;7.262;7.61;5089.711
20230920 000000;7.61;7.68;7.465;7.604;4053.234
20230921 000000;7.604;7.672;7.183;7.398;5354.659
20230922 000000;7.398;7.528;7.342;7.476;3446.825
20230923 000000;7.476;7.579;7.348;7.398;3678.605
20230924 000000;7.398;7.416;7.206;7.218;4106.678
20230925 000000;7.218;7.678;7.146;7.547;8033.791
20230926 000000;7.547;7.63;7.353;7.56;3904.786
20230927 000000;7.56;7.774;7.532;7.612;4284.459
20230928 000000;7.612;7.894;7.598;7.79;3905.326
20230929 000000;7.79;7.82;7.63;7.775;4263.575
20230930 000000;7.775;7.809;7.683;7.768;3622.984
20231001 000000;7.768;8.465;7.749;8.36;4509.035
20231002 000000;8.36;8.385;7.985;8.101;3759.375
20231003 000000;8.101;8.205;7.559;7.68;3552.182
20231004 000000;7.68;8.097;7.393;8.019;4641.253
20231005 000000;8.019;8.239;7.775;7.802;9455.711
20231006 000000;7.802;8.249;7.799;8.147;4712.081
20231007 000000;8.147;8.214;7.982;8.029;3828.156
20231008 000000;8.029;8.062;7.8;8.03;3744.057
20231009 000000;8.03;8.089;7.431;7.526;3647.958
20231010 000000;7.526;7.895;7.189;7.374;3821.743
20231011 000000;7.374;7.469;7.263;7.334;4040.426
20231012 000000;7.334;7.413;7.192;7.339;4576.85
20231013 000000;7.339;7.493;7.269;7.355;4239.497
20231014 000000;7.355;7.397;7.281;7.335;4431.942
20231015 000000;7.335;7.587;7.311;7.535;4229.193
20231016 000000;7.535;7.967;7.53;7.735;6329.134
20231017 000000;7.735;7.843;7.519;7.529;3871.766
20231018 000000;7.529;7.799;7.407;7.465;4000.661
20231019 000000;7.465;7.54;7.343;7.352;3992.315
20231020 000000;7.352;7.942;7.312;7.847;4754.472
20231021 000000;7.847;8.536;7.831;8.364;5426.691
20231022 000000;8.364;8.422;7.956;8.348;5215.155
20231023 000000;8.348;8.829;8.103;8.754;6305.233
20231024 000000;8.754;9.213;8.52;8.995;4584.001
20231025 000000;8.995;9.173;8.755;8.959;4114.136
20231026 000000;8.959;9.448;8.777;9.02;3578.625
20231027 000000;9.02;9.346;8.758;9.096;5419.809
20231028 000000;9.096;9.336;9.027;9.108;3203.441
20231029 000000;9.108;9.235;8.881;9.061;3083.641
20231030 000000;9.061;9.207;8.776;9.011;3774.11
20231031 000000;9.011;9.206;8.563;8.928;3696.178
20231101 000000;8.928;9.445;8.701;9.268;3618.413
20231102 000000;9.268;9.456;8.891;9.105;3404.591
20231103 000000;9.105;9.399;8.787;9.354;3358.092
20231104 000000;9.354;9.478;9.124;9.431;4189.308
20231105 000000;9.431;9.989;9.419;9.865;7837.459
20231106 000000;9.865;10.884;9.756;10.699;10218.502
20231107 000000;10.699;11.959;10.457;11.61;20425.867
20231108 000000;11.61;13.333;11.362;12.835;12390.75
20231109 000000;12.835;12.973;10.715;12.291;13869.757
20231110 000000;12.291;12.399;11.243;11.907;11481.307
20231111 000000;11.907;12.388;11.411;11.904;6250.699
20231112 000000;11.904;12.715;11.384;11.726;6851.444
20231113 000000;11.726;12.188;11.144;11.312;5508.573
20231114 000000;11.312;11.555;10.372;10.859;3944.947
20231115 000000;10.859;11.559;10.743;11.357;6508.402
20231116 000000;11.357;11.83;10.716;10.856;6313.383
20231117 000000;10.856;11.247;10.202;10.707;3329.634
20231118 000000;10.707;10.969;10.042;10.928;4157.792
20231119 000000;10.928;11.119;10.601;11.062;4588.955
20231120 000000;11.062;11.215;10.545;10.654;3908.249
20231121 000000;10.654;10.923;9.247;9.301;11227.038
20231122 000000;9.301;9.999;9.282;9.916;8964.853
20231123 000000;9.916;10.074;9.713;9.956;4651.31
20231124 000000;9.956;10.358;9.917;10.183;10551.884
20231125 000000;10.183;10.586;10.121;10.415;5949.739
20231126 000000;10.415;10.614;9.955;10.389;3534.325
20231127 000000;10.389;10.454;9.597;9.803;6662.579
20231128 000000;9.803;10.115;9.545;9.985;3830.636
20231129 000000;9.985;10.126;9.725;9.807;5472.311
20231130 000000;9.807;10.058;9.76;10.048;4592.611
20231201 000000;10.048;10.2;9.856;10.166;3674.626
20231202 000000;10.166;10.5;10.127;10.477;5714.087
20231203 000000;10.477;10.685;10.262;10.441;6172.812
20231204 000000;10.441;11.468;10.349;11.449;5717.879
20231205 000000;11.449;11.709;10.906;11.145;6115.76
20231206 000000;11.145;11.305;10.62;10.895;4671.694
20231207 000000;10.895;11.426;10.793;11.23;5501.161
20231208 000000;11.23;11.568;11.06;11.453;7632.385
20231209 000000;11.453;11.939;11.205;11.315;7196.22
20231210 000000;11.315;11.558;10.917;11.503;4001.608
20231211 000000;11.503;11.566;9.786;10.123;6038.958
20231212 000000;10.123;10.573;10.104;10.455;4985.761
20231213 000000;10.455;10.561;9.847;10.405;4989.361
20231214 000000;10.405;10.546;9.932;10.406;9940.538
20231215 000000;10.406;10.439;9.647;9.709;14111.027
20231216 000000;9.709;10.116;9.69;9.908;22978.7
20231217 000000;9.908;10.153;9.579;9.795;3326.752
20231218 000000;9.795;9.857;8.9;9.426;4989.918
20231219 000000;9.426;9.703;9.027;9.103;3953.072
20231220 000000;9.103;10.016;8.993;9.737;5508.206
20231221 000000;9.737;10.316;9.598;10.086;6221.775
20231222 000000;10.086;10.25;9.768;10.231;31893.01
20231223 000000;10.231;10.253;9.725;10.116;5360.222
20231224 000000;10.116;10.37;9.831;10.115;13923.368
20231225 000000;10.115;11.072;10.09;10.832;16369.999
20231226 000000;10.832;11.473;10.123;11.101;12524.349
20231227 000000;11.101;11.708;10.496;11.244;7992.006
20231228 000000;11.244;11.767;10.897;10.961;9402.189
20231229 000000;10.961;11.029;9.415;9.632;12698.473
20231230 000000;9.632;9.999;9.411;9.526;10068.588
20231231 000000;9.526;9.725;8.649;9.044;8657.437
