20240101 000000;9.044;9.336;8.707;9.293;8165.527
20240102 000000;9.293;9.736;9.071;9.237;12919.025
20240103 000000;9.237;9.518;6.854;8.012;12420.319
20240104 000000;8.012;8.277;7.507;7.685;11308.162
20240105 000000;7.685;8.023;7.368;7.857;16424.498
20240106 000000;7.857;7.875;7.192;7.553;14146.199
20240107 000000;7.553;7.729;7.206;7.298;13149.436
20240108 000000;7.298;7.64;6.604;7.587;6661.859
20240109 000000;7.587;7.592;6.843;7.11;7648.072
20240110 000000;7.11;8.286;7.024;8.045;33014.911
20240111 000000;8.045;8.729;7.91;8.401;14955.183
20240112 000000;8.401;10.543;8.338;9.136;32678.421
20240113 000000;9.136;9.416;8.859;9.287;13585.943
20240114 000000;9.287;9.55;8.883;8.918;10792.585
20240115 000000;8.918;9.168;8.713;8.857;9395.091
20240116 000000;8.857;8.996;8.461;8.535;6952.166
20240117 000000;8.535;8.749;8.431;8.659;4805.5
20240118 000000;8.659;8.664;8.113;8.433;15713.435
20240119 000000;8.433;8.587;7.897;8.417;4903.606
20240120 000000;8.417;8.606;8.22;8.424;4032.172
20240121 000000;8.424;8.547;8.268;8.289;5309.193
20240122 000000;8.289;8.325;7.671;7.72;7122.921
20240123 000000;7.72;7.94;7.21;7.632;5316.783
20240124 000000;7.632;7.803;7.479;7.675;10041.438
20240125 000000;7.675;7.745;7.481;7.689;3906.545
20240126 000000;7.689;8.096;7.545;8.026;5139.615
20240127 000000;8.026;8.159;7.894;8.107;3698.709
20240128 000000;8.107;8.229;7.818;7.922;4725.813
20240129 000000;7.922;8.134;7.8;8.105;5752.345
20240130 000000;8.105;8.237;7.899;7.934;4131.244
20240131 000000;7.934;8.214;7.7;7.779;8092.938
20240201 000000;7.779;8.035;7.702;7.982;5209.934
20240202 000000;7.982;8.091;7.801;7.98;6139.89
20240203 000000;7.98;8.031;7.827;7.932;5495.581
20240204 000000;7.932;7.938;7.724;7.753;4432.342
20240205 000000;7.753;7.98;7.631;7.822;4515.95
20240206 000000;7.822;8.735;7.767;8.188;12830.987
20240207 000000;8.188;8.539;8.155;8.427;6353.972
20240208 000000;8.427;8.511;8.208;8.263;5405.843
20240209 000000;8.263;8.458;7.986;8.039;6615.796
20240210 000000;8.039;8.125;7.809;7.999;4148.972
20240211 000000;7.999;8.094;7.833;7.861;11188.863
20240212 000000;7.861;8.081;7.611;7.968;12054.477
20240213 000000;7.968;8.088;7.7;7.91;7259.737
20240214 000000;7.91;8.229;7.806;8.172;6714.514
20240215 000000;8.172;8.539;8.169;8.478;5732.175
20240216 000000;8.478;8.991;8.339;8.492;23519.681
20240217 000000;8.492;12.575;8.365;12.235;72435.78
20240218 000000;12.235;14;10.813;11.185;33826.336
20240219 000000;11.185;12.001;10.604;10.832;11821.707
20240220 000000;10.832;11.145;9.585;10.14;9366.09
20240221 000000;10.14;10.302;9.645;10.04;7347.156
20240222 000000;10.04;11.037;9.756;10.219;11314.008
20240223 000000;10.219;10.505;9.923;10.165;16589.046
20240224 000000;10.165;10.398;9.901;10.176;5619.879
20240225 000000;10.176;10.759;10.139;10.377;11124.713
20240226 000000;10.377;10.834;10.171;10.805;10377.814
20240227 000000;10.805;11.249;10.43;11.191;8769.653
20240228 000000;11.191;11.57;9.748;11.362;27005.337
20240229 000000;11.362;12.051;10.925;11.245;33449.538
20240301 000000;11.245;11.905;11.245;11.774;7038.085
20240302 000000;11.774;12.437;11.609;12.425;11064.761
20240303 000000;12.425;12.815;10.767;12.123;20489.139
20240304 000000;12.123;12.684;11.604;12.098;8869.864
20240305 000000;12.098;12.555;9.812;11.082;37874.156
20240306 000000;11.082;12.129;10.617;11.889;16571.067
20240307 000000;11.889;12.438;11.732;12.398;23426.336
20240308 000000;12.398;13.545;11.465;13.162;44710.475
20240309 000000;13.162;13.784;12.804;12.904;11523.805
20240310 000000;12.904;13.008;12.115;12.609;16031.641
20240311 000000;12.609;13.836;11.675;13.548;29800.35
20240312 000000;13.548;15.524;13.094;15.393;22376.15
20240313 000000;15.393;18.549;15.261;17.286;46611.143
20240314 000000;17.286;17.47;16.006;17.123;12150.736
20240315 000000;17.123;17.268;14.96;16.239;16038.905
20240316 000000;16.239;17.133;13.855;14.128;15159.993
20240317 000000;14.128;15.835;13.5;15.277;7218.895
20240318 000000;15.277;15.525;13.543;13.774;15219.834
20240319 000000;13.774;13.969;12;12.346;23368.655
20240320 000000;12.346;13.884;11.876;13.884;21221.66
20240321 000000;13.884;14.096;13.37;13.882;10462.299
20240322 000000;13.882;14.279;12.847;13.274;13156.042
20240323 000000;13.274;13.825;13.124;13.329;10072.551
20240324 000000;13.329;13.958;13.214;13.804;3039.975
20240325 000000;13.804;14.667;13.755;14.448;7687.197
20240326 000000;14.448;14.912;13.878;14.335;11553.56
20240327 000000;14.335;14.439;13.541;14.049;7499.407
20240328 000000;14.049;14.382;13.595;13.775;15617.272
20240329 000000;13.775;15.33;13.702;14.852;19172.684
20240330 000000;14.852;15.411;14.217;14.458;14470.114
20240331 000000;14.458;15.215;14.367;14.851;11252.804
20240401 000000;14.851;15.541;13.366;14.143;16066.27
20240402 000000;14.143;14.166;12.601;12.743;16727.28
20240403 000000;12.743;13.282;12.295;12.746;8573.746
20240404 000000;12.746;13.298;12.425;13.029;3665.026
20240405 000000;13.029;13.029;12.133;12.572;5911.328
20240406 000000;12.572;12.942;12.475;12.764;4720.277
20240407 000000;12.764;13.086;12.713;13.044;4584.018
20240408 000000;13.044;13.044;11.755;12.215;10857.066
20240409 000000;12.215;12.637;11.291;11.662;8573.244
20240410 000000;11.662;11.733;10.883;11.531;13249.302
20240411 000000;11.531;11.669;11.163;11.253;5651.25
20240412 000000;11.253;11.401;7.47;8.855;36161.533
20240413 000000;8.855;9.07;7.162;8.167;26057.632
20240414 000000;8.167;8.929;7.884;8.801;10688.662
20240415 000000;8.8;9.16;8.17;8.61;6244.06
20240416 000000;8.61;8.68;8.21;8.48;6879.43
20240417 000000;8.48;8.63;8.03;8.34;7642.82
20240418 000000;8.34;8.67;8.18;8.57;3926.47
20240419 000000;8.57;8.9;7.95;8.67;5205.17
20240420 000000;8.67;9.43;8.58;9.38;5880.13
20240421 000000;9.38;9.38;8.94;9.16;3210.8
20240422 000000;9.16;9.5;9.09;9.41;4366.93
20240423 000000;9.41;9.57;9.25;9.42;4260.25
20240424 000000;9.42;9.65;8.84;8.96;4455.84
20240425 000000;8.96;9.21;8.61;9;3545.55
20240426 000000;9;9.07;8.63;8.73;3747.32
20240427 000000;8.73;8.96;8.49;8.93;6629.43
20240428 000000;8.93;9.07;8.68;8.71;3952.36
20240429 000000;8.71;8.79;8.39;8.67;16922.62
20240430 000000;8.67;8.8;7.98;8.23;18641.86
20240501 000000;8.23;8.48;7.83;8.42;18812.14
20240502 000000;8.42;8.81;8.13;8.68;4219.03
20240503 000000;8.68;8.89;8.5;8.78;3578.23
20240504 000000;8.78;8.97;8.7;8.78;4328.55
20240505 000000;8.78;9.17;8.6;9.03;3554.91
20240506 000000;9.03;9.32;8.86;8.94;5615.35
20240507 000000;8.94;9.11;8.71;8.8;4797.67
20240508 000000;8.8;8.98;8.63;8.9;3186.2
20240509 000000;8.9;9.23;8.64;9.15;4271.58
20240510 000000;9.15;9.32;8.49;8.6;3564.55
20240511 000000;8.6;8.75;8.37;8.42;3316.82
20240512 000000;8.42;8.5;8.09;8.13;6193.15
20240513 000000;8.13;8.64;7.84;8.27;5273.56
20240514 000000;8.27;8.49;8.06;8.11;10396.43
20240515 000000;8.11;8.65;8.06;8.52;5508.21
20240516 000000;8.52;8.67;8.06;8.35;7389.51
20240517 000000;8.35;8.75;8.23;8.67;4658.84
20240518 000000;8.67;8.69;8.42;8.55;3473.63
20240519 000000;8.55;8.58;8.11;8.22;13590.45
20240520 000000;8.22;9.09;8.07;9.04;5040.42
20240521 000000;9.04;9.23;8.78;8.89;13293.6
20240522 000000;8.89;9.57;8.8;9.44;6695.71
20240523 000000;9.44;9.77;9.06;9.59;3854.06
20240524 000000;9.59;9.87;9.14;9.49;3973.42
20240525 000000;9.49;9.75;9.41;9.52;4601.39
20240526 000000;9.52;9.57;9.28;9.36;2952.13
20240527 000000;9.36;9.95;9.33;9.75;5806.44
20240528 000000;9.75;9.82;9.47;9.75;3761.93
20240529 000000;9.75;10.11;9.6;9.61;6511.51
20240530 000000;9.61;9.77;9.21;9.52;5570.51
20240531 000000;9.52;9.75;9.37;9.68;3725.62
20240601 000000;9.68;9.69;9.45;9.48;3026.26
20240602 000000;9.48;9.64;9.08;9.17;4576.89
20240603 000000;9.17;9.42;9.03;9.29;5120.26
20240604 000000;9.29;9.65;9.08;9.49;8610.25
20240605 000000;9.49;9.56;9.3;9.44;4796.21
20240606 000000;9.44;9.46;9.13;9.3;4249.86
20240607 000000;9.3;9.57;7.5;8.46;5837.7
20240608 000000;8.46;8.55;7.8;7.87;3923.18
20240609 000000;7.87;8.03;7.7;7.87;6419.7
20240610 000000;7.87;8.21;7.57;7.9;6343.5
20240611 000000;7.9;7.99;7.37;7.59;5645.92
20240612 000000;7.59;7.99;7.39;7.88;8283.36
20240613 000000;7.88;7.95;7.27;7.33;4075.01
20240614 000000;7.33;7.55;7.08;7.27;3953.43
20240615 000000;7.27;7.38;7.19;7.24;4489.83
20240616 000000;7.24;7.35;7.12;7.32;5704.66
20240617 000000;7.32;7.38;6.75;6.86;4380.38
20240618 000000;6.86;6.89;5.92;6.3;7539.16
20240619 000000;6.3;6.61;6.23;6.51;6336.74
20240620 000000;6.51;6.85;6.46;6.62;4564.54
20240621 000000;6.62;6.81;6.52;6.61;6167.56
20240622 000000;6.61;6.62;6.4;6.44;4372.11
20240623 000000;6.44;6.68;6.29;6.37;5251.99
20240624 000000;6.37;6.5;6.08;6.47;5294.63
20240625 000000;6.47;6.71;6.43;6.66;5351.08
20240626 000000;6.66;6.77;6.42;6.55;4585.72
20240627 000000;6.55;6.74;6.4;6.7;5966.39
20240628 000000;6.7;6.83;6.57;6.58;5686.34
20240629 000000;6.58;6.68;6.38;6.4;6235.42
20240630 000000;6.4;6.75;6.34;6.74;5135.78
20240701 000000;6.74;8;6.7;7.17;12380.67
20240702 000000;7.17;7.78;7.01;7.66;6883.29
20240703 000000;7.66;8.34;7.66;8.09;11605.88
20240704 000000;8.09;8.72;7.72;7.96;6669.35
20240705 000000;7.96;9.83;7.37;9.6;9882.99
20240706 000000;9.6;10.1;9.09;9.54;4711.89
20240707 000000;9.54;10.48;8.3;8.33;14220.25
20240708 000000;8.33;9.17;8.04;9.08;9457.67
20240709 000000;9.08;10.9;9.07;10.87;8603.85
20240710 000000;10.87;11.6;10.67;10.82;13219.55
20240711 000000;10.82;10.96;10.47;10.71;5399.59
20240712 000000;10.71;10.79;8.63;9.03;10012.81
20240713 000000;9.03;12.15;8.95;11.13;21877.79
20240714 000000;11.13;11.98;10.93;11.47;11409.49
20240715 000000;11.47;12.87;11.13;12.04;34512.27
20240716 000000;12.04;12.27;11.55;11.72;22497.47
20240717 000000;11.72;12.01;11.36;11.66;23924.19
20240718 000000;11.66;12.61;11.54;12.37;4805.45
20240719 000000;12.37;12.65;11.87;12.31;3130.17
20240720 000000;12.31;13.32;12.22;12.86;5992.28
20240721 000000;12.86;12.93;11.86;12.14;4714.14
20240722 000000;12.14;12.29;11.54;11.81;2694.94
20240723 000000;11.81;11.94;11.15;11.35;2712.62
20240724 000000;11.35;11.63;11.15;11.48;2808.23
20240725 000000;11.48;11.77;10.48;11.44;4166.16
20240726 000000;11.44;11.79;10.85;11.25;3674.1
20240727 000000;11.25;11.26;10.57;10.76;3627.72
20240728 000000;10.76;11.38;10.48;11.04;3631.08
20240729 000000;11.04;11.23;10.64;10.85;7908.16
20240730 000000;10.85;11.09;9.6;9.7;5818.41
20240731 000000;9.7;9.85;9.2;9.66;9146.98
20240801 000000;9.66;10.18;9.26;9.68;4621.14
20240802 000000;9.68;10.12;9.43;9.69;7197.53
20240803 000000;9.69;9.72;8.34;8.41;5262.73
20240804 000000;8.41;9.11;7.98;8.35;10430.73
20240805 000000;8.35;8.45;6.65;7.57;7696.95
20240806 000000;7.57;8.31;7.56;7.82;4732.71
20240807 000000;7.82;8.15;7.51;7.67;8605.52
20240808 000000;7.67;8.34;7.54;8.3;6531.95
20240809 000000;8.3;8.82;8.21;8.55;4190.6
20240810 000000;8.55;8.83;8.5;8.72;4874.1
20240811 000000;8.72;8.8;8.3;8.31;3941.06
20240812 000000;8.31;8.74;8.17;8.58;5558.55
20240813 000000;8.58;8.65;8.21;8.6;4842.58
20240814 000000;8.6;8.66;8.25;8.32;5960.16
20240815 000000;8.32;8.39;7.48;7.62;10762.96
20240816 000000;7.62;7.96;7.58;7.81;5745.99
20240817 000000;7.81;7.91;7.65;7.83;4467.16
20240818 000000;7.83;7.94;7.7;7.74;4557.93
20240819 000000;7.74;7.95;7.63;7.83;4494.03
20240820 000000;7.83;7.99;7.56;7.72;6463.6
20240821 000000;7.72;7.91;7.57;7.86;5345.71
20240822 000000;7.86;8.25;7.75;8.17;5006.94
20240823 000000;8.17;8.79;8.16;8.68;9233.4
20240824 000000;8.68;9.25;8.64;8.98;4132.85
20240825 000000;8.98;9.06;8.59;8.72;4108.91
20240826 000000;8.72;8.84;7.98;8.02;4015.41
20240827 000000;8.02;8.33;7.52;7.7;5723.05
20240828 000000;7.7;7.78;7.21;7.42;4613.98
20240829 000000;7.42;7.84;7.37;7.52;22595.36
20240830 000000;7.52;7.63;7.2;7.52;4325.92
20240831 000000;7.52;7.55;7.25;7.31;4369.05
20240901 000000;7.31;7.41;7.04;7.08;4889.37
20240902 000000;7.08;7.41;7.04;7.36;5067.44
20240903 000000;7.36;7.54;7.15;7.16;2854.25
20240904 000000;7.16;7.51;6.83;7.37;1299.99
20240905 000000;7.37;7.49;7.17;7.28;1845.19
20240906 000000;7.28;7.92;7.19;7.79;5483.56
20240907 000000;7.79;8.18;7.72;7.99;5374.68
20240908 000000;7.99;8.34;7.92;8.18;1953.97
20240909 000000;8.18;8.33;8.03;8.22;1520.77
20240910 000000;8.22;8.27;8.03;8.11;1531.99
20240911 000000;8.11;8.11;7.62;7.79;1279.06
20240912 000000;7.79;8.12;7.76;8.12;1413.35
20240913 000000;8.12;8.24;7.95;8.16;2064.8
20240914 000000;8.16;8.29;8.05;8.1;867.89
20240915 000000;8.1;8.26;7.79;7.83;1346.22
20240916 000000;7.83;7.91;7.59;7.68;1262.86
20240917 000000;7.68;7.94;7.65;7.87;888.23
20240918 000000;7.87;8.09;7.59;8.09;2511.85
20240919 000000;8.09;8.45;8.09;8.34;4221.92
20240920 000000;8.34;8.53;8.06;8.25;1435.1
20240921 000000;8.25;8.38;8.13;8.37;799.15
20240922 000000;8.37;8.41;7.88;8.07;1007.67
20240923 000000;8.07;8.37;7.91;8.24;3736.48
20240924 000000;8.24;8.5;8.07;8.44;2126.88
20240925 000000;8.44;8.67;8.21;8.26;1197.63
20240926 000000;8.26;8.67;8.15;8.61;6929.28
20240927 000000;8.61;8.83;8.54;8.77;4602.91
20240928 000000;8.77;8.86;8.44;8.57;1331.06
20240929 000000;8.57;8.64;8.27;8.5;1809.56
20240930 000000;8.5;8.55;8;8.07;3180.85
20241001 000000;8.07;8.25;7.27;7.58;3687.07
20241002 000000;7.58;7.8;7.15;7.34;1432.97
20241003 000000;7.34;7.49;7.05;7.34;3379.65
20241004 000000;7.34;7.58;7.27;7.54;2805.4
20241005 000000;7.54;7.67;7.39;7.52;1624.73
20241006 000000;7.52;8.05;7.47;8;1521.45
20241007 000000;8;8.27;7.81;7.82;3806.23
20241008 000000;7.82;8.03;7.72;7.84;1984.6
20241009 000000;7.84;7.94;7.65;7.75;2718.99
20241010 000000;7.75;8.08;7.68;8.08;2499.69
20241011 000000;8.08;8.53;7.98;8.32;5832.05
20241012 000000;8.32;8.43;8.07;8.14;4350.11
20241013 000000;8.14;8.33;7.98;8.15;600.13
20241014 000000;8.15;8.43;8.03;8.36;2268.7
20241015 000000;8.36;8.51;8.08;8.28;8320.74
20241016 000000;8.28;8.6;8.13;8.15;8549
20241017 000000;8.15;8.26;7.84;8.04;7951.79
20241018 000000;8.04;8.18;7.96;8.13;7035.63
20241019 000000;8.13;8.18;7.9;8.12;9149.65
20241020 000000;8.12;8.4;7.93;8.39;7830.93
20241021 000000;8.39;8.43;7.91;7.98;7861.19
20241022 000000;7.98;8.07;7.73;7.93;9430.56
20241023 000000;7.93;7.94;7.48;7.7;9568.19
20241024 000000;7.7;7.83;7.61;7.8;9334.08
20241025 000000;7.8;7.84;7.1;7.36;8622.21
20241026 000000;7.36;7.42;7.1;7.31;9240.91
20241027 000000;7.31;7.52;7.27;7.49;7793.29
20241028 000000;7.49;7.75;7.34;7.66;11527.7
20241029 000000;7.66;7.88;7.58;7.85;9849.27
20241030 000000;7.85;7.87;7.6;7.6;9155.15
20241031 000000;7.6;7.65;7.25;7.38;9159.18
20241101 000000;7.38;7.52;7.22;7.32;9811.95
20241102 000000;7.32;7.53;7.28;7.44;49615.39
20241103 000000;7.44;7.45;6.97;7.2;9195.43
20241104 000000;7.2;7.31;6.9;6.99;11198.47
20241105 000000;6.99;7.3;6.9;7.14;25984.28
20241106 000000;7.14;7.86;7.14;7.82;14293.24
20241107 000000;7.82;8.04;7.77;7.99;8545.74
20241108 000000;7.99;8.05;7.77;7.96;27032.97
20241109 000000;7.96;8.24;7.86;8.2;16891.17
20241110 000000;8.2;10.6;8.13;9.38;48712.31
20241111 000000;9.38;9.75;8.9;9.72;10051.29
20241112 000000;9.72;9.84;8.7;9.19;11221.25
20241113 000000;9.19;9.36;8.4;8.94;9630.64
20241114 000000;8.94;9.23;8.59;8.79;9902.38
20241115 000000;8.79;8.99;8.38;8.92;8176.77
20241116 000000;8.92;9.74;8.72;9.6;52270.6
20241117 000000;9.6;9.71;8.92;9.39;73474.82
20241118 000000;9.39;9.69;9.1;9.58;10991.35
20241119 000000;9.58;9.67;9.115;9.4;9027.27
20241120 000000;9.4;9.409;8.265;8.388;13451.73
20241121 000000;8.388;8.846;8.059;8.592;22971.99
20241122 000000;8.592;8.76;8.204;8.713;12584.48
20241123 000000;8.713;10.935;8.665;10.536;42765.63
20241124 000000;10.536;13.549;10.524;11.587;64187
20241125 000000;11.587;13.012;11.072;12.025;25570.04
20241126 000000;12.025;12.6;11.14;11.922;18872.98
20241127 000000;11.922;16.25;11.807;16.25;39357.25
20241128 000000;16.25;16.8;14.75;15.015;34562.78
20241129 000000;15.015;16.599;14.065;14.889;23267.14
20241130 000000;14.889;18.095;14.78;16.325;25912.32
20241201 000000;16.325;17.804;15.812;17.694;22903.38
20241202 000000;17.694;18.83;16.059;17.632;32663.9
20241203 000000;17.632;18.532;15.667;17.122;45726.57
20241204 000000;17.122;17.749;16.089;16.453;66843.6
20241205 000000;16.453;17.694;15.722;16.357;61377.59
20241206 000000;16.357;17.591;16.351;17.529;27836.77
20241207 000000;17.529;19.437;17.395;17.61;15367.75
20241208 000000;17.61;18.15;17.012;17.446;21263.93
20241209 000000;17.446;17.446;12.169;13.966;32188.9
20241210 000000;13.966;14.334;12.23;13.615;18054.33
20241211 000000;13.615;15.209;13.053;15.006;15770.85
20241212 000000;15.006;16.305;14.864;15.567;17231.06
20241213 000000;15.567;15.767;14.84;15.183;8357.03
20241214 000000;15.183;15.378;14.285;14.752;23883.46
20241215 000000;14.752;15.348;14.374;15.101;27205.78
20241216 000000;15.101;15.555;14.158;14.54;12110.17
20241217 000000;14.54;15.411;14.061;14.539;18685.63
20241218 000000;14.539;15.56;13.513;14.498;17529.75
20241219 000000;14.498;16.797;14.238;15.86;34278.47
20241220 000000;15.86;28.5;15.67;26.142;128651.31
20241221 000000;26.142;30;24.331;26.986;46222.06
20241222 000000;26.986;32.012;25.392;29.061;57460.76
20241223 000000;29.061;34.718;27.403;33.829;35815.08
20241224 000000;33.829;39.587;32.971;38.36;43659.59
20241225 000000;38.36;46.249;36.631;38.915;46393.76
20241226 000000;38.915;42.013;33.618;37.581;22009.81
20241227 000000;37.581;38.548;29.227;29.694;25291.61
20241228 000000;29.694;31.472;27.4;30.75;18787.35
20241229 000000;30.75;34.509;28.962;29.706;15967.83
20241230 000000;29.706;30.083;26.975;27.593;10130.92
20241231 000000;27.593;30.68;26.578;29.015;10311.07
