20250101 000000;0.0000006;0.0000023;0.000000562;0.00000074;986983091689.4
20250102 000000;0.00000074;0.000000809;0.00000058;0.000000614;636891403055.97
20250103 000000;0.000000614;0.000000618;0.000000565;0.000000593;1037648886865.01
20250104 000000;0.000000593;0.000000792;0.000000518;0.000000706;780345310381.2
20250105 000000;0.000000706;0.000000791;0.00000046;0.000000486;743180248810.17
20250106 000000;0.000000486;0.000000624;0.000000343;0.0000006;762790474509.59
20250107 000000;0.0000006;0.000000725;0.00000038;0.000000442;765722085551.97
20250108 000000;0.000000442;0.000000693;0.000000388;0.000000483;1180680313049.83
20250109 000000;0.000000483;0.000000483;0.000000403;0.000000403;1306096525538.69
20250110 000000;0.000000403;0.000000415;0.000000395;0.000000395;1200024908736.38
20250111 000000;0.000000395;0.000000522;0.000000395;0.000000444;1137979091752.4
20250112 000000;0.000000444;0.000000445;0.00000043;0.00000043;1100600301702.09
20250113 000000;0.00000043;0.000000441;0.000000407;0.000000428;1661950080515.17
20250114 000000;0.000000428;0.000000428;0.000000415;0.00000042;1138123706364.93
20250115 000000;0.00000042;0.00000042;0.000000381;0.000000394;752066987523.56
20250116 000000;0.000000394;0.000000446;0.000000389;0.000000436;1103135604659.89
20250117 000000;0.000000436;0.0000005;0.000000376;0.0000004;970343284425.27
20250118 000000;0.0000004;0.000000401;0.000000379;0.000000392;871758677795.33
20250119 000000;0.000000392;0.000000512;0.000000379;0.0000004;1251932437717.17
20250120 000000;0.0000004;0.00000047;0.000000377;0.000000452;1260152437572.39
20250121 000000;0.000000452;0.000000452;0.000000395;0.000000396;1247361850861.1
20250122 000000;0.000000396;0.000000438;0.000000376;0.000000387;1015421554292.62
20250123 000000;0.000000387;0.00000056;0.00000038;0.0000005;265807559214.33
20250124 000000;0.0000005;0.000000616;0.000000458;0.00000047;201523319037.3
20250125 000000;0.00000047;0.000000558;0.000000401;0.000000403;196397546800.68
20250126 000000;0.000000403;0.000000504;0.000000382;0.000000446;196144093126.94
20250127 000000;0.000000446;0.000000449;0.000000366;0.00000038;225185144700.64
20250128 000000;0.00000038;0.000000441;0.000000359;0.000000401;246005357346.05
20250129 000000;0.000000401;0.000000403;0.0000004;0.000000403;233751243920.59
20250130 000000;0.000000403;0.000000425;0.000000401;0.000000425;220410624152.5
20250131 000000;0.000000425;0.000000441;0.000000392;0.00000042;239540000662.27
20250201 000000;0.00000042;0.00000042;0.00000039;0.000000391;240495835873.21
20250202 000000;0.000000391;0.000000441;0.00000039;0.000000401;367071573326.11
20250203 000000;0.000000401;0.000000402;0.00000038;0.00000039;238761853641.66
20250204 000000;0.00000039;0.0000004;0.00000038;0.000000382;283216944952.67
20250205 000000;0.000000382;0.000000391;0.000000382;0.000000387;266903226660.63
20250206 000000;0.000000387;0.000000439;0.000000386;0.000000412;282657714792.17
20250207 000000;0.000000412;0.00000045;0.000000389;0.000000415;269838598295.88
20250208 000000;0.000000415;0.000000446;0.00000038;0.000000401;238489219581.93
20250209 000000;0.000000401;0.000000444;0.000000389;0.000000398;244772691780.54
20250210 000000;0.000000398;0.000000398;0.00000038;0.000000391;275896814740.07
20250211 000000;0.000000391;0.000000403;0.000000381;0.000000403;272173008879.86
20250212 000000;0.000000403;0.000000429;0.000000401;0.00000042;250505277984.29
20250213 000000;0.00000042;0.000000422;0.000000412;0.000000417;264173636510.43
20250214 000000;0.000000417;0.000000422;0.000000403;0.00000041;250795283317.41
20250215 000000;0.00000041;0.00000041;0.000000399;0.000000405;287206207511.28
20250216 000000;0.000000405;0.000000409;0.000000405;0.000000408;245454528271.38
20250217 000000;0.000000408;0.000000421;0.000000408;0.000000412;268665176391.74
20250218 000000;0.000000412;0.000000415;0.00000038;0.000000405;293444713036.62
20250219 000000;0.000000405;0.000000415;0.000000398;0.000000398;242855002250.92
20250220 000000;0.000000398;0.000000407;0.000000398;0.0000004;248565036963.14
20250221 000000;0.0000004;0.000000403;0.000000372;0.000000388;265791381715.7
20250222 000000;0.000000388;0.000000391;0.000000384;0.000000391;284094265637.37
20250223 000000;0.000000391;0.000000401;0.000000391;0.000000396;250959027447.38
20250224 000000;0.000000396;0.000000396;0.000000382;0.000000382;292329018970.76
20250225 000000;0.000000382;0.000000382;0.000000344;0.000000345;330757668854.78
20250226 000000;0.000000345;0.000000375;0.000000323;0.000000341;298875504153.1
20250227 000000;0.000000341;0.000000396;0.000000341;0.000000373;328427779248.21
20250228 000000;0.000000373;0.000000396;0.00000033;0.000000334;285019020994.59
20250301 000000;0.000000334;0.000000334;0.000000324;0.000000325;334428016047.47
20250302 000000;0.000000325;0.000000325;0.000000311;0.000000311;430877711087.19
20250303 000000;0.000000311;0.000000361;0.000000231;0.00000035;358982226121.73
20250304 000000;0.00000035;0.000000417;0.000000349;0.000000367;285348424318.32
20250305 000000;0.000000367;0.00000037;0.000000345;0.000000345;303510763694.79
20250306 000000;0.000000345;0.000000356;0.000000311;0.000000315;307833381075.43
20250307 000000;0.000000315;0.000000356;0.0000003;0.000000327;296926250708.06
20250308 000000;0.000000327;0.000000392;0.00000026;0.000000319;305967153898.87
20250309 000000;0.000000319;0.000000349;0.00000031;0.000000311;475109982992.06
20250310 000000;0.000000311;0.000000321;0.00000031;0.000000317;512804516805.05
20250311 000000;0.000000317;0.000000323;0.000000231;0.000000233;453494478626.11
20250312 000000;0.000000233;0.000000306;0.000000207;0.000000215;563149477417.94
20250313 000000;0.000000215;0.000000357;0.000000215;0.000000245;667404737952.15
20250314 000000;0.000000245;0.000000249;0.000000237;0.000000247;645581291091.96
20250315 000000;0.000000247;0.000000396;0.000000232;0.000000303;631627457451.49
20250316 000000;0.000000303;0.000000308;0.000000283;0.000000308;503585338591.46
20250317 000000;0.000000308;0.000000396;0.000000256;0.000000363;517610268286.11
20250318 000000;0.000000363;0.000000401;0.000000343;0.000000401;415571201360.22
20250319 000000;0.000000401;0.000000401;0.000000333;0.000000356;390712549869.6
20250320 000000;0.000000356;0.00000037;0.000000321;0.000000321;418770079966.3
20250321 000000;0.000000321;0.000000367;0.000000319;0.00000036;450834831583.09
20250322 000000;0.00000036;0.000000446;0.000000341;0.000000411;427534523481.08
20250323 000000;0.000000411;0.000000611;0.000000399;0.000000598;383774623957.34
20250324 000000;0.000000598;0.000000631;0.000000571;0.0000006;334956778750.06
20250325 000000;0.0000006;0.000000759;0.000000586;0.000000705;239475301603.75
20250326 000000;0.000000705;0.00000078;0.000000598;0.000000629;211661321237.31
20250327 000000;0.000000629;0.000000635;0.00000053;0.00000053;241108305697.68
20250328 000000;0.00000053;0.000000531;0.000000496;0.000000506;283061677234.07
20250329 000000;0.000000506;0.000000793;0.000000465;0.00000073;307632912670.14
20250330 000000;0.00000073;0.000000775;0.000000704;0.000000704;208923411802.81
20250331 000000;0.000000704;0.000000793;0.000000704;0.00000079;213093257524.44
20250401 000000;0.00000079;0.000000847;0.000000625;0.000000654;192550428138.41
20250402 000000;0.000000654;0.000000733;0.000000554;0.000000554;211017821402.98
20250403 000000;0.000000554;0.00000085;0.000000528;0.000000625;249484301146.17
20250404 000000;0.000000625;0.000000685;0.000000507;0.000000548;95457261984.18
20250405 000000;0.000000548;0.000000615;0.00000045;0.000000452;300342859373.73
20250406 000000;0.000000452;0.000000471;0.000000444;0.00000046;297488412851.39
20250407 000000;0.00000046;0.000000481;0.000000381;0.000000383;310109174896.97
20250408 000000;0.000000383;0.000000512;0.000000383;0.000000502;327712615891.49
20250409 000000;0.000000502;0.000000715;0.000000407;0.000000703;348325751462.77
20250410 000000;0.000000703;0.0000012;0.000000699;0.000001027;153423850579.25
20250411 000000;0.000001027;0.000001027;0.000000742;0.000000792;146032898760.41
20250412 000000;0.000000792;0.000000807;0.000000625;0.000000626;217942417327.24
20250413 000000;0.000000626;0.000001199;0.000000617;0.000000827;169599135528.75
20250414 000000;0.000000827;0.000001509;0.000000746;0.000001188;144019293914.25
20250415 000000;0.000001188;0.000001287;0.000001115;0.000001239;129877477011.3
20250416 000000;0.000001239;0.000001288;0.000000906;0.000000913;135501261179.95
20250417 000000;0.000000913;0.00000129;0.000000675;0.000000675;171967487216.63
20250418 000000;0.000000675;0.000001061;0.00000063;0.000001004;153924386793.76
20250419 000000;0.000001004;0.000001399;0.000000784;0.000000806;112335890073.11
20250420 000000;0.000000806;0.000000979;0.000000671;0.00000088;189013070523.21
20250421 000000;0.00000088;0.000000886;0.000000741;0.00000081;172804995062.52
20250422 000000;0.00000081;0.00000084;0.000000651;0.00000069;226822642035.08
20250423 000000;0.00000069;0.000000799;0.00000069;0.000000737;201702819157.51
20250424 000000;0.000000737;0.000000833;0.000000695;0.000000776;176965457644.15
20250425 000000;0.000000776;0.000000839;0.00000075;0.000000779;173538340030.1
20250426 000000;0.000000779;0.000000791;0.000000716;0.000000748;197124677738.12
20250427 000000;0.000000748;0.00000089;0.000000708;0.000000736;153845819534.9
20250428 000000;0.000000736;0.000000845;0.000000709;0.000000837;183339955601.77
20250429 000000;0.000000837;0.00000084;0.000000682;0.000000682;174891272744.53
20250430 000000;0.000000682;0.000000794;0.000000658;0.000000764;212775251232.81
20250501 000000;0.000000764;0.000000803;0.00000072;0.000000733;193281115522.61
20250502 000000;0.000000733;0.000000739;0.000000693;0.000000726;172751699418.57
20250503 000000;0.000000726;0.000000733;0.000000694;0.000000711;269938592357.38
20250504 000000;0.000000711;0.000000779;0.000000652;0.000000664;141588772299.9
20250505 000000;0.000000664;0.000000735;0.000000635;0.000000654;176232198560.73
20250506 000000;0.000000654;0.00000102;0.000000634;0.000001;216425640289.21
20250507 000000;0.000001;0.000001006;0.000000727;0.0000008;131844043958.52
20250508 000000;0.0000008;0.000000816;0.000000614;0.000000646;216741949868.93
20250509 000000;0.000000646;0.00000067;0.000000615;0.000000659;272330421259.37
20250510 000000;0.000000659;0.000000791;0.000000649;0.000000731;152277895513.31
20250511 000000;0.000000731;0.000000737;0.000000651;0.000000652;196146398030.8
20250512 000000;0.000000652;0.000000801;0.000000648;0.000000765;171405119946.63
20250513 000000;0.000000765;0.000000802;0.000000697;0.000000723;205284918283.53
20250514 000000;0.000000723;0.000000724;0.000000677;0.000000683;184181081858.96
20250515 000000;0.000000683;0.000000685;0.000000668;0.000000673;225986447150.73
20250516 000000;0.000000673;0.000000776;0.000000571;0.000000599;150064710655.35
20250517 000000;0.000000599;0.000000714;0.00000057;0.000000646;155234453675.61
20250518 000000;0.000000646;0.00000065;0.000000579;0.000000599;108647278047.09
20250519 000000;0.000000599;0.000000697;0.000000596;0.000000653;265794214938.08
20250520 000000;0.000000653;0.000000666;0.000000572;0.000000614;147891903570.09
20250521 000000;0.000000614;0.000000675;0.000000572;0.000000593;226327021762.82
20250522 000000;0.000000593;0.00000063;0.000000473;0.000000586;322916207071.98
20250523 000000;0.000000586;0.00000092;0.000000481;0.000000614;276519539043.74
20250524 000000;0.000000614;0.000000653;0.000000574;0.000000576;210268236399.74
20250525 000000;0.000000576;0.000000625;0.00000054;0.00000055;316989270587.11
20250526 000000;0.00000055;0.000000598;0.000000518;0.000000531;281320509072.38
20250527 000000;0.000000531;0.000000537;0.000000492;0.000000511;335564792191.18
20250528 000000;0.000000511;0.000000593;0.000000494;0.000000503;197335759018.46
20250529 000000;0.000000503;0.000000597;0.000000451;0.000000552;335200083992.53
20250530 000000;0.000000552;0.000000587;0.000000499;0.00000052;41093002721.61
20250531 000000;0.00000052;0.000000596;0.000000455;0.000000503;249550449660.52
20250601 000000;0.000000503;0.000000848;0.000000473;0.000000724;238481148390.55
20250602 000000;0.000000724;0.000000724;0.000000419;0.000000491;121334300311.63
20250603 000000;0.000000491;0.00000054;0.000000476;0.000000502;352534304053.62
20250604 000000;0.000000502;0.000000517;0.000000487;0.00000049;367531752109.77
20250605 000000;0.00000049;0.000000514;0.000000483;0.000000492;251391790438.69
20250606 000000;0.000000492;0.000000527;0.00000049;0.000000512;331498891198.4
20250607 000000;0.000000512;0.000000776;0.000000496;0.000000508;276967622516.54
20250608 000000;0.000000508;0.000000562;0.000000499;0.00000051;434800241457.6
20250609 000000;0.00000051;0.000000644;0.000000508;0.000000639;358722512262.52
20250610 000000;0.000000639;0.000000751;0.000000638;0.00000075;518078609484.66
20250611 000000;0.00000075;0.000000864;0.000000741;0.000000861;341508512003.75
20250612 000000;0.000000861;0.000000899;0.000000777;0.000000813;530600970697.34
20250613 000000;0.000000813;0.000000854;0.00000074;0.000000795;516846674909.19
20250614 000000;0.000000795;0.000000804;0.000000795;0.000000799;647674645729.49
20250615 000000;0.000000799;0.000000804;0.000000799;0.000000801;434689973530.86
20250616 000000;0.000000801;0.000000998;0.000000773;0.00000095;422359235921.15
20250617 000000;0.00000095;0.000000953;0.000000803;0.00000088;340556481310.72
20250618 000000;0.00000088;0.000000884;0.000000799;0.000000816;278456944619.22
20250619 000000;0.000000816;0.000000824;0.000000632;0.000000641;314259067834.08
20250620 000000;0.000000641;0.000000694;0.000000465;0.000000484;300778985846.71
20250621 000000;0.000000484;0.000000516;0.0000004;0.000000407;344688653344.21
20250622 000000;0.000000407;0.000000535;0.000000407;0.000000412;433969334229.2
20250623 000000;0.000000412;0.000000588;0.000000402;0.00000056;482983574893.84
20250624 000000;0.00000056;0.000000591;0.000000497;0.000000552;513775736400.93
20250625 000000;0.000000552;0.000000619;0.000000552;0.000000594;522430890325.69
20250626 000000;0.000000594;0.000000614;0.000000589;0.000000593;603715356434.69
20250627 000000;0.000000593;0.000000598;0.00000059;0.000000596;781751458665.65
20250628 000000;0.000000596;0.000000703;0.000000594;0.000000681;252960178664.32
20250629 000000;0.000000681;0.00000082;0.000000679;0.000000805;503351027452.57
20250630 000000;0.000000805;0.000000947;0.000000793;0.000000808;240505254834.21
20250701 000000;0.000000808;0.00000081;0.000000795;0.000000803;333020763190.04
20250702 000000;0.000000803;0.000000804;0.000000783;0.000000797;296894938425.43
20250703 000000;0.000000797;0.000000948;0.00000074;0.000000802;429007212470.61
20250704 000000;0.000000802;0.000000809;0.0000008;0.000000805;410859627906.36
20250705 000000;0.000000805;0.00000081;0.000000761;0.000000802;291994997493.63
20250706 000000;0.000000802;0.000001189;0.000000791;0.000000943;276726739608.58
20250707 000000;0.000000943;0.000000953;0.0000009;0.000000936;560787124747.68
20250708 000000;0.000000936;0.000000937;0.00000085;0.000000909;213661876731.32
20250709 000000;0.000000909;0.000001146;0.000000906;0.000000996;244465358992.3
20250710 000000;0.000000996;0.000000998;0.000000985;0.000000998;342403027350.64
20250711 000000;0.000000998;0.000001712;0.000000998;0.000000998;183244984611.02
20250712 000000;0.000000998;0.000000998;0.000000961;0.000000961;162533727216.07
20250713 000000;0.000000961;0.000000966;0.000000939;0.000000955;299307787850.8
20250714 000000;0.000000955;0.000000956;0.000000951;0.000000954;254389029315.69
20250715 000000;0.000000954;0.000000955;0.000000951;0.000000953;328781994180.61
20250716 000000;0.000000953;0.000000955;0.000000951;0.000000951;256793973772.3
20250717 000000;0.000000951;0.000001049;0.000000934;0.00000095;205100514961.28
20250718 000000;0.00000095;0.000000983;0.000000902;0.000000962;219998249834.79
20250719 000000;0.000000962;0.000001065;0.000000933;0.000000956;405995455495.99
20250720 000000;0.000000956;0.00000115;0.000000941;0.00000106;309868129159.23
20250721 000000;0.00000106;0.00000197;0.000001027;0.000001117;260756685387.75
20250722 000000;0.000001117;0.000001392;0.000001085;0.00000111;219965056332.97
20250723 000000;0.00000111;0.000001396;0.00000111;0.000001152;318218730444.13
20250724 000000;0.000001152;0.000001158;0.000001021;0.000001132;308978564552.29
20250725 000000;0.000001132;0.000001395;0.00000108;0.000001175;312618877783.46
20250726 000000;0.000001175;0.000001395;0.000000981;0.000001054;163669550269.7
20250727 000000;0.000001054;0.000001317;0.000001023;0.000001182;261272360993.57
20250728 000000;0.000001182;0.000001316;0.00000108;0.00000108;177508502065.52
20250729 000000;0.00000108;0.000001317;0.00000108;0.000001155;91205975251.33
20250730 000000;0.000001155;0.000001845;0.000001136;0.000001159;160041291191.12
20250731 000000;0.000001159;0.000001491;0.000001131;0.000001229;310501848076.96
20250801 000000;0.000001229;0.000001285;0.00000109;0.000001091;298735813082.99
20250802 000000;0.000001091;0.000001154;0.000001026;0.000001116;119186537055.45
20250803 000000;0.000001116;0.000001166;0.000001035;0.000001061;9475736541.15
20250804 000000;0.000001061;0.000001489;0.000001061;0.000001144;152061058042.5
20250805 000000;0.000001144;0.000001212;0.000001107;0.000001124;261326670703.51
20250806 000000;0.000001124;0.00000141;0.00000108;0.000001121;263558790561.74
20250807 000000;0.000001121;0.000001261;0.000001031;0.000001116;183642994365.64
20250808 000000;0.000001116;0.000001168;0.000001103;0.000001157;371290141920.5
20250809 000000;0.000001157;0.00000116;0.000001079;0.000001116;336125338101.03
20250810 000000;0.000001116;0.000001129;0.000001058;0.000001105;118792590232.81
20250811 000000;0.000001105;0.00000112;0.000001041;0.000001069;52785470122.77
20250812 000000;0.000001069;0.000001083;0.000000883;0.000000883;91223457420.21
20250813 000000;0.000000883;0.000001035;0.000000758;0.000000844;158582396518.7
20250814 000000;0.000000844;0.00000103;0.00000074;0.000000744;157783063537.92
20250815 000000;0.000000744;0.00000089;0.0000005;0.0000008;68432385491.48
20250816 000000;0.0000008;0.0000009;0.000000724;0.000000749;185920039037.89
20250817 000000;0.000000749;0.0000011;0.000000681;0.00000097;217699372721.9
20250818 000000;0.00000097;0.000001006;0.000000632;0.0000007;191919028623.67
20250819 000000;0.0000007;0.00000083;0.000000507;0.0000006;193504384952
20250820 000000;0.0000006;0.000000778;0.000000511;0.000000621;143663050578.31
20250821 000000;0.000000621;0.00000075;0.000000479;0.000000688;48221412907.99
20250822 000000;0.000000688;0.00000073;0.00000063;0.000000641;38885441672.52
20250823 000000;0.000000641;0.00000072;0.00000062;0.000000624;105817851888.25
20250824 000000;0.000000624;0.00000063;0.000000619;0.000000621;100311691299.87
20250825 000000;0.000000621;0.000000727;0.000000618;0.000000619;97641131683.79
20250826 000000;0.000000619;0.00000062;0.000000592;0.000000618;100509464791.7
20250827 000000;0.000000618;0.000000717;0.000000504;0.000000617;43085610565.2
20250828 000000;0.000000617;0.000000618;0.00000055;0.000000565;107276356890.03
20250829 000000;0.000000565;0.000000569;0.00000056;0.000000564;50189631423.11
20250830 000000;0.000000564;0.000000565;0.000000513;0.000000547;83534174336.15
20250831 000000;0.000000547;0.000000585;0.000000455;0.000000455;140037810397.32
20250901 000000;0.000000455;0.000000509;0.000000411;0.0000005;42438718571.17
20250902 000000;0.0000005;0.0000005;0.000000491;0.000000499;82261992200.97
20250903 000000;0.000000499;0.000000524;0.000000471;0.000000499;82523271723.24
20250904 000000;0.000000499;0.00000051;0.00000045;0.00000051;61774729737.26
20250905 000000;0.00000051;0.00000051;0.00000045;0.000000495;28194029048.66
20250906 000000;0.000000495;0.00000051;0.00000045;0.00000046;88028711802.69
20250907 000000;0.00000046;0.000000508;0.00000046;0.000000498;92867464591.21
20250908 000000;0.000000498;0.000000535;0.000000498;0.000000509;104685572732.93
20250909 000000;0.000000509;0.00000056;0.000000509;0.00000052;27198406814.15
20250910 000000;0.00000052;0.00000052;0.000000492;0.000000492;76505145719.71
20250911 000000;0.000000492;0.000000505;0.00000043;0.00000048;107994093574.33
20250912 000000;0.00000048;0.000000488;0.000000399;0.000000483;107604470492.94
20250913 000000;0.000000483;0.000000526;0.000000483;0.00000051;110242127333.02
20250914 000000;0.00000051;0.00000052;0.00000051;0.000000519;105756333597.57
20250915 000000;0.000000519;0.000000647;0.000000466;0.00000054;63634430584.19
20250916 000000;0.00000054;0.000000552;0.000000539;0.000000541;92972890397.31
20250917 000000;0.000000541;0.000000551;0.000000538;0.00000055;78488423913.63
20250918 000000;0.00000055;0.000000551;0.00000054;0.000000541;67864852478.39
20250919 000000;0.000000541;0.000000542;0.000000537;0.00000054;72210775594.83
20250920 000000;0.00000054;0.000000542;0.000000535;0.000000541;195075249535.99
20250921 000000;0.000000541;0.000000546;0.000000539;0.000000545;184859470553.54
20250922 000000;0.000000545;0.000000547;0.000000542;0.000000545;192572284949.02
20250923 000000;0.000000545;0.000000546;0.000000538;0.00000054;188548944167.8
20250924 000000;0.00000054;0.000000542;0.00000054;0.000000541;178421936693.03
20250925 000000;0.000000541;0.000000545;0.000000539;0.000000542;198655194188.92
20250926 000000;0.000000542;0.000000751;0.000000539;0.00000063;191598303000.45
20250927 000000;0.00000063;0.00000086;0.0000006;0.000000617;119297576496.34
20250928 000000;0.000000617;0.000000909;0.000000419;0.00000064;205602096663.62
20250929 000000;0.00000064;0.000000663;0.00000049;0.000000524;31831999831.41
20250930 000000;0.000000524;0.000000599;0.000000451;0.000000508;182765170530.75
20251001 000000;0.000000508;0.000000685;0.000000486;0.000000638;275819904078.24
20251002 000000;0.000000638;0.00000096;0.000000565;0.000000733;225993515267.52
20251003 000000;0.000000733;0.00000099;0.000000517;0.00000066;333397484837.21
20251004 000000;0.00000066;0.000000696;0.000000478;0.000000516;248691962705.95
20251005 000000;0.000000516;0.000000559;0.00000042;0.000000435;316285524975.76
20251006 000000;0.000000435;0.00000046;0.000000299;0.000000441;147582011086.15
20251007 000000;0.000000441;0.000000545;0.000000231;0.0000004;476564987517.55
20251008 000000;0.0000004;0.00000048;0.00000033;0.000000399;124772570345.5
20251009 000000;0.000000399;0.00000054;0.000000334;0.000000358;214099147326.34
20251010 000000;0.000000358;0.000000487;0.000000295;0.000000295;138060565234.12
20251011 000000;0.000000295;0.000000539;0.000000266;0.000000392;36907119916.21
20251012 000000;0.000000392;0.00000046;0.000000392;0.000000394;171839680474.73
20251013 000000;0.000000394;0.000000478;0.000000394;0.000000428;132167382243.72
20251014 000000;0.000000428;0.000000539;0.000000415;0.000000539;359433307377.68
20251015 000000;0.000000539;0.000000539;0.000000371;0.000000425;186913259379.46
20251016 000000;0.000000425;0.0000007;0.000000386;0.000000457;303009990560.81
20251017 000000;0.000000457;0.00000056;0.000000391;0.000000448;424157866089.68
20251018 000000;0.000000448;0.00000064;0.000000393;0.00000048;223572563075.73
20251019 000000;0.00000048;0.00000055;0.00000046;0.00000047;310548700105.82
20251020 000000;0.00000047;0.000000502;0.000000409;0.000000425;208787182157.46
20251021 000000;0.000000425;0.000000484;0.000000406;0.000000453;241349069340.72
20251022 000000;0.000000453;0.000000495;0.000000413;0.00000044;232662095813.58
20251023 000000;0.00000044;0.000000597;0.000000385;0.000000424;107115548330.96
20251024 000000;0.000000424;0.000000455;0.000000396;0.00000041;77216890456.07
20251025 000000;0.00000041;0.00000046;0.00000039;0.000000459;107617250151.84
20251026 000000;0.000000459;0.000000459;0.00000041;0.000000412;198610061947.8
20251027 000000;0.000000412;0.000000414;0.000000404;0.000000412;76154781878.62
20251028 000000;0.000000412;0.000000414;0.00000041;0.000000414;73152468009.58
20251029 000000;0.000000414;0.00000044;0.000000386;0.000000433;51372258059.09
20251030 000000;0.000000433;0.000000433;0.000000356;0.000000419;61041615543.5
20251031 000000;0.000000419;0.000000421;0.00000038;0.000000421;29655550278.6
20251101 000000;0.000000421;0.000000421;0.000000409;0.000000417;74805018306.7
20251102 000000;0.000000417;0.000000418;0.000000415;0.000000415;72539209158.95
20251103 000000;0.000000415;0.000000418;0.000000395;0.000000415;38362385379.79
20251104 000000;0.000000415;0.000000416;0.000000406;0.000000411;126524970096.18
20251105 000000;0.000000411;0.000000414;0.00000041;0.00000041;41339554097.42
20251106 000000;0.00000041;0.000000416;0.000000409;0.000000409;78607972576.38
20251107 000000;0.000000409;0.000000414;0.000000409;0.00000041;61713837489.61
20251108 000000;0.00000041;0.000000411;0.000000407;0.000000407;32310152860.47
20251109 000000;0.000000407;0.00000053;0.000000406;0.000000415;39875417438.83
20251110 000000;0.000000415;0.00000044;0.000000415;0.000000436;23586431980.4
20251111 000000;0.000000436;0.000000436;0.00000041;0.000000412;36388065289.98
20251112 000000;0.000000412;0.000000431;0.0000004;0.000000409;74817566758.02
20251113 000000;0.000000409;0.000000419;0.000000406;0.000000418;93575303253.58
20251114 000000;0.000000418;0.000000418;0.000000416;0.000000417;49681879561.28
20251115 000000;0.000000417;0.000000417;0.000000417;0.000000417;57037212164.98
20251116 000000;0.000000417;0.000000419;0.000000394;0.000000419;49104480397.46
20251117 000000;0.000000419;0.000000419;0.00000041;0.000000413;43353502842
20251118 000000;0.000000413;0.000000415;0.000000413;0.000000415;75316227969.58
20251119 000000;0.000000415;0.000000415;0.000000411;0.000000415;55472878882.07
20251120 000000;0.000000415;0.000000415;0.00000041;0.000000414;73853004287.31
20251121 000000;0.000000414;0.000000414;0.000000414;0.000000414;154784300073.45
20251122 000000;0.000000414;0.000000414;0.000000393;0.000000406;72923346027.58
20251123 000000;0.000000406;0.000000406;0.000000403;0.000000404;126728902128.43
20251124 000000;0.000000404;0.000000404;0.000000401;0.000000403;77220672251.36
20251125 000000;0.000000403;0.000000406;0.000000364;0.000000406;82878018689.12
20251126 000000;0.000000406;0.000000425;0.000000403;0.000000424;49984671222.86
20251127 000000;0.000000424;0.000000453;0.000000417;0.000000439;348746724887.22
20251128 000000;0.000000439;0.000000439;0.0000004;0.000000405;182943735937.35
20251129 000000;0.000000405;0.00000059;0.0000004;0.000000449;349001940888.62
20251130 000000;0.000000449;0.00000052;0.000000406;0.000000432;320379396672.33
20251201 000000;0.000000432;0.00000054;0.000000406;0.000000442;271118971110.8
20251202 000000;0.000000442;0.000000445;0.0000004;0.000000433;241536116234.13
20251203 000000;0.000000433;0.000000433;0.000000418;0.000000418;281457949589.23
20251204 000000;0.000000418;0.00000042;0.0000004;0.000000401;491071984763.21
20251205 000000;0.000000401;0.000000418;0.000000401;0.000000415;182413126902.03
20251206 000000;0.000000415;0.00000057;0.00000041;0.000000463;338711951172.59
20251207 000000;0.000000463;0.000000563;0.000000419;0.000000438;343991592524.47
20251208 000000;0.000000438;0.000000447;0.000000431;0.000000431;308357030120.85
20251209 000000;0.000000431;0.000000445;0.000000416;0.000000416;259354152031.25
20251210 000000;0.000000416;0.000000432;0.000000414;0.000000428;305572008161.01
20251211 000000;0.000000428;0.000000428;0.000000416;0.000000416;230353273187.07
20251212 000000;0.000000416;0.000000428;0.000000411;0.000000413;275688243680.92
20251213 000000;0.000000413;0.000000425;0.000000413;0.000000425;196680017996.05
20251214 000000;0.000000425;0.000000488;0.0000004;0.00000042;522657941599.69
20251215 000000;0.00000042;0.000000431;0.00000042;0.000000425;157756479876.61
20251216 000000;0.000000425;0.000000436;0.00000042;0.000000436;380633807355.25
20251217 000000;0.000000436;0.000000438;0.000000388;0.00000041;248252166016.15
20251218 000000;0.00000041;0.000000414;0.00000026;0.0000003815;53013993686.13
20251219 000000;0.0000003815;0.0000003981;0.0000003539;0.000000398;355733007347.68
20251220 000000;0.000000398;0.0000003981;0.0000002812;0.00000039;322122440373.16
20251221 000000;0.00000039;0.0000004058;0.0000003334;0.0000003334;262848616674.8
20251222 000000;0.0000003334;0.000000375;0.000000299;0.0000003293;321266649955.38
20251223 000000;0.0000003293;0.0000003678;0.0000003144;0.00000036;680125751338.85
20251224 000000;0.00000036;0.00000036;0.000000326;0.0000003396;658378095582.9
20251225 000000;0.0000003396;0.0000003825;0.0000003396;0.0000003778;300412122918.13
20251226 000000;0.0000003778;0.000000579;0.0000003778;0.0000004176;228852872230.67
20251227 000000;0.0000004176;0.0000004394;0.0000004061;0.0000004379;573198648633.62
20251228 000000;0.0000004379;0.0000004393;0.000000414;0.000000434;251813454674.1
20251229 000000;0.000000434;0.000000438;0.000000407;0.0000004374;568164898441.22
20251230 000000;0.0000004374;0.000000438;0.000000406;0.000000432;564645815179.09
20251231 000000;0.000000432;0.0000004329;0.0000004206;0.0000004309;637092694339.53
