20250101 000000;0.4272;0.44;0.425;0.4381;299518.34
20250102 000000;0.4381;0.4635;0.4365;0.4536;405426.32
20250103 000000;0.4536;0.5005;0.4483;0.4876;420932.31
20250104 000000;0.4876;0.4949;0.4764;0.4825;228777.18
20250105 000000;0.4825;0.4831;0.472;0.4808;524619.58
20250106 000000;0.4808;0.5562;0.4789;0.5197;671462.33
20250107 000000;0.5197;0.5209;0.4577;0.4597;535309.8
20250108 000000;0.4597;0.471;0.4317;0.4474;559960.27
20250109 000000;0.4474;0.4552;0.4286;0.4414;349590.95
20250110 000000;0.4414;0.4692;0.4396;0.4603;409058.18
20250111 000000;0.4603;0.4814;0.4518;0.4653;236296.56
20250112 000000;0.4653;0.4675;0.45;0.4566;188997.79
20250113 000000;0.4566;0.467;0.4054;0.4473;520342.28
20250114 000000;0.4473;0.4725;0.4386;0.4423;405649.31
20250115 000000;0.4423;0.472;0.4336;0.468;440346.3
20250116 000000;0.468;0.4789;0.4472;0.4574;522811
20250117 000000;0.4574;0.4912;0.4574;0.4826;341330.22
20250118 000000;0.4826;0.4884;0.422;0.4291;781880.48
20250119 000000;0.4291;0.4415;0.3587;0.361;2237035.13
20250120 000000;0.361;0.3951;0.344;0.3561;1379276.15
20250121 000000;0.3561;0.4155;0.3445;0.3892;858694.24
20250122 000000;0.3892;0.3907;0.36;0.3622;537902.69
20250123 000000;0.3622;0.3814;0.3565;0.3767;483300.12
20250124 000000;0.3767;0.3952;0.3684;0.3775;381863.07
20250125 000000;0.3775;0.3947;0.3701;0.3806;320958.51
20250126 000000;0.3806;0.3847;0.362;0.3628;380885.73
20250127 000000;0.3628;0.3634;0.3276;0.3512;709943.68
20250128 000000;0.3512;0.3557;0.3267;0.3318;532360.07
20250129 000000;0.3318;0.3466;0.33;0.3396;436708.64
20250130 000000;0.3396;0.3536;0.3358;0.3449;420793.18
20250131 000000;0.3449;0.3651;0.3445;0.3503;375475.49
20250201 000000;0.3503;0.3564;0.3217;0.3222;633783.69
20250202 000000;0.3222;0.3302;0.28;0.2959;876313.08
20250203 000000;0.2959;0.3234;0.1972;0.318;1494099.7
20250204 000000;0.318;0.3283;0.2871;0.318;442138.12
20250205 000000;0.318;0.3312;0.3074;0.3184;418538.96
20250206 000000;0.3184;0.3278;0.2975;0.2996;752001.54
20250207 000000;0.2996;0.3196;0.295;0.3036;385866.26
20250208 000000;0.3036;0.3156;0.3007;0.3156;297157.54
20250209 000000;0.3156;0.3233;0.2957;0.3064;352137.91
20250210 000000;0.3064;0.3145;0.2978;0.3051;328174.07
20250211 000000;0.3051;0.3175;0.2969;0.2995;389242.76
20250212 000000;0.2995;0.3181;0.294;0.3155;485030.52
20250213 000000;0.3155;0.32;0.2939;0.308;534749.84
20250214 000000;0.308;0.3159;0.3035;0.3078;408769.13
20250215 000000;0.3078;0.3104;0.2967;0.298;296746.89
20250216 000000;0.298;0.304;0.2913;0.2964;351117.87
20250217 000000;0.2964;0.3077;0.2901;0.2931;333382.86
20250218 000000;0.2931;0.297;0.2792;0.2883;425963.37
20250219 000000;0.2883;0.2905;0.2797;0.2819;352179.78
20250220 000000;0.2819;0.2895;0.28;0.282;424674.75
20250221 000000;0.282;0.297;0.26;0.2758;704278.17
20250222 000000;0.2758;0.2924;0.2743;0.2888;651489.06
20250223 000000;0.2888;0.2969;0.285;0.2912;391152.98
20250224 000000;0.2912;0.2939;0.256;0.2583;599402.22
20250225 000000;0.2583;0.268;0.2453;0.265;677101.58
20250226 000000;0.265;0.2715;0.2503;0.2586;524529.06
20250227 000000;0.2586;0.2726;0.2541;0.2602;533736.04
20250228 000000;0.2602;0.2639;0.2393;0.261;551147.02
20250301 000000;0.261;0.2667;0.2503;0.2576;241681.86
20250302 000000;0.2576;0.2887;0.255;0.2816;671912.58
20250303 000000;0.2816;0.2823;0.243;0.249;485087.9
20250304 000000;0.249;0.2539;0.232;0.2478;850542.24
20250305 000000;0.2478;0.2586;0.2452;0.2564;425522.44
20250306 000000;0.2564;0.2673;0.2486;0.2523;456603.05
20250307 000000;0.2523;0.2576;0.2395;0.2436;461070.7
20250308 000000;0.2436;0.2483;0.24;0.2402;357156.93
20250309 000000;0.2402;0.2426;0.2182;0.2206;586326.85
20250310 000000;0.2206;0.2363;0.2036;0.2065;787548.85
20250311 000000;0.2065;0.226;0.1969;0.2106;1048147.3
20250312 000000;0.2106;0.2376;0.205;0.2255;591424.67
20250313 000000;0.2255;0.2278;0.2017;0.2062;619270
20250314 000000;0.2062;0.2264;0.205;0.2212;396971.07
20250315 000000;0.2212;0.2309;0.2174;0.2237;474805.96
20250316 000000;0.2237;0.2479;0.2197;0.2265;556611.12
20250317 000000;0.2265;0.2396;0.2225;0.2247;354855.75
20250318 000000;0.2247;0.231;0.2187;0.2246;334444.54
20250319 000000;0.2246;0.2413;0.2229;0.2374;547897.81
20250320 000000;0.2374;0.4879;0.2279;0.3484;1729254.93
20250321 000000;0.3484;0.3486;0.2744;0.3068;4741794.11
20250322 000000;0.3068;0.39;0.2946;0.3746;2448870.68
20250323 000000;0.3746;0.4485;0.3561;0.3657;2314453.86
20250324 000000;0.3657;0.3857;0.3475;0.3751;938705.73
20250325 000000;0.3751;0.3849;0.351;0.381;543779.23
20250326 000000;0.381;0.4396;0.362;0.3703;1410894.45
20250327 000000;0.3703;0.4037;0.36;0.3678;476234.53
20250328 000000;0.3678;0.3706;0.3313;0.3467;553929.17
20250329 000000;0.3467;0.3555;0.3043;0.3153;615775.92
20250330 000000;0.3153;0.3221;0.3034;0.3089;309076.33
20250331 000000;0.3089;0.3139;0.298;0.3098;338687.78
20250401 000000;0.3098;0.3195;0.3002;0.3053;554851.79
20250402 000000;0.3053;0.3174;0.2769;0.279;608607.94
20250403 000000;0.279;0.2864;0.2652;0.2828;416006.01
20250404 000000;0.2828;0.2943;0.2741;0.2846;423440.66
20250405 000000;0.2846;0.2922;0.2724;0.2815;327321.27
20250406 000000;0.2815;0.2837;0.225;0.235;1226164.07
20250407 000000;0.235;0.2678;0.2175;0.2484;996639.46
20250408 000000;0.2484;0.2586;0.228;0.2335;627016.04
20250409 000000;0.2335;0.2755;0.2254;0.2588;731107.43
20250410 000000;0.2588;0.2608;0.243;0.2482;592179.14
20250411 000000;0.2482;0.269;0.2462;0.259;544136.17
20250412 000000;0.259;0.2672;0.2516;0.2655;624251.18
20250413 000000;0.2655;0.2662;0.25;0.2519;481414.35
20250414 000000;0.2519;0.2609;0.2432;0.2432;702265.68
20250415 000000;0.2432;0.2476;0.2375;0.2379;600347.74
20250416 000000;0.2379;0.2469;0.2344;0.2404;455852.33
20250417 000000;0.2404;0.2558;0.2404;0.2478;434775.12
20250418 000000;0.2478;0.3155;0.2468;0.2746;1440694.4
20250419 000000;0.2746;0.2957;0.2715;0.2842;705440.38
20250420 000000;0.2842;0.289;0.2769;0.2822;639914.62
20250421 000000;0.2822;0.2932;0.2727;0.2762;609863.28
20250422 000000;0.2762;0.3199;0.271;0.3179;709740.12
20250423 000000;0.3179;0.3277;0.3027;0.3107;740449.05
20250424 000000;0.3107;0.3218;0.2877;0.3049;1080517.62
20250425 000000;0.3049;0.3229;0.299;0.3081;795568.15
20250426 000000;0.3081;0.327;0.2999;0.3052;861929.4
20250427 000000;0.3052;0.3092;0.29;0.2976;619302.62
20250428 000000;0.2976;0.3083;0.2855;0.2965;914044.25
20250429 000000;0.2965;0.3014;0.2854;0.2904;863188.5
20250430 000000;0.2904;0.3014;0.2835;0.2902;784053.66
20250501 000000;0.2902;0.312;0.2845;0.2883;1010365.43
20250502 000000;0.2883;0.303;0.2827;0.2872;833434.19
20250503 000000;0.2872;0.33;0.2775;0.3071;1032322.7
20250504 000000;0.3071;0.3381;0.2986;0.3074;1505770.66
20250505 000000;0.3074;0.3085;0.2974;0.3024;473320.06
20250506 000000;0.3024;0.3149;0.2939;0.3052;1100875.81
20250507 000000;0.3052;0.3248;0.3009;0.3144;1040505.03
20250508 000000;0.3144;0.396;0.3097;0.3619;1239281.39
20250509 000000;0.3619;0.396;0.35;0.3679;819032.01
20250510 000000;0.3679;0.399;0.3625;0.3907;2034015.97
20250511 000000;0.3907;0.3999;0.3595;0.3728;1775151.3
20250512 000000;0.3728;0.3827;0.3294;0.3385;1115416.77
20250513 000000;0.3385;0.3761;0.3207;0.3671;1130439.54
20250514 000000;0.3671;0.372;0.3448;0.3461;476021.77
20250515 000000;0.3461;0.35;0.3219;0.3364;493128.01
20250516 000000;0.3364;0.35;0.3331;0.3428;615160.44
20250517 000000;0.3428;0.35;0.3144;0.3148;622289.33
20250518 000000;0.3148;0.3344;0.3052;0.322;655939.04
20250519 000000;0.322;0.322;0.295;0.3112;664259.14
20250520 000000;0.3112;0.3179;0.2976;0.3033;653278.54
20250521 000000;0.3033;0.32;0.295;0.3048;741609.01
20250522 000000;0.3048;0.3294;0.3035;0.3139;595114.48
20250523 000000;0.3139;0.3373;0.2942;0.2989;724712.45
20250524 000000;0.2989;0.3177;0.2945;0.2956;516291.33
20250525 000000;0.2956;0.3014;0.2859;0.2944;679674.6
20250526 000000;0.2944;0.309;0.2903;0.2959;488683.65
20250527 000000;0.2959;0.306;0.29;0.2961;797276.39
20250528 000000;0.2961;0.3101;0.286;0.2978;895788.97
20250529 000000;0.2978;0.308;0.2931;0.2957;707200.32
20250530 000000;0.2957;0.2974;0.2707;0.2745;565557.03
20250531 000000;0.2745;0.2771;0.2645;0.2746;415533.58
20250601 000000;0.2746;0.2779;0.2619;0.275;388993.17
20250602 000000;0.275;0.278;0.2628;0.2726;445976.81
20250603 000000;0.2726;0.3005;0.272;0.2822;592265.29
20250604 000000;0.2822;0.2932;0.275;0.2752;513272.61
20250605 000000;0.2752;0.2769;0.2416;0.2516;571594.94
20250606 000000;0.2516;0.2699;0.2474;0.2588;302801.85
20250607 000000;0.2588;0.2651;0.2546;0.2587;359849.71
20250608 000000;0.2587;0.264;0.2535;0.2596;252984.25
20250609 000000;0.2596;0.271;0.2556;0.2709;284357.82
20250610 000000;0.2709;0.2931;0.2615;0.28;615085.8
20250611 000000;0.28;0.2876;0.2608;0.2706;551216.27
20250612 000000;0.2706;0.2716;0.245;0.2499;359206.82
20250613 000000;0.2499;0.26;0.2281;0.2475;580405.88
20250614 000000;0.2475;0.2508;0.2371;0.24;273439.82
20250615 000000;0.24;0.2488;0.2369;0.2414;251175.28
20250616 000000;0.2414;0.2555;0.2338;0.2426;330702.9
20250617 000000;0.2426;0.2463;0.228;0.2345;603094.53
20250618 000000;0.2345;0.2467;0.2247;0.2377;786612.88
20250619 000000;0.2377;0.2415;0.2301;0.2336;375707.5
20250620 000000;0.2336;0.237;0.2138;0.2214;967105.22
20250621 000000;0.2214;0.2305;0.2117;0.2165;338947.84
20250622 000000;0.2165;0.218;0.1988;0.2103;587370.09
20250623 000000;0.2103;0.2329;0.2085;0.232;378714.56
20250624 000000;0.232;0.2458;0.227;0.2368;641681.63
20250625 000000;0.2368;0.2489;0.2327;0.2377;590363.71
20250626 000000;0.2377;0.2466;0.2316;0.2319;554328.78
20250627 000000;0.2319;0.243;0.2291;0.241;556391.5
20250628 000000;0.241;0.2429;0.233;0.2415;157136.65
20250629 000000;0.2415;0.2467;0.2355;0.2456;582428.78
20250630 000000;0.2456;0.2486;0.1819;0.2055;3852970.64
20250701 000000;0.2055;0.2057;0.1742;0.1835;1828238.17
20250702 000000;0.1835;0.2054;0.183;0.2005;1076827.19
20250703 000000;0.2005;0.2258;0.1983;0.2204;1008884.77
20250704 000000;0.2204;0.2205;0.1952;0.2025;1059950.64
20250705 000000;0.2025;0.2028;0.1958;0.1983;656391.98
20250706 000000;0.1983;0.2037;0.1944;0.1952;807495.08
20250707 000000;0.1952;0.1966;0.1856;0.1899;881642.99
20250708 000000;0.1899;0.195;0.1888;0.1896;606945
20250709 000000;0.1896;0.203;0.1889;0.2016;678098.12
20250710 000000;0.2016;0.215;0.195;0.2126;2251465.13
20250711 000000;0.2126;0.2197;0.2067;0.2099;1019148.42
20250712 000000;0.2099;0.2114;0.2001;0.2042;635832.6
20250713 000000;0.2042;0.2095;0.1997;0.2046;630959.64
20250714 000000;0.2046;0.2164;0.2007;0.2053;966057.96
20250715 000000;0.2053;0.2063;0.1913;0.2056;656832.56
20250716 000000;0.2056;0.219;0.1939;0.2157;958577
20250717 000000;0.2157;0.23;0.2065;0.2197;1163222.36
20250718 000000;0.2197;0.2347;0.1983;0.2006;1398249.39
20250719 000000;0.2006;0.2052;0.195;0.1994;988993.57
20250720 000000;0.1994;0.224;0.1961;0.2033;1678938.23
20250721 000000;0.2033;0.2222;0.1953;0.1982;1371094.93
20250722 000000;0.1982;0.203;0.1875;0.1949;1041295.6
20250723 000000;0.1949;0.2056;0.1803;0.1871;1249712.45
20250724 000000;0.1871;0.1915;0.1793;0.1871;1164618.93
20250725 000000;0.1871;0.195;0.1745;0.1894;1017305.46
20250726 000000;0.1894;0.1975;0.1882;0.1927;1008036.24
20250727 000000;0.1927;0.1999;0.1905;0.1963;783924.87
20250728 000000;0.1963;0.2125;0.1788;0.1858;1444182.47
20250729 000000;0.1858;0.194;0.18;0.1906;1329093.2
20250730 000000;0.1906;0.1982;0.1752;0.1845;1132828.79
20250731 000000;0.1845;0.1948;0.1793;0.1802;1307818.8
20250801 000000;0.1802;0.1822;0.1689;0.1724;1514060.35
20250802 000000;0.1724;0.185;0.1613;0.1617;1006080.67
20250803 000000;0.1617;0.1779;0.156;0.17;1126192.21
20250804 000000;0.17;0.1798;0.1656;0.1737;792999.18
20250805 000000;0.1737;0.1785;0.1604;0.1639;1024102.88
20250806 000000;0.1639;0.1698;0.1608;0.1657;865999.67
20250807 000000;0.1657;0.1935;0.1638;0.1747;963147.99
20250808 000000;0.1747;0.1857;0.1734;0.1801;717059.27
20250809 000000;0.1801;0.194;0.1789;0.1921;770383.31
20250810 000000;0.1921;0.1939;0.1824;0.1851;606671.25
20250811 000000;0.1851;0.195;0.1807;0.1813;793150.29
20250812 000000;0.1813;0.1882;0.1728;0.1857;928512.16
20250813 000000;0.1857;0.206;0.183;0.2007;1100571.74
20250814 000000;0.2007;0.2028;0.1685;0.1734;1315742.61
20250815 000000;0.1734;0.183;0.1615;0.1689;1415133.39
20250816 000000;0.1689;0.1748;0.1665;0.1704;658865.53
20250817 000000;0.1704;0.1748;0.1661;0.1716;605803.2
20250818 000000;0.1716;0.1723;0.1605;0.1679;812346.39
20250819 000000;0.1679;0.169;0.1571;0.1583;684308.63
20250820 000000;0.1583;0.1698;0.155;0.1682;874021
20250821 000000;0.1682;0.169;0.1612;0.1634;852782.14
20250822 000000;0.1634;0.1884;0.161;0.1837;936623.45
20250823 000000;0.1837;0.193;0.1716;0.1802;757085.53
20250824 000000;0.1802;0.1879;0.172;0.1733;823959.49
20250825 000000;0.1733;0.1777;0.1603;0.163;804105.36
20250826 000000;0.163;0.1722;0.1603;0.1683;704118.6
20250827 000000;0.1683;0.1789;0.1662;0.1684;869340.82
20250828 000000;0.1684;0.1737;0.1636;0.1672;752207.41
20250829 000000;0.1672;0.1685;0.1566;0.163;1016468.07
20250830 000000;0.163;0.1661;0.1601;0.1634;663414.5
20250831 000000;0.1634;0.167;0.1612;0.162;617843.25
20250901 000000;0.162;0.1638;0.151;0.1549;983716.59
20250902 000000;0.1549;0.1635;0.1507;0.1583;1091986.52
20250903 000000;0.1583;0.1628;0.1561;0.1611;790035.27
20250904 000000;0.1611;0.1621;0.1516;0.1545;842285.54
20250905 000000;0.1545;0.1594;0.1529;0.1552;766314.77
20250906 000000;0.1552;0.1586;0.1533;0.1576;721172.01
20250907 000000;0.1576;0.1583;0.1545;0.1566;658091.23
20250908 000000;0.1566;0.1618;0.155;0.1593;909995.73
20250909 000000;0.1593;0.164;0.1543;0.1579;851975.41
20250910 000000;0.1579;0.1624;0.1567;0.1599;714888.84
20250911 000000;0.1599;0.1645;0.1592;0.1634;696548.45
20250912 000000;0.1634;0.37;0.1622;0.2532;3517990.82
20250913 000000;0.2532;0.2761;0.1984;0.2082;2154251.69
20250914 000000;0.2082;0.2119;0.1953;0.1982;808044
20250915 000000;0.1982;0.2147;0.185;0.1878;875224.13
20250916 000000;0.1878;0.1935;0.1832;0.1857;850493.25
20250917 000000;0.1857;0.1986;0.1801;0.1917;867503.73
20250918 000000;0.1917;0.1949;0.1788;0.1817;1130215.63
20250919 000000;0.1817;0.1829;0.172;0.1735;676255.36
20250920 000000;0.1735;0.1747;0.1677;0.1683;773436.28
20250921 000000;0.1683;0.174;0.161;0.1687;1034788.71
20250922 000000;0.1687;0.1691;0.1532;0.1541;1238632.81
20250923 000000;0.1541;0.1588;0.152;0.1563;785606.19
20250924 000000;0.1563;0.1583;0.1433;0.1481;1269780.49
20250925 000000;0.1481;0.1518;0.1285;0.1371;1731800.73
20250926 000000;0.1371;0.1457;0.1315;0.138;1266041.01
20250927 000000;0.138;0.1504;0.1295;0.1367;1147270.41
20250928 000000;0.1367;0.1419;0.132;0.1401;1029204.95
20250929 000000;0.1401;0.149;0.1343;0.1404;1290973.99
20250930 000000;0.1404;0.144;0.1307;0.1333;1208973.63
20251001 000000;0.1333;0.1415;0.1255;0.1338;1663154.23
20251002 000000;0.1338;0.1456;0.1311;0.1395;1379909.98
20251003 000000;0.1395;0.1467;0.1367;0.1396;1018260.89
20251004 000000;0.1396;0.1446;0.1324;0.1341;1021480.93
20251005 000000;0.1341;0.1383;0.13;0.1314;1322235.29
20251006 000000;0.1314;0.1481;0.13;0.1438;1443864.38
20251007 000000;0.1438;0.1548;0.1391;0.1404;1750746.28
20251008 000000;0.1404;0.1446;0.135;0.1397;953916.65
20251009 000000;0.1397;0.145;0.1264;0.137;1485771.13
20251010 000000;0.137;0.1498;0.0735;0.1131;2127947.49
20251011 000000;0.1131;0.1207;0.1097;0.114;1447739.73
20251012 000000;0.114;0.1278;0.1111;0.1257;1330648.45
20251013 000000;0.1257;0.1262;0.119;0.122;1007398.25
20251014 000000;0.122;0.123;0.1098;0.1179;1328902.76
20251015 000000;0.1179;0.1202;0.1068;0.1094;1236111.25
20251016 000000;0.1094;0.1171;0.1064;0.109;1360303.32
20251017 000000;0.109;0.1278;0.1002;0.1128;1789058.28
20251018 000000;0.1128;0.1183;0.1111;0.1132;914030.81
20251019 000000;0.1132;0.1171;0.1116;0.1147;900161.72
20251020 000000;0.1147;0.1216;0.1113;0.1137;967742.38
20251021 000000;0.1137;0.12;0.1106;0.1124;1152177
20251022 000000;0.1124;0.1134;0.1052;0.1082;1127325.23
20251023 000000;0.1082;0.1115;0.1006;0.1061;2476733.32
20251024 000000;0.1061;0.1099;0.104;0.105;1007123.81
20251025 000000;0.105;0.1093;0.1039;0.1055;880886.32
20251026 000000;0.1055;0.12;0.1039;0.1129;1088201.23
20251027 000000;0.1129;0.1179;0.1112;0.1117;1024921.49
20251028 000000;0.1117;0.1135;0.1054;0.1104;1094973.45
20251029 000000;0.1104;0.1148;0.1057;0.1098;895749.69
20251030 000000;0.1098;0.1116;0.0999;0.1037;1102363.53
20251031 000000;0.1037;0.1086;0.103;0.1052;1043469.63
20251101 000000;0.1052;0.1113;0.1024;0.107;845317.61
20251102 000000;0.107;0.1115;0.1012;0.108;1007614.08
20251103 000000;0.108;0.1093;0.0855;0.0926;1546000.85
20251104 000000;0.0926;0.0957;0.08;0.08935;1609311.15
20251105 000000;0.08935;0.1;0.0841;0.09521;1273077.16
20251106 000000;0.09521;0.1;0.09156;0.09655;1097992.92
20251107 000000;0.09655;0.108;0.0943;0.10553;1670969.35
20251108 000000;0.10553;0.11719;0.1034;0.11091;1556795.4
20251109 000000;0.11091;0.12675;0.10904;0.1175;1149729.76
20251110 000000;0.1175;0.12667;0.11221;0.1172;927628.48
20251111 000000;0.1172;0.12;0.10887;0.10908;890418.48
20251112 000000;0.10908;0.11759;0.10458;0.10831;1128819.36
20251113 000000;0.10831;0.11699;0.10036;0.10427;1035516.23
20251114 000000;0.10427;0.10734;0.09829;0.1004;1011513.26
20251115 000000;0.1004;0.10471;0.09403;0.10111;896198.91
20251116 000000;0.10111;0.10299;0.09505;0.09948;941611.4
20251117 000000;0.09948;0.1048;0.0925;0.09538;1200544.61
20251118 000000;0.09538;0.10299;0.09371;0.09877;956380.1
20251119 000000;0.09877;0.10236;0.09011;0.09544;1233002.51
20251120 000000;0.09544;0.099;0.09051;0.09202;1278980.32
20251121 000000;0.09202;0.096;0.08423;0.08855;1875145.86
20251122 000000;0.08855;0.09547;0.08592;0.08992;1340067.72
20251123 000000;0.08992;0.09696;0.08776;0.09119;1576657.63
20251124 000000;0.09119;0.09897;0.09119;0.09857;1244608.35
20251125 000000;0.09857;0.10353;0.09393;0.0981;958786.72
20251126 000000;0.0981;0.102;0.095;0.09901;969336.43
20251127 000000;0.09901;0.10105;0.09757;0.09797;909391.05
20251128 000000;0.09797;0.10282;0.0955;0.09786;967558.66
20251129 000000;0.09786;0.0985;0.0955;0.09578;677439.32
20251130 000000;0.09578;0.099;0.0955;0.09826;824110.54
20251201 000000;0.09826;0.1;0.08901;0.09091;1466260.84
20251202 000000;0.09091;0.09989;0.08931;0.09807;942748.46
20251203 000000;0.09807;0.10512;0.09718;0.10299;1058269.33
20251204 000000;0.10299;0.10411;0.09651;0.09798;868478.44
20251205 000000;0.09798;0.10034;0.09393;0.09579;1016656.91
20251206 000000;0.09579;0.09974;0.09401;0.09676;840495.77
20251207 000000;0.09676;0.09779;0.09201;0.09357;1594210.38
20251208 000000;0.09357;0.09696;0.09354;0.09521;847166.35
20251209 000000;0.09521;0.10623;0.0924;0.09717;1180833.55
20251210 000000;0.09717;0.10253;0.0953;0.09726;1046889.17
20251211 000000;0.09726;0.09781;0.09;0.09344;1412375.13
20251212 000000;0.09344;0.0972;0.08819;0.09161;1103477.49
20251213 000000;0.09161;0.09568;0.09003;0.09291;1155465.81
20251214 000000;0.09291;0.09377;0.08934;0.09078;908304.73
20251215 000000;0.09078;0.09354;0.085;0.08705;1286268.76
20251216 000000;0.08705;0.08845;0.0811;0.0861;1275049.6
20251217 000000;0.0861;0.08838;0.08003;0.08086;1008645.6
20251218 000000;0.08086;0.08698;0.07648;0.0789;1164604.98
20251219 000000;0.0789;0.08465;0.07749;0.08378;1115403.41
20251220 000000;0.08378;0.0875;0.08167;0.08209;967334.41
20251221 000000;0.08209;0.084;0.08141;0.08207;929261.52
20251222 000000;0.08207;0.08748;0.0819;0.0835;1084131.53
20251223 000000;0.0835;0.08397;0.08;0.08204;892516.16
20251224 000000;0.08204;0.08326;0.081;0.08282;859924.31
20251225 000000;0.08282;0.08494;0.0823;0.08277;972735.17
20251226 000000;0.08277;0.08499;0.08141;0.08331;873803.24
20251227 000000;0.08331;0.0875;0.08164;0.08294;1019632.71
20251228 000000;0.08294;0.0853;0.08181;0.08345;926000.8
20251229 000000;0.08345;0.08733;0.08219;0.0826;1111261.87
20251230 000000;0.0826;0.08395;0.08028;0.08075;839882.74
20251231 000000;0.08075;0.08229;0.07913;0.08065;985836.04
