20260101 000000;0.08065;0.08385;0.08;0.08291;891856.32
20260102 000000;0.08291;0.08878;0.07958;0.0855;1961114.21
20260103 000000;0.0855;0.08755;0.07999;0.08403;1004103.68
20260104 000000;0.08403;0.08962;0.08376;0.0883;1350828.72
20260105 000000;0.0883;0.09508;0.0865;0.09066;1266366.29
20260106 000000;0.09066;0.10138;0.08943;0.09463;1236192.33
20260107 000000;0.09463;0.09545;0.08896;0.0933;1357560.31
20260108 000000;0.0933;0.09494;0.09025;0.09207;842594
20260109 000000;0.09207;0.09362;0.08974;0.09039;862626.58
20260110 000000;0.09039;0.09229;0.0878;0.0884;1016423.54
20260111 000000;0.0884;0.09005;0.08663;0.08823;836843.38
20260112 000000;0.08823;0.08969;0.08606;0.08652;969135.84
20260113 000000;0.08652;0.09161;0.08652;0.09054;960896.99
20260114 000000;0.09054;0.09281;0.08851;0.09143;834866.48
20260115 000000;0.09143;0.09508;0.08682;0.08806;1130029.69
20260116 000000;0.08806;0.08835;0.08327;0.08638;1162119.73
20260117 000000;0.08638;0.08759;0.08476;0.08608;822220.97
20260118 000000;0.08608;0.08824;0.08474;0.08474;857767.53
20260119 000000;0.08474;0.08769;0.08061;0.08287;1250849.46
20260120 000000;0.08287;0.08421;0.07551;0.07566;1557001.62
20260121 000000;0.07566;0.08399;0.07475;0.07727;1452974.68
20260122 000000;0.07727;0.07901;0.0752;0.07738;959312.46
20260123 000000;0.07738;0.07881;0.07602;0.07797;976736.72
20260124 000000;0.07797;0.07882;0.07647;0.07713;834564.47
20260125 000000;0.07713;0.07885;0.07165;0.07358;1093087.71
20260126 000000;0.07358;0.078;0.073;0.07469;1168090.6
20260127 000000;0.07469;0.07638;0.07278;0.07625;858200.37
20260128 000000;0.07625;0.078;0.07468;0.07548;903188.24
20260129 000000;0.07548;0.07783;0.0678;0.07089;1337466.44
20260130 000000;0.07089;0.0733;0.06726;0.06956;1205560.56
20260131 000000;0.06956;0.07279;0.0621;0.06548;1435597.74
20260201 000000;0.06548;0.0663;0.06225;0.0636;1146175.7
20260202 000000;0.0636;0.06797;0.06;0.0661;1398441.4
20260203 000000;0.0661;0.06875;0.06008;0.06307;1135463.82
20260204 000000;0.06307;0.06616;0.05978;0.06096;1234853.98
20260205 000000;0.06096;0.06155;0.0503;0.05163;1913909.81
20260206 000000;0.05163;0.059;0.04817;0.05811;1520640.96
20260207 000000;0.05811;0.06282;0.05588;0.06092;1637026.21
20260208 000000;0.06092;0.06441;0.05976;0.06142;1222872.63
20260209 000000;0.06142;0.0737;0.06076;0.07138;1856053.92
20260210 000000;0.07138;0.07141;0.06481;0.06598;1129716.45
20260211 000000;0.06598;0.06686;0.0606;0.06343;1309022.29
20260212 000000;0.06343;0.06587;0.06177;0.06394;1221300.41
20260213 000000;0.06394;0.06744;0.06201;0.06402;1275796.5
20260214 000000;0.06402;0.06764;0.06386;0.06637;1057932.69
20260215 000000;0.06637;0.06729;0.06001;0.06118;1255093.88
20260216 000000;0.06118;0.0655;0.06023;0.06266;1045873.5
20260217 000000;0.06266;0.06533;0.06215;0.06314;1087446.52
20260218 000000;0.06314;0.06472;0.05975;0.06116;1357679.37
20260219 000000;0.06116;0.06297;0.06029;0.06218;1089287.17
20260220 000000;0.06218;0.0629;0.06051;0.06232;1158475.59
20260221 000000;0.06232;0.0652;0.06176;0.06223;1011765.35
20260222 000000;0.06223;0.063;0.06102;0.06119;1000166.18
20260223 000000;0.06119;0.06402;0.05762;0.05857;1319695.3
20260224 000000;0.05857;0.059;0.055;0.05724;1431597.96
20260225 000000;0.05724;0.06475;0.0564;0.06268;1198999.7
20260226 000000;0.06268;0.06357;0.05803;0.06;1289863.88
20260227 000000;0.06;0.06111;0.0565;0.05832;1466846.71
20260228 000000;0.05832;0.05984;0.05501;0.05925;1248134.75
20260301 000000;0.05925;0.06066;0.05666;0.05674;1251093.61
20260302 000000;0.05674;0.06284;0.05666;0.05876;1184004
20260303 000000;0.05876;0.0645;0.05711;0.05903;1375633.76
20260304 000000;0.05903;0.06462;0.05867;0.06371;1314089.05
20260305 000000;0.06371;0.0653;0.05979;0.06095;1021000.01
20260306 000000;0.06095;0.06398;0.05897;0.05957;1376429.62
20260307 000000;0.05957;0.06033;0.05779;0.05876;1052394.63
20260308 000000;0.05876;0.0593;0.05732;0.05882;1027797.97
20260309 000000;0.05882;0.075;0.05834;0.05997;1948870.14
20260310 000000;0.05997;0.063;0.05982;0.06145;1185757.65
20260311 000000;0.06145;0.06198;0.06045;0.06083;1096208.8
20260312 000000;0.06083;0.06137;0.0595;0.06055;1193848.59
20260313 000000;0.06055;0.072;0.06047;0.06227;1696284.31
20260314 000000;0.06227;0.06498;0.06081;0.06108;1153158.37
20260315 000000;0.06108;0.06354;0.061;0.06331;1051194.07
20260316 000000;0.06331;0.06665;0.06293;0.06464;1310902.53
20260317 000000;0.06464;0.06635;0.06146;0.06219;1304855.72
20260318 000000;0.06219;0.0632;0.05858;0.06056;1359000.38
20260319 000000;0.06056;0.06199;0.05638;0.05839;1132952.65
20260320 000000;0.05839;0.06123;0.0575;0.05881;1349205.46
20260321 000000;0.05881;0.06071;0.0574;0.05742;1169393.95
20260322 000000;0.05742;0.05945;0.056;0.05827;1268332.75
20260323 000000;0.05827;0.06457;0.05701;0.06254;1640635.54
20260324 000000;0.06254;0.06554;0.0622;0.06476;1127955.66
20260325 000000;0.06476;0.06592;0.06257;0.06381;1119221.73
20260326 000000;0.06381;0.06498;0.05895;0.0612;1336413.24
20260327 000000;0.0612;0.06313;0.058;0.05905;1318625.96
20260328 000000;0.05905;0.06111;0.059;0.06005;1101164.21
20260329 000000;0.06005;0.06045;0.056;0.05671;1403768.42
20260330 000000;0.05671;0.05904;0.0561;0.05768;1263444.19
20260331 000000;0.05768;0.05922;0.0561;0.05766;1451392.35
20260401 000000;0.05766;0.05855;0.05355;0.05408;1488970.78
20260402 000000;0.05408;0.05569;0.05068;0.05157;1577040.22
20260403 000000;0.05157;0.05337;0.05067;0.05097;1480874.06
20260404 000000;0.05097;0.052;0.0503;0.0515;1383001.09
20260405 000000;0.0515;0.052;0.05007;0.052;1378243.9
20260406 000000;0.052;0.054;0.05103;0.05129;1286193.27
20260407 000000;0.05129;0.05375;0.04936;0.05364;1338899.48
20260408 000000;0.05364;0.0551;0.052;0.05268;1409539.59
20260409 000000;0.05268;0.05397;0.05057;0.05296;1358110.51
20260410 000000;0.05296;0.05405;0.0526;0.05309;1143878.54
20260411 000000;0.05309;0.06022;0.05295;0.05457;1289834.73
20260412 000000;0.05457;0.05463;0.052;0.05281;1122166.04
20260413 000000;0.05281;0.05692;0.05223;0.05672;1281032.91
20260414 000000;0.05672;0.05702;0.05459;0.05545;1237350.29
20260415 000000;0.05545;0.0563;0.05384;0.0551;1145112.09
20260416 000000;0.0551;0.05716;0.05473;0.05604;1193626.94
20260417 000000;0.05604;0.063;0.05527;0.05858;1350053.07
20260418 000000;0.05858;0.05903;0.05619;0.05774;1252880.38
20260419 000000;0.05774;0.05862;0.05583;0.05593;1144367.7
20260420 000000;0.05593;0.05837;0.05574;0.05714;1156769.46
20260421 000000;0.05714;0.06192;0.05685;0.05829;1370938.65
20260422 000000;0.05829;0.06421;0.05786;0.06057;1281422.68
20260423 000000;0.06057;0.06064;0.05712;0.05899;1317982.91
20260424 000000;0.05899;0.05945;0.05749;0.05904;1106019.22
20260425 000000;0.05904;0.05955;0.05753;0.05891;1086964.21
20260426 000000;0.05891;0.06277;0.05855;0.06096;1213615.51
20260427 000000;0.06096;0.06223;0.05677;0.05766;1358250.85
20260428 000000;0.05766;0.05813;0.05211;0.05532;1409648.62
20260429 000000;0.05532;0.05684;0.05316;0.05483;1292493.37
20260430 000000;0.05483;0.05559;0.05395;0.05451;1167394.58
20260501 000000;0.05451;0.05775;0.05441;0.05602;1344409.69
20260502 000000;0.05602;0.05878;0.05592;0.05801;1190998.4
20260503 000000;0.05801;0.05884;0.05652;0.05747;1186269.55
20260504 000000;0.05747;0.06;0.05692;0.05734;1370386.99
20260505 000000;0.05734;0.05888;0.05691;0.05729;1399640.96
20260506 000000;0.05729;0.06398;0.057;0.05825;1548824.81
20260507 000000;0.05825;0.05899;0.05574;0.05611;1264557
20260508 000000;0.05611;0.05939;0.05573;0.05878;1486277.37
20260509 000000;0.05878;0.06;0.05611;0.05674;1275059.88
20260510 000000;0.05674;0.061;0.05645;0.05904;1286792.26
20260511 000000;0.05904;0.05964;0.05776;0.05923;1138045.68
20260512 000000;0.05923;0.05999;0.0576;0.05868;1205188.31
20260513 000000;0.05868;0.06239;0.05818;0.05881;1407668.87
20260514 000000;0.05881;0.061;0.058;0.06001;1094429.78
20260515 000000;0.06001;0.06077;0.05746;0.0589;1103352.49
20260516 000000;0.0589;0.0601;0.05708;0.05768;1261920.56
20260517 000000;0.05768;0.05824;0.05589;0.05628;1278206.95
20260518 000000;0.05628;0.05821;0.05478;0.05654;1276198.9
20260519 000000;0.05654;0.06;0.05543;0.05581;1223072.5
20260520 000000;0.05581;0.05696;0.0551;0.05646;1138687.98
20260521 000000;0.05646;0.05812;0.05597;0.05678;1368302.94
20260522 000000;0.05678;0.058;0.05416;0.05516;1219883.93
20260523 000000;0.05516;0.0571;0.05307;0.05551;1240967.72
20260524 000000;0.05551;0.0565;0.0534;0.0544;1334778.16
20260525 000000;0.0544;0.0554;0.05401;0.05437;1235663.35
20260526 000000;0.05437;0.05658;0.053;0.05441;1472671.92
20260527 000000;0.05441;0.05511;0.0533;0.0537;1421102.88
20260528 000000;0.0537;0.05475;0.05117;0.05305;1414409.62
20260529 000000;0.05305;0.055;0.05198;0.05394;1282783.78
20260530 000000;0.05394;0.05862;0.05391;0.05565;1323509.76
20260531 000000;0.05565;0.056;0.05158;0.0518;1408935.51
20260601 000000;0.0518;0.05355;0.05051;0.05259;1470299.52
20260602 000000;0.05259;0.05279;0.04999;0.05001;1642794.61
20260603 000000;0.05001;0.05207;0.04821;0.05007;1271131.72
20260604 000000;0.05007;0.05007;0.04725;0.04807;1517867.78
20260605 000000;0.04807;0.04827;0.04139;0.04409;2346557.98
20260606 000000;0.04409;0.04439;0.04184;0.04351;1435228.03
20260607 000000;0.04351;0.05278;0.04133;0.04615;2237331.78
20260608 000000;0.04615;0.04836;0.04585;0.04623;1549914.76
20260609 000000;0.04623;0.05061;0.0435;0.04531;1803074.71
20260610 000000;0.04531;0.04643;0.04361;0.04416;1476280.42
20260611 000000;0.04416;0.04703;0.04338;0.0447;1583475.05
20260612 000000;0.0447;0.04536;0.0441;0.04464;1442742.82
20260613 000000;0.04464;0.04593;0.04448;0.04563;1341776.42
20260614 000000;0.04563;0.04635;0.04459;0.04625;1394733.03
20260615 000000;0.04625;0.05133;0.04575;0.04922;1632871.69
20260616 000000;0.04922;0.04989;0.04749;0.04775;1479138.1
20260617 000000;0.04775;0.0484;0.0463;0.04732;1358541.94
20260618 000000;0.04732;0.04749;0.04222;0.04422;1611740.34
20260619 000000;0.04422;0.04477;0.0429;0.04449;1471952.04
20260620 000000;0.04449;0.04483;0.04381;0.0448;1054519.38
