20240101 000000;0.6763;0.6994;0.674;0.6964;450809.83
20240102 000000;0.6964;0.7074;0.6588;0.6728;963361.72
20240103 000000;0.6728;0.6892;0.6139;0.6297;1347046.13
20240104 000000;0.6297;0.668;0.6291;0.66;1109783.85
20240105 000000;0.66;0.6635;0.64;0.6486;872306.65
20240106 000000;0.6486;0.6504;0.6262;0.6461;574190.7
20240107 000000;0.6461;0.6479;0.611;0.6131;679745.32
20240108 000000;0.6131;0.6414;0.5966;0.6323;967388.63
20240109 000000;0.6323;0.64;0.6011;0.6248;839293.96
20240110 000000;0.6248;0.6635;0.6119;0.6513;968499.98
20240111 000000;0.6513;0.6947;0.6449;0.6541;1031918.83
20240112 000000;0.6541;0.6541;0.6093;0.614;1016140.83
20240113 000000;0.614;0.6252;0.611;0.6237;501827.62
20240114 000000;0.6237;0.628;0.6071;0.6071;690966.41
20240115 000000;0.6071;0.7138;0.6044;0.6651;2417581.97
20240116 000000;0.6651;0.6746;0.6406;0.6638;1092915.4
20240117 000000;0.6638;0.6688;0.632;0.6369;742382.98
20240118 000000;0.6369;0.6418;0.6032;0.6148;908321.01
20240119 000000;0.6148;0.6248;0.5907;0.6198;770149.03
20240120 000000;0.6198;0.6236;0.607;0.6204;481680.85
20240121 000000;0.6204;0.625;0.5428;0.5852;1629949.55
20240122 000000;0.5852;0.5983;0.5478;0.5543;1677281.85
20240123 000000;0.5543;0.5642;0.5173;0.549;1264180.8
20240124 000000;0.549;0.5703;0.54;0.5563;672545.28
20240125 000000;0.5563;0.571;0.5442;0.5528;558398.69
20240126 000000;0.5528;0.582;0.5481;0.5674;658853.29
20240127 000000;0.5674;0.593;0.5623;0.5844;594632.99
20240128 000000;0.5844;0.5867;0.545;0.5551;762521.55
20240129 000000;0.5551;0.59;0.5523;0.5879;747875.93
20240130 000000;0.5879;0.5879;0.5656;0.5747;524039.74
20240131 000000;0.5747;0.5825;0.545;0.5454;661726.3
20240201 000000;0.5454;0.6328;0.5397;0.5698;1244257.53
20240202 000000;0.5698;0.576;0.5365;0.5454;868149.32
20240203 000000;0.5454;0.57;0.5397;0.5397;660280.9
20240204 000000;0.5397;0.5663;0.5381;0.5429;885862.61
20240205 000000;0.5429;0.5546;0.5386;0.5462;714931.35
20240206 000000;0.5462;0.5739;0.5442;0.568;829736.33
20240207 000000;0.568;0.6293;0.5665;0.6238;1327189.48
20240208 000000;0.6238;0.6555;0.6095;0.616;913314.64
20240209 000000;0.616;0.6417;0.6157;0.6377;489312.63
20240210 000000;0.6377;0.644;0.6188;0.63;605293.63
20240211 000000;0.63;0.632;0.6038;0.608;707800.83
20240212 000000;0.608;0.638;0.6031;0.6259;701816.34
20240213 000000;0.6259;0.63;0.597;0.606;660474.53
20240214 000000;0.606;0.6225;0.6003;0.6219;530172.99
20240215 000000;0.6219;0.6287;0.605;0.6118;657853.76
20240216 000000;0.6118;0.6179;0.6;0.605;537552.02
20240217 000000;0.605;0.6053;0.58;0.5888;565618.27
20240218 000000;0.5888;0.6;0.584;0.5953;903553.05
20240219 000000;0.5953;0.6154;0.5931;0.6003;1096896.65
20240220 000000;0.6003;0.6307;0.582;0.6088;1317985.26
20240221 000000;0.6088;0.6106;0.565;0.5897;2922929.97
20240222 000000;0.5897;0.5902;0.5636;0.5694;3414747.61
20240223 000000;0.5694;0.5919;0.5518;0.5819;2241478.56
20240224 000000;0.5819;0.6119;0.5727;0.5891;1724677.83
20240225 000000;0.5891;0.615;0.5872;0.6098;2540683.58
20240226 000000;0.6098;0.6648;0.6048;0.655;3316187.92
20240227 000000;0.655;0.6953;0.632;0.6785;3913478.38
20240228 000000;0.6785;0.76;0.6606;0.6918;6366750.27
20240229 000000;0.6918;0.753;0.6751;0.682;8131461.56
20240301 000000;0.682;0.7804;0.6802;0.768;6351253.97
20240302 000000;0.768;0.8888;0.76;0.8452;7215414.44
20240303 000000;0.8452;0.848;0.7662;0.8441;2316152.79
20240304 000000;0.8441;1.2612;0.8192;1.2161;5228818.99
20240305 000000;1.2161;1.8;0.9156;1.1474;6752505.02
20240306 000000;1.1474;1.32;1;1.0934;2330419.04
20240307 000000;1.0934;1.11;0.945;0.9966;2014847.19
20240308 000000;0.9966;1.2438;0.9882;1.18;3317973.53
20240309 000000;1.18;1.2202;1.13;1.192;1795785.85
20240310 000000;1.192;1.2086;1.08;1.155;2036153.31
20240311 000000;1.155;1.18;1.0742;1.1094;1503728.46
20240312 000000;1.1094;1.174;0.9999;1.0316;1756421.28
20240313 000000;1.0316;1.13;1;1.0097;1104658.36
20240314 000000;1.0097;1.0912;0.907;0.9679;1483818.68
20240315 000000;0.9679;1.023;0.8472;0.9856;1811406.01
20240316 000000;0.9856;1.0199;0.8;0.8359;1879173.63
20240317 000000;0.8359;0.9693;0.8;0.96;1241814.21
20240318 000000;0.96;1.1105;0.9265;0.9381;2437210.08
20240319 000000;0.9381;0.958;0.8053;0.8198;1684915.94
20240320 000000;0.8198;0.9596;0.7621;0.9522;1617813.54
20240321 000000;0.9522;0.9943;0.8965;0.9374;1218811.99
20240322 000000;0.9374;0.9632;0.8638;0.8915;930970.84
20240323 000000;0.8915;0.945;0.876;0.9062;930690.11
20240324 000000;0.9062;0.95;0.9004;0.9469;859485.22
20240325 000000;0.9469;0.9675;0.9158;0.9328;1066731.32
20240326 000000;0.9328;0.9765;0.92;0.9204;976963.46
20240327 000000;0.9204;0.97;0.8826;0.9011;1106017.76
20240328 000000;0.9011;0.9298;0.8826;0.892;1004008.73
20240329 000000;0.892;0.8968;0.8551;0.8667;796379.97
20240330 000000;0.8667;0.8899;0.844;0.8525;719424.33
20240331 000000;0.8525;0.8687;0.84;0.8586;702189.56
20240401 000000;0.8586;0.87;0.765;0.7964;1281865.21
20240402 000000;0.7964;0.7991;0.7037;0.7228;1190216.63
20240403 000000;0.7228;0.763;0.698;0.7298;589451.49
20240404 000000;0.7298;0.7623;0.717;0.7432;544530.83
20240405 000000;0.7432;0.7436;0.7;0.7239;487768.75
20240406 000000;0.7239;0.7399;0.698;0.7335;403448.09
20240407 000000;0.7335;0.7617;0.7321;0.7459;560097.09
20240408 000000;0.7459;0.7918;0.7235;0.7798;526773.3
20240409 000000;0.7798;0.7827;0.701;0.7063;927619.65
20240410 000000;0.7063;0.7366;0.67;0.712;658232.41
20240411 000000;0.712;0.7202;0.68;0.6952;375489.56
20240412 000000;0.6952;0.7074;0.56;0.6275;981809.7
20240413 000000;0.6275;0.6463;0.5049;0.5572;1441158.11
20240414 000000;0.5572;0.6283;0.539;0.6164;903900.3
20240415 000000;0.6164;0.6464;0.5734;0.5925;1169383.69
20240416 000000;0.5925;0.5977;0.5583;0.593;606542.37
20240417 000000;0.593;0.62;0.5666;0.5915;1074578.69
20240418 000000;0.5915;0.625;0.5792;0.6223;832735.57
20240419 000000;0.6223;0.6493;0.5836;0.6397;958090.14
20240420 000000;0.6397;0.7494;0.6374;0.7239;1764409.63
20240421 000000;0.7239;0.7612;0.703;0.708;1191862.94
20240422 000000;0.708;0.7306;0.6789;0.6899;910713.61
20240423 000000;0.6899;0.6909;0.643;0.647;911744.84
20240424 000000;0.647;0.6632;0.6076;0.6143;835733.15
20240425 000000;0.6143;0.6445;0.6061;0.6316;762284.26
20240426 000000;0.6316;0.643;0.6111;0.6144;793403.7
20240427 000000;0.6144;0.6174;0.5603;0.598;1023296.18
20240428 000000;0.598;0.6246;0.5978;0.6089;574863.57
20240429 000000;0.6089;0.613;0.5844;0.6056;522501.02
20240430 000000;0.6056;0.616;0.5505;0.5889;919707.71
20240501 000000;0.5889;0.6179;0.5267;0.6043;1670915.96
20240502 000000;0.6043;0.6364;0.5855;0.6311;720106.31
20240503 000000;0.6311;0.6429;0.6026;0.6351;843163.88
20240504 000000;0.6351;0.6539;0.6163;0.6163;610979.78
20240505 000000;0.6163;0.6285;0.6075;0.6152;496100.26
20240506 000000;0.6152;0.6312;0.5997;0.6001;536555.7
20240507 000000;0.6001;0.6122;0.585;0.586;454948.75
20240508 000000;0.586;0.5928;0.5616;0.568;558034.25
20240509 000000;0.568;0.587;0.5629;0.585;702831.99
20240510 000000;0.585;0.5922;0.5636;0.5669;542802.1
20240511 000000;0.5669;0.5725;0.55;0.5589;632723.16
20240512 000000;0.5589;0.568;0.5555;0.5673;459497.36
20240513 000000;0.5673;0.5944;0.5462;0.5804;833915.39
20240514 000000;0.5804;0.587;0.5606;0.5656;375361.99
20240515 000000;0.5656;0.6432;0.5627;0.6372;1319469.31
20240516 000000;0.6372;0.69;0.6011;0.6131;1415291.37
20240517 000000;0.6131;0.635;0.609;0.6242;610850.55
20240518 000000;0.6242;0.63;0.6091;0.6113;638914.82
20240519 000000;0.6113;0.633;0.5938;0.5938;536597.39
20240520 000000;0.5938;0.6553;0.5938;0.6553;443009.61
20240521 000000;0.6553;0.666;0.633;0.64;844895.36
20240522 000000;0.64;0.6482;0.6255;0.6368;932012.95
20240523 000000;0.6368;0.6404;0.5925;0.611;834664.8
20240524 000000;0.611;0.6537;0.6052;0.6146;884994.42
20240525 000000;0.6146;0.6435;0.61;0.6421;704775.57
20240526 000000;0.6421;0.649;0.629;0.6382;364424.13
20240527 000000;0.6382;0.706;0.637;0.6849;1259922.3
20240528 000000;0.6849;0.701;0.6553;0.6833;1007521.52
20240529 000000;0.6833;0.7374;0.6818;0.6838;1260057.42
20240530 000000;0.6838;0.698;0.65;0.6503;655723.62
20240531 000000;0.6503;0.662;0.634;0.6509;435097.95
20240601 000000;0.6509;0.6902;0.6478;0.6745;454230.29
20240602 000000;0.6745;0.6817;0.6385;0.6389;631485.85
20240603 000000;0.6389;0.655;0.6283;0.6313;625133.3
20240604 000000;0.6313;0.6356;0.6146;0.6299;578908.21
20240605 000000;0.6299;0.6575;0.6299;0.6531;827431.32
20240606 000000;0.6531;0.6596;0.6188;0.6222;627032.1
20240607 000000;0.6222;0.6408;0.539;0.607;909250.84
20240608 000000;0.607;0.6209;0.5766;0.585;418251.98
20240609 000000;0.585;0.6094;0.5788;0.596;467858.84
20240610 000000;0.596;0.5971;0.5722;0.5754;418640.66
20240611 000000;0.5754;0.5761;0.5411;0.5552;986813.36
20240612 000000;0.5552;0.585;0.542;0.5622;759432.74
20240613 000000;0.5622;0.5659;0.5355;0.5467;900317.07
20240614 000000;0.5467;0.5565;0.5263;0.5403;598508.49
20240615 000000;0.5403;0.5564;0.5403;0.5488;472379.38
20240616 000000;0.5488;0.5558;0.5393;0.5522;563189.36
20240617 000000;0.5522;0.5535;0.5096;0.519;860641.61
20240618 000000;0.519;0.519;0.463;0.5041;591343.8
20240619 000000;0.5041;0.53;0.501;0.5223;499549.94
20240620 000000;0.5223;0.5357;0.5093;0.5099;571509.3
20240621 000000;0.5099;0.5149;0.496;0.5013;505150.56
20240622 000000;0.5013;0.5072;0.4877;0.5002;447432.63
20240623 000000;0.5002;0.52;0.4907;0.4913;207428.57
20240624 000000;0.4913;0.4966;0.4652;0.4859;647525.91
20240625 000000;0.4859;0.5103;0.4847;0.5056;314462.11
20240626 000000;0.5056;0.5065;0.4885;0.4917;331226.08
20240627 000000;0.4917;0.5116;0.4892;0.5091;233625.68
20240628 000000;0.5091;0.5117;0.488;0.4919;287485.52
20240629 000000;0.4919;0.4966;0.4848;0.4885;318527.45
20240630 000000;0.4885;0.5108;0.484;0.5039;489297.72
20240701 000000;0.5039;0.5158;0.4955;0.4966;613860.37
20240702 000000;0.4966;0.4966;0.48;0.4924;445283.44
20240703 000000;0.4924;0.4956;0.4625;0.4654;503176.68
20240704 000000;0.4654;0.4703;0.4296;0.4333;830204.04
20240705 000000;0.4333;0.4538;0.3783;0.4373;1567412.3
20240706 000000;0.4373;0.4959;0.4359;0.4872;1107492.4
20240707 000000;0.4872;0.4913;0.4473;0.4485;1069553.45
20240708 000000;0.4485;0.4715;0.432;0.4614;1314655.25
20240709 000000;0.4614;0.469;0.4187;0.4593;764000.99
20240710 000000;0.4593;0.4775;0.4545;0.4659;900083.32
20240711 000000;0.4659;0.4784;0.456;0.4627;571772.67
20240712 000000;0.4627;0.488;0.45;0.4762;658484.26
20240713 000000;0.4762;0.4853;0.475;0.4826;396768.8
20240714 000000;0.4826;0.4931;0.4785;0.4898;414605.59
20240715 000000;0.4898;0.5628;0.4892;0.5541;725494.14
20240716 000000;0.5541;0.5919;0.5374;0.5683;1100254.46
20240717 000000;0.5683;0.5792;0.5494;0.5682;581413.97
20240718 000000;0.5682;0.5754;0.5435;0.561;539658.87
20240719 000000;0.561;0.5757;0.5456;0.5729;457984.16
20240720 000000;0.5729;0.576;0.5416;0.5448;374550.96
20240721 000000;0.5448;0.548;0.5191;0.5397;333977.47
20240722 000000;0.5397;0.5449;0.5224;0.5258;589178.1
20240723 000000;0.5258;0.535;0.5052;0.5144;343795.41
20240724 000000;0.5144;0.517;0.4805;0.4842;449995.94
20240725 000000;0.4842;0.485;0.455;0.4694;577184.61
20240726 000000;0.4694;0.4998;0.4694;0.4995;443463.12
20240727 000000;0.4995;0.4995;0.4781;0.489;384911.5
20240728 000000;0.489;0.4919;0.4775;0.4793;382628.31
20240729 000000;0.4793;0.5058;0.478;0.4819;457855.64
20240730 000000;0.4819;0.485;0.45;0.4599;751345.96
20240731 000000;0.4599;0.4699;0.4499;0.452;360925.23
20240801 000000;0.452;0.455;0.4305;0.4505;686808.39
20240802 000000;0.4505;0.4508;0.4233;0.4293;698797.04
20240803 000000;0.4293;0.4325;0.4107;0.4214;428850.23
20240804 000000;0.4214;0.4239;0.3941;0.4096;693221.8
20240805 000000;0.4096;0.4165;0.315;0.3958;1347130.62
20240806 000000;0.3958;0.4195;0.3958;0.4;414859.46
20240807 000000;0.4;0.4218;0.3799;0.3842;838827.99
20240808 000000;0.3842;0.4279;0.378;0.4225;681534.4
20240809 000000;0.4225;0.4383;0.4168;0.427;312612.04
20240810 000000;0.427;0.4326;0.3563;0.41;477004.95
20240811 000000;0.41;0.4421;0.3983;0.4024;627192.26
20240812 000000;0.4024;0.4312;0.3955;0.4306;427505.82
20240813 000000;0.4306;0.4368;0.4166;0.4341;297387.12
20240814 000000;0.4341;0.4343;0.4139;0.419;369918.57
20240815 000000;0.419;0.4245;0.3861;0.3936;802700.93
20240816 000000;0.3936;0.4025;0.3874;0.3987;261807.32
20240817 000000;0.3987;0.4006;0.3931;0.396;237684.43
20240818 000000;0.396;0.4008;0.3745;0.3747;673557.74
20240819 000000;0.3747;0.384;0.3656;0.3821;613508.79
20240820 000000;0.3821;0.3964;0.3799;0.3904;434339.55
20240821 000000;0.3904;0.4084;0.3871;0.4021;520394.9
20240822 000000;0.4021;0.4142;0.3971;0.4097;276457.36
20240823 000000;0.4097;0.4666;0.408;0.461;818200.59
20240824 000000;0.461;0.463;0.44;0.4491;560383.29
20240825 000000;0.4491;0.4522;0.4313;0.4362;482807.97
20240826 000000;0.4362;0.4439;0.4175;0.42;436540
20240827 000000;0.42;0.4334;0.3985;0.4124;380010.54
20240828 000000;0.4124;0.4199;0.3983;0.4105;328370.5
20240829 000000;0.4105;0.425;0.4042;0.4053;298557.33
20240830 000000;0.4053;0.4099;0.3952;0.4067;331903.78
20240831 000000;0.4067;0.4095;0.4007;0.4021;117578.33
20240901 000000;0.4021;0.4073;0.3785;0.3816;273221.06
20240902 000000;0.3816;0.4105;0.3799;0.4097;301886.61
20240903 000000;0.4097;0.4144;0.39;0.3913;229901.01
20240904 000000;0.3913;0.4058;0.371;0.4056;399510.25
20240905 000000;0.4056;0.4075;0.3852;0.3894;242548.58
20240906 000000;0.3894;0.3993;0.3638;0.3776;343881.48
20240907 000000;0.3776;0.3874;0.374;0.3793;315998.01
20240908 000000;0.3793;0.3935;0.3778;0.3905;213231.16
20240909 000000;0.3905;0.4077;0.386;0.3979;348223.76
20240910 000000;0.3979;0.4079;0.3949;0.3967;349251.51
20240911 000000;0.3967;0.4005;0.3879;0.3944;359909.7
20240912 000000;0.3944;0.4043;0.3931;0.4018;306210.91
20240913 000000;0.4018;0.4103;0.3942;0.4077;397507.87
20240914 000000;0.4077;0.409;0.4012;0.4046;199851.08
20240915 000000;0.4046;0.4092;0.39;0.3921;158875.87
20240916 000000;0.3921;0.3978;0.3855;0.3964;251915.09
20240917 000000;0.3964;0.405;0.3919;0.4032;226016.57
20240918 000000;0.4032;0.4143;0.3952;0.4142;324786.31
20240919 000000;0.4142;0.4333;0.4138;0.4246;333999.63
20240920 000000;0.4246;0.4283;0.4155;0.4232;419685.96
20240921 000000;0.4232;0.4312;0.4193;0.4312;147318.11
20240922 000000;0.4312;0.4364;0.421;0.4291;233883.29
20240923 000000;0.4291;0.4371;0.4141;0.4185;313529.57
20240924 000000;0.4185;0.4265;0.41;0.4243;380023.42
20240925 000000;0.4243;0.4308;0.4175;0.4255;455547.41
20240926 000000;0.4255;0.4912;0.4214;0.4805;907369.57
20240927 000000;0.4805;0.528;0.4654;0.4963;727745.65
20240928 000000;0.4963;0.5093;0.4803;0.4916;510902.77
20240929 000000;0.4916;0.4961;0.4772;0.4854;418958.4
20240930 000000;0.4854;0.4854;0.4465;0.4515;567789.67
20241001 000000;0.4515;0.468;0.4001;0.4085;835340.67
20241002 000000;0.4085;0.4223;0.394;0.4032;526654.76
20241003 000000;0.4032;0.4144;0.3922;0.3967;436151.76
20241004 000000;0.3967;0.4228;0.3953;0.418;437368.32
20241005 000000;0.418;0.4293;0.4102;0.4124;329616.92
20241006 000000;0.4124;0.4263;0.4095;0.4204;462446.82
20241007 000000;0.4204;0.4307;0.413;0.4199;435855.7
20241008 000000;0.4199;0.4208;0.4049;0.407;413613.29
20241009 000000;0.407;0.4107;0.3918;0.392;351020.52
20241010 000000;0.392;0.402;0.3867;0.3936;272397.28
20241011 000000;0.3936;0.4113;0.3934;0.406;442670.58
20241012 000000;0.406;0.4142;0.4005;0.4105;235428.72
20241013 000000;0.4105;0.4105;0.3885;0.3999;344469.61
20241014 000000;0.3999;0.4234;0.3952;0.4126;768207.7
20241015 000000;0.4126;0.4213;0.4044;0.4123;554764.91
20241016 000000;0.4123;0.4161;0.4047;0.4085;360861.33
20241017 000000;0.4085;0.4138;0.3991;0.4009;317179.42
20241018 000000;0.4009;0.4116;0.399;0.4033;391512.36
20241019 000000;0.4033;0.4131;0.3999;0.4065;353312.03
20241020 000000;0.4065;0.4098;0.3985;0.408;358221.49
20241021 000000;0.408;0.4152;0.397;0.399;426458.8
20241022 000000;0.399;0.4026;0.389;0.3964;547864.26
20241023 000000;0.3964;0.3964;0.3776;0.3854;374557.23
20241024 000000;0.3854;0.39;0.3823;0.3883;354158.95
20241025 000000;0.3883;0.3925;0.364;0.3688;481183.6
20241026 000000;0.3688;0.39;0.3645;0.3779;379305.41
20241027 000000;0.3779;0.3822;0.3713;0.3787;321847.87
20241028 000000;0.3787;0.39;0.371;0.39;288242.23
20241029 000000;0.39;0.4098;0.3839;0.3984;370996.99
20241030 000000;0.3984;0.4023;0.3906;0.394;299267.88
20241031 000000;0.394;0.3956;0.376;0.3778;292063.84
20241101 000000;0.3778;0.3904;0.373;0.382;470500.06
20241102 000000;0.382;0.3866;0.3745;0.3745;218708.36
20241103 000000;0.3745;0.376;0.355;0.3609;443579.63
20241104 000000;0.3609;0.3704;0.3435;0.3488;384755.97
20241105 000000;0.3488;0.38;0.3475;0.3699;241067.63
20241106 000000;0.3699;0.3984;0.3698;0.3945;478506.28
20241107 000000;0.3945;0.4164;0.3945;0.4094;408771.31
20241108 000000;0.4094;0.4207;0.4048;0.4174;302099.18
20241109 000000;0.4174;0.4649;0.4101;0.4625;358120.16
20241110 000000;0.4625;0.5351;0.4598;0.5098;926080.29
20241111 000000;0.5098;0.53;0.4729;0.5154;806028.14
20241112 000000;0.5154;0.549;0.46;0.5141;1072060.83
20241113 000000;0.5141;0.516;0.4456;0.464;1363715.09
20241114 000000;0.464;0.5044;0.4565;0.4656;1002488.87
20241115 000000;0.4656;0.4835;0.4579;0.4768;622565.41
20241116 000000;0.4768;0.492;0.4699;0.4747;558860.66
20241117 000000;0.4747;0.4772;0.4452;0.4535;622709.49
20241118 000000;0.4535;0.4613;0.421;0.4415;1048260.14
20241119 000000;0.4415;0.6369;0.4384;0.488;3128226.6
20241120 000000;0.488;0.5092;0.4667;0.4936;884259.15
20241121 000000;0.4936;0.531;0.4624;0.522;762503.08
20241122 000000;0.522;0.5272;0.4903;0.5135;869700.37
20241123 000000;0.5135;0.5561;0.5068;0.5179;878270.35
20241124 000000;0.5179;0.5475;0.4914;0.518;838508.33
20241125 000000;0.518;0.55;0.5037;0.5133;1067143.72
20241126 000000;0.5133;0.52;0.47;0.4882;808926.02
20241127 000000;0.4882;0.5652;0.4793;0.542;828101.53
20241128 000000;0.542;0.5665;0.5278;0.5346;805261.08
20241129 000000;0.5346;0.5495;0.5256;0.544;547378.18
20241130 000000;0.544;0.5818;0.5319;0.5698;870283.17
20241201 000000;0.5698;0.7;0.5627;0.6437;2106237.3
20241202 000000;0.6437;0.6611;0.582;0.6014;1448335.61
20241203 000000;0.6014;0.66;0.5649;0.6142;972259.97
20241204 000000;0.6142;0.6868;0.5974;0.6865;1074190.94
20241205 000000;0.6865;0.7007;0.607;0.6433;982741.31
20241206 000000;0.6433;0.69;0.6201;0.6769;798899.84
20241207 000000;0.6769;0.7461;0.6573;0.7353;845165.53
20241208 000000;0.7353;0.7358;0.6967;0.7148;497771.94
20241209 000000;0.7148;0.7162;0.5466;0.6114;1157579.04
20241210 000000;0.6114;0.6275;0.5461;0.5958;621980.99
20241211 000000;0.5958;0.6832;0.5789;0.6609;464316.76
20241212 000000;0.6609;0.7012;0.6322;0.6581;747125.16
20241213 000000;0.6581;0.6618;0.63;0.6426;508528.78
20241214 000000;0.6426;0.6461;0.5837;0.5983;413414.3
20241215 000000;0.5983;0.617;0.5866;0.6141;434114.57
20241216 000000;0.6141;0.63;0.5851;0.5999;501975.85
20241217 000000;0.5999;0.6027;0.5558;0.5602;465580.16
20241218 000000;0.5602;0.5638;0.4926;0.4952;623641.9
20241219 000000;0.4952;0.517;0.4466;0.4643;785297.45
20241220 000000;0.4643;0.4887;0.3978;0.482;891908.81
20241221 000000;0.482;0.5087;0.4482;0.4524;425321.08
20241222 000000;0.4524;0.4676;0.4411;0.4516;309084.52
20241223 000000;0.4516;0.4903;0.4381;0.4843;503121.26
20241224 000000;0.4843;0.4988;0.4711;0.4898;272198.62
20241225 000000;0.4898;0.5036;0.4828;0.4892;283990.5
20241226 000000;0.4892;0.4911;0.4484;0.452;324509.62
20241227 000000;0.452;0.4716;0.4501;0.453;279156.37
20241228 000000;0.453;0.47;0.45;0.4638;306083.1
20241229 000000;0.4638;0.4672;0.4414;0.446;299085.35
20241230 000000;0.446;0.4557;0.4288;0.4382;483542.66
20241231 000000;0.4382;0.4451;0.4236;0.4272;369836.2
