20240918 000000;0.000000035;0.00000009988;0.000000035;0.00000009136;1814863970633
20240919 000000;0.00000009136;0.00000013779;0.00000008503;0.00000008776;3151426945752
20240920 000000;0.00000008776;0.00000010458;0.00000007505;0.00000007628;1838387680967
20240921 000000;0.00000007628;0.00000010272;0.00000006583;0.00000008637;1552222568623
20240922 000000;0.00000008637;0.00000012431;0.00000006962;0.00000010437;1620750860801
20240923 000000;0.00000010437;0.00000011887;0.00000009183;0.00000011011;1463259191529
20240924 000000;0.00000011011;0.00000011239;0.0000000801;0.00000010594;1964450672640
20240925 000000;0.00000010594;0.00000016314;0.0000001037;0.0000001221;1860470828826
20240926 000000;0.0000001221;0.00000014843;0.00000010754;0.00000012388;1385918965747
20240927 000000;0.00000012388;0.000000138;0.00000010167;0.00000011134;1701622099582
20240928 000000;0.00000011134;0.00000012599;0.00000010482;0.00000012501;647543498665
20240929 000000;0.00000012501;0.000000155;0.00000011628;0.00000014352;3306256153306
20240930 000000;0.00000014352;0.00000016006;0.00000013185;0.00000014854;1931810111593
20241001 000000;0.00000014854;0.000000168;0.0000001301;0.00000013663;1945578229908
20241002 000000;0.00000013663;0.000000155;0.00000010782;0.00000013474;1916725972033
20241003 000000;0.00000013474;0.000000174;0.0000001073;0.00000012123;1864368439807
20241004 000000;0.00000012123;0.00000013474;0.0000001055;0.00000012081;1679683620818
20241005 000000;0.00000012081;0.000000126;0.00000010284;0.0000001159;1360502914524
20241006 000000;0.0000001159;0.00000013973;0.0000001083;0.00000012295;2000552635640
20241007 000000;0.00000012295;0.00000016273;0.0000001119;0.00000014559;2432076825406
20241008 000000;0.00000014559;0.0000001618;0.0000001188;0.000000126;2061290765834
20241009 000000;0.000000126;0.00000012999;0.00000010929;0.00000011791;1610436085645
20241010 000000;0.00000011791;0.00000014158;0.00000010504;0.0000001305;2019620192794
20241011 000000;0.0000001305;0.00000015199;0.00000012227;0.00000014512;1102882456254
20241012 000000;0.00000014512;0.00000016499;0.00000012892;0.00000015529;1712755976337
20241013 000000;0.00000015529;0.00000016501;0.000000138;0.00000016055;1599364947136
20241014 000000;0.00000016055;0.00000016596;0.0000001345;0.00000014189;2328419467976
20241015 000000;0.00000014189;0.00000014799;0.00000010737;0.00000011222;2705524870444
20241016 000000;0.00000011222;0.00000013333;0.000000107;0.0000001101;2290824799003
20241017 000000;0.0000001101;0.000000121;0.00000007111;0.0000001044;4912032196204
20241018 000000;0.0000001044;0.00000011099;0.00000009303;0.00000009934;1912087563843
20241019 000000;0.00000009934;0.0000001077;0.00000008952;0.00000009316;1692918893635
20241020 000000;0.00000009316;0.00000009319;0.00000007409;0.00000007759;2435456821056
20241021 000000;0.00000007759;0.00000008257;0.00000005022;0.00000007464;4805258780161
20241022 000000;0.00000007464;0.00000007468;0.000000052;0.00000006788;2780376209583
20241023 000000;0.00000006788;0.000000077;0.0000000521;0.00000007655;3168184130431
20241024 000000;0.00000007655;0.0000000896;0.00000007435;0.00000007662;3074602961363
20241025 000000;0.00000007662;0.00000007979;0.00000006103;0.00000006343;2185551763322
20241026 000000;0.00000006343;0.00000007224;0.00000005754;0.00000006387;2449775292814
20241027 000000;0.00000006387;0.00000006861;0.000000058;0.0000000649;2045296952448
20241028 000000;0.0000000649;0.00000006572;0.00000005073;0.00000006034;2539909123207
20241029 000000;0.00000006034;0.0000000844;0.00000006023;0.00000007927;3278027245675
20241030 000000;0.00000007927;0.000000093;0.00000007003;0.00000007859;2613413826470
20241031 000000;0.00000007859;0.00000008294;0.00000006099;0.00000006169;2176862986156
20241101 000000;0.00000006169;0.00000007496;0.00000006161;0.00000006457;2301776096063
20241102 000000;0.00000006457;0.00000006693;0.00000005877;0.00000006111;2023616448471
20241103 000000;0.00000006111;0.00000006566;0.00000005539;0.00000006555;1729282410352
20241104 000000;0.00000006555;0.00000007333;0.00000005837;0.00000006272;2056772753230
20241105 000000;0.00000006272;0.00000007879;0.00000006235;0.00000007347;2004602870642
20241106 000000;0.00000007347;0.000000093;0.00000007158;0.00000008873;3601945596020
20241107 000000;0.00000008873;0.00000010403;0.00000008481;0.00000008997;2309258224713
20241108 000000;0.00000008997;0.00000009789;0.000000077;0.00000009478;2975031867700
20241109 000000;0.00000009478;0.000000121;0.00000008869;0.00000011599;2322500217310
20241110 000000;0.00000011599;0.00000013294;0.00000010426;0.00000011194;3695731278170
20241111 000000;0.00000011194;0.00000013043;0.00000011;0.00000011251;3285263314010
20241112 000000;0.00000011251;0.00000011256;0.00000008201;0.00000010033;5017554570079
20241113 000000;0.00000010033;0.00000014;0.00000008822;0.00000012544;5821482827337
20241114 000000;0.00000012544;0.00000017;0.00000012544;0.00000014612;5562007820322
20241115 000000;0.00000014612;0.00000019;0.000000133;0.00000018063;3247193207705
20241116 000000;0.00000018063;0.00000025399;0.00000017427;0.000000246;5221857492881
20241117 000000;0.000000246;0.000000254;0.00000019426;0.00000023239;4050439968142
20241118 000000;0.00000023239;0.00000024008;0.00000016936;0.00000019205;3885326356947
20241119 000000;0.00000019205;0.00000020342;0.00000017628;0.00000018342;1861981403700
20241120 000000;0.00000018342;0.00000024;0.00000017408;0.00000019118;3475655807641
20241121 000000;0.00000019118;0.00000021212;0.00000016259;0.00000017927;2334218422401
20241122 000000;0.00000017927;0.00000018267;0.00000013927;0.00000015203;2591304688243
20241123 000000;0.00000015203;0.00000017932;0.00000013996;0.00000015893;2561330252985
20241124 000000;0.00000015893;0.00000016745;0.00000013834;0.00000015469;1666444298733
20241125 000000;0.00000015469;0.00000016447;0.00000013104;0.00000013979;1790507993662
20241126 000000;0.00000013979;0.00000016746;0.000000128;0.00000016184;2320675158449
20241127 000000;0.00000016184;0.00000017123;0.000000148;0.00000015788;1631891612435
20241128 000000;0.00000015788;0.00000019;0.0000001518;0.00000016821;2397766393343
20241129 000000;0.00000016821;0.00000017431;0.0000001424;0.00000015259;1766703185341
20241130 000000;0.00000015259;0.00000015616;0.00000014;0.00000014638;2035172103888
20241201 000000;0.00000014638;0.00000015146;0.0000001215;0.00000013831;2567673927235
20241202 000000;0.00000013831;0.00000014092;0.00000011013;0.00000012494;2503702594915
20241203 000000;0.00000012494;0.0000001578;0.00000012205;0.00000014772;2502073244361
20241204 000000;0.00000014772;0.00000014957;0.00000012047;0.00000012721;2330805363339
20241205 000000;0.00000012721;0.00000016666;0.00000012262;0.00000014994;2723202283006
20241206 000000;0.00000014994;0.00000018533;0.00000014727;0.00000018024;2132442837957
20241207 000000;0.00000018024;0.00000019731;0.00000017098;0.00000017493;1569477440564
20241208 000000;0.00000017493;0.00000018835;0.00000016005;0.00000017314;2173853637695
20241209 000000;0.00000017314;0.00000018801;0.000000138;0.00000015736;2527580298855
20241210 000000;0.00000015736;0.00000016348;0.00000013902;0.00000014901;1814192248351
20241211 000000;0.00000014901;0.00000018406;0.00000014041;0.00000017562;1623180934070
20241212 000000;0.00000017562;0.00000020056;0.00000016854;0.00000017232;2201909563484
20241213 000000;0.00000017232;0.00000017507;0.00000012748;0.00000013571;3950073880103
20241214 000000;0.00000013571;0.00000014;0.00000011101;0.00000011636;3148741283366
20241215 000000;0.00000011636;0.00000014969;0.00000011636;0.00000014675;2350250530117
20241216 000000;0.00000014675;0.0000001497;0.00000011744;0.00000011875;1735814625756
20241217 000000;0.00000011875;0.00000013103;0.00000010331;0.00000010805;1755890225317
20241218 000000;0.00000010805;0.00000011177;0.00000009657;0.0000001005;2173652272167
20241219 000000;0.0000001005;0.0000001078;0.00000008309;0.00000008607;2427031626468
20241220 000000;0.00000008607;0.00000012412;0.00000006321;0.00000009839;4891759908653
20241221 000000;0.00000009839;0.00000010564;0.0000000837;0.00000008597;1758231863221
20241222 000000;0.00000008597;0.00000009112;0.00000007958;0.00000008166;1254195152319
20241223 000000;0.00000008166;0.00000009588;0.00000007633;0.00000009215;2081426782720
20241224 000000;0.00000009215;0.00000009229;0.0000000826;0.00000008593;1634731048034
20241225 000000;0.00000008593;0.00000009439;0.00000008327;0.00000008624;1365957731188
20241226 000000;0.00000008624;0.00000008721;0.00000007409;0.0000000762;1990959140051
20241227 000000;0.0000000762;0.00000008269;0.00000007282;0.00000007616;1601993365611
20241228 000000;0.00000007616;0.00000008136;0.00000007135;0.00000007702;1224614000195
20241229 000000;0.00000007702;0.00000008082;0.00000007087;0.00000007185;1218955979946
20241230 000000;0.00000007185;0.00000007789;0.000000068;0.0000000737;1317500677340
20241231 000000;0.0000000737;0.000000078;0.00000006783;0.00000006883;1491229698801
