20260101 000000;0.000000003855;0.00000000429;0.000000003806;0.000000004255;14481280509388
20260102 000000;0.000000004255;0.00000000512;0.000000004215;0.000000005021;11670643259991
20260103 000000;0.000000005021;0.000000005395;0.000000004874;0.000000005061;11279298344124
20260104 000000;0.000000005061;0.00000000745;0.000000005061;0.00000000729;12380759245153
20260105 000000;0.00000000729;0.00000000868;0.000000006315;0.000000007873;10126121341503
20260106 000000;0.000000007873;0.000000008255;0.0000000066;0.000000007384;8136212653561
20260107 000000;0.000000007384;0.00000000765;0.000000006811;0.00000000704;7908588036366
20260108 000000;0.00000000704;0.000000007424;0.000000006556;0.000000007221;8439951177928
20260109 000000;0.000000007221;0.000000007836;0.000000007106;0.000000007421;7836924873102
20260110 000000;0.000000007421;0.000000007481;0.000000006893;0.000000007079;7544581270230
20260111 000000;0.000000007079;0.000000007299;0.000000006689;0.000000006865;8064506792505
20260112 000000;0.000000006865;0.00000000719;0.000000006502;0.000000006551;8603996747879
20260113 000000;0.000000006551;0.000000007148;0.000000006391;0.000000007062;8510252026905
20260114 000000;0.000000007062;0.000000007566;0.000000006164;0.000000006433;8467888875178
20260115 000000;0.000000006433;0.000000006511;0.000000006013;0.000000006219;9170689854469
20260116 000000;0.000000006219;0.000000006241;0.000000005802;0.000000006053;9205374440370
20260117 000000;0.000000006053;0.000000006242;0.000000005626;0.000000005738;9552834011793
20260118 000000;0.000000005738;0.000000005749;0.000000005;0.000000005;10731497129251
20260119 000000;0.000000005;0.00000000503;0.0000000045;0.000000004721;16706720582512
20260120 000000;0.000000004721;0.000000004937;0.000000004348;0.000000004459;12831929364973
20260121 000000;0.000000004459;0.000000005118;0.000000004288;0.000000004772;12899724304502
20260122 000000;0.000000004772;0.000000005146;0.000000004443;0.000000004552;12667336157658
20260123 000000;0.000000004552;0.000000004649;0.000000004182;0.000000004435;13301682183631
20260124 000000;0.000000004435;0.000000004476;0.000000004223;0.000000004402;12475650910738
20260125 000000;0.000000004402;0.000000004441;0.000000004148;0.000000004236;12611787087317
20260126 000000;0.000000004236;0.000000004822;0.000000004149;0.000000004332;13598062819606
20260127 000000;0.000000004332;0.000000004608;0.000000004253;0.000000004355;13015659952195
20260128 000000;0.000000004355;0.000000004403;0.000000004058;0.00000000416;12576116654666
20260129 000000;0.00000000416;0.00000000425;0.000000003592;0.000000003764;14326923886447
20260130 000000;0.000000003764;0.000000003816;0.000000003446;0.000000003499;14974307866390
20260131 000000;0.000000003499;0.000000003687;0.000000003007;0.000000003347;16198800233626
20260201 000000;0.000000003347;0.000000003347;0.000000003001;0.000000003051;17395747058060
20260202 000000;0.000000003051;0.000000003639;0.000000002923;0.000000003603;16629648032340
20260203 000000;0.000000003603;0.000000003778;0.00000000341;0.000000003573;15945434794656
20260204 000000;0.000000003573;0.000000003671;0.000000003315;0.000000003354;15865856027139
20260205 000000;0.000000003354;0.000000003373;0.000000002789;0.000000002847;17892595144643
20260206 000000;0.000000002847;0.000000003486;0.000000002459;0.000000003474;19373141397921
20260207 000000;0.000000003474;0.000000003652;0.000000003313;0.000000003596;16930860772138
20260208 000000;0.000000003596;0.000000003835;0.00000000345;0.000000003508;15632591202227
20260209 000000;0.000000003508;0.000000003562;0.00000000323;0.000000003438;16898493483483
20260210 000000;0.000000003438;0.0000000035;0.000000003213;0.000000003309;16301671486798
20260211 000000;0.000000003309;0.000000003357;0.00000000305;0.000000003163;17509123242013
20260212 000000;0.000000003163;0.000000003533;0.000000003135;0.000000003329;16824396572034
20260213 000000;0.000000003329;0.00000000397;0.000000003167;0.000000003682;16934435759383
20260214 000000;0.000000003682;0.000000004203;0.000000003583;0.000000004134;14524825577788
20260215 000000;0.000000004134;0.000000004389;0.000000003483;0.000000003957;15775572529443
20260216 000000;0.000000003957;0.000000004171;0.000000003659;0.000000003987;15159630405102
20260217 000000;0.000000003987;0.000000004176;0.000000003665;0.000000003955;14059159681068
20260218 000000;0.000000003955;0.000000003961;0.000000003666;0.000000003722;14855204588665
20260219 000000;0.000000003722;0.000000003789;0.000000003119;0.000000003489;17234523119349
20260220 000000;0.000000003489;0.000000003665;0.000000003376;0.000000003555;14988781284611
20260221 000000;0.000000003555;0.000000003597;0.000000003431;0.000000003497;15726040886423
20260222 000000;0.000000003497;0.000000003585;0.000000003299;0.000000003382;15472394718266
20260223 000000;0.000000003382;0.000000003423;0.000000003201;0.000000003344;15892548323812
20260224 000000;0.000000003344;0.000000003461;0.000000003193;0.000000003247;16617569897638
20260225 000000;0.000000003247;0.000000003985;0.000000003192;0.000000003899;16119508973860
20260226 000000;0.000000003899;0.000000003913;0.000000003516;0.000000003618;15713833239409
20260227 000000;0.000000003618;0.000000003634;0.0000000032;0.000000003453;17340771707038
20260228 000000;0.000000003453;0.000000003498;0.000000003108;0.000000003391;16266431146181
20260301 000000;0.000000003391;0.000000003529;0.000000003289;0.000000003408;15591515464624
20260302 000000;0.000000003408;0.000000004047;0.000000003383;0.000000003686;15122414154618
20260303 000000;0.000000003686;0.000000003733;0.000000003516;0.000000003586;14847400341184
20260304 000000;0.000000003586;0.000000004267;0.000000003552;0.000000004084;15001738748656
20260305 000000;0.000000004084;0.000000004275;0.00000000403;0.000000004176;13297513130673
20260306 000000;0.000000004176;0.000000004219;0.000000003737;0.00000000383;13716570152989
20260307 000000;0.00000000383;0.000000003854;0.00000000364;0.000000003655;14478239042418
20260308 000000;0.000000003655;0.000000004131;0.000000003572;0.000000003692;15799392941789
20260309 000000;0.000000003692;0.000000004156;0.000000003657;0.000000004054;13751944521054
20260310 000000;0.000000004054;0.0000000045;0.000000003921;0.000000003967;13531194548881
20260311 000000;0.000000003967;0.000000004117;0.0000000039;0.000000003926;13414987091236
20260312 000000;0.000000003926;0.000000003999;0.000000003769;0.000000003967;13955529880673
20260313 000000;0.000000003967;0.000000004622;0.000000003926;0.000000004228;14383266786795
20260314 000000;0.000000004228;0.00000000435;0.000000004167;0.000000004302;12296940700155
20260315 000000;0.000000004302;0.000000004452;0.000000004031;0.000000004297;12477867797109
20260316 000000;0.000000004297;0.0000000046;0.000000004221;0.0000000045;12851322834740
20260317 000000;0.0000000045;0.00000000457;0.000000004087;0.000000004087;12241247024030
20260318 000000;0.000000004087;0.000000004181;0.000000003674;0.000000003712;14355040222381
20260319 000000;0.000000003712;0.000000003797;0.00000000357;0.000000003719;15223294242486
20260320 000000;0.000000003719;0.00000000408;0.000000003709;0.000000003904;14159225288895
20260321 000000;0.000000003904;0.000000004341;0.000000003701;0.000000004004;14156630696406
20260322 000000;0.000000004004;0.000000004004;0.00000000364;0.000000003657;13825594405819
20260323 000000;0.000000003657;0.00000000417;0.000000003548;0.000000004087;15060046127090
20260324 000000;0.000000004087;0.000000004132;0.000000003614;0.000000003735;14055717048982
20260325 000000;0.000000003735;0.000000003999;0.000000003612;0.000000003883;14848502820379
20260326 000000;0.000000003883;0.000000003998;0.000000003324;0.000000003391;16021428226434
20260327 000000;0.000000003391;0.000000003506;0.000000003259;0.000000003411;16235963720524
20260328 000000;0.000000003411;0.000000003687;0.000000003366;0.000000003453;16112950864442
20260329 000000;0.000000003453;0.00000000349;0.000000003257;0.00000000342;16647058600382
20260330 000000;0.00000000342;0.000000003592;0.000000003276;0.000000003397;16011883222975
20260331 000000;0.000000003397;0.0000000035;0.000000003153;0.000000003271;15891875966696
20260401 000000;0.000000003271;0.00000000366;0.000000003254;0.000000003405;16337260875102
20260402 000000;0.000000003405;0.000000003424;0.000000002999;0.000000003198;17698059851955
20260403 000000;0.000000003198;0.000000003373;0.000000003096;0.000000003204;16150264096768
20260404 000000;0.000000003204;0.000000003226;0.000000003064;0.000000003155;17321303676704
20260405 000000;0.000000003155;0.00000000325;0.000000003052;0.000000003194;18348444768252
20260406 000000;0.000000003194;0.000000003372;0.00000000315;0.000000003176;17555533608967
20260407 000000;0.000000003176;0.000000003398;0.000000002946;0.000000003364;18427468013129
20260408 000000;0.000000003364;0.000000003466;0.000000003139;0.000000003213;17950133047821
20260409 000000;0.000000003213;0.000000003542;0.000000003136;0.000000003387;17581370863232
20260410 000000;0.000000003387;0.000000003945;0.000000003375;0.000000003728;15940981308026
20260411 000000;0.000000003728;0.000000003911;0.000000003505;0.000000003791;14275461813353
20260412 000000;0.000000003791;0.00000000404;0.000000003479;0.00000000355;15320935827386
20260413 000000;0.00000000355;0.000000003588;0.000000003301;0.000000003509;15533150154926
20260414 000000;0.000000003509;0.000000003863;0.000000003452;0.000000003581;16714033288237
20260415 000000;0.000000003581;0.000000003794;0.000000003564;0.000000003723;14689224217982
20260416 000000;0.000000003723;0.000000003938;0.000000003468;0.000000003848;16079212413640
20260417 000000;0.000000003848;0.000000003938;0.000000003518;0.000000003603;15014883170187
20260418 000000;0.000000003603;0.000000003616;0.000000003117;0.000000003187;17014020069574
20260419 000000;0.000000003187;0.000000003246;0.000000003047;0.000000003186;18073477638367
20260420 000000;0.000000003186;0.000000003757;0.000000003099;0.000000003219;17376022836866
20260421 000000;0.000000003219;0.000000003275;0.000000003098;0.000000003185;17425600148829
20260422 000000;0.000000003185;0.000000003576;0.000000003115;0.000000003304;17348217276028
20260423 000000;0.000000003304;0.000000003514;0.000000003194;0.00000000339;17243659559147
20260424 000000;0.00000000339;0.000000003479;0.000000003282;0.000000003378;15522952616620
20260425 000000;0.000000003378;0.000000003433;0.000000003196;0.000000003255;17524515758353
20260426 000000;0.000000003255;0.0000000034;0.000000003194;0.000000003316;17040006635899
20260427 000000;0.000000003316;0.000000003353;0.000000003209;0.000000003277;16578465497455
20260428 000000;0.000000003277;0.000000003324;0.000000003039;0.000000003173;17278363833326
20260429 000000;0.000000003173;0.000000003271;0.000000002962;0.000000003097;18650261328441
20260430 000000;0.000000003097;0.000000003197;0.000000003027;0.000000003131;17994512782710
20260501 000000;0.000000003131;0.000000003175;0.000000002943;0.000000003103;17803962580708
20260502 000000;0.000000003103;0.000000003144;0.000000003058;0.000000003119;17070919529680
20260503 000000;0.000000003119;0.000000003143;0.000000003028;0.000000003048;17596919966353
20260504 000000;0.000000003048;0.000000003147;0.000000002984;0.000000003065;17865343358683
20260505 000000;0.000000003065;0.000000003352;0.000000002998;0.000000003222;17828682382620
20260506 000000;0.000000003222;0.000000003542;0.00000000319;0.000000003344;16127359538987
20260507 000000;0.000000003344;0.000000003497;0.00000000317;0.00000000322;17097239932493
20260508 000000;0.00000000322;0.00000000345;0.000000003165;0.000000003383;16433364327124
20260509 000000;0.000000003383;0.000000003766;0.000000003383;0.000000003631;14809124642988
20260510 000000;0.000000003631;0.000000006281;0.000000003588;0.000000004672;17443894124641
20260511 000000;0.000000004672;0.000000004778;0.000000004047;0.000000004435;13969526365185
20260512 000000;0.000000004435;0.00000000455;0.000000004017;0.000000004107;12727978860238
20260513 000000;0.000000004107;0.00000000433;0.000000003982;0.000000004064;12932010763764
20260514 000000;0.000000004064;0.000000004469;0.000000003957;0.00000000438;14073629752965
20260515 000000;0.00000000438;0.00000000443;0.000000003475;0.000000003705;15136054253135
20260516 000000;0.000000003705;0.000000003778;0.000000003361;0.00000000352;16030216750120
20260517 000000;0.00000000352;0.00000000374;0.00000000345;0.000000003533;15401559003061
20260518 000000;0.000000003533;0.000000003575;0.00000000337;0.000000003429;16309119413097
20260519 000000;0.000000003429;0.000000003544;0.00000000337;0.000000003443;15871849216958
20260520 000000;0.000000003443;0.00000000372;0.00000000337;0.000000003641;16111421820506
20260521 000000;0.000000003641;0.000000004037;0.00000000364;0.000000003916;14311705223143
20260522 000000;0.000000003916;0.000000003923;0.000000003616;0.000000003644;14881639098797
20260523 000000;0.000000003644;0.00000000494;0.000000003573;0.000000004056;15237802426657
20260524 000000;0.000000004056;0.000000004146;0.000000003914;0.000000004041;14086269662222
20260525 000000;0.000000004041;0.00000000417;0.000000003937;0.000000004069;14103399113659
20260526 000000;0.000000004069;0.000000004126;0.000000003899;0.000000004017;13800751716262
20260527 000000;0.000000004017;0.000000004164;0.000000003881;0.000000003923;13753504453628
20260528 000000;0.000000003923;0.000000003995;0.000000003464;0.000000003705;15690407045605
20260529 000000;0.000000003705;0.000000003933;0.000000003301;0.000000003318;15837879751836
20260530 000000;0.000000003318;0.000000003687;0.000000003318;0.000000003601;15590630437211
20260531 000000;0.000000003601;0.000000003823;0.00000000276;0.00000000314;16615624207190
20260601 000000;0.00000000314;0.000000003288;0.000000003087;0.000000003229;17471366140933
20260602 000000;0.000000003229;0.000000003312;0.00000000297;0.000000003015;18402378217310
20260603 000000;0.000000003015;0.000000003123;0.000000002855;0.000000003038;18428670983674
20260604 000000;0.000000003038;0.000000003046;0.00000000281;0.000000002876;19415698327661
20260605 000000;0.000000002876;0.000000002934;0.000000002586;0.000000002763;20117914637823
20260606 000000;0.000000002763;0.000000002909;0.000000002613;0.000000002776;20509538374946
20260607 000000;0.000000002776;0.000000003502;0.000000002752;0.000000003321;17557193662169
20260608 000000;0.000000003321;0.000000003419;0.000000003212;0.000000003343;16695940660909
20260609 000000;0.000000003343;0.000000003367;0.000000003103;0.000000003175;16581781801887
20260610 000000;0.000000003175;0.000000003258;0.000000003053;0.0000000031;17331720416038
20260611 000000;0.0000000031;0.00000000334;0.000000002983;0.000000003222;17324593068644
20260612 000000;0.000000003222;0.000000003294;0.000000003102;0.000000003186;16686344527983
20260613 000000;0.000000003186;0.000000003282;0.000000003117;0.000000003272;17119524840209
20260614 000000;0.000000003272;0.000000003329;0.000000003032;0.000000003278;17471629958650
20260615 000000;0.000000003278;0.000000003397;0.000000003097;0.000000003165;17601427597222
20260616 000000;0.000000003165;0.000000003223;0.000000003049;0.000000003127;16657453067134
20260617 000000;0.000000003127;0.0000000032;0.000000003002;0.000000003042;18146149693631
20260618 000000;0.000000003042;0.00000000312;0.00000000279;0.000000002933;19134809803210
20260619 000000;0.000000002933;0.000000002966;0.000000002857;0.000000002917;19490460323423
20260620 000000;0.000000002917;0.000000003337;0.0000000029;0.000000003081;14341739301263
