20250101 000000;0.00000006883;0.00000007224;0.00000006784;0.00000007098;1320613156652
20250102 000000;0.00000007098;0.00000007594;0.00000006816;0.0000000736;1380947952583
20250103 000000;0.0000000736;0.00000007479;0.00000005964;0.00000006595;2695591878472
20250104 000000;0.00000006595;0.00000008504;0.00000006136;0.00000007635;4985431265829
20250105 000000;0.00000007635;0.00000007771;0.00000007;0.00000007146;1911305703223
20250106 000000;0.00000007146;0.00000007678;0.00000006873;0.00000006905;1957450914674
20250107 000000;0.00000006905;0.0000000815;0.00000006264;0.00000006301;2027007110590
20250108 000000;0.00000006301;0.00000006487;0.00000005303;0.00000005864;1409734586531
20250109 000000;0.00000005864;0.00000006001;0.000000048;0.00000005312;1595553797094
20250110 000000;0.00000005312;0.00000006595;0.00000005148;0.00000006232;1057778803633
20250111 000000;0.00000006232;0.00000006542;0.00000005433;0.00000005659;1250323761587
20250112 000000;0.00000005659;0.00000006014;0.00000005319;0.00000005409;867960607534
20250113 000000;0.00000005409;0.00000005573;0.00000004488;0.00000004948;1422544935093
20250114 000000;0.00000004948;0.000000051;0.00000004246;0.00000004253;2016267492099
20250115 000000;0.00000004253;0.00000004838;0.00000004087;0.00000004835;1951348073833
20250116 000000;0.00000004835;0.0000000514;0.000000043;0.00000004691;2080863858283
20250117 000000;0.00000004691;0.00000004922;0.00000003754;0.00000003949;3204130351651
20250118 000000;0.00000003949;0.00000003962;0.00000002041;0.00000003211;8087205980878
20250119 000000;0.00000003211;0.00000004904;0.00000003099;0.00000003419;6238558470939
20250120 000000;0.00000003419;0.00000003802;0.00000003113;0.00000003461;4698878060627
20250121 000000;0.00000003461;0.00000004308;0.00000003231;0.00000004201;3161948644352
20250122 000000;0.00000004201;0.00000004544;0.00000003893;0.00000004138;2634726979424
20250123 000000;0.00000004138;0.00000004349;0.00000003568;0.00000003784;2434109935575
20250124 000000;0.00000003784;0.00000003961;0.00000003601;0.00000003694;1822595737549
20250125 000000;0.00000003694;0.00000004206;0.00000003681;0.00000003892;1871355303076
20250126 000000;0.00000003892;0.00000005212;0.00000003854;0.00000004099;2117827663963
20250127 000000;0.00000004099;0.000000053;0.0000000353;0.00000005171;2730702406581
20250128 000000;0.00000005171;0.0000000552;0.00000004392;0.00000004582;1897125822474
20250129 000000;0.00000004582;0.0000000815;0.00000004393;0.00000006101;3568330829714
20250130 000000;0.00000006101;0.00000009261;0.00000005985;0.00000008606;2994319452848
20250131 000000;0.00000008606;0.00000008988;0.00000007461;0.00000008165;2269318727587
20250201 000000;0.00000008165;0.00000008378;0.00000006085;0.0000000667;1795335627178
20250202 000000;0.0000000667;0.00000007217;0.00000004223;0.00000004518;2922190282510
20250203 000000;0.00000004518;0.0000000518;0.00000001539;0.00000004645;8258473844120
20250204 000000;0.00000004645;0.00000004742;0.00000003566;0.0000000406;2912084880288
20250205 000000;0.0000000406;0.00000004295;0.00000003616;0.00000003814;2139815462448
20250206 000000;0.00000003814;0.00000003996;0.00000003158;0.00000003296;2078276278493
20250207 000000;0.00000003296;0.00000003936;0.00000002809;0.00000003089;2960929240594
20250208 000000;0.00000003089;0.00000003205;0.0000000233;0.00000003101;3369235065680
20250209 000000;0.00000003101;0.00000003312;0.00000002765;0.00000002854;2639418562154
20250210 000000;0.00000002854;0.00000003393;0.0000000274;0.00000003241;2417959181202
20250211 000000;0.00000003241;0.00000004144;0.00000003221;0.00000003456;2949098501727
20250212 000000;0.00000003456;0.00000003518;0.00000002644;0.000000033;3954924101651
20250213 000000;0.000000033;0.00000003468;0.00000002971;0.00000003004;2110588417290
20250214 000000;0.00000003004;0.00000003346;0.000000029;0.00000003046;2362619096505
20250215 000000;0.00000003046;0.000000032;0.00000002599;0.00000002839;2676331997190
20250216 000000;0.00000002839;0.00000002986;0.00000002641;0.00000002682;2688692211404
20250217 000000;0.00000002682;0.00000002958;0.000000026;0.00000002761;2894975895377
20250218 000000;0.00000002761;0.00000002893;0.0000000237;0.00000002553;3087494845826
20250219 000000;0.00000002553;0.000000027;0.00000002317;0.00000002632;3689139721678
20250220 000000;0.00000002632;0.00000003007;0.0000000252;0.00000002998;3637662567599
20250221 000000;0.00000002998;0.00000003217;0.000000025;0.00000002509;2998651717337
20250222 000000;0.00000002509;0.00000002713;0.00000002491;0.00000002671;2834066727560
20250223 000000;0.00000002671;0.00000002736;0.0000000236;0.00000002547;3365330220985
20250224 000000;0.00000002547;0.00000002628;0.0000000211;0.00000002147;2649878283141
20250225 000000;0.00000002147;0.0000000232;0.0000000194;0.00000002223;3404919205982
20250226 000000;0.00000002223;0.00000002331;0.000000017;0.00000001854;3637479494540
20250227 000000;0.00000001854;0.00000002028;0.00000001849;0.00000001932;3673510618402
20250228 000000;0.00000001932;0.00000002211;0.00000001754;0.0000000206;3787025679114
20250301 000000;0.0000000206;0.00000002111;0.00000001875;0.00000001993;2978484404541
20250302 000000;0.00000001993;0.00000002499;0.00000001932;0.00000002455;3192529645292
20250303 000000;0.00000002455;0.00000002514;0.00000001807;0.00000001865;3453083845588
20250304 000000;0.00000001865;0.00000001876;0.00000001527;0.00000001706;5194314579048
20250305 000000;0.00000001706;0.00000001946;0.00000001659;0.00000001899;4062300721635
20250306 000000;0.00000001899;0.00000002419;0.00000001862;0.00000002092;5194290605791
20250307 000000;0.00000002092;0.00000002168;0.00000001892;0.00000001964;4425506166889
20250308 000000;0.00000001964;0.00000002017;0.0000000176;0.00000001772;3227778669941
20250309 000000;0.00000001772;0.00000001901;0.00000001358;0.00000001373;4304267704537
20250310 000000;0.00000001373;0.00000001469;0.00000001069;0.00000001174;6201755261029
20250311 000000;0.00000001174;0.00000001538;0.00000001097;0.00000001353;6616364075952
20250312 000000;0.00000001353;0.00000001502;0.00000001338;0.00000001448;4808520985009
20250313 000000;0.00000001448;0.00000001485;0.00000001275;0.00000001319;4733927429995
20250314 000000;0.00000001319;0.00000001543;0.00000001246;0.00000001443;4876078399831
20250315 000000;0.00000001443;0.00000001477;0.00000001338;0.00000001361;4253256468858
20250316 000000;0.00000001361;0.00000001441;0.00000001342;0.00000001364;4658463803264
20250317 000000;0.00000001364;0.00000001634;0.00000001339;0.0000000148;4665673129267
20250318 000000;0.0000000148;0.00000001514;0.0000000133;0.00000001409;4368493590881
20250319 000000;0.00000001409;0.00000001548;0.0000000135;0.00000001538;4525999389693
20250320 000000;0.00000001538;0.00000001613;0.00000001427;0.00000001509;4383733621252
20250321 000000;0.00000001509;0.00000001519;0.00000001364;0.00000001408;4199958308238
20250322 000000;0.00000001408;0.00000001455;0.00000001345;0.00000001411;4318299906305
20250323 000000;0.00000001411;0.00000001452;0.00000001373;0.00000001424;4198503847699
20250324 000000;0.00000001424;0.00000001606;0.00000001394;0.00000001548;4465050605161
20250325 000000;0.00000001548;0.00000001602;0.00000001469;0.00000001564;4257933389237
20250326 000000;0.00000001564;0.00000001869;0.0000000154;0.0000000172;4224910284200
20250327 000000;0.0000000172;0.00000001836;0.00000001679;0.00000001703;3427107449448
20250328 000000;0.00000001703;0.00000001721;0.00000001403;0.00000001438;3831390357156
20250329 000000;0.00000001438;0.00000001471;0.00000001095;0.0000000121;5745266782971
20250330 000000;0.0000000121;0.00000001396;0.00000001205;0.00000001346;5037840061748
20250331 000000;0.00000001346;0.00000001362;0.00000001235;0.00000001319;4672645793479
20250401 000000;0.00000001319;0.0000000197;0.00000001238;0.0000000185;5588391437691
20250402 000000;0.0000000185;0.00000001979;0.00000001554;0.00000001584;4375934100230
20250403 000000;0.00000001584;0.00000001731;0.00000001375;0.00000001592;5258732136062
20250404 000000;0.00000001592;0.00000001767;0.00000001449;0.00000001691;4352708949427
20250405 000000;0.00000001691;0.00000001731;0.00000001561;0.00000001699;4035252133005
20250406 000000;0.00000001699;0.00000001749;0.00000001355;0.000000014;5022589312332
20250407 000000;0.000000014;0.00000001519;0.00000001173;0.00000001429;5129777588958
20250408 000000;0.00000001429;0.00000001522;0.00000001345;0.00000001369;4112108079929
20250409 000000;0.00000001369;0.00000001709;0.00000001243;0.00000001659;4921851701190
20250410 000000;0.00000001659;0.00000001669;0.00000001444;0.00000001565;4745515265173
20250411 000000;0.00000001565;0.00000001798;0.00000001475;0.0000000149;4838941174818
20250412 000000;0.0000000149;0.00000001638;0.00000001418;0.00000001559;4566288658332
20250413 000000;0.00000001559;0.00000001583;0.00000001325;0.0000000139;5874025287856
20250414 000000;0.0000000139;0.00000001639;0.00000001382;0.00000001427;4574437630503
20250415 000000;0.00000001427;0.00000001428;0.00000001299;0.00000001323;4725600022461
20250416 000000;0.00000001323;0.00000001372;0.0000000125;0.00000001295;4567983605264
20250417 000000;0.00000001295;0.00000001523;0.00000001255;0.00000001489;5024833332650
20250418 000000;0.00000001489;0.0000000163;0.00000001345;0.00000001448;5150518272577
20250419 000000;0.00000001448;0.00000001457;0.0000000117;0.000000013;5509120744856
20250420 000000;0.000000013;0.00000001327;0.00000001171;0.00000001237;5234011350724
20250421 000000;0.00000001237;0.00000001492;0.00000001234;0.0000000148;5232511012262
20250422 000000;0.0000000148;0.00000002303;0.00000001463;0.00000002263;7278330016455
20250423 000000;0.00000002263;0.00000002808;0.00000002001;0.00000002309;5699886408924
20250424 000000;0.00000002309;0.00000003219;0.00000002034;0.00000003161;4913755420755
20250425 000000;0.00000003161;0.00000003654;0.00000002873;0.00000003014;4320005410259
20250426 000000;0.00000003014;0.000000034;0.0000000271;0.00000002927;2947021023471
20250427 000000;0.00000002927;0.00000003949;0.00000002853;0.00000003281;3869548892188
20250428 000000;0.00000003281;0.0000000375;0.000000028;0.00000003286;2869555671309
20250429 000000;0.00000003286;0.0000000342;0.00000002832;0.00000002909;3330185488932
20250430 000000;0.00000002909;0.00000002951;0.0000000242;0.00000002642;3438965793361
20250501 000000;0.00000002642;0.00000003505;0.00000002458;0.00000003062;3260152334467
20250502 000000;0.00000003062;0.00000003336;0.00000002681;0.00000002823;3051484982537
20250503 000000;0.00000002823;0.00000002823;0.000000026;0.00000002644;2377856423766
20250504 000000;0.00000002644;0.0000000295;0.00000002425;0.00000002699;3447561240291
20250505 000000;0.00000002699;0.00000002909;0.00000002568;0.00000002742;2779880837760
20250506 000000;0.00000002742;0.00000002753;0.00000002414;0.00000002632;2861529306251
20250507 000000;0.00000002632;0.00000002832;0.00000002579;0.00000002709;2908914492977
20250508 000000;0.00000002709;0.00000003642;0.0000000269;0.00000003524;3511038107643
20250509 000000;0.00000003524;0.0000000375;0.00000003188;0.00000003477;3059928202124
20250510 000000;0.00000003477;0.00000003998;0.00000003417;0.00000003951;3080079161445
20250511 000000;0.00000003951;0.00000004173;0.00000003585;0.00000003907;2484553947696
20250512 000000;0.00000003907;0.000000045;0.00000003545;0.00000003915;2695517293895
20250513 000000;0.00000003915;0.0000000598;0.00000003772;0.00000005635;3564978077838
20250514 000000;0.00000005635;0.00000006524;0.00000005334;0.00000005466;2894156475696
20250515 000000;0.00000005466;0.00000005769;0.00000004618;0.00000005006;2960455255175
20250516 000000;0.00000005006;0.0000000529;0.00000004504;0.00000004586;1944878230461
20250517 000000;0.00000004586;0.00000004881;0.00000004031;0.00000004417;1908298336762
20250518 000000;0.00000004417;0.00000005062;0.00000004252;0.00000004864;2126715039938
20250519 000000;0.00000004864;0.0000000489;0.0000000411;0.00000004533;1932043330123
20250520 000000;0.00000004533;0.00000005012;0.00000004357;0.00000004876;1460903130872
20250521 000000;0.00000004876;0.00000005024;0.00000004157;0.00000004378;2097149096838
20250522 000000;0.00000004378;0.00000004784;0.00000002701;0.00000003711;8212297634715
20250523 000000;0.00000003711;0.00000003981;0.00000002996;0.00000003107;3062938390395
20250524 000000;0.00000003107;0.00000003804;0.00000003034;0.0000000337;2415247137247
20250525 000000;0.0000000337;0.0000000374;0.00000003015;0.00000003353;2409922763826
20250526 000000;0.00000003353;0.00000004;0.0000000323;0.00000003496;2167345975982
20250527 000000;0.00000003496;0.00000004352;0.00000003304;0.0000000401;2255904360148
20250528 000000;0.0000000401;0.00000004079;0.0000000362;0.00000003669;1727339695420
20250529 000000;0.00000003669;0.00000003833;0.00000003448;0.00000003516;1754050304088
20250530 000000;0.00000003516;0.00000003553;0.00000002862;0.00000003131;2430864321894
20250531 000000;0.00000003131;0.00000003297;0.00000002751;0.00000003207;2381327425417
20250601 000000;0.00000003207;0.00000003472;0.00000002994;0.00000003102;2050912145496
20250602 000000;0.00000003102;0.00000003109;0.0000000298;0.00000003035;2055898661286
20250603 000000;0.00000003035;0.00000003271;0.00000002674;0.00000002924;2201266075936
20250604 000000;0.00000002924;0.0000000305;0.00000002883;0.00000002984;2208475677384
20250605 000000;0.00000002984;0.00000003027;0.00000002108;0.00000002573;3264535021503
20250606 000000;0.00000002573;0.00000003;0.00000002386;0.00000002811;2761751276962
20250607 000000;0.00000002811;0.00000003159;0.00000002738;0.00000003024;2357616178764
20250608 000000;0.00000003024;0.00000003062;0.00000002796;0.00000002947;2242253260472
20250609 000000;0.00000002947;0.00000003162;0.0000000286;0.00000003127;2144961782591
20250610 000000;0.00000003127;0.00000003413;0.00000002789;0.00000002959;2419176096058
20250611 000000;0.00000002959;0.0000000297;0.00000002649;0.00000002712;2325156371774
20250612 000000;0.00000002712;0.00000002725;0.00000002501;0.00000002617;2511748599988
20250613 000000;0.00000002617;0.00000002619;0.00000002302;0.00000002507;3101567471524
20250614 000000;0.00000002507;0.00000002679;0.00000002126;0.0000000233;2644033869707
20250615 000000;0.0000000233;0.00000002481;0.0000000225;0.00000002474;2651502117295
20250616 000000;0.00000002474;0.00000002773;0.00000002406;0.00000002497;2748539949883
20250617 000000;0.00000002497;0.00000002542;0.00000002151;0.00000002198;3116460090964
20250618 000000;0.00000002198;0.00000002306;0.00000002031;0.00000002182;3017145762574
20250619 000000;0.00000002182;0.00000002231;0.00000002073;0.00000002148;2872088624628
20250620 000000;0.00000002148;0.00000002167;0.0000000181;0.00000001971;3096190278477
20250621 000000;0.00000001971;0.00000001973;0.00000001571;0.00000001709;3519378866992
20250622 000000;0.00000001709;0.00000001954;0.00000001393;0.00000001716;5018384970243
20250623 000000;0.00000001716;0.00000002438;0.00000001691;0.00000002356;3978101379307
20250624 000000;0.00000002356;0.00000002499;0.00000002266;0.00000002352;2481989036840
20250625 000000;0.00000002352;0.00000002388;0.0000000211;0.00000002161;2641782339867
20250626 000000;0.00000002161;0.00000002258;0.00000002045;0.00000002098;3000299552681
20250627 000000;0.00000002098;0.00000002251;0.00000002051;0.00000002098;2915099988607
20250628 000000;0.00000002098;0.00000002271;0.00000002072;0.00000002231;2741562107924
20250629 000000;0.00000002231;0.00000002449;0.000000021;0.00000002424;2744631403048
20250630 000000;0.00000002424;0.00000002519;0.00000002291;0.00000002495;2685244917298
20250701 000000;0.00000002495;0.00000002535;0.00000002409;0.000000025;2654547622612
20250702 000000;0.000000025;0.00000002883;0.00000002445;0.00000002801;2876826137290
20250703 000000;0.00000002801;0.00000003071;0.00000002765;0.00000002957;2393328212735
20250704 000000;0.00000002957;0.00000003033;0.00000002684;0.00000002799;2189482742955
20250705 000000;0.00000002799;0.00000002955;0.00000002778;0.00000002829;2086367031756
20250706 000000;0.00000002829;0.00000002935;0.00000002739;0.00000002858;2043363013322
20250707 000000;0.00000002858;0.00000002931;0.00000002743;0.00000002775;1974598723916
20250708 000000;0.00000002775;0.00000002798;0.00000002506;0.00000002535;2214349900752
20250709 000000;0.00000002535;0.00000002667;0.00000002463;0.00000002624;2563783807883
20250710 000000;0.00000002624;0.00000003139;0.0000000255;0.0000000307;2383245899726
20250711 000000;0.0000000307;0.00000003332;0.00000002699;0.00000002819;2489439098554
20250712 000000;0.00000002819;0.00000002936;0.00000002537;0.00000002763;2376636506336
20250713 000000;0.00000002763;0.00000002988;0.00000002645;0.00000002897;2457978833667
20250714 000000;0.00000002897;0.00000003231;0.00000002886;0.00000003083;2500838301500
20250715 000000;0.00000003083;0.00000003236;0.00000002919;0.00000003179;2469900994227
20250716 000000;0.00000003179;0.00000003186;0.00000002917;0.00000003011;2330060533272
20250717 000000;0.00000003011;0.00000003467;0.00000002918;0.00000003283;2461627550522
20250718 000000;0.00000003283;0.00000003572;0.00000002977;0.0000000308;2069651854465
20250719 000000;0.0000000308;0.00000003183;0.00000003006;0.00000003102;1999644333385
20250720 000000;0.00000003102;0.00000004051;0.00000003081;0.00000003884;2269633988100
20250721 000000;0.00000003884;0.000000045;0.00000003611;0.00000003766;2237144982781
20250722 000000;0.00000003766;0.00000004034;0.00000003355;0.00000003798;3411195251155
20250723 000000;0.00000003798;0.00000003985;0.0000000312;0.00000003442;2427820775354
20250724 000000;0.00000003442;0.0000000391;0.000000033;0.00000003508;2258143828696
20250725 000000;0.00000003508;0.00000003815;0.00000003073;0.00000003476;2284049250536
20250726 000000;0.00000003476;0.00000004116;0.00000003372;0.00000003804;2553396190070
20250727 000000;0.00000003804;0.00000004157;0.000000034;0.00000004092;2543413817962
20250728 000000;0.00000004092;0.00000004174;0.0000000348;0.00000003486;1831078805599
20250729 000000;0.00000003486;0.00000003635;0.00000003266;0.00000003354;1878045299036
20250730 000000;0.00000003354;0.0000000338;0.00000003115;0.00000003246;1852506065421
20250731 000000;0.00000003246;0.00000003651;0.00000003012;0.00000003071;3041228036321
20250801 000000;0.00000003071;0.00000003086;0.00000002669;0.000000028;4013891676417
20250802 000000;0.000000028;0.00000002859;0.00000002419;0.00000002537;2374742430998
20250803 000000;0.00000002537;0.00000002744;0.000000025;0.00000002658;2143364023367
20250804 000000;0.00000002658;0.0000000278;0.000000026;0.00000002724;2464171398594
20250805 000000;0.00000002724;0.00000002751;0.0000000191;0.00000002075;5964973387549
20250806 000000;0.00000002075;0.00000002625;0.00000002039;0.00000002437;4048393390903
20250807 000000;0.00000002437;0.00000002581;0.00000002263;0.00000002489;2853069574500
20250808 000000;0.00000002489;0.00000002826;0.00000002474;0.00000002708;2644110813212
20250809 000000;0.00000002708;0.00000002819;0.00000002557;0.00000002712;2623016978457
20250810 000000;0.00000002712;0.00000002764;0.0000000246;0.00000002598;2549508755605
20250811 000000;0.00000002598;0.0000000278;0.00000002343;0.00000002374;3166086549800
20250812 000000;0.00000002374;0.00000002514;0.000000022;0.00000002325;4135900322454
20250813 000000;0.00000002325;0.0000000262;0.00000002283;0.00000002453;3096014283194
20250814 000000;0.00000002453;0.00000002598;0.00000002227;0.00000002322;3197409287871
20250815 000000;0.00000002322;0.00000002462;0.00000002207;0.00000002297;2726365023774
20250816 000000;0.00000002297;0.0000000234;0.00000002168;0.0000000229;2866547926597
20250817 000000;0.0000000229;0.00000002377;0.00000002215;0.00000002245;2607712743529
20250818 000000;0.00000002245;0.00000002306;0.00000002026;0.00000002232;2883836203819
20250819 000000;0.00000002232;0.00000002422;0.00000002036;0.00000002116;2977214425189
20250820 000000;0.00000002116;0.0000000232;0.00000002078;0.00000002259;2718105092662
20250821 000000;0.00000002259;0.00000002324;0.00000002109;0.00000002151;2575713894227
20250822 000000;0.00000002151;0.0000000243;0.00000002066;0.00000002337;2675768227935
20250823 000000;0.00000002337;0.00000002398;0.00000002252;0.00000002298;2397423013467
20250824 000000;0.00000002298;0.00000002476;0.00000002185;0.00000002353;2629411731744
20250825 000000;0.00000002353;0.00000002363;0.00000002029;0.00000002106;2842121463914
20250826 000000;0.00000002106;0.00000002141;0.00000002066;0.00000002103;2692954152704
20250827 000000;0.00000002103;0.00000002177;0.00000002023;0.00000002033;3223313193439
20250828 000000;0.00000002033;0.00000002064;0.00000001865;0.00000001997;3155234698652
20250829 000000;0.00000001997;0.00000002053;0.00000001821;0.00000001927;3292339241240
20250830 000000;0.00000001927;0.00000002002;0.00000001893;0.00000001977;2966556361118
20250831 000000;0.00000001977;0.0000000202;0.00000001932;0.0000000197;2971477157603
20250901 000000;0.0000000197;0.00000001987;0.00000001666;0.00000001733;3539306677826
20250902 000000;0.00000001733;0.00000001858;0.00000001598;0.0000000175;3747586673919
20250903 000000;0.0000000175;0.00000001982;0.00000001715;0.0000000191;3381055864669
20250904 000000;0.0000000191;0.00000001936;0.00000001728;0.00000001805;3133441519762
20250905 000000;0.00000001805;0.00000001895;0.00000001785;0.00000001808;3116913180192
20250906 000000;0.00000001808;0.00000001844;0.00000001744;0.00000001763;2990413357738
20250907 000000;0.00000001763;0.00000001844;0.00000001753;0.00000001813;3321884380917
20250908 000000;0.00000001813;0.0000000197;0.00000001775;0.00000001856;3540978538953
20250909 000000;0.00000001856;0.00000001979;0.00000001846;0.00000001865;3218857700195
20250910 000000;0.00000001865;0.00000001938;0.00000001817;0.00000001883;3367409753721
20250911 000000;0.00000001883;0.00000001935;0.00000001396;0.00000001724;4233283496883
20250912 000000;0.00000001724;0.00000001766;0.0000000158;0.00000001733;3657837328000
20250913 000000;0.00000001733;0.00000002;0.00000001501;0.00000001807;3990628052144
20250914 000000;0.00000001807;0.00000001912;0.00000001642;0.00000001699;3650340927322
20250915 000000;0.00000001699;0.00000001726;0.00000001582;0.00000001641;3406668935779
20250916 000000;0.00000001641;0.00000001772;0.00000001624;0.00000001706;3520093387255
20250917 000000;0.00000001706;0.00000001764;0.00000001571;0.00000001703;4243472545961
20250918 000000;0.00000001703;0.00000001825;0.0000000165;0.00000001804;3568368323296
20250919 000000;0.00000001804;0.00000001807;0.00000001595;0.00000001625;3255714832082
20250920 000000;0.00000001625;0.00000001676;0.0000000158;0.00000001663;3460649282820
20250921 000000;0.00000001663;0.00000001672;0.00000001529;0.00000001541;3762602445540
20250922 000000;0.00000001541;0.00000001542;0.0000000124;0.00000001393;4584421302257
20250923 000000;0.00000001393;0.00000001442;0.0000000124;0.00000001264;5088724576758
20250924 000000;0.00000001264;0.00000001465;0.00000001103;0.00000001293;5082902365740
20250925 000000;0.00000001293;0.00000001401;0.0000000113;0.00000001196;5086595105568
20250926 000000;0.00000001196;0.00000001389;0.00000001153;0.00000001206;5089883425502
20250927 000000;0.00000001206;0.00000001279;0.00000001167;0.00000001228;4974146018493
20250928 000000;0.00000001228;0.00000001267;0.00000001137;0.00000001213;4934225428262
20250929 000000;0.00000001213;0.00000001273;0.00000001195;0.0000000124;4584285251579
20250930 000000;0.0000000124;0.00000001279;0.00000001145;0.0000000122;5019266376996
20251001 000000;0.0000000122;0.00000001638;0.00000001203;0.00000001461;6358260411536
20251002 000000;0.00000001461;0.00000001701;0.00000001444;0.00000001608;4550241254709
20251003 000000;0.00000001608;0.0000000214;0.00000001593;0.00000001989;4469667379003
20251004 000000;0.00000001989;0.00000002015;0.00000001609;0.00000001782;3919195264538
20251005 000000;0.00000001782;0.00000002133;0.0000000176;0.00000001896;3529054848173
20251006 000000;0.00000001896;0.00000002037;0.00000001658;0.0000000182;4097215087701
20251007 000000;0.0000000182;0.00000001835;0.000000016;0.00000001649;3833574931557
20251008 000000;0.00000001649;0.00000001789;0.00000001572;0.00000001582;3758265598735
20251009 000000;0.00000001582;0.00000001589;0.00000001457;0.00000001513;3951455202097
20251010 000000;0.00000001513;0.0000000158;0.00000000865;0.00000000978;6535165815328
20251011 000000;0.00000000978;0.00000001206;0.00000000961;0.00000001099;6197273677415
20251012 000000;0.00000001099;0.000000012105;0.000000009984;0.00000001188;5480907293708
20251013 000000;0.00000001188;0.000000013454;0.00000001154;0.00000001275;4860393314722
20251014 000000;0.00000001275;0.00000001275;0.00000001031;0.000000011811;5365434273126
20251015 000000;0.000000011811;0.00000001236;0.000000009649;0.000000009757;5227468941465
20251016 000000;0.000000009757;0.000000011502;0.000000009374;0.000000009599;6827497491813
20251017 000000;0.000000009599;0.000000009764;0.000000007452;0.000000009175;8381696578088
20251018 000000;0.000000009175;0.000000009796;0.0000000086;0.000000008824;7086517151571
20251019 000000;0.000000008824;0.000000010156;0.00000000826;0.000000009461;6342697284555
20251020 000000;0.000000009461;0.00000001026;0.000000008666;0.00000000908;6023424220973
20251021 000000;0.00000000908;0.000000010038;0.000000008838;0.000000009167;6678255564605
20251022 000000;0.000000009167;0.000000009233;0.000000008313;0.000000008394;6267245309769
20251023 000000;0.000000008394;0.00000000953;0.000000008371;0.000000008902;6580565605252
20251024 000000;0.000000008902;0.000000009314;0.000000008526;0.000000008899;6219512935041
20251025 000000;0.000000008899;0.000000009319;0.000000008866;0.000000009252;6235888663484
20251026 000000;0.000000009252;0.000000009973;0.000000008914;0.000000009737;5914539928686
20251027 000000;0.000000009737;0.000000009852;0.000000008316;0.000000008654;6927475377368
20251028 000000;0.000000008654;0.000000009547;0.000000008351;0.000000008496;6767531431594
20251029 000000;0.000000008496;0.000000009211;0.000000008303;0.000000008825;7006455439327
20251030 000000;0.000000008825;0.000000008877;0.000000007391;0.000000007687;7614599984613
20251031 000000;0.000000007687;0.000000008739;0.000000007681;0.000000008041;7013544115053
20251101 000000;0.000000008041;0.000000008111;0.00000000758;0.000000007945;7113178664047
20251102 000000;0.000000007945;0.00000000797;0.000000007198;0.000000007379;7749625678560
20251103 000000;0.000000007379;0.000000007625;0.000000005117;0.000000005723;11837174066586
20251104 000000;0.000000005723;0.00000000595;0.000000004536;0.000000004968;13750899907158
20251105 000000;0.000000004968;0.00000000525;0.000000004726;0.000000005203;11379853463355
20251106 000000;0.000000005203;0.000000007167;0.000000004801;0.00000000689;11461872257624
20251107 000000;0.00000000689;0.000000008497;0.000000006106;0.000000007214;9745327626800
20251108 000000;0.000000007214;0.000000008497;0.000000006562;0.00000000711;8735105178787
20251109 000000;0.00000000711;0.000000007564;0.000000006755;0.000000007356;8032819026477
20251110 000000;0.000000007356;0.000000009707;0.000000007032;0.000000009034;8158206425243
20251111 000000;0.000000009034;0.00000001;0.000000007941;0.000000008033;6582459791367
20251112 000000;0.000000008033;0.000000009057;0.000000007531;0.000000008063;7262383873975
20251113 000000;0.000000008063;0.00000000863;0.000000007079;0.000000007436;7273702009849
20251114 000000;0.000000007436;0.000000008312;0.0000000057;0.000000006341;10041518776996
20251115 000000;0.000000006341;0.000000006582;0.00000000594;0.000000006078;8737927100042
20251116 000000;0.000000006078;0.000000006509;0.000000005603;0.000000005623;9582818874496
20251117 000000;0.000000005623;0.000000006426;0.000000005335;0.00000000562;9933229245512
20251118 000000;0.00000000562;0.000000006201;0.00000000535;0.000000005851;10879229045381
20251119 000000;0.000000005851;0.000000005937;0.000000005015;0.000000005238;10389667532265
20251120 000000;0.000000005238;0.0000000059;0.000000004925;0.00000000514;10527473511167
20251121 000000;0.00000000514;0.000000005339;0.000000004323;0.000000004768;12081898038229
20251122 000000;0.000000004768;0.000000005052;0.000000004474;0.00000000482;11909923119197
20251123 000000;0.00000000482;0.000000005052;0.000000004627;0.000000004955;12073765736992
20251124 000000;0.000000004955;0.000000005632;0.000000004794;0.00000000548;10883564153324
20251125 000000;0.00000000548;0.000000005838;0.000000005313;0.000000005691;9813638523786
20251126 000000;0.000000005691;0.000000005987;0.000000005574;0.000000005794;9649094188953
20251127 000000;0.000000005794;0.000000006303;0.000000005516;0.000000006049;9312539952657
20251128 000000;0.000000006049;0.000000006722;0.000000005596;0.000000006419;9173522069130
20251129 000000;0.000000006419;0.000000006734;0.000000005699;0.000000005859;9780772631821
20251130 000000;0.000000005859;0.00000000705;0.000000005762;0.000000006638;9510992089329
20251201 000000;0.000000006638;0.000000006651;0.000000004821;0.000000005016;11795345017159
20251202 000000;0.000000005016;0.000000005726;0.00000000467;0.000000005037;15050187383369
20251203 000000;0.000000005037;0.000000005791;0.000000004867;0.000000005572;10812387513511
20251204 000000;0.000000005572;0.000000005572;0.000000005;0.000000005127;10605137640209
20251205 000000;0.000000005127;0.000000005284;0.000000004669;0.000000004765;10528510431484
20251206 000000;0.000000004765;0.000000004796;0.000000004577;0.000000004684;11839634229651
20251207 000000;0.000000004684;0.000000005348;0.00000000465;0.000000004919;11896101452464
20251208 000000;0.000000004919;0.00000000528;0.00000000486;0.000000004952;10861153220725
20251209 000000;0.000000004952;0.0000000055;0.000000004886;0.000000005239;10979588999445
20251210 000000;0.000000005239;0.000000005327;0.000000004993;0.00000000522;10498652563594
20251211 000000;0.00000000522;0.000000005726;0.000000004318;0.000000005035;12859532326810
20251212 000000;0.000000005035;0.000000005166;0.000000004623;0.000000004749;11239657909543
20251213 000000;0.000000004749;0.000000004981;0.000000004702;0.0000000049;10690060490750
20251214 000000;0.0000000049;0.000000004983;0.000000004633;0.000000004652;11941416437258
20251215 000000;0.000000004652;0.000000004885;0.000000004246;0.000000004754;12785047662084
20251216 000000;0.000000004754;0.000000004873;0.000000004;0.000000004553;12704312126563
20251217 000000;0.000000004553;0.000000004598;0.000000004173;0.000000004374;12324368698311
20251218 000000;0.000000004374;0.000000004707;0.000000003976;0.00000000407;12441301720898
20251219 000000;0.00000000407;0.000000004914;0.000000004019;0.000000004661;12072591471858
20251220 000000;0.000000004661;0.000000004946;0.00000000457;0.000000004886;11480071310967
20251221 000000;0.000000004886;0.000000004985;0.000000004569;0.000000004842;11701614661235
20251222 000000;0.000000004842;0.000000005127;0.000000004634;0.000000004738;11922847886952
20251223 000000;0.000000004738;0.000000004914;0.000000004687;0.000000004819;11385285990921
20251224 000000;0.000000004819;0.00000000487;0.000000004578;0.000000004642;12012052758921
20251225 000000;0.000000004642;0.00000000468;0.000000004391;0.000000004414;12406977003036
20251226 000000;0.000000004414;0.000000004651;0.000000004398;0.000000004487;11559997495951
20251227 000000;0.000000004487;0.000000004805;0.000000004429;0.000000004788;11744025059930
20251228 000000;0.000000004788;0.000000004909;0.000000004645;0.000000004837;12055018731555
20251229 000000;0.000000004837;0.000000005229;0.00000000439;0.000000004419;12147092958234
20251230 000000;0.000000004419;0.000000004861;0.0000000043;0.000000004475;13190959834835
20251231 000000;0.000000004475;0.000000004577;0.000000003807;0.000000003855;13142628823893
