20250101 000000;1.876;1.924;1.85;1.922;17301.14
20250102 000000;1.922;1.978;1.915;1.966;9638.36
20250103 000000;1.966;2.008;1.945;2.005;9531.38
20250104 000000;2.005;2.023;1.972;2.001;16920.49
20250105 000000;2.001;2.027;1.978;1.997;9673.23
20250106 000000;1.997;2.042;1.972;2.005;16403.18
20250107 000000;2.005;2.046;1.883;1.883;11490.03
20250108 000000;1.883;1.932;1.799;1.831;20301.2
20250109 000000;1.831;1.859;1.786;1.825;55854.23
20250110 000000;1.825;1.874;1.805;1.848;15278.38
20250111 000000;1.848;1.863;1.82;1.843;14386.64
20250112 000000;1.843;1.858;1.805;1.821;16767.58
20250113 000000;1.821;1.851;1.682;1.767;21019.16
20250114 000000;1.767;1.836;1.752;1.833;14204.23
20250115 000000;1.833;1.894;1.787;1.89;11405.12
20250116 000000;1.89;1.892;1.815;1.829;13070.86
20250117 000000;1.829;1.916;1.829;1.903;12959.02
20250118 000000;1.903;1.928;1.761;1.793;11471.44
20250119 000000;1.793;1.831;1.644;1.665;17914.45
20250120 000000;1.665;1.769;1.617;1.655;21742.32
20250121 000000;1.655;1.74;1.615;1.695;24848.18
20250122 000000;1.695;1.724;1.667;1.669;14987.56
20250123 000000;1.669;1.71;1.636;1.678;19737.45
20250124 000000;1.678;1.689;1.613;1.619;10321.87
20250125 000000;1.619;1.644;1.598;1.612;22412.91
20250126 000000;1.612;1.697;1.586;1.588;12203.02
20250127 000000;1.588;1.617;1.48;1.585;18509.27
20250128 000000;1.585;1.597;1.465;1.473;25731.4
20250129 000000;1.473;1.582;1.46;1.514;14982.37
20250130 000000;1.514;1.583;1.5;1.549;72778.31
20250131 000000;1.549;1.596;1.525;1.536;12745.76
20250201 000000;1.536;1.58;1.431;1.44;12102.17
20250202 000000;1.44;1.473;1.253;1.293;65927.94
20250203 000000;1.293;1.294;1.001;1.281;29602.17
20250204 000000;1.281;1.508;1.192;1.296;50028.84
20250205 000000;1.296;1.315;1.242;1.283;17105.72
20250206 000000;1.283;1.316;1.206;1.215;29266.85
20250207 000000;1.215;1.291;1.196;1.219;17448.82
20250208 000000;1.219;1.292;1.206;1.285;14080.9
20250209 000000;1.285;1.327;1.233;1.283;361551.05
20250210 000000;1.283;1.313;1.235;1.289;311028.33
20250211 000000;1.289;1.315;1.242;1.251;316891.77
20250212 000000;1.251;1.305;1.222;1.279;477195.73
20250213 000000;1.279;1.286;1.201;1.211;407441.64
20250214 000000;1.211;1.419;1.202;1.331;2348971.8
20250215 000000;1.331;1.614;1.307;1.397;3614397.87
20250216 000000;1.397;1.623;1.307;1.333;2794900.58
20250217 000000;1.333;1.338;1.266;1.3;1005144.38
20250218 000000;1.3;1.356;1.261;1.31;1575884.01
20250219 000000;1.31;1.489;1.29;1.298;2179896.21
20250220 000000;1.298;1.315;1.265;1.286;875933.48
20250221 000000;1.286;1.308;1.249;1.264;381204.59
20250222 000000;1.264;1.324;1.257;1.3;397751.34
20250223 000000;1.3;1.349;1.275;1.29;650107.22
20250224 000000;1.29;1.297;1.136;1.156;467852.94
20250225 000000;1.156;1.197;1.127;1.178;321729.88
20250226 000000;1.178;1.211;1.161;1.199;305658.77
20250227 000000;1.199;1.223;1.18;1.217;223369.92
20250228 000000;1.217;1.221;1.142;1.197;426914.35
20250301 000000;1.197;1.197;1.15;1.186;377975.75
20250302 000000;1.186;1.243;1.165;1.232;551985.45
20250303 000000;1.232;1.232;1.112;1.121;612631.14
20250304 000000;1.121;1.121;1.036;1.096;576328.97
20250305 000000;1.096;1.14;1.09;1.132;281693.1
20250306 000000;1.132;1.149;1.096;1.123;299597.55
20250307 000000;1.123;1.144;1.089;1.122;331930.11
20250308 000000;1.122;1.143;1.092;1.114;407784.05
20250309 000000;1.114;1.132;1.019;1.031;491861.12
20250310 000000;1.031;1.087;0.978;0.996;483362.18
20250311 000000;0.996;1.051;0.951;1.033;373101.28
20250312 000000;1.033;1.156;1;1.074;1280958.76
20250313 000000;1.074;1.082;1.023;1.073;453950.25
20250314 000000;1.073;1.123;1.065;1.087;369870.43
20250315 000000;1.087;1.148;1.086;1.123;303892.3
20250316 000000;1.123;1.132;1.077;1.093;423945.43
20250317 000000;1.093;1.127;1.089;1.123;278881.72
20250318 000000;1.123;1.127;1.081;1.107;309740.73
20250319 000000;1.107;1.127;1.09;1.12;293283.79
20250320 000000;1.12;1.148;1.106;1.117;500116.82
20250321 000000;1.117;1.213;1.099;1.147;1583403.76
20250322 000000;1.147;1.184;1.131;1.164;805313.1
20250323 000000;1.164;1.17;1.117;1.128;308254.07
20250324 000000;1.128;1.169;1.124;1.159;262464.2
20250325 000000;1.159;1.189;1.148;1.169;282997.6
20250326 000000;1.169;1.243;1.165;1.186;706154.83
20250327 000000;1.186;1.19;1.138;1.162;384120.04
20250328 000000;1.162;1.168;1.092;1.122;463910.37
20250329 000000;1.122;1.125;1.054;1.086;223416.21
20250330 000000;1.086;1.118;1.067;1.086;252357.33
20250331 000000;1.086;1.105;1.07;1.102;289132.87
20250401 000000;1.102;1.119;1.071;1.08;342678.73
20250402 000000;1.08;1.09;1.024;1.031;362293.81
20250403 000000;1.031;1.054;0.986;1.043;386675.82
20250404 000000;1.043;1.067;1.021;1.039;277586.21
20250405 000000;1.039;1.061;1.018;1.055;409512.98
20250406 000000;1.055;1.063;0.965;0.973;364953.35
20250407 000000;0.973;1.0091;0.9015;0.9732;648226.04
20250408 000000;0.9732;1.2215;0.9638;1.1397;2672060.99
20250409 000000;1.1397;1.1667;0.995;1.083;2170394.95
20250410 000000;1.083;1.1114;1.016;1.0337;666102.84
20250411 000000;1.0337;1.0548;1.019;1.0436;356212.32
20250412 000000;1.0436;1.0696;1.033;1.0644;439441.74
20250413 000000;1.0644;1.0738;0.9875;1.0028;494152.76
20250414 000000;1.0028;1.0237;0.9801;0.9894;341036.43
20250415 000000;0.9894;1.0254;0.9876;0.9988;495066.31
20250416 000000;0.9988;1.0377;0.9475;0.9656;1024736.8
20250417 000000;0.9656;0.9841;0.9475;0.9725;218811.17
20250418 000000;0.9725;1.0024;0.9652;0.9977;116033.5
20250419 000000;0.9977;1.0285;0.99;1.0073;173509.35
20250420 000000;1.0073;1.0375;0.979;0.9943;203769.4
20250421 000000;0.9943;1.0107;0.9861;0.9877;168039.78
20250422 000000;0.9877;1.1003;0.9774;1.0029;923600.98
20250423 000000;1.0029;1.0447;0.999;1.0193;342282.98
20250424 000000;1.0193;1.0758;1.0036;1.0165;821023.7
20250425 000000;1.0165;1.0581;1.0134;1.0455;371716.82
20250426 000000;1.0455;1.0688;1.0409;1.0624;315846.09
20250427 000000;1.0624;1.1371;1.0363;1.0374;657611.19
20250428 000000;1.0374;1.0751;1.0076;1.0556;381823.3
20250429 000000;1.0556;1.0667;1.0356;1.0465;204877.83
20250430 000000;1.0465;1.0765;1.0344;1.0566;364942.74
20250501 000000;1.0566;1.0937;1.0526;1.0713;353176.78
20250502 000000;1.0713;1.1796;1.0564;1.1084;684425.8
20250503 000000;1.1084;1.3;1.0611;1.1671;1765105.91
20250504 000000;1.1671;1.2676;1.0945;1.1006;1067295.83
20250505 000000;1.1006;1.1062;1.0621;1.0879;274540.54
20250506 000000;1.0879;1.2084;1.0672;1.1276;840209.59
20250507 000000;1.1276;1.1355;1.0808;1.0934;228236.69
20250508 000000;1.0934;1.1562;1.0934;1.1529;288126.79
20250509 000000;1.1529;1.1778;1.1449;1.1773;315786.89
20250510 000000;1.1773;1.213;1.1688;1.1965;259412.01
20250511 000000;1.1965;1.2506;1.1579;1.1732;351612.35
20250512 000000;1.1732;1.222;1.1581;1.2052;304118.11
20250513 000000;1.2052;1.2052;1.1564;1.1825;188431.36
20250514 000000;1.1825;1.2487;1.1784;1.216;282623.03
20250515 000000;1.216;1.233;1.1266;1.1478;317103.62
20250516 000000;1.1478;1.338;1.1383;1.1831;1127136.63
20250517 000000;1.1831;1.2188;1.1408;1.1485;462683.9
20250518 000000;1.1485;1.1733;1.0989;1.1547;328158.01
20250519 000000;1.1547;1.1599;1.1042;1.1415;233010.04
20250520 000000;1.1415;1.1675;1.1317;1.1595;212010.08
20250521 000000;1.1595;1.1709;1.1237;1.1508;199927.54
20250522 000000;1.1508;1.1766;1.1421;1.1673;236397.05
20250523 000000;1.1673;1.1804;1.1164;1.1239;222771.67
20250524 000000;1.1239;1.1557;1.1191;1.131;174312.18
20250525 000000;1.131;1.1594;1.1114;1.1269;269243.75
20250526 000000;1.1269;1.1416;1.1137;1.1295;186139.37
20250527 000000;1.1295;1.1513;1.1136;1.1305;155550.11
20250528 000000;1.1305;1.1487;1.1068;1.13;200186.29
20250529 000000;1.13;1.1439;1.1148;1.13;188851.8
20250530 000000;1.13;1.1364;1.024;1.0291;274993.29
20250531 000000;1.0291;1.0387;0.9987;1.0234;201988.94
20250601 000000;1.0234;1.0317;1.0111;1.0224;110860.87
20250602 000000;1.0224;1.0606;1.0206;1.0566;191946.49
20250603 000000;1.0566;1.0695;1.0374;1.047;130206.82
20250604 000000;1.047;1.0604;1.0233;1.0263;119134.26
20250605 000000;1.0263;1.0361;0.9814;0.9814;157147.58
20250606 000000;0.9814;1.0188;0.9708;0.9779;157264.81
20250607 000000;0.9779;1.0517;0.9734;1.0117;255924.46
20250608 000000;1.0117;1.0225;0.9952;1.002;153071.77
20250609 000000;1.002;1.0414;1.0003;1.0395;123583.09
20250610 000000;1.0395;1.0662;1.0264;1.0634;177305.57
20250611 000000;1.0634;1.0675;1.0306;1.0369;136052.91
20250612 000000;1.0369;1.0977;1.0163;1.0675;572669.86
20250613 000000;1.0675;1.0677;0.997;1.0399;497502.64
20250614 000000;1.0399;1.1239;1.0287;1.0538;536564.55
20250615 000000;1.0538;1.1565;1.0348;1.069;780282.61
20250616 000000;1.069;1.0699;1.0228;1.0236;342709.19
20250617 000000;1.0236;1.0393;0.9736;0.9773;221756.51
20250618 000000;0.9773;0.9964;0.958;0.9716;158293.95
20250619 000000;0.9716;0.9791;0.9608;0.9706;143389.93
20250620 000000;0.9706;0.9831;0.9044;0.9169;210650.8
20250621 000000;0.9169;0.9348;0.8433;0.8589;247112.97
20250622 000000;0.8589;0.8677;0.8011;0.8111;307411.24
20250623 000000;0.8111;0.8654;0.8106;0.8636;339363.91
20250624 000000;0.8636;0.8822;0.8544;0.8809;211694.41
20250625 000000;0.8809;0.9245;0.8674;0.8805;458400.92
20250626 000000;0.8805;0.8951;0.8598;0.8774;287022.12
20250627 000000;0.8774;0.8853;0.8523;0.8717;228426.66
20250628 000000;0.8717;0.876;0.8441;0.8729;181023.37
20250629 000000;0.8729;0.8869;0.8574;0.8807;147276.68
20250630 000000;0.8807;0.967;0.8394;0.8631;644236.87
20250701 000000;0.8631;0.8648;0.8026;0.8222;458840.09
20250702 000000;0.8222;0.965;0.8144;0.8396;901100.13
20250703 000000;0.8396;0.8775;0.8384;0.8451;331445.77
20250704 000000;0.8451;0.8595;0.8224;0.8437;358301.45
20250705 000000;0.8437;0.8449;0.8204;0.8218;203048.94
20250706 000000;0.8218;0.8454;0.8185;0.8309;286464.31
20250707 000000;0.8309;0.8754;0.8264;0.8455;588429.62
20250708 000000;0.8455;0.8748;0.8324;0.8526;424687.02
20250709 000000;0.8526;0.8741;0.849;0.8694;224134.27
20250710 000000;0.8694;0.9116;0.8654;0.9105;422738.83
20250711 000000;0.9105;0.9419;0.8896;0.8992;416632.1
20250712 000000;0.8992;0.9702;0.891;0.9086;655929.71
20250713 000000;0.9086;0.9283;0.9024;0.9087;196248.05
20250714 000000;0.9087;0.9276;0.897;0.9116;201534.98
20250715 000000;0.9116;0.9211;0.8869;0.9179;296178.73
20250716 000000;0.9179;0.9293;0.9053;0.9183;245809.2
20250717 000000;0.9183;0.9283;0.9084;0.9222;269078.38
20250718 000000;0.9222;0.94;0.7208;0.8797;428213.71
20250719 000000;0.8797;0.9019;0.8631;0.8886;330279
20250720 000000;0.8886;0.9245;0.8854;0.9065;255824.71
20250721 000000;0.9065;0.9254;0.8957;0.9183;200518.7
20250722 000000;0.9183;0.9328;0.8912;0.9205;407867.5
20250723 000000;0.9205;0.9208;0.8745;0.8915;263730.6
20250724 000000;0.8915;0.8942;0.8569;0.8815;291980.47
20250725 000000;0.8815;0.9262;0.8619;0.9047;387151.43
20250726 000000;0.9047;0.9132;0.8868;0.8961;288754.58
20250727 000000;0.8961;1.1302;0.8961;0.9952;2978892.48
20250728 000000;0.9952;1.1294;0.9632;1.024;1776875.81
20250729 000000;1.024;1.0311;0.9191;0.9325;599352.58
20250730 000000;0.9325;1.007;0.9134;0.9689;881004.89
20250731 000000;0.9689;1.0168;0.9324;0.9428;704774.11
20250801 000000;0.9428;1.0517;0.9186;0.946;1076105.03
20250802 000000;0.946;1.0375;0.9278;0.96;1627096.47
20250803 000000;0.96;0.9874;0.9372;0.948;439300.47
20250804 000000;0.948;0.9676;0.9403;0.9547;255015.67
20250805 000000;0.9547;1.0091;0.9378;0.9508;591763.99
20250806 000000;0.9508;0.9627;0.9328;0.9496;269791.79
20250807 000000;0.9496;1.0222;0.9385;0.9874;571351.34
20250808 000000;0.9874;1.0846;0.9811;1.0475;959180.57
20250809 000000;1.0475;1.1481;1.0248;1.0347;1326428.36
20250810 000000;1.0347;1.2884;1.0234;1.2006;2978001.84
20250811 000000;1.2006;1.331;1.1137;1.127;1629093.18
20250812 000000;1.127;1.1971;1.098;1.1224;728704.74
20250813 000000;1.1224;1.1632;1.1051;1.138;483441.14
20250814 000000;1.138;1.2154;1.0804;1.1248;1000401.3
20250815 000000;1.1248;1.3793;1.105;1.2459;2675256.65
20250816 000000;1.2459;1.2942;1.1691;1.1712;781126.1
20250817 000000;1.1712;1.2095;1.1425;1.1549;427189.7
20250818 000000;1.1549;1.2065;1.1154;1.1349;590284.91
20250819 000000;1.1349;1.1486;1.071;1.0726;376220.99
20250820 000000;1.0726;1.1152;1.0672;1.0896;258145.45
20250821 000000;1.0896;1.1414;1.0734;1.077;440820.79
20250822 000000;1.077;1.1219;1.0507;1.1106;286757.88
20250823 000000;1.1106;1.1268;1.0779;1.1049;291114.36
20250824 000000;1.1049;1.1168;1.0456;1.0505;317652.31
20250825 000000;1.0505;1.0643;0.9834;0.9907;294264.01
20250826 000000;0.9907;1.0337;0.9827;1.0205;165606.88
20250827 000000;1.0205;1.0219;0.997;1.0019;197356.02
20250828 000000;1.0019;1.0289;0.9964;1.0167;155426.42
20250829 000000;1.0167;1.33;0.9908;1.118;5066084.03
20250830 000000;1.118;1.1661;1.0444;1.0632;1116109.95
20250831 000000;1.0632;1.0717;1.0152;1.0188;366255.59
20250901 000000;1.0188;1.065;0.9926;1.0045;946683.6
20250902 000000;1.0045;1.0141;0.995;1.0109;231709.69
20250903 000000;1.0109;1.0192;0.9974;1.0048;187282.7
20250904 000000;1.0048;1.1501;0.9944;1.021;1694367.03
20250905 000000;1.021;1.0444;1.0131;1.023;399017.65
20250906 000000;1.023;1.0282;1;1.0063;282875.34
20250907 000000;1.0063;1.0397;1.0043;1.0165;380172.19
20250908 000000;1.0165;1.0303;1.014;1.0264;215441.4
20250909 000000;1.0264;1.1137;1.014;1.0397;1151919.56
20250910 000000;1.0397;1.0953;1.0312;1.0484;961480.57
20250911 000000;1.0484;1.068;1.0288;1.0578;520582.7
20250912 000000;1.0578;1.116;1.0507;1.0591;797549.03
20250913 000000;1.0591;1.0848;1.0572;1.0739;315681.74
20250914 000000;1.0739;1.104;1.0446;1.0487;808044.86
20250915 000000;1.0487;1.0854;1.0307;1.0383;418995.22
20250916 000000;1.0383;1.071;1.027;1.0396;283535.41
20250917 000000;1.0396;1.0654;1.0256;1.0508;475353.12
20250918 000000;1.0508;1.0771;1.0444;1.0526;316355.41
20250919 000000;1.0526;1.0955;1.0484;1.0716;731015.04
20250920 000000;1.0716;1.073;1.0411;1.046;360586.15
20250921 000000;1.046;1.0542;1.0253;1.0261;265560.85
20250922 000000;1.0261;1.0261;0.9433;0.9496;354473.83
20250923 000000;0.9496;0.9788;0.9454;0.9645;241608.55
20250924 000000;0.9645;0.9678;0.9504;0.9581;179167.51
20250925 000000;0.9581;1.0168;0.8995;0.9044;746603.72
20250926 000000;0.9044;0.9793;0.9044;0.9691;501123.44
20250927 000000;0.9691;1.021;0.945;0.9577;705491.58
20250928 000000;0.9577;0.9657;0.9307;0.9534;311373.07
20250929 000000;0.9534;0.9846;0.9421;0.9615;439602.05
20250930 000000;0.9615;1.0912;0.9434;1.0129;1183854.93
20251001 000000;1.0129;1.0271;0.9715;0.9773;763395.99
20251002 000000;0.9773;1.0059;0.9725;0.9976;342594.28
20251003 000000;0.9976;1.008;0.9761;0.9877;275253
20251004 000000;0.9877;1.0458;0.9791;0.9926;506078.72
20251005 000000;0.9926;1.024;0.9792;0.9823;336805.14
20251006 000000;0.9823;1.0166;0.9742;0.9999;380102.28
20251007 000000;0.9999;1.012;0.979;0.9856;347606.55
20251008 000000;0.9856;0.9948;0.9784;0.9927;211717.01
20251009 000000;0.9927;0.993;0.9633;0.9728;209086.4
20251010 000000;0.9728;0.9833;0.3562;0.7531;761924.57
20251011 000000;0.7531;0.8072;0.742;0.7455;344899.59
20251012 000000;0.7455;0.8177;0.7378;0.8104;310041.84
20251013 000000;0.8104;0.8273;0.7924;0.8255;337869.78
20251014 000000;0.8255;0.8759;0.7854;0.8192;720171.23
20251015 000000;0.8192;0.8242;0.7871;0.7956;265406.57
20251016 000000;0.7956;0.8113;0.7613;0.7759;233906.75
20251017 000000;0.7759;0.7793;0.7404;0.7714;255888.13
20251018 000000;0.7714;0.7932;0.7618;0.789;177708.1
20251019 000000;0.789;0.797;0.7714;0.7864;149555.86
20251020 000000;0.7864;0.8053;0.78;0.7826;178355.71
20251021 000000;0.7826;0.7973;0.7592;0.7633;260068.54
20251022 000000;0.7633;0.7676;0.7227;0.7339;214695.16
20251023 000000;0.7339;0.7571;0.7293;0.7435;169746.95
20251024 000000;0.7435;0.7596;0.7401;0.7531;194530.08
20251025 000000;0.7531;0.7557;0.7373;0.7524;133323.59
20251026 000000;0.7524;0.763;0.7434;0.745;255270.88
20251027 000000;0.745;0.756;0.7276;0.7296;217785.64
20251028 000000;0.7296;0.7298;0.6947;0.699;275490.85
20251029 000000;0.699;0.7102;0.6757;0.6988;193999.18
20251030 000000;0.6988;0.7064;0.6531;0.6711;239374.73
20251031 000000;0.6711;0.7662;0.6704;0.6911;867273.74
20251101 000000;0.6911;0.7081;0.6872;0.7046;246308.96
20251102 000000;0.7046;0.7159;0.6714;0.696;239683.39
20251103 000000;0.696;0.6988;0.6266;0.6396;279817.59
20251104 000000;0.6396;0.6524;0.6083;0.6304;421011.74
20251105 000000;0.6304;0.643;0.6088;0.6406;227218.19
20251106 000000;0.6406;0.6451;0.6228;0.6378;239955.56
20251107 000000;0.6378;0.7044;0.6345;0.6777;354841.31
20251108 000000;0.6777;0.7061;0.6619;0.6823;300203.36
20251109 000000;0.6823;0.6927;0.6524;0.684;276702.92
20251110 000000;0.684;0.6974;0.6751;0.6871;216903.9
20251111 000000;0.6871;0.7098;0.6577;0.6592;375005.3
20251112 000000;0.6592;0.6869;0.6424;0.6488;200704.84
20251113 000000;0.6488;0.6668;0.62;0.6259;350910.68
20251114 000000;0.6259;0.6382;0.6123;0.6176;262469.27
20251115 000000;0.6176;0.6357;0.6174;0.6265;150953.11
20251116 000000;0.6265;0.6411;0.6054;0.6179;171298.87
20251117 000000;0.6179;0.6296;0.5963;0.6109;187584
20251118 000000;0.6109;0.6258;0.5995;0.6186;213784.09
20251119 000000;0.6186;0.6219;0.5884;0.6049;229189.47
20251120 000000;0.6049;0.6278;0.5977;0.6031;253556.98
20251121 000000;0.6031;0.6158;0.5684;0.5886;473736.67
20251122 000000;0.5886;0.5938;0.5769;0.5794;251461.33
20251123 000000;0.5794;0.5909;0.5791;0.5815;240078.97
20251124 000000;0.5815;0.6007;0.5748;0.5899;376895.14
20251125 000000;0.5899;0.6017;0.58;0.5887;280796.96
20251126 000000;0.5887;0.6043;0.5769;0.5937;402804.71
20251127 000000;0.5937;0.6054;0.5858;0.5861;186457.35
20251128 000000;0.5861;0.5909;0.5712;0.5806;269409.21
20251129 000000;0.5806;0.5926;0.5704;0.5748;201830.4
20251130 000000;0.5748;0.5778;0.5698;0.5704;158386.35
20251201 000000;0.5704;0.5709;0.5359;0.5487;394137.14
20251202 000000;0.5487;0.572;0.5398;0.5615;369705.06
20251203 000000;0.5615;0.5856;0.5546;0.578;315511.67
20251204 000000;0.578;0.8027;0.5649;0.691;2329721.98
20251205 000000;0.691;0.7362;0.5851;0.5979;2496400.78
20251206 000000;0.5979;0.6534;0.5868;0.6127;1012195.01
20251207 000000;0.6127;0.7332;0.6058;0.6277;1644538.87
20251208 000000;0.6277;0.6489;0.608;0.6174;682525.51
20251209 000000;0.6174;0.6535;0.6106;0.6309;357260.17
20251210 000000;0.6309;0.6547;0.6162;0.6258;336242.25
20251211 000000;0.6258;0.6277;0.5957;0.6176;311765.32
20251212 000000;0.6176;0.7354;0.602;0.628;1084435.96
20251213 000000;0.628;0.6961;0.612;0.6237;1339437.98
20251214 000000;0.6237;0.6652;0.6178;0.6335;699881.47
20251215 000000;0.6335;0.6477;0.6208;0.631;393719.92
20251216 000000;0.631;0.6467;0.6238;0.6414;261175.95
20251217 000000;0.6414;0.6542;0.625;0.6296;241226.86
20251218 000000;0.6296;0.636;0.5987;0.6194;411802.23
20251219 000000;0.6194;0.6485;0.6136;0.6417;308602.16
20251220 000000;0.6417;0.6646;0.6396;0.6458;267225.42
20251221 000000;0.6458;0.6851;0.6421;0.6527;450673.91
20251222 000000;0.6527;0.6639;0.6461;0.654;191542.81
20251223 000000;0.654;0.6664;0.6346;0.6599;214065.66
20251224 000000;0.6599;0.6649;0.642;0.6631;163442.43
20251225 000000;0.6631;0.6735;0.6558;0.6588;175304.09
20251226 000000;0.6588;0.6864;0.6566;0.683;233052.28
20251227 000000;0.683;0.6973;0.6745;0.6943;179432.68
20251228 000000;0.6943;0.8164;0.6883;0.7315;1494512.39
20251229 000000;0.7315;0.7547;0.7023;0.7086;549514.08
20251230 000000;0.7086;0.7282;0.6871;0.6967;285552.06
20251231 000000;0.6967;0.7093;0.6928;0.6969;237059.32
