20240101 000000;2.792;2.87;2.764;2.86;12443.31
20240102 000000;2.86;2.906;2.838;2.893;10713.22
20240103 000000;2.893;3.004;2.794;2.828;29949.58
20240104 000000;2.828;2.883;2.798;2.847;14860.71
20240105 000000;2.847;2.904;2.786;2.864;14721.24
20240106 000000;2.864;2.902;2.787;2.811;12701.53
20240107 000000;2.811;2.903;2.75;2.785;13580.28
20240108 000000;2.785;2.789;2.666;2.752;16833.02
20240109 000000;2.752;2.771;2.66;2.697;14905.85
20240110 000000;2.697;2.812;2.64;2.772;12326.3
20240111 000000;2.772;2.844;2.749;2.806;11731.2
20240112 000000;2.806;2.836;2.644;2.747;14252.31
20240113 000000;2.747;2.995;2.702;2.873;19725.02
20240114 000000;2.873;2.981;2.805;2.831;11239.02
20240115 000000;2.831;3.134;2.824;2.855;23549.47
20240116 000000;2.855;3.304;2.85;3.019;43586.93
20240117 000000;3.019;3.22;2.999;3.057;26215.67
20240118 000000;3.057;3.077;2.85;2.873;22268.53
20240119 000000;2.873;2.955;2.777;2.869;23450.52
20240120 000000;2.869;3.171;2.847;2.995;35102.25
20240121 000000;2.995;3.184;2.944;2.995;23707.57
20240122 000000;2.995;3.219;2.978;2.987;30423.39
20240123 000000;2.987;3.031;2.8;2.909;19557.96
20240124 000000;2.909;2.97;2.858;2.946;21671.76
20240125 000000;2.946;2.953;2.89;2.926;15617.34
20240126 000000;2.926;3.018;2.913;2.978;12556.1
20240127 000000;2.978;3.04;2.947;2.979;9601.22
20240128 000000;2.979;3.019;2.949;2.966;10008.34
20240129 000000;2.966;3.036;2.894;2.983;9658.73
20240130 000000;2.983;3.144;2.953;3.025;12898.3
20240131 000000;3.025;3.091;2.953;2.978;12981.64
20240201 000000;2.978;3.102;2.967;3.043;12936.49
20240202 000000;3.043;3.059;3.006;3.025;13612.81
20240203 000000;3.025;3.196;3.01;3.067;17396.29
20240204 000000;3.067;3.163;3.054;3.087;11377.06
20240205 000000;3.087;3.105;3.03;3.051;11104.35
20240206 000000;3.051;3.062;3.01;3.052;9549.45
20240207 000000;3.052;3.08;3.02;3.048;9507.03
20240208 000000;3.048;3.073;3.02;3.03;10767.45
20240209 000000;3.03;3.078;3.018;3.074;11738.12
20240210 000000;3.074;3.099;3.031;3.059;9427.16
20240211 000000;3.059;3.12;3.041;3.069;9577.74
20240212 000000;3.069;3.098;3.033;3.074;8847.27
20240213 000000;3.074;3.324;3.051;3.148;22839.03
20240214 000000;3.148;3.176;3.105;3.119;15936.65
20240215 000000;3.119;3.18;3.119;3.159;16046.96
20240216 000000;3.159;3.239;3.132;3.218;10862.06
20240217 000000;3.218;3.381;3.143;3.171;24891.72
20240218 000000;3.171;3.212;3.151;3.181;10728.23
20240219 000000;3.181;3.291;3.162;3.245;14625.5
20240220 000000;3.245;3.27;3.157;3.204;11661.94
20240221 000000;3.204;3.224;3.117;3.171;10459.48
20240222 000000;3.171;3.246;3.129;3.167;14879.37
20240223 000000;3.167;3.225;3.14;3.19;10412.62
20240224 000000;3.19;3.242;3.162;3.212;21544.22
20240225 000000;3.212;3.256;3.2;3.251;11142.86
20240226 000000;3.251;3.269;3.183;3.235;9660.24
20240227 000000;3.235;3.275;3.2;3.246;11693.23
20240228 000000;3.246;3.259;3.126;3.202;11299.25
20240229 000000;3.202;3.251;3.176;3.213;10518.78
20240301 000000;3.213;3.33;3.206;3.301;13328.92
20240302 000000;3.301;3.53;3.269;3.452;23555.9
20240303 000000;3.452;3.515;3.344;3.431;23475
20240304 000000;3.431;3.461;3.33;3.419;25672.42
20240305 000000;3.419;3.511;3.194;3.319;27258.2
20240306 000000;3.319;3.451;3.281;3.405;18021.96
20240307 000000;3.405;3.495;3.386;3.487;14741.17
20240308 000000;3.487;3.935;3.445;3.716;67569.44
20240309 000000;3.716;3.97;3.691;3.818;32881.29
20240310 000000;3.818;3.901;3.68;3.758;24763.05
20240311 000000;3.758;4.239;3.632;3.894;57689.18
20240312 000000;3.894;4.075;3.785;4.072;31457.49
20240313 000000;4.072;4.231;3.925;4.024;34668.82
20240314 000000;4.024;4.177;3.934;4.103;38153.92
20240315 000000;4.103;4.377;3.977;4.07;64696.86
20240316 000000;4.07;4.085;3.656;3.697;16222.7
20240317 000000;3.697;3.823;3.543;3.763;10553.44
20240318 000000;3.763;3.8;3.472;3.613;23304.59
20240319 000000;3.613;3.642;3.243;3.29;21419.84
20240320 000000;3.29;3.559;3.288;3.548;13941.28
20240321 000000;3.548;3.595;3.454;3.515;12061.99
20240322 000000;3.515;3.724;3.498;3.666;25920.35
20240323 000000;3.666;3.893;3.661;3.69;20513.91
20240324 000000;3.69;3.928;3.67;3.785;34823.87
20240325 000000;3.785;3.935;3.771;3.932;11616.9
20240326 000000;3.932;4.093;3.877;3.953;13513.83
20240327 000000;3.953;4.033;3.834;3.952;10057.92
20240328 000000;3.952;4.11;3.9;4.102;9696.57
20240329 000000;4.102;4.171;4.026;4.093;10533.8
20240330 000000;4.093;4.158;3.96;3.978;9740.28
20240331 000000;3.978;4.099;3.937;3.946;12135.43
20240401 000000;3.946;3.968;3.615;3.74;14018.73
20240402 000000;3.74;3.745;3.451;3.542;19197.44
20240403 000000;3.542;3.879;3.452;3.758;28498.06
20240404 000000;3.758;4.062;3.718;3.85;32418.6
20240405 000000;3.85;4.482;3.82;4.006;30064.52
20240406 000000;4.006;4.072;3.907;3.918;17280.8
20240407 000000;3.918;4.035;3.817;4.003;14106.79
20240408 000000;4.003;4.174;3.976;4.068;21666.66
20240409 000000;4.068;4.092;3.868;3.911;21452.43
20240410 000000;3.911;4.14;3.795;4.024;19838.93
20240411 000000;4.024;4.048;3.895;3.997;10454.86
20240412 000000;3.997;4.044;3.382;3.39;17518.47
20240413 000000;3.39;3.8;2.952;3.178;20591.29
20240414 000000;3.178;3.736;3.058;3.532;17396.38
20240415 000000;3.532;3.735;3.439;3.636;18220.1
20240416 000000;3.636;3.93;3.532;3.865;17384.55
20240417 000000;3.865;4.343;3.257;3.371;72128.14
20240418 000000;3.371;3.605;3.244;3.434;33995
20240419 000000;3.434;3.479;3.219;3.357;22947.18
20240420 000000;3.357;3.443;3.336;3.398;14508.97
20240421 000000;3.398;3.424;3.333;3.378;14319.47
20240422 000000;3.378;3.432;3.371;3.388;18793.07
20240423 000000;3.388;3.519;3.373;3.415;21994.15
20240424 000000;3.415;3.471;3.32;3.386;18986.63
20240425 000000;3.386;3.453;3.337;3.343;16594.25
20240426 000000;3.343;3.381;3.272;3.352;10772.21
20240427 000000;3.352;3.37;3.273;3.315;11096.34
20240428 000000;3.315;3.389;3.291;3.294;12389.04
20240429 000000;3.294;3.295;3.088;3.189;13993.76
20240430 000000;3.189;3.229;2.924;3.022;11841.5
20240501 000000;3.022;3.056;2.844;3.01;13340.62
20240502 000000;3.01;3.306;2.917;3.096;15970.4
20240503 000000;3.096;3.193;3.028;3.186;13131.93
20240504 000000;3.186;3.231;3.156;3.165;11254.03
20240505 000000;3.165;3.185;3.094;3.127;9083.23
20240506 000000;3.127;3.197;3.011;3.022;12266.2
20240507 000000;3.022;3.085;2.985;3.035;11151.94
20240508 000000;3.035;3.11;2.996;3.077;13562.52
20240509 000000;3.077;3.188;3.009;3.162;13323.79
20240510 000000;3.162;3.946;3.117;3.548;93055.78
20240511 000000;3.548;3.896;3.311;3.321;19676.22
20240512 000000;3.321;3.412;3.24;3.264;10023.86
20240513 000000;3.264;3.495;3.239;3.323;12896.04
20240514 000000;3.323;3.467;3.206;3.225;59892.15
20240515 000000;3.225;3.263;3.067;3.222;22223.72
20240516 000000;3.222;3.239;3.146;3.235;30459.68
20240517 000000;3.235;3.346;3.231;3.313;19497.7
20240518 000000;3.313;3.498;3.306;3.393;15898.35
20240519 000000;3.393;3.739;3.09;3.131;31059.55
20240520 000000;3.131;3.264;3.034;3.196;20733.38
20240521 000000;3.196;3.219;3.127;3.142;14367.12
20240522 000000;3.142;3.196;3.065;3.112;11732.93
20240523 000000;3.112;3.179;3;3.037;8895.05
20240524 000000;3.037;3.097;3;3.078;9634.74
20240525 000000;3.078;3.193;2.967;3.063;11762.32
20240526 000000;3.063;3.739;3.035;3.089;14206.45
20240527 000000;3.089;3.161;3.002;3.12;11772.89
20240528 000000;3.12;3.184;2.996;3.153;11657.16
20240529 000000;3.153;3.186;3.033;3.046;11054.97
20240530 000000;3.046;3.137;3.019;3.035;22848.59
20240531 000000;3.035;3.04;2.971;2.998;11464.03
20240601 000000;2.998;3.065;2.98;3.017;12216.91
20240602 000000;3.017;3.045;2.958;2.969;9654.64
20240603 000000;2.969;3.057;2.927;2.94;13079.15
20240604 000000;2.94;3.128;2.915;3;22780.67
20240605 000000;3;3.101;2.973;3.019;15301.02
20240606 000000;3.019;3.094;2.987;3.009;17990.19
20240607 000000;3.009;3.046;2.82;2.851;14249.51
20240608 000000;2.851;2.904;2.748;2.769;13282.66
20240609 000000;2.769;2.831;2.763;2.801;11148.25
20240610 000000;2.801;2.806;2.7;2.704;26003.29
20240611 000000;2.704;2.725;2.529;2.615;20434.22
20240612 000000;2.615;2.723;2.569;2.637;14927.58
20240613 000000;2.637;2.773;2.528;2.595;16460.26
20240614 000000;2.595;2.826;2.519;2.553;30260.97
20240615 000000;2.553;2.692;2.449;2.628;18479.82
20240616 000000;2.628;2.654;2.57;2.593;11696.73
20240617 000000;2.593;2.601;2.311;2.402;14790.84
20240618 000000;2.402;2.413;2.146;2.263;19778.82
20240619 000000;2.263;2.313;2.232;2.295;14453.33
20240620 000000;2.295;2.396;2.271;2.373;14364.62
20240621 000000;2.373;2.447;2.319;2.353;14337.93
20240622 000000;2.353;2.382;2.267;2.317;15369.41
20240623 000000;2.317;2.391;2.247;2.261;21613.49
20240624 000000;2.261;2.34;2.177;2.329;21183.54
20240625 000000;2.329;2.392;2.3;2.333;13432.43
20240626 000000;2.333;2.37;2.242;2.299;14011.82
20240627 000000;2.299;2.381;2.248;2.334;27015.24
20240628 000000;2.334;2.43;2.269;2.307;23616.42
20240629 000000;2.307;2.328;2.195;2.21;13482.05
20240630 000000;2.21;2.322;2.162;2.298;23074.85
20240701 000000;2.298;2.326;2.235;2.237;50798.11
20240702 000000;2.237;2.287;2.217;2.259;17677.29
20240703 000000;2.259;2.273;2.157;2.188;13232.79
20240704 000000;2.188;2.201;2.013;2.019;16870.09
20240705 000000;2.019;2.037;1.817;2.014;18957.89
20240706 000000;2.014;2.138;1.981;2.119;13967.21
20240707 000000;2.119;2.121;2.008;2.01;15110.48
20240708 000000;2.01;2.142;1.949;2.112;14233.09
20240709 000000;2.112;2.19;2.108;2.175;15272.73
20240710 000000;2.175;2.236;2.153;2.196;35951.02
20240711 000000;2.196;2.298;2.176;2.201;17945.5
20240712 000000;2.201;2.258;2.132;2.247;18864.96
20240713 000000;2.247;2.343;2.223;2.316;13362.24
20240714 000000;2.316;2.345;2.287;2.308;12591.09
20240715 000000;2.308;2.378;2.308;2.374;12336.37
20240716 000000;2.374;2.387;2.265;2.331;15504.6
20240717 000000;2.331;2.366;2.262;2.266;16487.69
20240718 000000;2.266;2.326;2.191;2.228;13974.85
20240719 000000;2.228;2.242;2.167;2.235;17600.3
20240720 000000;2.235;2.245;2.198;2.204;13758.14
20240721 000000;2.204;2.268;2.178;2.228;17029.9
20240722 000000;2.228;2.238;2.176;2.19;15967.45
20240723 000000;2.19;2.22;2.11;2.145;15039.85
20240724 000000;2.145;2.189;2.109;2.114;13661.92
20240725 000000;2.114;2.406;2.069;2.13;208788.21
20240726 000000;2.13;2.188;2.104;2.173;145148.35
20240727 000000;2.173;2.182;2.132;2.159;27851
20240728 000000;2.159;2.191;2.125;2.157;16711.1
20240729 000000;2.157;2.189;2.139;2.17;14043.94
20240730 000000;2.17;2.187;2.146;2.163;20039.31
20240731 000000;2.163;2.203;2.137;2.168;13761.64
20240801 000000;2.168;2.178;2.067;2.173;18907.16
20240802 000000;2.173;2.183;2.059;2.072;14362.35
20240803 000000;2.072;2.144;1.993;2.041;16543.49
20240804 000000;2.041;2.125;1.911;1.911;18815.1
20240805 000000;1.911;1.927;1.714;1.884;21309.84
20240806 000000;1.884;1.983;1.883;1.957;13620.83
20240807 000000;1.957;2;1.881;1.902;16584.81
20240808 000000;1.902;2.084;1.872;2.081;9892.61
20240809 000000;2.081;2.196;2.068;2.133;14193.97
20240810 000000;2.133;2.162;2.104;2.137;3939.89
20240811 000000;2.137;2.163;2.072;2.094;17245.13
20240812 000000;2.094;2.159;2.06;2.136;11843.99
20240813 000000;2.136;2.17;2.102;2.156;86617.96
20240814 000000;2.156;2.191;2.104;2.119;110991.7
20240815 000000;2.119;2.146;2.002;2.006;144753.43
20240816 000000;2.006;2.01;1.931;1.95;178938.16
20240817 000000;1.95;1.984;1.942;1.984;62387.46
20240818 000000;1.984;2.025;1.971;1.992;110571.26
20240819 000000;1.992;2.084;1.979;2.084;38451.12
20240820 000000;2.084;2.126;2.065;2.115;52843.46
20240821 000000;2.115;2.158;2.1;2.136;173572.1
20240822 000000;2.136;2.166;2.1;2.139;124197.88
20240823 000000;2.139;2.209;2.132;2.194;145282.84
20240824 000000;2.194;2.246;2.176;2.216;136254.27
20240825 000000;2.216;2.216;2.132;2.162;90734.46
20240826 000000;2.162;2.195;2.051;2.052;110621.15
20240827 000000;2.052;2.088;1.979;1.999;101426.24
20240828 000000;1.999;2.134;1.968;1.99;138711.6
20240829 000000;1.99;2.05;1.983;2.024;149927.16
20240830 000000;2.024;2.025;1.962;2.009;100477.95
20240831 000000;2.009;2.019;1.976;2;82182.08
20240901 000000;2;2.052;1.93;1.937;118022.32
20240902 000000;1.937;2.032;1.934;2.026;45751.11
20240903 000000;2.026;2.041;1.964;1.966;72126.64
20240904 000000;1.966;2.028;1.918;2.018;103488.14
20240905 000000;2.018;2.025;1.953;1.961;89547.06
20240906 000000;1.961;2;1.874;1.921;17371.51
20240907 000000;1.921;1.974;1.92;1.96;9882.17
20240908 000000;1.96;2;1.949;1.983;8211.38
20240909 000000;1.983;2.056;1.972;2.039;8017.26
20240910 000000;2.039;2.087;2.022;2.08;8204.41
20240911 000000;2.08;2.082;2.007;2.069;8057.18
20240912 000000;2.069;2.091;2.045;2.066;9075.01
20240913 000000;2.066;2.074;2.044;2.053;8162.28
20240914 000000;2.053;2.061;2.012;2.021;9432.87
20240915 000000;2.021;2.048;1.937;1.942;9196.3
20240916 000000;1.942;1.984;1.91;1.945;10961.95
20240917 000000;1.945;1.988;1.924;1.981;9779.82
20240918 000000;1.981;2.008;1.946;2.008;12808.57
20240919 000000;2.008;2.142;1.986;2.068;63864.4
20240920 000000;2.068;2.11;2.045;2.094;23031.88
20240921 000000;2.094;2.107;2.068;2.095;12441.23
20240922 000000;2.095;2.102;2.001;2.044;17976.91
20240923 000000;2.044;2.125;2.01;2.069;18759.92
20240924 000000;2.069;2.103;2.046;2.095;18096.56
20240925 000000;2.095;2.186;1.994;2.056;77705.31
20240926 000000;2.056;2.111;2.033;2.073;31391.24
20240927 000000;2.073;2.132;2.072;2.126;17726.6
20240928 000000;2.126;2.152;2.066;2.081;15197.53
20240929 000000;2.081;2.162;2.067;2.1;22462.55
20240930 000000;2.1;2.169;2.048;2.067;42782.74
20241001 000000;2.067;2.153;1.911;1.938;68400.76
20241002 000000;1.938;2.005;1.861;1.877;392624.02
20241003 000000;1.877;1.974;1.823;1.861;21064.89
20241004 000000;1.861;1.901;1.856;1.889;9685.51
20241005 000000;1.889;2.045;1.877;1.987;12112.38
20241006 000000;1.987;2.047;1.915;1.955;17910.25
20241007 000000;1.955;2.305;1.954;2.232;38064.84
20241008 000000;2.232;2.25;1.965;2.048;55111.77
20241009 000000;2.048;2.166;2.017;2.065;36404.2
20241010 000000;2.065;2.351;2.034;2.197;36604.44
20241011 000000;2.197;2.281;2.084;2.142;26421.36
20241012 000000;2.142;2.164;2.11;2.123;10453.29
20241013 000000;2.123;2.272;2.108;2.169;18209.33
20241014 000000;2.169;2.199;2.133;2.164;18832.4
20241015 000000;2.164;2.29;2.158;2.246;40521.81
20241016 000000;2.246;2.379;2.186;2.253;43612.3
20241017 000000;2.253;2.476;2.21;2.232;115693.67
20241018 000000;2.232;2.272;2.205;2.215;130881.55
20241019 000000;2.215;2.252;2.205;2.209;18649.7
20241020 000000;2.209;2.219;2.126;2.201;12371.49
20241021 000000;2.201;2.279;2.168;2.185;18230.23
20241022 000000;2.185;2.21;2.156;2.203;13994.18
20241023 000000;2.203;2.206;2.105;2.137;12406.57
20241024 000000;2.137;2.17;2.117;2.141;9898.82
20241025 000000;2.141;2.175;2.036;2.066;12721.85
20241026 000000;2.066;2.085;2.034;2.043;9785.68
20241027 000000;2.043;2.115;2.021;2.046;17238.21
20241028 000000;2.046;2.202;2.017;2.099;71671.21
20241029 000000;2.099;2.247;2.091;2.189;24985.68
20241030 000000;2.189;2.256;2.159;2.201;39123.09
20241031 000000;2.201;2.206;2.123;2.142;12401.66
20241101 000000;2.142;2.479;2.097;2.204;46728.25
20241102 000000;2.204;2.246;2.1;2.12;11923.02
20241103 000000;2.12;2.149;1.97;2.015;50800.37
20241104 000000;2.015;2.117;1.985;2.062;41149
20241105 000000;2.062;2.103;2.012;2.028;17515.54
20241106 000000;2.028;2.121;2.026;2.11;22383.95
20241107 000000;2.11;2.158;2.075;2.113;22624.73
20241108 000000;2.113;2.124;2.066;2.102;13700.61
20241109 000000;2.102;2.141;2.082;2.108;25124.09
20241110 000000;2.108;2.17;2.104;2.16;27607.39
20241111 000000;2.16;2.169;2.09;2.139;9055.95
20241112 000000;2.139;2.148;2.029;2.081;19440.83
20241113 000000;2.081;2.101;1.949;2.014;12875.51
20241114 000000;2.014;2.041;1.956;1.991;13314.4
20241115 000000;1.991;2.082;1.957;2.022;18977.96
20241116 000000;2.022;2.091;2.014;2.084;9464.16
20241117 000000;2.084;2.111;2.014;2.051;13439.97
20241118 000000;2.051;2.09;2.019;2.064;11669.47
20241119 000000;2.064;2.068;2.007;2.045;19487.19
20241120 000000;2.045;2.049;1.957;1.974;11843.81
20241121 000000;1.974;2.057;1.94;2.038;15336.84
20241122 000000;2.038;2.046;1.969;2.029;15458.4
20241123 000000;2.029;2.098;2.024;2.062;29477.82
20241124 000000;2.062;2.125;2.01;2.08;29725.81
20241125 000000;2.08;2.114;2.031;2.091;32117.74
20241126 000000;2.091;2.218;2.034;2.036;97240.19
20241127 000000;2.036;2.088;2.026;2.073;27138.28
20241128 000000;2.073;2.118;2.057;2.09;49366.55
20241129 000000;2.09;2.124;2.073;2.12;16316.85
20241130 000000;2.12;2.17;2.107;2.158;23806.53
20241201 000000;2.158;2.177;2.103;2.156;16514.24
20241202 000000;2.156;2.198;2.087;2.197;17125.89
20241203 000000;2.197;2.321;2.145;2.304;58267.82
20241204 000000;2.304;2.396;2.243;2.317;19456.02
20241205 000000;2.317;2.397;2.235;2.251;13740.71
20241206 000000;2.251;2.356;2.237;2.299;43835.62
20241207 000000;2.299;2.373;2.262;2.283;17957.4
20241208 000000;2.283;2.773;2.27;2.43;106902.05
20241209 000000;2.43;2.44;2.037;2.174;67970.63
20241210 000000;2.174;2.178;2.003;2.112;48729.19
20241211 000000;2.112;2.213;2.057;2.158;23203.61
20241212 000000;2.158;2.262;2.127;2.212;14114.96
20241213 000000;2.212;2.341;2.192;2.279;28053.14
20241214 000000;2.279;2.343;2.19;2.234;43946.27
20241215 000000;2.234;2.279;2.146;2.215;24461.8
20241216 000000;2.215;2.251;2.145;2.185;22464.83
20241217 000000;2.185;2.255;2.052;2.076;40739.61
20241218 000000;2.076;2.093;1.915;1.916;59999.22
20241219 000000;1.916;1.982;1.813;1.838;52618.93
20241220 000000;1.838;1.925;1.711;1.913;23372.43
20241221 000000;1.913;1.976;1.851;1.885;17648.31
20241222 000000;1.885;1.961;1.851;1.889;20326.9
20241223 000000;1.889;1.978;1.853;1.963;9916.9
20241224 000000;1.963;2.021;1.922;1.995;13438.79
20241225 000000;1.995;2.022;1.96;1.984;8725.65
20241226 000000;1.984;2.006;1.908;1.939;12642.22
20241227 000000;1.939;1.983;1.903;1.947;11118.36
20241228 000000;1.947;2.015;1.944;2.01;16671.16
20241229 000000;2.01;2.02;1.92;1.937;14941.14
20241230 000000;1.937;1.994;1.866;1.894;9664.1
20241231 000000;1.894;1.941;1.859;1.876;11911.84
