20230622 000000;3.96;4.097;3.7;3.749;28037.21
20230623 000000;3.749;3.886;3.647;3.811;20635.98
20230624 000000;3.811;3.964;3.53;3.676;34812.11
20230625 000000;3.676;3.757;3.58;3.618;22781.11
20230626 000000;3.618;3.649;3.42;3.509;24333.01
20230627 000000;3.509;3.566;3.439;3.532;16231.38
20230628 000000;3.532;3.541;3.181;3.325;15694.03
20230629 000000;3.325;3.53;3.322;3.398;22505.21
20230630 000000;3.398;3.55;3.183;3.443;33138.7
20230701 000000;3.443;3.527;3.335;3.522;15212.97
20230702 000000;3.522;3.66;3.472;3.607;26672.52
20230703 000000;3.607;3.748;3.601;3.658;19374.85
20230704 000000;3.658;3.66;3.489;3.537;12012.57
20230705 000000;3.537;3.582;3.343;3.422;16478.86
20230706 000000;3.422;3.504;3.273;3.292;18030.18
20230707 000000;3.292;3.38;3.264;3.359;10325.94
20230708 000000;3.359;3.516;3.342;3.489;12458.02
20230709 000000;3.489;3.548;3.381;3.396;14896.06
20230710 000000;3.396;3.454;3.289;3.38;7675.37
20230711 000000;3.38;3.408;3.327;3.394;8221.55
20230712 000000;3.394;3.44;3.336;3.402;7552.33
20230713 000000;3.402;3.804;3.402;3.782;46065.62
20230714 000000;3.782;3.917;3.467;3.612;68166.49
20230715 000000;3.612;3.854;3.526;3.652;29349.93
20230716 000000;3.652;3.716;3.566;3.596;10446.97
20230717 000000;3.596;3.842;3.57;3.736;16346.39
20230718 000000;3.736;3.854;3.56;3.651;15786.75
20230719 000000;3.651;3.797;3.614;3.766;34339.09
20230720 000000;3.766;3.854;3.678;3.74;33380.64
20230721 000000;3.74;4.052;3.701;3.975;81459.13
20230722 000000;3.975;4.132;3.733;3.751;47652.65
20230723 000000;3.751;3.786;3.64;3.656;22403.94
20230724 000000;3.656;3.885;3.471;3.531;48343.19
20230725 000000;3.531;3.799;3.478;3.747;39873.85
20230726 000000;3.747;3.795;3.514;3.585;32069.01
20230727 000000;3.585;3.698;3.526;3.578;37554.69
20230728 000000;3.578;3.595;3.486;3.568;52079.52
20230729 000000;3.568;3.616;3.529;3.583;13398.03
20230730 000000;3.583;3.586;3.368;3.511;16300.51
20230731 000000;3.511;3.543;3.445;3.498;20511.33
20230801 000000;3.498;3.533;3.391;3.529;9283.2
20230802 000000;3.529;3.561;3.436;3.45;81492.49
20230803 000000;3.45;3.474;3.398;3.412;15286.47
20230804 000000;3.412;3.492;3.402;3.458;29939.07
20230805 000000;3.458;3.527;3.443;3.501;13524.89
20230806 000000;3.501;3.533;3.469;3.486;29374.08
20230807 000000;3.486;3.541;3.324;3.419;16694.14
20230808 000000;3.419;3.481;3.389;3.458;18534.93
20230809 000000;3.458;3.604;3.437;3.493;21483.83
20230810 000000;3.493;3.544;3.476;3.493;11139.72
20230811 000000;3.493;3.501;3.424;3.468;20341.68
20230812 000000;3.468;3.506;3.452;3.487;8980.38
20230813 000000;3.487;3.509;3.43;3.451;8747.61
20230814 000000;3.451;3.528;3.432;3.498;8161.92
20230815 000000;3.498;3.499;3.07;3.224;13013.46
20230816 000000;3.224;3.224;2.941;3.022;17916.95
20230817 000000;3.022;3.083;2.371;2.622;38793.05
20230818 000000;2.622;2.688;2.567;2.645;35439.92
20230819 000000;2.645;2.786;2.642;2.765;14935.68
20230820 000000;2.765;2.793;2.701;2.777;15724.43
20230821 000000;2.777;2.791;2.61;2.72;17962.35
20230822 000000;2.72;2.736;2.594;2.708;13681.49
20230823 000000;2.708;2.774;2.656;2.747;26447.22
20230824 000000;2.747;2.775;2.665;2.712;24447.67
20230825 000000;2.712;2.713;2.609;2.682;17384.63
20230826 000000;2.682;2.695;2.656;2.674;9292.15
20230827 000000;2.674;2.701;2.654;2.701;15066.63
20230828 000000;2.701;2.702;2.57;2.616;18204.61
20230829 000000;2.616;2.891;2.5;2.829;37241.82
20230830 000000;2.829;2.88;2.684;2.723;20811.35
20230831 000000;2.723;2.782;2.587;2.594;11824.84
20230901 000000;2.594;2.616;2.492;2.52;40319.89
20230902 000000;2.52;2.561;2.489;2.536;33771.81
20230903 000000;2.536;2.556;2.464;2.528;28324.86
20230904 000000;2.528;2.591;2.511;2.548;11752.9
20230905 000000;2.548;2.613;2.524;2.597;18306.62
20230906 000000;2.597;2.628;2.537;2.606;11479.11
20230907 000000;2.606;2.637;2.55;2.624;19022.54
20230908 000000;2.624;2.652;2.554;2.604;8289.67
20230909 000000;2.604;2.642;2.585;2.608;13121.79
20230910 000000;2.608;2.61;2.464;2.525;12875.6
20230911 000000;2.525;2.535;2.387;2.422;20012.43
20230912 000000;2.422;2.525;2.41;2.436;8630.22
20230913 000000;2.436;2.52;2.414;2.491;10261.03
20230914 000000;2.491;2.566;2.484;2.541;10426.14
20230915 000000;2.541;2.617;2.528;2.599;11463.75
20230916 000000;2.599;2.668;2.599;2.65;57639.35
20230917 000000;2.65;2.65;2.507;2.547;17451.76
20230918 000000;2.547;2.634;2.509;2.566;18001.99
20230919 000000;2.566;2.65;2.543;2.642;10254.06
20230920 000000;2.642;2.664;2.574;2.624;9791.32
20230921 000000;2.624;2.94;2.621;2.716;76739.07
20230922 000000;2.716;2.769;2.648;2.765;45958.2
20230923 000000;2.765;2.79;2.629;2.679;20840.37
20230924 000000;2.679;2.696;2.577;2.592;27452.36
20230925 000000;2.592;2.666;2.574;2.625;16033.94
20230926 000000;2.625;2.649;2.531;2.589;19025.31
20230927 000000;2.589;2.618;2.519;2.571;27842.08
20230928 000000;2.571;2.681;2.563;2.68;26945.68
20230929 000000;2.68;2.687;2.596;2.667;44632.43
20230930 000000;2.667;2.712;2.632;2.7;19300.27
20231001 000000;2.7;2.782;2.67;2.762;34076.22
20231002 000000;2.762;2.935;2.742;2.836;54055.21
20231003 000000;2.836;2.964;2.655;2.664;69797.33
20231004 000000;2.664;2.692;2.55;2.683;47601
20231005 000000;2.683;2.7;2.613;2.614;48679.74
20231006 000000;2.614;2.682;2.591;2.67;18231.59
20231007 000000;2.67;2.746;2.647;2.736;18719.74
20231008 000000;2.736;2.862;2.734;2.772;22476.23
20231009 000000;2.772;2.793;2.569;2.612;22179.75
20231010 000000;2.612;2.631;2.577;2.607;19251.29
20231011 000000;2.607;2.614;2.506;2.557;13908.2
20231012 000000;2.557;2.571;2.5;2.549;19641.65
20231013 000000;2.549;2.59;2.522;2.551;22103.36
20231014 000000;2.551;2.585;2.54;2.549;13010.86
20231015 000000;2.549;2.59;2.542;2.57;12682.56
20231016 000000;2.57;2.694;2.569;2.627;20576.48
20231017 000000;2.627;2.696;2.495;2.555;20542.29
20231018 000000;2.555;2.563;2.48;2.496;26094.66
20231019 000000;2.496;2.517;2.436;2.477;15166.9
20231020 000000;2.477;2.568;2.456;2.542;16678.19
20231021 000000;2.542;2.678;2.516;2.621;16733.2
20231022 000000;2.621;2.68;2.6;2.677;24606.03
20231023 000000;2.677;2.84;2.648;2.822;29261.17
20231024 000000;2.822;3.037;2.75;2.896;42653.06
20231025 000000;2.896;2.988;2.827;2.953;23756.94
20231026 000000;2.953;3.169;2.855;3.034;43277.39
20231027 000000;3.034;3.066;2.86;2.909;22053.09
20231028 000000;2.909;3.013;2.906;2.992;29477.83
20231029 000000;2.992;3.082;2.955;3.063;30399.01
20231030 000000;3.063;3.093;2.953;3.04;25442
20231031 000000;3.04;3.134;2.8;2.935;23694.92
20231101 000000;2.935;3.12;2.807;3.12;45746.6
20231102 000000;3.12;3.573;3.086;3.487;184078.38
20231103 000000;3.487;3.87;3.25;3.32;151591.56
20231104 000000;3.32;3.533;3.279;3.426;86112.32
20231105 000000;3.426;3.481;3.263;3.389;71594.89
20231106 000000;3.389;3.54;3.285;3.534;106279.55
20231107 000000;3.534;3.551;3.262;3.393;33445.5
20231108 000000;3.393;3.481;3.339;3.45;27146.66
20231109 000000;3.45;3.609;3.06;3.351;119140.13
20231110 000000;3.351;3.463;3.204;3.448;40285.54
20231111 000000;3.448;3.716;3.288;3.593;113647.63
20231112 000000;3.593;3.646;3.388;3.542;45648.46
20231113 000000;3.542;3.65;3.344;3.383;24240.28
20231114 000000;3.383;3.44;3.161;3.334;32685.79
20231115 000000;3.334;3.548;3.326;3.521;103114.54
20231116 000000;3.521;3.78;3.457;3.528;189510.96
20231117 000000;3.528;3.848;3.338;3.605;105227.85
20231118 000000;3.605;3.605;3.267;3.424;37190.19
20231119 000000;3.424;3.548;3.323;3.53;35234.86
20231120 000000;3.53;3.702;3.487;3.573;122794.6
20231121 000000;3.573;3.696;3.147;3.178;117213.65
20231122 000000;3.178;3.415;3.173;3.378;51072.66
20231123 000000;3.378;3.405;3.283;3.345;22524.88
20231124 000000;3.345;3.472;3.332;3.421;35842.77
20231125 000000;3.421;3.608;3.395;3.596;42595.06
20231126 000000;3.596;3.629;3.367;3.442;52223.25
20231127 000000;3.442;3.514;3.27;3.347;45300.42
20231128 000000;3.347;3.431;3.239;3.408;38568.74
20231129 000000;3.408;3.461;3.356;3.411;50875.04
20231130 000000;3.411;3.47;3.37;3.429;34291.02
20231201 000000;3.429;3.491;3.395;3.483;35039.93
20231202 000000;3.483;3.56;3.463;3.54;38605.34
20231203 000000;3.54;3.584;3.432;3.522;64984.66
20231204 000000;3.522;4.09;3.442;4.031;196565.7
20231205 000000;4.031;4.311;3.797;3.904;168955.13
20231206 000000;3.904;3.967;3.69;3.721;53325.45
20231207 000000;3.721;3.752;3.565;3.728;87035.97
20231208 000000;3.728;3.846;3.696;3.83;39412.73
20231209 000000;3.83;3.944;3.718;3.756;57507.68
20231210 000000;3.756;3.858;3.685;3.815;42198.95
20231211 000000;3.815;3.834;3.3;3.443;48050.71
20231212 000000;3.443;3.574;3.394;3.53;39012.41
20231213 000000;3.53;3.562;3.3;3.528;34082.6
20231214 000000;3.528;3.585;3.364;3.561;37980.34
20231215 000000;3.561;3.564;3.33;3.345;27049.3
20231216 000000;3.345;3.547;3.294;3.532;53333.88
20231217 000000;3.532;3.549;3.365;3.385;47859.58
20231218 000000;3.385;3.421;3.15;3.352;44093.66
20231219 000000;3.352;3.424;3.303;3.352;33371.61
20231220 000000;3.352;3.505;3.306;3.425;55586.41
20231221 000000;3.425;3.54;3.392;3.519;22107.08
20231222 000000;3.519;3.714;3.514;3.664;59257.41
20231223 000000;3.664;3.712;3.52;3.627;41101.6
20231224 000000;3.627;3.648;3.489;3.524;60524.91
20231225 000000;3.524;3.723;3.474;3.712;51995.23
20231226 000000;3.712;3.768;3.35;3.579;68580.98
20231227 000000;3.579;3.794;3.447;3.758;69909.08
20231228 000000;3.758;3.954;3.556;3.612;98071.96
20231229 000000;3.612;3.678;3.468;3.552;51125.76
20231230 000000;3.552;3.59;3.473;3.548;37973.76
20231231 000000;3.548;3.717;3.5;3.601;38133.42
