20240101 000000;0.30013;0.31105;0.28781;0.31105;352563
20240102 000000;0.31105;0.32849;0.30386;0.30821;826323.2
20240103 000000;0.30821;0.33528;0.25;0.33488;1289764.05
20240104 000000;0.33488;0.36906;0.315;0.3395;1934555.76
20240105 000000;0.3395;0.34154;0.30172;0.31736;1033329.06
20240106 000000;0.31736;0.32308;0.28266;0.30421;906845.03
20240107 000000;0.30421;0.32198;0.27583;0.28017;733389.02
20240108 000000;0.28017;0.28995;0.26;0.28854;588199.53
20240109 000000;0.28854;0.29037;0.25662;0.27008;1098924.43
20240110 000000;0.27008;0.29983;0.26108;0.29233;733357.74
20240111 000000;0.29233;0.32163;0.28971;0.31858;1531025.32
20240112 000000;0.31858;0.32962;0.29391;0.30374;1191392.33
20240113 000000;0.30374;0.31893;0.29044;0.30766;808316.53
20240114 000000;0.30766;0.31794;0.29353;0.29441;507361.45
20240115 000000;0.29441;0.3199;0.2941;0.31179;992186.48
20240116 000000;0.31179;0.3367;0.30991;0.33061;1057689.76
20240117 000000;0.33061;0.35766;0.3275;0.33758;1433420.42
20240118 000000;0.33758;0.34286;0.29855;0.30477;719573.35
20240119 000000;0.30477;0.30486;0.27362;0.28887;596525.77
20240120 000000;0.28887;0.299;0.285;0.2953;481436.3
20240121 000000;0.2953;0.29835;0.29093;0.29195;344522.42
20240122 000000;0.29195;0.29426;0.27288;0.28128;1579665.74
20240123 000000;0.28128;0.2871;0.25458;0.26874;1261704.17
20240124 000000;0.26874;0.27497;0.26191;0.27077;1097507.58
20240125 000000;0.27077;0.27093;0.2575;0.26432;743929.49
20240126 000000;0.26432;0.28344;0.26216;0.27977;1485895.32
20240127 000000;0.27977;0.28976;0.27862;0.28707;877245.05
20240128 000000;0.28707;0.29191;0.27593;0.28038;390135.58
20240129 000000;0.28038;0.29443;0.27868;0.2922;372877.47
20240130 000000;0.2922;0.29757;0.28421;0.28619;817405.6
20240131 000000;0.28619;0.29091;0.27363;0.27664;560876.76
20240201 000000;0.27664;0.28492;0.27;0.28231;415430.88
20240202 000000;0.28231;0.28793;0.27939;0.28681;319984.92
20240203 000000;0.28681;0.28895;0.2804;0.28151;265723.98
20240204 000000;0.28151;0.28151;0.26953;0.2708;214395.79
20240205 000000;0.2708;0.28271;0.267;0.2778;289908.4
20240206 000000;0.2778;0.28395;0.27612;0.28078;196881.73
20240207 000000;0.28078;0.539;0.28042;0.53108;9785935.72
20240208 000000;0.53108;0.57;0.4811;0.54051;1216151.74
20240209 000000;0.54051;0.6479;0.53728;0.62641;891697.74
20240210 000000;0.62641;0.66303;0.59901;0.64522;448856.07
20240211 000000;0.64522;0.66385;0.61;0.62172;258608.79
20240212 000000;0.62172;0.63129;0.59692;0.6166;150180.97
20240213 000000;0.6166;0.62699;0.5701;0.58766;245777.8
20240214 000000;0.58766;0.59447;0.57296;0.59143;192123.66
20240215 000000;0.59143;0.64435;0.58754;0.60253;348865.72
20240216 000000;0.60253;0.611;0.57539;0.59355;208090.86
20240217 000000;0.59355;0.59539;0.56842;0.58333;243354
20240218 000000;0.58333;0.63535;0.58275;0.62727;589136.52
20240219 000000;0.62727;0.6456;0.60892;0.63631;296879.71
20240220 000000;0.63631;0.7075;0.59;0.65568;1119625.01
20240221 000000;0.65568;0.65777;0.60154;0.62946;254591.39
20240222 000000;0.62946;0.62946;0.60156;0.6114;175290.84
20240223 000000;0.6114;0.62507;0.59203;0.60458;482279.32
20240224 000000;0.60458;0.6094;0.58866;0.60583;269874.61
20240225 000000;0.60583;0.606;0.58935;0.60074;381569.88
20240226 000000;0.60074;0.6164;0.58;0.6129;424338.31
20240227 000000;0.6129;0.6129;0.58039;0.59562;270206.02
20240228 000000;0.59562;0.60011;0.53214;0.58165;394933.92
20240229 000000;0.58165;0.5918;0.5679;0.5842;1010244.35
20240301 000000;0.5842;0.70504;0.58192;0.62864;647181.21
20240302 000000;0.62864;0.71;0.60585;0.66477;651455.2
20240303 000000;0.66477;0.68816;0.61645;0.654;225151.93
20240304 000000;0.654;0.67797;0.61903;0.64355;269518.07
20240305 000000;0.64355;0.65174;0.532;0.58866;264827.92
20240306 000000;0.58866;0.68674;0.57194;0.67498;229484.61
20240307 000000;0.67498;0.82991;0.66518;0.73576;404950.84
20240308 000000;0.73576;0.79514;0.71;0.7906;293777.3
20240309 000000;0.7906;0.863;0.76454;0.83937;190170
20240310 000000;0.83937;1.46375;0.8052;1.34259;1332282.82
20240311 000000;1.34259;1.43355;1.24886;1.32023;741968.88
20240312 000000;1.32023;1.60748;1.27706;1.42935;604924.11
20240313 000000;1.42935;1.47661;1.35298;1.37568;229752.78
20240314 000000;1.37568;1.692;1.34;1.59854;618018.82
20240315 000000;1.59854;1.73814;1.54;1.63953;433263.74
20240316 000000;1.63953;1.6545;1.46207;1.62951;217868.35
20240317 000000;1.62951;1.8377;1.58312;1.72968;208286.99
20240318 000000;1.72968;1.79087;1.60914;1.64355;159579.18
20240319 000000;1.64355;1.74942;1.3891;1.61472;336789.95
20240320 000000;1.61472;1.6976;1.50787;1.67534;65698.49
20240321 000000;1.67534;1.72;1.061;1.16048;1582749.34
20240322 000000;1.16048;1.24045;1.07481;1.11245;785990.41
20240323 000000;1.11245;1.12255;1.06339;1.08932;431039.66
20240324 000000;1.08932;1.13984;1.04067;1.12521;506876.51
20240325 000000;1.12521;1.18767;1.103;1.17488;467886.15
20240326 000000;1.17488;1.22612;1.14458;1.18976;436201.32
20240327 000000;1.18976;1.27346;1.1707;1.25156;390176.54
20240328 000000;1.25156;1.26762;1.18465;1.22753;237664.53
20240329 000000;1.22753;1.24022;1.04272;1.05725;329542.95
20240330 000000;1.05725;1.08836;1.021;1.03538;251164.49
20240331 000000;1.03538;1.04246;1.01005;1.041;183203.06
20240401 000000;1.041;1.041;0.93263;0.95877;288198.58
20240402 000000;0.95877;0.98832;0.86622;0.86992;311450.33
20240403 000000;0.86992;0.94446;0.82226;0.88806;297460.53
20240404 000000;0.88806;0.95663;0.88184;0.9377;161637.91
20240405 000000;0.9377;0.96169;0.89184;0.93817;129871.77
20240406 000000;0.93817;0.94392;0.91043;0.93227;87558.09
20240407 000000;0.93227;0.94351;0.92428;0.93205;81504.88
20240408 000000;0.93205;0.97023;0.90803;0.95774;184116.58
20240409 000000;0.95774;0.97899;0.90803;0.9133;97026.28
20240410 000000;0.9133;0.9262;0.83666;0.88911;136190.15
20240411 000000;0.88911;0.90251;0.8635;0.86807;124336.61
20240412 000000;0.86807;0.88359;0.67376;0.75462;233802.14
20240413 000000;0.75462;0.76096;0.55499;0.65397;204360.68
20240414 000000;0.65397;0.72146;0.62877;0.71015;164097.02
20240415 000000;0.71015;0.777;0.69564;0.71753;260958.47
20240416 000000;0.71753;0.71753;0.66239;0.69864;121025.63
20240417 000000;0.69864;0.77006;0.69453;0.71606;217599.93
20240418 000000;0.71606;0.74117;0.68611;0.73265;192772.64
20240419 000000;0.73265;0.77743;0.6644;0.7561;182015.4
20240420 000000;0.7561;0.84846;0.7561;0.83352;306282.16
20240421 000000;0.83352;0.87785;0.81866;0.83417;150452.63
20240422 000000;0.83417;0.85859;0.82092;0.84678;112119.81
20240423 000000;0.84678;0.84909;0.81163;0.81682;84248.3
20240424 000000;0.81682;0.82388;0.75323;0.76295;115411.23
20240425 000000;0.76295;0.76605;0.72696;0.75235;72281.13
20240426 000000;0.75235;0.7557;0.72138;0.73102;80358.25
20240427 000000;0.73102;0.77218;0.7;0.76447;242912.48
20240428 000000;0.76447;0.80117;0.74409;0.7481;95378.79
20240429 000000;0.7481;0.75193;0.71279;0.72721;54645.81
20240430 000000;0.72721;0.73614;0.66292;0.69656;61151.44
20240501 000000;0.69656;0.71833;0.65331;0.71362;111422.15
20240502 000000;0.71362;0.72463;0.68897;0.71212;89023.31
20240503 000000;0.71212;0.74728;0.7007;0.74042;80563.51
20240504 000000;0.74042;0.75699;0.7325;0.74822;74896.37
20240505 000000;0.74822;0.7951;0.72968;0.77637;118760.03
20240506 000000;0.77637;0.80312;0.75319;0.75452;91862.6
20240507 000000;0.75452;0.76302;0.72666;0.72743;61396.01
20240508 000000;0.72743;0.744;0.71262;0.72295;80465.35
20240509 000000;0.72295;0.75966;0.70909;0.75543;79024.19
20240510 000000;0.75543;0.76228;0.70698;0.71587;74278.29
20240511 000000;0.71587;0.72455;0.70553;0.70677;51458.77
20240512 000000;0.70677;0.71832;0.69914;0.7001;71345.73
20240513 000000;0.7001;0.71332;0.67488;0.69392;84546.41
20240514 000000;0.69392;0.70377;0.67611;0.67686;60712.31
20240515 000000;0.67686;0.72466;0.67264;0.7181;106380.74
20240516 000000;0.7181;0.72997;0.70024;0.7143;72356
20240517 000000;0.7143;0.75223;0.7067;0.74045;74860.81
20240518 000000;0.74045;0.7861;0.73802;0.77095;98279.15
20240519 000000;0.77095;0.78653;0.73696;0.74118;57042.45
20240520 000000;0.74118;0.79696;0.73114;0.79696;80585.25
20240521 000000;0.79696;0.79955;0.7665;0.78062;142556.52
20240522 000000;0.78062;0.81327;0.75242;0.76272;194871.26
20240523 000000;0.76272;0.77805;0.71;0.74613;83225.64
20240524 000000;0.74613;0.7559;0.7192;0.74427;314475.93
20240525 000000;0.74427;0.75559;0.73831;0.75068;107646.99
20240526 000000;0.75068;0.76021;0.73379;0.74154;55974.46
20240527 000000;0.7415;0.7645;0.7339;0.7591;102452.52
20240528 000000;0.7591;0.762;0.7321;0.7413;70081.71
20240529 000000;0.7413;0.749;0.7151;0.7173;82654.98
20240530 000000;0.7173;0.7314;0.7018;0.7127;56357.29
20240531 000000;0.7127;0.7215;0.7019;0.7117;56676.99
20240601 000000;0.7117;0.7313;0.7063;0.7228;147754.6
20240602 000000;0.7228;0.7293;0.7097;0.7138;98461.45
20240603 000000;0.7138;0.7305;0.6975;0.6991;124121.63
20240604 000000;0.6991;0.7245;0.6904;0.7211;76267.88
20240605 000000;0.7211;0.7774;0.72;0.7431;250559.14
20240606 000000;0.7431;0.7489;0.725;0.7361;107018.29
20240607 000000;0.7361;0.7502;0.6081;0.6788;204358.58
20240608 000000;0.6788;0.6826;0.6367;0.6444;142943.32
20240609 000000;0.6444;0.6612;0.6341;0.6559;66969.31
20240610 000000;0.6559;0.6566;0.6345;0.6386;69024.52
20240611 000000;0.6386;0.6416;0.5934;0.5989;77277.12
20240612 000000;0.5989;0.6354;0.5831;0.6241;106971.28
20240613 000000;0.6241;0.6279;0.5826;0.586;56949.6
20240614 000000;0.586;0.5975;0.5546;0.5648;86693.47
20240615 000000;0.5648;0.5718;0.5605;0.5637;64366.49
20240616 000000;0.5637;0.5646;0.5519;0.5588;71863.82
20240617 000000;0.5588;0.5605;0.4841;0.4919;125044.61
20240618 000000;0.4919;0.4919;0.423;0.4601;117726.64
20240619 000000;0.4601;0.4773;0.4553;0.4612;75257.8
20240620 000000;0.4612;0.4836;0.4517;0.4537;203511.91
20240621 000000;0.4537;0.4601;0.4377;0.4495;119239.91
20240622 000000;0.4495;0.4601;0.4417;0.4446;68207.1
20240623 000000;0.4446;0.4526;0.4177;0.4199;100690.38
20240624 000000;0.4199;0.4497;0.4034;0.4456;148766.36
20240625 000000;0.4456;0.4575;0.4387;0.4475;148677.11
20240626 000000;0.4475;0.452;0.4319;0.4365;79013.35
20240627 000000;0.4365;0.4573;0.4268;0.4518;130393.43
20240628 000000;0.4518;0.4619;0.4407;0.4416;97746.9
20240629 000000;0.4416;0.449;0.4366;0.4371;77646.15
20240630 000000;0.4371;0.456;0.4304;0.4544;87603.85
20240701 000000;0.4544;0.4695;0.4501;0.454;165725.28
20240702 000000;0.454;0.4551;0.4439;0.4501;86593.83
20240703 000000;0.4501;0.4553;0.4267;0.4309;156137.46
20240704 000000;0.4309;0.4323;0.3699;0.3722;108255.24
20240705 000000;0.3722;0.3731;0.3281;0.356;139020.94
20240706 000000;0.356;0.3867;0.3533;0.3849;107304
20240707 000000;0.3849;0.3981;0.3648;0.3668;107605.64
20240708 000000;0.3668;0.3994;0.3528;0.3836;158260.91
20240709 000000;0.3836;0.3993;0.3795;0.398;88526.45
20240710 000000;0.398;0.4064;0.3916;0.3977;83709.5
20240711 000000;0.3977;0.4077;0.3867;0.388;83497.83
20240712 000000;0.388;0.4005;0.3808;0.399;91055.68
20240713 000000;0.399;0.4115;0.3968;0.408;74382.02
20240714 000000;0.408;0.4173;0.402;0.4159;96475.07
20240715 000000;0.4159;0.4416;0.4138;0.4407;121703.64
20240716 000000;0.4407;0.4481;0.4171;0.4466;102184.26
20240717 000000;0.4466;0.4877;0.4456;0.4759;159419.27
20240718 000000;0.4759;0.4904;0.4539;0.4635;114701.27
20240719 000000;0.4635;0.4913;0.4489;0.4849;160268.71
20240720 000000;0.4849;0.5008;0.4778;0.4937;156300.23
20240721 000000;0.4937;0.4971;0.4587;0.4868;152959.23
20240722 000000;0.4868;0.4884;0.4583;0.462;113104.06
20240723 000000;0.462;0.4849;0.4558;0.4618;88602.16
20240724 000000;0.4618;0.4703;0.4422;0.4445;91998.49
20240725 000000;0.4445;0.4566;0.4176;0.4379;86829.33
20240726 000000;0.4379;0.5148;0.4368;0.5029;195476.69
20240727 000000;0.5029;0.5287;0.4848;0.4942;209586.92
20240728 000000;0.4942;0.4974;0.4693;0.4726;2202685.31
20240729 000000;0.4726;0.4868;0.4562;0.4573;228866.25
20240730 000000;0.4573;0.4623;0.4414;0.4479;96330.64
20240731 000000;0.4479;0.4652;0.4445;0.4451;112480.16
20240801 000000;0.4451;0.4597;0.425;0.4585;115778.04
20240802 000000;0.4585;0.4597;0.3946;0.3979;125023.02
20240803 000000;0.3979;0.3991;0.362;0.3696;135005.59
20240804 000000;0.3696;0.3853;0.3452;0.3504;100834.38
20240805 000000;0.3504;0.3526;0.2875;0.3247;184399.75
20240806 000000;0.3247;0.3464;0.3246;0.3406;137378.88
20240807 000000;0.3406;0.3547;0.3278;0.3313;127335.35
20240808 000000;0.3313;0.3705;0.3265;0.3696;128807.89
20240809 000000;0.3696;0.3699;0.3545;0.3629;115257.65
20240810 000000;0.3629;0.3805;0.3569;0.3743;90160.45
20240811 000000;0.3743;0.404;0.3578;0.358;112929.01
20240812 000000;0.358;0.382;0.3538;0.376;204833.06
20240813 000000;0.376;0.3875;0.3666;0.3832;132105.56
20240814 000000;0.3832;0.3841;0.3658;0.3686;100329.47
20240815 000000;0.3686;0.3722;0.3496;0.3539;90417.07
20240816 000000;0.3539;0.3611;0.3447;0.3541;124328.8
20240817 000000;0.3541;0.361;0.3519;0.359;101212.8
20240818 000000;0.359;0.3702;0.3536;0.3608;112410.65
20240819 000000;0.3608;0.3691;0.3537;0.3684;140979.47
20240820 000000;0.3684;0.3768;0.3611;0.3704;102594.18
20240821 000000;0.3704;0.3869;0.3659;0.3834;115562.36
20240822 000000;0.3834;0.3968;0.3805;0.3908;105908.76
20240823 000000;0.3908;0.422;0.39;0.416;180721.53
20240824 000000;0.416;0.4393;0.4147;0.4296;460915.94
20240825 000000;0.4296;0.4305;0.4049;0.4136;255421.4
20240826 000000;0.4136;0.4167;0.3819;0.3843;171075.74
20240827 000000;0.3843;0.395;0.3585;0.3636;138206.5
20240828 000000;0.3636;0.3692;0.3431;0.3522;131454.9
20240829 000000;0.3522;0.3631;0.3435;0.3481;139375.38
20240830 000000;0.3481;0.3527;0.3312;0.3451;112244.67
20240831 000000;0.3451;0.3473;0.332;0.3346;98939.93
20240901 000000;0.3346;0.3361;0.3212;0.3229;95651.76
20240902 000000;0.3229;0.3448;0.3208;0.3431;109510.51
20240903 000000;0.3431;0.3484;0.3276;0.3276;70530.11
20240904 000000;0.3276;0.3408;0.3146;0.335;106056.21
20240905 000000;0.335;0.3373;0.321;0.3226;46864.5
20240906 000000;0.3226;0.3302;0.3009;0.3121;70903.55
20240907 000000;0.3121;0.3246;0.3101;0.3165;35396.93
20240908 000000;0.3165;0.3297;0.3152;0.3265;48247.95
20240909 000000;0.3265;0.3422;0.3244;0.3382;80583.5
20240910 000000;0.3382;0.3464;0.3352;0.3418;43893.58
20240911 000000;0.3418;0.342;0.3257;0.3327;60196.22
20240912 000000;0.3327;0.3492;0.3326;0.3472;39702.79
20240913 000000;0.3472;0.3578;0.34;0.3534;53915.91
20240914 000000;0.3534;0.354;0.3433;0.3462;43830.57
20240915 000000;0.3462;0.3518;0.3307;0.3332;68527.75
20240916 000000;0.3332;0.3362;0.3219;0.3248;58276.04
20240917 000000;0.3248;0.3399;0.3214;0.3373;77745.05
20240918 000000;0.3373;0.3464;0.3245;0.3464;85660.07
20240919 000000;0.3464;0.3709;0.3448;0.3624;175460.71
20240920 000000;0.3624;0.3798;0.3559;0.3759;113284.21
20240921 000000;0.3759;0.3902;0.3683;0.3897;109975.48
20240922 000000;0.3897;0.3898;0.3659;0.377;99592.99
20240923 000000;0.377;0.3917;0.3685;0.3789;124545.59
20240924 000000;0.3789;0.3888;0.3691;0.386;179754.51
20240925 000000;0.386;0.4534;0.386;0.4108;233023.75
20240926 000000;0.4108;0.4489;0.4108;0.4291;283809.33
20240927 000000;0.4291;0.4382;0.4154;0.4355;253706.38
20240928 000000;0.4355;0.4414;0.4084;0.4186;139206.08
20240929 000000;0.4186;0.4305;0.4075;0.4244;102065.27
20240930 000000;0.4244;0.43;0.3852;0.3891;147825.53
20241001 000000;0.3891;0.4031;0.3462;0.3567;93561.1
20241002 000000;0.3567;0.3716;0.339;0.3484;83959.8
20241003 000000;0.3484;0.3556;0.3331;0.3444;103225.44
20241004 000000;0.3444;0.3588;0.3415;0.3587;38571.06
20241005 000000;0.3587;0.3664;0.3532;0.3588;38691.33
20241006 000000;0.3588;0.3697;0.3546;0.3695;63739.38
20241007 000000;0.3695;0.3818;0.3667;0.3687;80357.85
20241008 000000;0.3687;0.3725;0.3537;0.3593;87271.27
20241009 000000;0.3593;0.3654;0.3466;0.3519;65260.79
20241010 000000;0.3519;0.3553;0.3414;0.3545;90946.72
20241011 000000;0.3545;0.3712;0.352;0.3705;64465.88
20241012 000000;0.3705;0.3769;0.3689;0.374;55996.97
20241013 000000;0.374;0.3764;0.361;0.3743;66039.59
20241014 000000;0.3743;0.4048;0.3679;0.3986;185021.56
20241015 000000;0.3986;0.4028;0.3776;0.3889;373276.83
20241016 000000;0.3889;0.3898;0.3774;0.3826;262149.93
20241017 000000;0.3826;0.3868;0.3665;0.3719;299746.83
20241018 000000;0.3719;0.3824;0.37;0.3794;389006.47
20241019 000000;0.3794;0.3879;0.3742;0.3789;335124.53
20241020 000000;0.3789;0.43;0.375;0.4127;1121397.47
20241021 000000;0.4127;0.4354;0.3936;0.3938;945528.93
20241022 000000;0.3938;0.4294;0.3938;0.416;936486.08
20241023 000000;0.416;0.4167;0.385;0.3965;320267.58
20241024 000000;0.3965;0.4352;0.3965;0.4233;670250.9
20241025 000000;0.4233;0.4456;0.3724;0.3842;409287.03
20241026 000000;0.3842;0.4012;0.373;0.3913;295657.59
20241027 000000;0.3913;0.417;0.3872;0.4013;219265.19
20241028 000000;0.4013;0.4014;0.3787;0.3933;279191.14
20241029 000000;0.3933;0.4264;0.3908;0.4199;469652
20241030 000000;0.4199;0.4472;0.4102;0.4242;309629.68
20241031 000000;0.4242;0.452;0.4127;0.4129;394473.15
20241101 000000;0.4129;0.4344;0.3926;0.4003;285856.93
20241102 000000;0.4003;0.4023;0.382;0.3867;260004.45
20241103 000000;0.3867;0.3895;0.356;0.3675;251471.73
20241104 000000;0.3675;0.3725;0.3431;0.3497;184255.05
20241105 000000;0.3497;0.3684;0.3475;0.3628;257001.51
20241106 000000;0.3628;0.4056;0.3618;0.4035;591850.45
20241107 000000;0.4035;0.4225;0.3906;0.408;7241806.85
20241108 000000;0.408;0.4299;0.4043;0.4149;24599817.51
20241109 000000;0.4149;0.4469;0.4076;0.4423;23424376.28
20241110 000000;0.4423;0.4785;0.4272;0.4641;49976192.15
20241111 000000;0.4641;0.4868;0.4482;0.4844;26985620.58
20241112 000000;0.4844;0.4849;0.415;0.4425;11043834.51
20241113 000000;0.4425;0.4466;0.3988;0.4246;11509187.7
20241114 000000;0.4246;0.4477;0.4056;0.4126;10610498.02
20241115 000000;0.4126;0.4325;0.3932;0.4298;6574132.27
20241116 000000;0.4298;0.4616;0.4252;0.4608;2223233.09
20241117 000000;0.4608;0.4608;0.4232;0.4326;3673500.55
20241118 000000;0.4326;0.47;0.4286;0.4695;2870953.33
20241119 000000;0.4695;0.472;0.4402;0.4538;2443173.49
20241120 000000;0.4538;0.4539;0.4142;0.4214;2810695.96
20241121 000000;0.4214;0.4518;0.4068;0.4469;5736067.04
20241122 000000;0.4469;0.457;0.4257;0.4568;4033541.71
20241123 000000;0.4568;0.493;0.4518;0.4809;7834612.74
20241124 000000;0.4809;0.5175;0.4548;0.5135;14743027.06
20241125 000000;0.5135;0.5281;0.4773;0.4894;14921175.6
20241126 000000;0.4894;0.5384;0.4755;0.5183;16567169.13
20241127 000000;0.5183;0.5747;0.4986;0.5678;10396226.87
20241128 000000;0.5678;0.5678;0.5335;0.5549;6497253.66
20241129 000000;0.5549;0.5822;0.5359;0.5697;2731606.16
20241130 000000;0.5697;0.5968;0.5543;0.5839;5358311.04
20241201 000000;0.5839;0.6189;0.5613;0.6013;6759839.15
20241202 000000;0.6013;0.6065;0.5385;0.59;9251117.85
20241203 000000;0.59;0.6118;0.5272;0.6015;9761332.94
20241204 000000;0.6015;0.6845;0.5957;0.6357;16926225.28
20241205 000000;0.6357;0.691;0.5998;0.6574;12146230.1
20241206 000000;0.6574;0.7243;0.6332;0.6721;14453101.31
20241207 000000;0.6721;0.6729;0.6463;0.6514;4696324.61
20241208 000000;0.6514;0.669;0.6269;0.6497;3694972.05
20241209 000000;0.6497;0.6497;0.4898;0.5336;6086433.58
20241210 000000;0.5336;0.5446;0.4617;0.5028;9243175.73
20241211 000000;0.5028;0.5459;0.4773;0.544;4551390.32
20241212 000000;0.544;0.5791;0.5384;0.5516;6575328.38
20241213 000000;0.5516;0.5572;0.5296;0.5423;3011679.45
20241214 000000;0.5423;0.55;0.5039;0.5151;1423389.59
20241215 000000;0.5151;0.5337;0.4988;0.5323;1535497.5
20241216 000000;0.5323;0.5455;0.496;0.5089;1816154.56
20241217 000000;0.5089;0.5107;0.4745;0.4783;1946650.26
20241218 000000;0.4783;0.4812;0.4297;0.4317;3148848.08
20241219 000000;0.4317;0.4437;0.3868;0.4021;5905855.19
20241220 000000;0.4021;0.4417;0.3641;0.4329;5966536.86
20241221 000000;0.4329;0.4814;0.4298;0.451;3911041.44
20241222 000000;0.451;0.475;0.4281;0.4485;3949803.68
20241223 000000;0.4485;0.4677;0.43;0.458;1872710.32
20241224 000000;0.458;0.4815;0.4529;0.4745;1598510.6
20241225 000000;0.4745;0.487;0.4518;0.4566;1498755.55
20241226 000000;0.4566;0.4598;0.4225;0.4288;876728.8
20241227 000000;0.4288;0.4546;0.4252;0.441;823614.05
20241228 000000;0.441;0.4613;0.4385;0.4559;930969.81
20241229 000000;0.4559;0.4586;0.4382;0.4435;504683.43
20241230 000000;0.4435;0.4611;0.428;0.4442;612073.61
20241231 000000;0.4442;0.4498;0.429;0.4362;373173.78
