20250101 000000;0.4362;0.4474;0.4249;0.4441;296404.3
20250102 000000;0.4441;0.4675;0.4428;0.4627;650049.23
20250103 000000;0.4627;0.48;0.4557;0.4772;634116.62
20250104 000000;0.4772;0.4831;0.4664;0.4761;370107.9
20250105 000000;0.4761;0.4839;0.4674;0.4768;414681.37
20250106 000000;0.4768;0.4968;0.47;0.4883;372685.63
20250107 000000;0.4883;0.4891;0.4419;0.4454;560461.26
20250108 000000;0.4454;0.4499;0.4148;0.4378;335814.54
20250109 000000;0.4378;0.4488;0.4234;0.448;506590.81
20250110 000000;0.448;0.4516;0.4313;0.4488;288984.15
20250111 000000;0.4488;0.4525;0.4349;0.4417;99231.81
20250112 000000;0.4417;0.4486;0.4256;0.4298;125213.5
20250113 000000;0.4298;0.4406;0.3868;0.4166;636692.44
20250114 000000;0.4166;0.4317;0.4077;0.4297;292800.08
20250115 000000;0.4297;0.4494;0.4153;0.4493;322648.58
20250116 000000;0.4493;0.4499;0.4282;0.4334;468876.16
20250117 000000;0.4334;0.466;0.4334;0.4656;439151.79
20250118 000000;0.4656;0.4708;0.4266;0.437;443714.89
20250119 000000;0.437;0.4484;0.385;0.3917;1581495.92
20250120 000000;0.3917;0.425;0.3764;0.3952;4636329.44
20250121 000000;0.3952;0.4154;0.3807;0.4074;1022630.18
20250122 000000;0.4074;0.4131;0.391;0.3927;292559.1
20250123 000000;0.3927;0.3965;0.378;0.3892;664651.05
20250124 000000;0.3892;0.397;0.3741;0.3765;394662.08
20250125 000000;0.3765;0.383;0.3707;0.3775;379747.19
20250126 000000;0.3775;0.385;0.3665;0.3665;334794.8
20250127 000000;0.3665;0.3684;0.3306;0.3556;1204090.67
20250128 000000;0.3556;0.3592;0.3349;0.337;298223.89
20250129 000000;0.337;0.3521;0.3322;0.3422;486601.83
20250130 000000;0.3422;0.3614;0.3385;0.3573;306008.46
20250131 000000;0.3573;0.3729;0.3525;0.3594;359200.66
20250201 000000;0.3594;0.364;0.3281;0.3309;332444.2
20250202 000000;0.3309;0.3359;0.27;0.2826;1802019.63
20250203 000000;0.2826;0.2875;0.2082;0.2827;9576511.29
20250204 000000;0.2827;0.2866;0.2509;0.257;2739306.09
20250205 000000;0.257;0.2656;0.2495;0.2534;692745.65
20250206 000000;0.2534;0.2606;0.2348;0.2372;3119956.27
20250207 000000;0.2372;0.2569;0.2342;0.2415;4396036.04
20250208 000000;0.2415;0.2605;0.24;0.2598;3018810.86
20250209 000000;0.2598;0.2898;0.2504;0.2654;22040851.72
20250210 000000;0.2654;0.2753;0.2548;0.2737;6043244.44
20250211 000000;0.2737;0.2892;0.2639;0.2707;5133259.6
20250212 000000;0.2707;0.3133;0.2581;0.3043;17043666.66
20250213 000000;0.3043;0.3104;0.2836;0.2919;9186754.99
20250214 000000;0.2919;0.3015;0.2898;0.2977;4209783.81
20250215 000000;0.2977;0.2997;0.283;0.2849;2379445.76
20250216 000000;0.2849;0.3587;0.282;0.3168;57689617.93
20250217 000000;0.3168;0.3725;0.2984;0.309;57267845.23
20250218 000000;0.309;0.3205;0.2868;0.309;20596582.36
20250219 000000;0.309;0.3167;0.3015;0.309;8391338.37
20250220 000000;0.309;0.3187;0.3017;0.3176;6345224.61
20250221 000000;0.3176;0.3266;0.3009;0.3033;7481915.48
20250222 000000;0.3033;0.3092;0.2996;0.3076;4234813.99
20250223 000000;0.3076;0.3164;0.2943;0.2986;7002099.34
20250224 000000;0.2986;0.3007;0.2639;0.2679;5729382.02
20250225 000000;0.2679;0.2757;0.2498;0.271;7011202.12
20250226 000000;0.271;0.2797;0.2607;0.2766;4874179.32
20250227 000000;0.2766;0.296;0.274;0.279;7231977.89
20250228 000000;0.279;0.2798;0.253;0.2725;4765183.24
20250301 000000;0.2725;0.2755;0.2593;0.2657;4275668.57
20250302 000000;0.2657;0.2886;0.2589;0.2874;4428379.81
20250303 000000;0.2874;0.2886;0.2391;0.2443;6380482.42
20250304 000000;0.2443;0.2452;0.2184;0.2361;7456898.2
20250305 000000;0.2361;0.2484;0.2314;0.2475;3144005.11
20250306 000000;0.2475;0.2531;0.2372;0.2408;3674544.26
20250307 000000;0.2408;0.2491;0.229;0.239;4041744.19
20250308 000000;0.239;0.2421;0.2294;0.234;2306946.27
20250309 000000;0.234;0.235;0.2029;0.2053;4525107.5
20250310 000000;0.2053;0.2187;0.1863;0.1904;7538828.27
20250311 000000;0.1904;0.2107;0.177;0.2031;6718064.09
20250312 000000;0.2031;0.2672;0.2026;0.2279;34770046.13
20250313 000000;0.2279;0.2484;0.2218;0.2377;15664986.76
20250314 000000;0.2377;0.2401;0.2289;0.2337;6643612.28
20250315 000000;0.2337;0.2337;0.2267;0.2318;3859231.2
20250316 000000;0.2318;0.263;0.2281;0.2515;22181983.41
20250317 000000;0.2515;0.2898;0.2418;0.2662;21482657.46
20250318 000000;0.2662;0.2679;0.2459;0.2537;9388838.22
20250319 000000;0.2537;0.257;0.2424;0.2539;7435967.13
20250320 000000;0.2539;0.2691;0.2459;0.2669;5910439.38
20250321 000000;0.2669;0.2669;0.2478;0.2574;6230331.05
20250322 000000;0.2574;0.2678;0.2548;0.2662;3339177.35
20250323 000000;0.2662;0.2663;0.2524;0.2571;3044882.26
20250324 000000;0.2571;0.2721;0.2565;0.2587;6810586.24
20250325 000000;0.2587;0.2601;0.2472;0.2534;3753793.34
20250326 000000;0.2534;0.2624;0.2464;0.2502;2736901.9
20250327 000000;0.2502;0.2657;0.2495;0.2548;2740212.49
20250328 000000;0.2548;0.2555;0.2244;0.2276;2921050.19
20250329 000000;0.2276;0.2298;0.2074;0.2125;3505123.67
20250330 000000;0.2125;0.2188;0.2049;0.2082;1746461.36
20250331 000000;0.2082;0.2166;0.2018;0.2117;3384134.2
20250401 000000;0.2117;0.2185;0.2058;0.2078;2541658.07
20250402 000000;0.2078;0.2113;0.1893;0.1915;3500700.64
20250403 000000;0.1915;0.199;0.1802;0.1895;2654069.38
20250404 000000;0.1895;0.1938;0.1837;0.1895;2702329.1
20250405 000000;0.1895;0.1908;0.185;0.1877;1266361.28
20250406 000000;0.1877;0.1899;0.1587;0.1632;4546622.26
20250407 000000;0.1632;0.176;0.1488;0.1675;7114407.85
20250408 000000;0.1675;0.172;0.1578;0.1601;3021578.9
20250409 000000;0.1601;0.1771;0.154;0.1759;4386405.95
20250410 000000;0.1759;0.1787;0.1663;0.1728;3631770.07
20250411 000000;0.1728;0.1841;0.1717;0.1819;3387612.79
20250412 000000;0.1819;0.1905;0.1784;0.1893;3412823.1
20250413 000000;0.1893;0.1906;0.1751;0.1772;1749087.08
20250414 000000;0.1772;0.1839;0.1751;0.178;2257792.05
20250415 000000;0.178;0.1827;0.1721;0.1723;2721962.71
20250416 000000;0.1723;0.1737;0.1631;0.1671;2910614.35
20250417 000000;0.1671;0.1837;0.1664;0.1754;8058466.03
20250418 000000;0.1754;0.1858;0.1714;0.1817;4869688.61
20250419 000000;0.1817;0.1857;0.18;0.1848;2723210.5
20250420 000000;0.1848;0.1999;0.1802;0.1844;7792508.53
20250421 000000;0.1844;0.189;0.1793;0.1813;4739653.02
20250422 000000;0.1813;0.1948;0.176;0.1928;5614435.44
20250423 000000;0.1928;0.2036;0.1916;0.2023;7767832.1
20250424 000000;0.2023;0.2041;0.1898;0.2037;4135020.18
20250425 000000;0.2037;0.2082;0.1966;0.2044;3734294.18
20250426 000000;0.2044;0.2156;0.2027;0.2059;3863748.88
20250427 000000;0.2059;0.2079;0.1919;0.1942;4391999.91
20250428 000000;0.1942;0.2175;0.1885;0.2068;11217480.36
20250429 000000;0.2068;0.2148;0.1988;0.2017;5093785.72
20250430 000000;0.2017;0.2131;0.1995;0.2129;3743383.27
20250501 000000;0.2129;0.2301;0.2084;0.2296;5376128.73
20250502 000000;0.2296;0.2299;0.2161;0.2206;5390516.49
20250503 000000;0.2206;0.2208;0.2006;0.2014;3248673.3
20250504 000000;0.2014;0.2033;0.1923;0.1934;2050925.88
20250505 000000;0.1934;0.1987;0.1889;0.1952;2488420.71
20250506 000000;0.1952;0.1982;0.1809;0.1876;2365626.8
20250507 000000;0.1876;0.1917;0.1854;0.1905;1564999.25
20250508 000000;0.1905;0.2125;0.1905;0.2113;4560788.46
20250509 000000;0.2113;0.2302;0.2103;0.2297;5941839.95
20250510 000000;0.2297;0.2475;0.225;0.2471;6551635
20250511 000000;0.2471;0.248;0.2308;0.2363;4592737.72
20250512 000000;0.2363;0.2472;0.2213;0.2374;4859289.27
20250513 000000;0.2374;0.2526;0.2231;0.2467;4100529.7
20250514 000000;0.2467;0.2553;0.2325;0.2346;3918508.61
20250515 000000;0.2346;0.2378;0.2095;0.2147;5509854.28
20250516 000000;0.2147;0.2188;0.2069;0.2091;2940476.91
20250517 000000;0.2091;0.2097;0.1995;0.2034;2827884
20250518 000000;0.2034;0.2195;0.1988;0.2122;4040684.88
20250519 000000;0.2122;0.2146;0.1938;0.2031;2684821.35
20250520 000000;0.2031;0.2157;0.2011;0.2154;5431829.77
20250521 000000;0.2154;0.2223;0.2043;0.2113;7184447.17
20250522 000000;0.2113;0.2228;0.211;0.2208;5424164.39
20250523 000000;0.2208;0.2281;0.2007;0.2026;5327730.73
20250524 000000;0.2026;0.2108;0.2003;0.2017;2751738.56
20250525 000000;0.2017;0.2032;0.1918;0.2019;3091938.8
20250526 000000;0.2019;0.2059;0.1965;0.1982;2632542.29
20250527 000000;0.1982;0.2101;0.1922;0.2056;4238908.96
20250528 000000;0.2056;0.2086;0.1951;0.2021;4710535.82
20250529 000000;0.2021;0.2071;0.1941;0.1953;3147564.04
20250530 000000;0.1953;0.197;0.1711;0.1729;6667188.08
20250531 000000;0.1729;0.1772;0.1662;0.1753;3298650.57
20250601 000000;0.1753;0.1788;0.1709;0.1781;1836668.62
20250602 000000;0.1781;0.1827;0.1741;0.182;2235840.19
20250603 000000;0.182;0.1878;0.1812;0.1828;1998213.6
20250604 000000;0.1828;0.1873;0.1807;0.1837;1880439.86
20250605 000000;0.1837;0.1861;0.1653;0.169;3369740.42
20250606 000000;0.169;0.1784;0.1677;0.1725;1741143.18
20250607 000000;0.1725;0.1793;0.1717;0.1779;1198630.32
20250608 000000;0.1779;0.1788;0.174;0.176;1326024.18
20250609 000000;0.176;0.1873;0.1729;0.1868;2099039.16
20250610 000000;0.1868;0.1914;0.184;0.191;2650419.22
20250611 000000;0.191;0.1912;0.1796;0.1816;2159239.17
20250612 000000;0.1816;0.1817;0.1703;0.1717;2039602.43
20250613 000000;0.1717;0.1717;0.1599;0.1662;4566188.89
20250614 000000;0.1662;0.1667;0.1601;0.1632;1374107.54
20250615 000000;0.1632;0.1674;0.161;0.1646;1543120.65
20250616 000000;0.1646;0.1718;0.1623;0.1644;2333873.98
20250617 000000;0.1644;0.167;0.1556;0.1574;3078079.23
20250618 000000;0.1574;0.1605;0.1522;0.159;2106809.16
20250619 000000;0.159;0.1612;0.1538;0.1569;1419774.57
20250620 000000;0.1569;0.1599;0.1483;0.1513;2724609.65
20250621 000000;0.1513;0.1546;0.1416;0.1446;2309469.76
20250622 000000;0.1446;0.1471;0.1342;0.1408;3138012.69
20250623 000000;0.1408;0.1543;0.1395;0.1531;2842730.27
20250624 000000;0.1531;0.1585;0.153;0.1568;3178852.69
20250625 000000;0.1568;0.1579;0.1485;0.1493;3098030.71
20250626 000000;0.1493;0.1545;0.1453;0.1459;3020454.32
20250627 000000;0.1459;0.149;0.1439;0.1474;2265521.01
20250628 000000;0.1474;0.1552;0.1453;0.154;1757659.7
20250629 000000;0.154;0.1607;0.1519;0.1604;1957123.27
20250630 000000;0.1604;0.1611;0.1524;0.1551;2360467.77
20250701 000000;0.1551;0.1559;0.1461;0.1471;3406493.51
20250702 000000;0.1471;0.1634;0.1455;0.1606;2880138.39
20250703 000000;0.1606;0.1645;0.1572;0.1594;3626425.24
20250704 000000;0.1594;0.1603;0.1486;0.1502;2720525.33
20250705 000000;0.1502;0.1522;0.1478;0.1517;1814075.1
20250706 000000;0.1517;0.1561;0.1487;0.1532;2179892.1
20250707 000000;0.1532;0.1549;0.1491;0.1505;1992934.36
20250708 000000;0.1505;0.1549;0.1468;0.1537;2123134.5
20250709 000000;0.1537;0.162;0.1521;0.1615;3833292.25
20250710 000000;0.1615;0.1712;0.1591;0.1702;5265994.29
20250711 000000;0.1702;0.1815;0.1669;0.1722;7383488.55
20250712 000000;0.1722;0.1785;0.1668;0.1738;5136264.97
20250713 000000;0.1738;0.1821;0.172;0.1758;4868855.23
20250714 000000;0.1758;0.183;0.171;0.1736;4082250.41
20250715 000000;0.1736;0.1821;0.1658;0.1813;7249133.29
20250716 000000;0.1813;0.1878;0.1784;0.1834;4168017.51
20250717 000000;0.1834;0.1851;0.1745;0.1807;4916266
20250718 000000;0.1807;0.1904;0.1745;0.1785;5082812.82
20250719 000000;0.1785;0.1831;0.1735;0.1812;2340314.3
20250720 000000;0.1812;0.1931;0.1799;0.1906;5276588.2
20250721 000000;0.1906;0.2063;0.1869;0.2046;9559994.24
20250722 000000;0.2046;0.2048;0.192;0.2033;5744097.34
20250723 000000;0.2033;0.2067;0.1806;0.1877;6280261.22
20250724 000000;0.1877;0.1932;0.1759;0.1835;4140486.02
20250725 000000;0.1835;0.1859;0.1758;0.1855;3307144.33
20250726 000000;0.1855;0.1908;0.1848;0.1871;2044453.74
20250727 000000;0.1871;0.1977;0.1869;0.196;3272229.93
20250728 000000;0.196;0.1988;0.1798;0.1819;4475737.62
20250729 000000;0.1819;0.1869;0.1737;0.1774;3890959.61
20250730 000000;0.1774;0.1778;0.1675;0.1754;2655540.27
20250731 000000;0.1754;0.178;0.1624;0.1634;3490816.69
20250801 000000;0.1634;0.164;0.1516;0.1554;5861421.7
20250802 000000;0.1554;0.163;0.152;0.156;5576781.91
20250803 000000;0.156;0.1601;0.1535;0.1588;1593533.56
20250804 000000;0.1588;0.1631;0.1574;0.1629;2174169.65
20250805 000000;0.1629;0.1629;0.1515;0.1555;2433149.95
20250806 000000;0.1555;0.1602;0.1509;0.1585;2115657.96
20250807 000000;0.1585;0.167;0.1566;0.167;2542303.95
20250808 000000;0.167;0.1846;0.1647;0.1766;11898535.07
20250809 000000;0.1766;0.1814;0.1733;0.1785;7103434.22
20250810 000000;0.1785;0.1809;0.1708;0.1757;5358221.32
20250811 000000;0.1757;0.1805;0.1635;0.1643;6151577.15
20250812 000000;0.1643;0.181;0.1634;0.1778;17514533.08
20250813 000000;0.1778;0.1861;0.1745;0.1836;9575147.55
20250814 000000;0.1836;0.1872;0.1598;0.1632;8123718.34
20250815 000000;0.1632;0.1672;0.1552;0.1611;6252480.72
20250816 000000;0.1611;0.167;0.1603;0.1665;3252377.73
20250817 000000;0.1665;0.1707;0.164;0.1652;3472564.65
20250818 000000;0.1652;0.1657;0.1576;0.1592;3742181.46
20250819 000000;0.1592;0.1613;0.151;0.1522;4193297.87
20250820 000000;0.1522;0.1606;0.1516;0.1599;3765974.39
20250821 000000;0.1599;0.1613;0.1539;0.1552;2344739.91
20250822 000000;0.1552;0.1679;0.15;0.1673;5032377.75
20250823 000000;0.1673;0.1683;0.1622;0.1659;2938153.66
20250824 000000;0.1659;0.1688;0.1589;0.163;4463431.04
20250825 000000;0.163;0.1683;0.1474;0.1511;6683446.63
20250826 000000;0.1511;0.1732;0.1498;0.1666;21336110.55
20250827 000000;0.1666;0.1666;0.1597;0.1606;7526275.27
20250828 000000;0.1606;0.199;0.1587;0.1921;42294110.16
20250829 000000;0.1921;0.1939;0.1666;0.1718;28116546.8
20250830 000000;0.1718;0.1739;0.1664;0.1719;8903568.6
20250831 000000;0.1719;0.1724;0.1629;0.1631;5471757.89
20250901 000000;0.1631;0.1657;0.1536;0.1573;4064126.41
20250902 000000;0.1573;0.1602;0.155;0.1593;3321367.13
20250903 000000;0.1593;0.1623;0.1568;0.1601;3784576.79
20250904 000000;0.1601;0.1605;0.1523;0.1541;3214793.56
20250905 000000;0.1541;0.1625;0.1541;0.16;4791030.44
20250906 000000;0.16;0.163;0.1584;0.1604;3294490.08
20250907 000000;0.1604;0.1635;0.1598;0.1625;2244713.66
20250908 000000;0.1625;0.1662;0.1605;0.1636;3998659.88
20250909 000000;0.1636;0.1694;0.1631;0.1664;5067703.84
20250910 000000;0.1664;0.1697;0.1648;0.168;2603263.65
20250911 000000;0.168;0.1693;0.162;0.1669;3958938.76
20250912 000000;0.1669;0.1696;0.1639;0.1692;2579466.82
20250913 000000;0.1692;0.1736;0.1671;0.1706;3901199.16
20250914 000000;0.1706;0.1709;0.1609;0.1639;2981398.23
20250915 000000;0.1639;0.1668;0.1562;0.159;3787048.62
20250916 000000;0.159;0.162;0.1561;0.1603;2067098.46
20250917 000000;0.1603;0.1652;0.1569;0.1643;2343858.15
20250918 000000;0.1643;0.1757;0.1628;0.1725;5493442.89
20250919 000000;0.1725;0.1749;0.1641;0.1658;5078446.97
20250920 000000;0.1658;0.1732;0.1617;0.171;5047134.82
20250921 000000;0.171;0.1855;0.1708;0.1749;19328252.48
20250922 000000;0.1749;0.1769;0.1529;0.1562;7565967.76
20250923 000000;0.1562;0.1577;0.1496;0.1513;6850881.45
20250924 000000;0.1513;0.1579;0.1481;0.1511;4767321.36
20250925 000000;0.1511;0.1516;0.1386;0.1411;4379380.6
20250926 000000;0.1411;0.1472;0.1408;0.1465;2384411.54
20250927 000000;0.1465;0.1498;0.1439;0.1446;3437833.68
20250928 000000;0.1446;0.148;0.1405;0.1479;2967694.27
20250929 000000;0.1479;0.1514;0.1438;0.1482;5941287.7
20250930 000000;0.1482;0.1485;0.14;0.1459;2981993.69
20251001 000000;0.1459;0.1524;0.1443;0.1511;3598426.03
20251002 000000;0.1511;0.1571;0.1506;0.157;4675088.66
20251003 000000;0.157;0.161;0.1531;0.1588;7341519.44
20251004 000000;0.1588;0.162;0.1505;0.1566;7335657.73
20251005 000000;0.1566;0.1618;0.1521;0.1535;4559962.09
20251006 000000;0.1535;0.1592;0.1524;0.1568;3839842.95
20251007 000000;0.1568;0.1602;0.1491;0.1512;4804934.3
20251008 000000;0.1512;0.1556;0.1478;0.1528;3833347.11
20251009 000000;0.1528;0.1532;0.1427;0.1477;3671070.11
20251010 000000;0.1477;0.1504;0.0563;0.1017;15196210.06
20251011 000000;0.1017;0.1146;0.0981;0.1071;14739737.36
20251012 000000;0.1071;0.1203;0.1052;0.1178;6578577.71
20251013 000000;0.1178;0.1271;0.116;0.1268;5914705.88
20251014 000000;0.1268;0.1273;0.1134;0.1198;5591228.44
20251015 000000;0.1198;0.1228;0.1144;0.1168;4091765.78
20251016 000000;0.1168;0.1203;0.1102;0.1123;6120325.35
20251017 000000;0.1123;0.1138;0.1033;0.1075;4899033.49
20251018 000000;0.1075;0.1105;0.1058;0.1085;3021360
20251019 000000;0.1085;0.1135;0.1061;0.1114;3825222.35
20251020 000000;0.1114;0.1158;0.1093;0.1128;3830050.48
20251021 000000;0.1128;0.1208;0.1084;0.1116;8081759
20251022 000000;0.1116;0.1118;0.1035;0.1073;5716891.4
20251023 000000;0.1073;0.1116;0.1069;0.1092;3735146.94
20251024 000000;0.1092;0.1122;0.1069;0.1111;3796383.4
20251025 000000;0.1111;0.1124;0.109;0.1114;2895086.14
20251026 000000;0.1114;0.1155;0.111;0.1145;3859000.45
20251027 000000;0.1145;0.1164;0.1107;0.1115;4911123.65
20251028 000000;0.1115;0.1155;0.107;0.1097;4667067.68
20251029 000000;0.1097;0.1131;0.1065;0.11;4246208.6
20251030 000000;0.11;0.1113;0.0986;0.1021;4422941.67
20251031 000000;0.1021;0.1048;0.1006;0.1034;2589805.49
20251101 000000;0.1034;0.1095;0.1025;0.1083;2744708.34
20251102 000000;0.1083;0.1101;0.1042;0.1093;3263017.91
20251103 000000;0.1093;0.1093;0.0916;0.0959;5832410.82
20251104 000000;0.0959;0.0992;0.0865;0.0921;5281216.18
20251105 000000;0.0921;0.093;0.0871;0.0922;3328501.32
20251106 000000;0.0922;0.09473;0.08694;0.09363;3617233.93
20251107 000000;0.09363;0.10532;0.09199;0.10268;4465586.55
20251108 000000;0.10268;0.10499;0.09833;0.10392;4324726.34
20251109 000000;0.10392;0.10392;0.09739;0.10084;2990700.83
20251110 000000;0.10084;0.10273;0.09885;0.10143;4558274.3
20251111 000000;0.10143;0.10475;0.097;0.09748;7408466.63
20251112 000000;0.09748;0.10259;0.09371;0.09633;3688850.18
20251113 000000;0.09633;0.09948;0.08967;0.09236;3169537
20251114 000000;0.09236;0.09266;0.08733;0.0891;3623979.1
20251115 000000;0.0891;0.09262;0.08872;0.08929;2067212.43
20251116 000000;0.08929;0.09101;0.08426;0.08759;2911456.28
20251117 000000;0.08759;0.09142;0.08353;0.08593;2684656.48
20251118 000000;0.08593;0.08918;0.08422;0.08673;1734006.25
20251119 000000;0.08673;0.08712;0.08052;0.08516;2266940.79
20251120 000000;0.08516;0.08924;0.08111;0.0822;3437830.47
20251121 000000;0.0822;0.08427;0.07384;0.07776;2678773.39
20251122 000000;0.07776;0.07925;0.07535;0.07834;1904258.49
20251123 000000;0.07834;0.08006;0.07763;0.0781;1846576.91
20251124 000000;0.0781;0.08196;0.07661;0.08093;1879334.03
20251125 000000;0.08093;0.08218;0.07909;0.08178;1874814.89
20251126 000000;0.08178;0.08236;0.07889;0.08137;2316915.83
20251127 000000;0.08137;0.08312;0.08024;0.08178;2481155.52
20251128 000000;0.08178;0.08252;0.07843;0.07977;2838896.22
20251129 000000;0.07977;0.08065;0.07768;0.07803;2746285.68
20251130 000000;0.07803;0.07848;0.07606;0.07614;2395080.79
20251201 000000;0.07614;0.0764;0.07164;0.07375;2914503.46
20251202 000000;0.07375;0.07827;0.07279;0.07711;2094132.07
20251203 000000;0.07711;0.0802;0.07703;0.07917;2178863.83
20251204 000000;0.07917;0.07981;0.07668;0.07751;1875172.96
20251205 000000;0.07751;0.07856;0.07348;0.0744;2242881.8
20251206 000000;0.0744;0.07743;0.0742;0.07677;2374774
20251207 000000;0.07677;0.0772;0.07317;0.0744;2349484.63
20251208 000000;0.0744;0.07694;0.07421;0.07532;1622756.36
20251209 000000;0.07532;0.083;0.07469;0.08083;9073486.56
20251210 000000;0.08083;0.081;0.07574;0.07629;3060285.2
20251211 000000;0.07629;0.07629;0.07197;0.07386;2417771.28
20251212 000000;0.07386;0.07482;0.07093;0.07278;1674129.98
20251213 000000;0.07278;0.07379;0.07201;0.07268;1080238.02
20251214 000000;0.07268;0.07317;0.06918;0.06957;1381488.66
20251215 000000;0.06957;0.07079;0.06472;0.06651;1798176.19
20251216 000000;0.06651;0.06655;0.06404;0.06585;1544257.46
20251217 000000;0.06585;0.06598;0.06136;0.06217;1823240.96
20251218 000000;0.06217;0.06296;0.05804;0.05929;2483521.12
20251219 000000;0.05929;0.06381;0.05862;0.06362;1786369.8
20251220 000000;0.06362;0.06429;0.06312;0.06365;1163780.31
20251221 000000;0.06365;0.06388;0.06037;0.0606;1336149.14
20251222 000000;0.0606;0.06228;0.06;0.06134;1833962.08
20251223 000000;0.06134;0.06163;0.05709;0.05917;3643415.62
20251224 000000;0.05917;0.05949;0.05588;0.05844;2660738.26
20251225 000000;0.05844;0.06132;0.05824;0.05875;2724469.43
20251226 000000;0.05875;0.0601;0.05796;0.05907;1791594.13
20251227 000000;0.05907;0.06841;0.05898;0.06338;13822155.6
20251228 000000;0.06338;0.06984;0.06255;0.06489;14060312.06
20251229 000000;0.06489;0.06738;0.06276;0.06598;6633945.56
20251230 000000;0.06598;0.06739;0.06329;0.0671;4418558.23
20251231 000000;0.0671;0.07626;0.06612;0.07066;13773185.84
