20230622 000000;0.33015;0.34;0.301;0.31393;801600.77
20230623 000000;0.31393;0.33457;0.30563;0.32824;458732.62
20230624 000000;0.32824;0.33111;0.3055;0.31129;178281.86
20230625 000000;0.31129;0.33273;0.30937;0.31648;179788.21
20230626 000000;0.31648;0.3252;0.30456;0.31121;241267.34
20230627 000000;0.31121;0.32705;0.30319;0.30462;378434.32
20230628 000000;0.30462;0.30473;0.265;0.27629;439024.53
20230629 000000;0.27629;0.2786;0.26629;0.27289;610515.77
20230630 000000;0.27289;0.2875;0.24881;0.27731;597021.85
20230701 000000;0.27731;0.29172;0.27532;0.28689;562924.77
20230702 000000;0.28689;0.28783;0.27396;0.2808;239296.69
20230703 000000;0.2808;0.2991;0.27968;0.29684;622309.13
20230704 000000;0.29684;0.30756;0.285;0.29079;962152.11
20230705 000000;0.29079;0.31;0.27478;0.28007;809899.93
20230706 000000;0.28007;0.29271;0.26469;0.26506;469752.91
20230707 000000;0.26506;0.27046;0.26;0.26841;329746.89
20230708 000000;0.26841;0.27454;0.26568;0.27162;153213.88
20230709 000000;0.27162;0.27494;0.26666;0.26803;145703.14
20230710 000000;0.26803;0.26803;0.25222;0.26117;241312.66
20230711 000000;0.26117;0.26427;0.2524;0.25569;162108.53
20230712 000000;0.25569;0.26254;0.24755;0.25434;390604.25
20230713 000000;0.25434;0.27967;0.25149;0.27806;651832.72
20230714 000000;0.27806;0.295;0.26482;0.27244;845775.01
20230715 000000;0.27244;0.28304;0.2661;0.2741;295424.04
20230716 000000;0.2741;0.27708;0.26109;0.26294;392096.6
20230717 000000;0.26294;0.27712;0.26134;0.27354;406650.06
20230718 000000;0.27354;0.28037;0.25725;0.26184;517437.73
20230719 000000;0.26184;0.26869;0.25985;0.26084;291078.83
20230720 000000;0.26084;0.26895;0.25769;0.26083;282210.94
20230721 000000;0.26083;0.26307;0.25642;0.25935;280735.58
20230722 000000;0.25935;0.26342;0.25381;0.25659;430204.61
20230723 000000;0.25659;0.2669;0.25464;0.26229;325654.07
20230724 000000;0.26229;0.27793;0.242;0.24584;942751.98
20230725 000000;0.24584;0.24957;0.24211;0.24568;259482.13
20230726 000000;0.24568;0.24818;0.23606;0.24446;351076.54
20230727 000000;0.24446;0.25154;0.24152;0.2476;280163.44
20230728 000000;0.2476;0.24906;0.24328;0.24666;283260.12
20230729 000000;0.24666;0.24965;0.24546;0.24904;231077.46
20230730 000000;0.24904;0.2556;0.24268;0.24993;431090.89
20230731 000000;0.24993;0.25585;0.24617;0.24922;387769.47
20230801 000000;0.24922;0.25377;0.24;0.25377;590669.41
20230802 000000;0.25377;0.25929;0.244;0.24574;751586.9
20230803 000000;0.24574;0.24733;0.24201;0.24367;566546.55
20230804 000000;0.24367;0.24496;0.23845;0.24136;381353.24
20230805 000000;0.24136;0.24261;0.23903;0.24221;406442.6
20230806 000000;0.24221;0.26025;0.24163;0.25633;327717.63
20230807 000000;0.25633;0.26402;0.25;0.26211;544528.52
20230808 000000;0.26211;0.28359;0.25831;0.26599;1053118.45
20230809 000000;0.26599;0.26691;0.25737;0.26172;371970.33
20230810 000000;0.26172;0.26419;0.25505;0.26189;334488.08
20230811 000000;0.26189;0.2661;0.25979;0.26517;314219.96
20230812 000000;0.26517;0.26718;0.25924;0.26001;390276.51
20230813 000000;0.26001;0.26267;0.25665;0.2574;317696.7
20230814 000000;0.2574;0.26239;0.25468;0.25995;265520.96
20230815 000000;0.25995;0.26289;0.21858;0.23551;581273.32
20230816 000000;0.23551;0.23564;0.21161;0.21698;1411330.47
20230817 000000;0.21698;0.2186;0.16541;0.18363;2447459.43
20230818 000000;0.18363;0.19174;0.18253;0.18927;1154528.53
20230819 000000;0.18927;0.19759;0.189;0.19608;6016179.07
20230820 000000;0.19608;0.20254;0.19516;0.20161;2396450.61
20230821 000000;0.20161;0.20367;0.19267;0.19482;375953.76
20230822 000000;0.19482;0.19606;0.1862;0.19458;536022.13
20230823 000000;0.19458;0.20604;0.1935;0.20364;434098.41
20230824 000000;0.20364;0.20364;0.1927;0.19537;414353.16
20230825 000000;0.19537;0.1954;0.18878;0.19245;471797.54
20230826 000000;0.19245;0.19445;0.18857;0.18882;163653.96
20230827 000000;0.18882;0.18998;0.18071;0.18488;309840.96
20230828 000000;0.18488;0.19135;0.18421;0.18778;583531.86
20230829 000000;0.18778;0.20185;0.18185;0.19887;274999.97
20230830 000000;0.19887;0.20149;0.19347;0.19707;451754.12
20230831 000000;0.19707;0.19707;0.18516;0.18833;457637.13
20230901 000000;0.18833;0.18921;0.17824;0.18094;543029.61
20230902 000000;0.18094;0.2366;0.1797;0.20017;1946924.7
20230903 000000;0.20017;0.21083;0.195;0.21004;485724.41
20230904 000000;0.21004;0.21906;0.20631;0.21119;556247.36
20230905 000000;0.21119;0.22191;0.2076;0.21592;320835.17
20230906 000000;0.21592;0.21728;0.20638;0.21241;263633.97
20230907 000000;0.21241;0.21241;0.20309;0.2096;236454.91
20230908 000000;0.2096;0.21949;0.20459;0.21457;319672.45
20230909 000000;0.21457;0.2274;0.21226;0.2197;261403.88
20230910 000000;0.2197;0.22016;0.20921;0.2162;166964.6
20230911 000000;0.2162;0.2255;0.1989;0.20017;325962.82
20230912 000000;0.20017;0.20792;0.19643;0.20331;261349.01
20230913 000000;0.20331;0.21319;0.20314;0.21036;189093.29
20230914 000000;0.21036;0.21835;0.20995;0.21685;548203.78
20230915 000000;0.21685;0.23108;0.20832;0.21853;2663669.04
20230916 000000;0.21853;0.22325;0.21347;0.21584;294893.1
20230917 000000;0.21584;0.21584;0.19873;0.19935;214973.78
20230918 000000;0.19935;0.20621;0.19663;0.19697;256767.45
20230919 000000;0.19697;0.20371;0.19649;0.20056;184071.4
20230920 000000;0.20056;0.20313;0.19582;0.19993;214617.88
20230921 000000;0.19993;0.20227;0.18895;0.19089;247269.99
20230922 000000;0.19089;0.1969;0.18974;0.1969;155068.66
20230923 000000;0.1969;0.19978;0.1923;0.19621;232730.62
20230924 000000;0.19621;0.19696;0.19265;0.19415;173631.25
20230925 000000;0.19415;0.19903;0.19231;0.1979;219269.8
20230926 000000;0.1979;0.20032;0.19354;0.19568;209410.85
20230927 000000;0.19568;0.19774;0.19165;0.19383;327274.55
20230928 000000;0.19383;0.19934;0.19263;0.19712;211999.98
20230929 000000;0.19712;0.20261;0.19545;0.2025;242333.61
20230930 000000;0.2025;0.20387;0.19987;0.20039;360412.1
20231001 000000;0.20039;0.21479;0.19954;0.21303;342412.69
20231002 000000;0.21303;0.21752;0.1995;0.20451;396886.37
20231003 000000;0.20451;0.20527;0.19334;0.19344;169754.29
20231004 000000;0.19344;0.19411;0.185;0.19259;245275.36
20231005 000000;0.19259;0.19432;0.18828;0.18913;165689.39
20231006 000000;0.18913;0.19548;0.18908;0.19309;277532.65
20231007 000000;0.19309;0.19576;0.19109;0.19269;180991.7
20231008 000000;0.19269;0.19535;0.18745;0.19093;275399.14
20231009 000000;0.19093;0.19133;0.17777;0.17912;247370.98
20231010 000000;0.17912;0.18108;0.17489;0.17774;365477.71
20231011 000000;0.17774;0.1791;0.17364;0.17903;381602.47
20231012 000000;0.17903;0.18415;0.17649;0.17949;223004.94
20231013 000000;0.17949;0.18382;0.17806;0.18261;281754.38
20231014 000000;0.18261;0.18839;0.18231;0.18736;190276.42
20231015 000000;0.18736;0.18875;0.18364;0.18474;291068.6
20231016 000000;0.18474;0.19558;0.18452;0.19264;279940.81
20231017 000000;0.19264;0.19377;0.17939;0.17959;333632.96
20231018 000000;0.17959;0.1868;0.17519;0.17535;256170.11
20231019 000000;0.17535;0.17645;0.1709;0.17146;212355.93
20231020 000000;0.17146;0.18145;0.17144;0.1759;352460.05
20231021 000000;0.1759;0.18336;0.17487;0.17878;419270.92
20231022 000000;0.17878;0.18336;0.17457;0.18233;502352.93
20231023 000000;0.18233;0.19222;0.1779;0.19104;831955.85
20231024 000000;0.19104;0.2049;0.18899;0.19862;934567.05
20231025 000000;0.19862;0.21;0.19327;0.20244;1171277.85
20231026 000000;0.20244;0.21435;0.19697;0.20444;1113333.84
20231027 000000;0.20444;0.20492;0.19423;0.20021;599069.46
20231028 000000;0.20021;0.23174;0.19999;0.229;1541021.52
20231029 000000;0.229;0.24288;0.22084;0.24094;424717.59
20231030 000000;0.24094;0.29149;0.23189;0.26609;1395755.34
20231031 000000;0.26609;0.27834;0.237;0.24826;737985.94
20231101 000000;0.24826;0.25961;0.23453;0.25917;522116.48
20231102 000000;0.25917;0.27346;0.246;0.26512;630450.88
20231103 000000;0.26512;0.26833;0.25097;0.25395;682094.55
20231104 000000;0.25395;0.26684;0.24726;0.26165;464267.44
20231105 000000;0.26165;0.26797;0.2423;0.24715;669626.17
20231106 000000;0.24715;0.27685;0.24512;0.27159;964296.95
20231107 000000;0.27159;0.27579;0.24984;0.27074;946732.46
20231108 000000;0.27074;0.28421;0.26071;0.26203;1044396.72
20231109 000000;0.26203;0.2838;0.218;0.25679;1402703.03
20231110 000000;0.25679;0.26606;0.24731;0.26507;1294985.53
20231111 000000;0.26507;0.28549;0.25368;0.27462;1141075.33
20231112 000000;0.27462;0.2993;0.2602;0.28386;935947.73
20231113 000000;0.28386;0.29221;0.27058;0.27109;568563.02
20231114 000000;0.27109;0.27578;0.24;0.25468;779170.88
20231115 000000;0.25468;0.30523;0.25397;0.29411;1182995.01
20231116 000000;0.29411;0.3069;0.26;0.26696;1316472.53
20231117 000000;0.26696;0.2777;0.2438;0.25651;839231.86
20231118 000000;0.25651;0.25722;0.235;0.2534;896238.65
20231119 000000;0.2534;0.26102;0.24552;0.25993;542346.34
20231120 000000;0.25993;0.26449;0.24904;0.25304;664174.42
20231121 000000;0.25304;0.26243;0.22308;0.22412;856583.4
20231122 000000;0.22412;0.24368;0.22303;0.23997;639684.94
20231123 000000;0.23997;0.24659;0.2366;0.24108;846979.88
20231124 000000;0.24108;0.25489;0.24065;0.24987;591146.04
20231125 000000;0.24987;0.26168;0.24845;0.25656;386761.81
20231126 000000;0.25656;0.26145;0.24276;0.25645;729013.35
20231127 000000;0.25645;0.25814;0.23867;0.24552;287433.13
20231128 000000;0.24552;0.25539;0.23909;0.25004;869652.52
20231129 000000;0.25004;0.26868;0.2486;0.26284;1191333.23
20231130 000000;0.26284;0.358;0.2585;0.284;9929868.25
20231201 000000;0.284;0.28677;0.26894;0.27587;2026196.91
20231202 000000;0.27587;0.29002;0.2724;0.28898;1684396.54
20231203 000000;0.28898;0.31381;0.28524;0.29816;2685826.01
20231204 000000;0.29816;0.30472;0.26994;0.29026;2357864.61
20231205 000000;0.29026;0.306;0.28435;0.2948;1819704.1
20231206 000000;0.2948;0.29905;0.26804;0.27238;2600080.47
20231207 000000;0.27238;0.28942;0.2681;0.286;1599116.55
20231208 000000;0.286;0.29717;0.28144;0.29623;4213210.71
20231209 000000;0.29623;0.30726;0.29265;0.29656;791406.69
20231210 000000;0.29656;0.30549;0.281;0.29117;958457.07
20231211 000000;0.29117;0.29248;0.2518;0.27111;654375.83
20231212 000000;0.27111;0.28539;0.26639;0.28355;655015.47
20231213 000000;0.28355;0.28824;0.26307;0.28455;887044.59
20231214 000000;0.28455;0.29405;0.265;0.29335;1270989.04
20231215 000000;0.29335;0.29363;0.2642;0.26577;1475843.01
20231216 000000;0.26577;0.29159;0.26167;0.28923;1187889.43
20231217 000000;0.28923;0.32069;0.2752;0.28787;3066494.06
20231218 000000;0.28787;0.29292;0.25568;0.27843;1275230.75
20231219 000000;0.27843;0.315;0.27625;0.28796;2431615.99
20231220 000000;0.28796;0.3235;0.28687;0.30657;3071272.12
20231221 000000;0.30657;0.30927;0.29342;0.30423;849348.12
20231222 000000;0.30423;0.32929;0.3;0.32675;1148299.68
20231223 000000;0.32675;0.33263;0.30429;0.31579;1163328.31
20231224 000000;0.31579;0.34393;0.31291;0.32261;1086186.65
20231225 000000;0.32261;0.34803;0.31877;0.34408;1568849.6
20231226 000000;0.34408;0.36489;0.32761;0.36146;2719863.55
20231227 000000;0.36146;0.36213;0.33352;0.34198;2273122.93
20231228 000000;0.34198;0.3481;0.31262;0.31605;1189579.04
20231229 000000;0.31605;0.32368;0.30087;0.30857;816834.15
20231230 000000;0.30857;0.31709;0.30152;0.31092;740152.09
20231231 000000;0.31092;0.31704;0.292;0.30013;375384.62
