20250101 000000;0.021741;0.022665;0.019398;0.022589;50365141.18
20250102 000000;0.022589;0.025236;0.02167;0.022799;56774175.56
20250103 000000;0.022799;0.02625;0.021689;0.023915;66436741.63
20250104 000000;0.023915;0.025708;0.023033;0.023463;27326087.34
20250105 000000;0.023463;0.024203;0.022002;0.023018;50701338.23
20250106 000000;0.023018;0.024068;0.02;0.023339;88896165.48
20250107 000000;0.023339;0.023688;0.02;0.020338;35446100.81
20250108 000000;0.020338;0.02204;0.017353;0.021234;90255602.12
20250109 000000;0.021234;0.023715;0.018784;0.021074;71064897.74
20250110 000000;0.021074;0.023282;0.020702;0.021258;34777191.89
20250111 000000;0.021258;0.0215;0.02;0.020421;25916633.32
20250112 000000;0.020421;0.022307;0.019614;0.021131;31055885.1
20250113 000000;0.021131;0.021875;0.017611;0.018897;51997359.71
20250114 000000;0.018897;0.020489;0.01837;0.019404;38441569.61
20250115 000000;0.019404;0.025;0.018847;0.02476;49251305.37
20250116 000000;0.02476;0.027;0.023;0.024369;55537425.29
20250117 000000;0.024369;0.028483;0.024309;0.026478;47822925.14
20250118 000000;0.026478;0.027078;0.020863;0.022002;66786389.23
20250119 000000;0.022002;0.027781;0.018926;0.023003;167118021.89
20250120 000000;0.023003;0.026289;0.021727;0.022429;90202577.9
20250121 000000;0.022429;0.02395;0.02037;0.021551;67069053.69
20250122 000000;0.021551;0.0224;0.020499;0.020866;32577450.68
20250123 000000;0.020866;0.021049;0.018371;0.019641;43194913.74
20250124 000000;0.019641;0.020637;0.018866;0.019327;38137095.31
20250125 000000;0.019327;0.020495;0.018132;0.019096;36890726.42
20250126 000000;0.019096;0.023769;0.01838;0.019849;66109146.49
20250127 000000;0.019849;0.019975;0.016543;0.01818;102884313.21
20250128 000000;0.01818;0.019299;0.016773;0.017104;40355042.26
20250129 000000;0.017104;0.018739;0.015905;0.017803;66103582.29
20250130 000000;0.017803;0.020754;0.017795;0.019464;60150448.41
20250131 000000;0.019464;0.022541;0.017888;0.019903;78304383.13
20250201 000000;0.019903;0.021973;0.017661;0.018125;45916476.15
20250202 000000;0.018125;0.018263;0.015238;0.015493;83977230.35
20250203 000000;0.015493;0.0172;0.01308;0.016983;126024767.09
20250204 000000;0.016983;0.0172;0.014364;0.014675;68884654.31
20250205 000000;0.014675;0.016695;0.014239;0.014663;61900247.53
20250206 000000;0.014663;0.015249;0.012421;0.012895;71674807.36
20250207 000000;0.012895;0.014159;0.010416;0.011182;118006109.04
20250208 000000;0.011182;0.013012;0.009612;0.012378;119178224.39
20250209 000000;0.012378;0.01308;0.011864;0.012019;43557182.57
20250210 000000;0.012019;0.01296;0.011209;0.012276;46171937.78
20250211 000000;0.012276;0.013307;0.011502;0.011958;49881055.13
20250212 000000;0.011958;0.01234;0.011292;0.01226;41633040.81
20250213 000000;0.01226;0.012292;0.0108;0.011471;42693561.85
20250214 000000;0.011471;0.012487;0.011435;0.011998;28602436.96
20250215 000000;0.011998;0.012027;0.010956;0.011058;24539378.75
20250216 000000;0.011058;0.011201;0.009313;0.010121;72113563.99
20250217 000000;0.010121;0.011479;0.009247;0.011063;87079419.87
20250218 000000;0.011063;0.011202;0.00978;0.010337;59677842.37
20250219 000000;0.010337;0.010355;0.007739;0.009024;193727733.83
20250220 000000;0.009024;0.010679;0.0085;0.010554;83630925.45
20250221 000000;0.010554;0.011579;0.009225;0.009644;71444405.06
20250222 000000;0.009644;0.01068;0.009587;0.010163;36635001.08
20250223 000000;0.010163;0.010668;0.009886;0.01045;23104225.52
20250224 000000;0.01045;0.010544;0.0092;0.0092;50075584.34
20250225 000000;0.0092;0.0102;0.0085;0.009697;79065258.56
20250226 000000;0.009697;0.009849;0.00865;0.008894;44636789.32
20250227 000000;0.008894;0.009472;0.008444;0.008712;43163423.59
20250228 000000;0.008712;0.008755;0.007712;0.00861;65473343.82
20250301 000000;0.00861;0.008912;0.008151;0.008618;36588829.24
20250302 000000;0.008618;0.0116;0.008464;0.010531;75763936.26
20250303 000000;0.010531;0.010547;0.008625;0.008918;66719866.51
20250304 000000;0.008918;0.009116;0.007933;0.008949;60727230.34
20250305 000000;0.008949;0.009563;0.008663;0.009104;45307294.29
20250306 000000;0.009104;0.009497;0.008071;0.008356;57385030.73
20250307 000000;0.008356;0.008861;0.007501;0.007825;55262910.45
20250308 000000;0.007825;0.008764;0.0078;0.008321;45938540.61
20250309 000000;0.008321;0.008442;0.006801;0.006996;70857518.25
20250310 000000;0.006996;0.007554;0.005804;0.00596;80505889.92
20250311 000000;0.00596;0.008188;0.005651;0.007527;114093359.28
20250312 000000;0.007527;0.007805;0.007099;0.007605;67439566.43
20250313 000000;0.007605;0.007622;0.006334;0.006757;58697145.52
20250314 000000;0.006757;0.009025;0.00672;0.008098;143163327.73
20250315 000000;0.008098;0.00998;0.008;0.009762;109155132.04
20250316 000000;0.009762;0.010313;0.008965;0.00963;116634176.55
20250317 000000;0.00963;0.0098;0.009132;0.0092;55328399.74
20250318 000000;0.0092;0.00951;0.008565;0.009483;51823145.08
20250319 000000;0.009483;0.011391;0.008731;0.010213;123844752.91
20250320 000000;0.010213;0.010231;0.009455;0.009649;46354430.61
20250321 000000;0.009649;0.009877;0.009;0.0094;37248265.13
20250322 000000;0.0094;0.01098;0.009373;0.010446;90437215.79
20250323 000000;0.010446;0.01265;0.01023;0.012315;99779047.03
20250324 000000;0.012315;0.01608;0.011705;0.014086;143566204.45
20250325 000000;0.014086;0.016538;0.01368;0.01581;73282523.04
20250326 000000;0.01581;0.016824;0.014379;0.015235;73628696.73
20250327 000000;0.015235;0.015867;0.013534;0.015258;58911640.99
20250328 000000;0.015258;0.015292;0.010901;0.012048;142141970.31
20250329 000000;0.012048;0.012433;0.00972;0.011113;107720080.42
20250330 000000;0.011113;0.01184;0.0104;0.010935;48099967.09
20250331 000000;0.010935;0.012171;0.009664;0.011792;103270590.37
20250401 000000;0.011792;0.013374;0.011689;0.012756;86294516.96
20250402 000000;0.012756;0.013333;0.010918;0.01111;84057686.88
20250403 000000;0.01111;0.01148;0.010338;0.011275;57137344.69
20250404 000000;0.011275;0.0128;0.011062;0.012054;86626520.33
20250405 000000;0.012054;0.012519;0.011265;0.011645;38494011.05
20250406 000000;0.011645;0.011651;0.009474;0.009625;65498951.71
20250407 000000;0.009625;0.01146;0.0081;0.01077;135377760.85
20250408 000000;0.01077;0.01142;0.0095;0.009971;107791251.61
20250409 000000;0.009971;0.013274;0.00925;0.012489;142267785.93
20250410 000000;0.012489;0.01288;0.011534;0.012042;74671822.33
20250411 000000;0.012042;0.014442;0.011807;0.013382;100354284.15
20250412 000000;0.013382;0.014832;0.01307;0.014225;70870529.54
20250413 000000;0.014225;0.01482;0.013;0.013101;73645960.69
20250414 000000;0.013101;0.015068;0.013101;0.013863;74218485.79
20250415 000000;0.013863;0.014503;0.012592;0.013122;52700555.88
20250416 000000;0.013122;0.013963;0.012285;0.012764;69828290.67
20250417 000000;0.012764;0.0135;0.012636;0.01303;32343382.8
20250418 000000;0.01303;0.01307;0.012386;0.012776;36769335
20250419 000000;0.012776;0.013876;0.012543;0.013536;26116334.93
20250420 000000;0.013536;0.013839;0.012861;0.013807;29166554.87
20250421 000000;0.013807;0.015407;0.013412;0.013736;68401462.1
20250422 000000;0.013736;0.015648;0.013717;0.015577;55790680.94
20250423 000000;0.015577;0.0174;0.014851;0.015462;99967335.39
20250424 000000;0.015462;0.01614;0.014356;0.014973;63112196.17
20250425 000000;0.014973;0.01812;0.0148;0.017397;87232642.07
20250426 000000;0.017397;0.019019;0.016241;0.016857;49324565.32
20250427 000000;0.016857;0.017181;0.015664;0.015988;35589803.49
20250428 000000;0.015988;0.01815;0.014938;0.016362;71626646.72
20250429 000000;0.016362;0.016779;0.015381;0.015446;29048623.43
20250430 000000;0.015446;0.016008;0.01477;0.015335;42487155.58
20250501 000000;0.015335;0.017153;0.0148;0.016293;54206225.56
20250502 000000;0.016293;0.016848;0.015755;0.016256;41714237.02
20250503 000000;0.016256;0.016354;0.01552;0.015736;21466974.93
20250504 000000;0.015736;0.015793;0.014837;0.015105;29874963.53
20250505 000000;0.015105;0.015148;0.013645;0.014775;67178943.78
20250506 000000;0.014775;0.014858;0.013077;0.014327;48435843.33
20250507 000000;0.014327;0.014843;0.0132;0.013726;56498405.32
20250508 000000;0.013726;0.01693;0.013726;0.016276;111219216.91
20250509 000000;0.016276;0.018201;0.016045;0.016792;70155622.79
20250510 000000;0.016792;0.019361;0.01655;0.0189;54324387.33
20250511 000000;0.0189;0.018985;0.017387;0.017882;39035167.87
20250512 000000;0.017882;0.019785;0.016428;0.017386;71117354.97
20250513 000000;0.017386;0.018878;0.016727;0.018396;30445266.41
20250514 000000;0.018396;0.01854;0.016955;0.016962;23163089.23
20250515 000000;0.016962;0.017872;0.015872;0.016808;34470627.5
20250516 000000;0.016808;0.019596;0.016724;0.01757;29689685.97
20250517 000000;0.01757;0.018;0.015903;0.016094;33784108.53
20250518 000000;0.016094;0.01795;0.016065;0.01742;33787114.09
20250519 000000;0.01742;0.017871;0.016215;0.01684;26396737.46
20250520 000000;0.01684;0.01758;0.016356;0.017219;25776290.05
20250521 000000;0.017219;0.018483;0.016996;0.01784;30167612.22
20250522 000000;0.01784;0.018859;0.01758;0.018253;27895403.42
20250523 000000;0.018253;0.018551;0.016437;0.016707;39540236.33
20250524 000000;0.016707;0.017089;0.016213;0.016681;28315706.12
20250525 000000;0.016681;0.016757;0.015002;0.0157;39392103.95
20250526 000000;0.0157;0.016714;0.0152;0.015872;36254136.79
20250527 000000;0.015872;0.016581;0.015569;0.015923;26550374.41
20250528 000000;0.015923;0.01635;0.014717;0.015465;28005019.52
20250529 000000;0.015465;0.0167;0.015225;0.015677;22469884.67
20250530 000000;0.015677;0.015759;0.013725;0.013796;25866177.16
20250531 000000;0.013796;0.014294;0.013443;0.01391;19668629.87
20250601 000000;0.01391;0.013944;0.013229;0.01363;20331541.95
20250602 000000;0.01363;0.013973;0.012793;0.01378;30133692.21
20250603 000000;0.01378;0.014179;0.013015;0.01314;35102455.96
20250604 000000;0.01314;0.014397;0.012879;0.013563;30740400.5
20250605 000000;0.013563;0.01365;0.011863;0.012304;38492816.28
20250606 000000;0.012304;0.01279;0.01153;0.012109;33581321.17
20250607 000000;0.012109;0.01309;0.01203;0.012834;21662651.23
20250608 000000;0.012834;0.0133;0.012426;0.012846;14358925.09
20250609 000000;0.012846;0.0145;0.0124;0.014353;24008666.8
20250610 000000;0.014353;0.015942;0.014193;0.015751;29929655.17
20250611 000000;0.015751;0.016275;0.01461;0.015023;37387068.85
20250612 000000;0.015023;0.015256;0.01298;0.013527;38488751.6
20250613 000000;0.013527;0.014146;0.01155;0.012665;87548540.93
20250614 000000;0.012665;0.013006;0.011872;0.012274;17664469.66
20250615 000000;0.012274;0.015101;0.011884;0.013655;34271841.17
20250616 000000;0.013655;0.015492;0.013483;0.013933;35976984.66
20250617 000000;0.013933;0.014003;0.012;0.013005;49174475.58
20250618 000000;0.013005;0.013482;0.012348;0.013457;25318826.36
20250619 000000;0.013457;0.013933;0.01289;0.013182;21296061.48
20250620 000000;0.013182;0.013632;0.012015;0.012361;30688538.33
20250621 000000;0.012361;0.012648;0.010849;0.01104;36086200.7
20250622 000000;0.01104;0.011425;0.009957;0.010647;54195570.14
20250623 000000;0.010647;0.014414;0.01037;0.014244;88106054.29
20250624 000000;0.014244;0.01625;0.013692;0.016029;53096776.6
20250625 000000;0.016029;0.0165;0.014345;0.014588;40186943.1
20250626 000000;0.014588;0.015499;0.013979;0.014536;28689987.27
20250627 000000;0.014536;0.014716;0.013803;0.014203;29226971.06
20250628 000000;0.014203;0.01485;0.014166;0.014546;11751431.78
20250629 000000;0.014546;0.015913;0.014517;0.015306;25649139.93
20250630 000000;0.015306;0.015849;0.014588;0.01502;19469505.87
20250701 000000;0.01502;0.015136;0.01404;0.014226;19032278.48
20250702 000000;0.014226;0.016492;0.014175;0.01607;24011424.78
20250703 000000;0.01607;0.016714;0.01556;0.016025;22599681.32
20250704 000000;0.016025;0.016313;0.0148;0.015611;15940930.77
20250705 000000;0.015611;0.015768;0.014629;0.015393;14401956.39
20250706 000000;0.015393;0.015907;0.014965;0.015755;12951713.45
20250707 000000;0.015755;0.0158;0.014056;0.014987;24623087.16
20250708 000000;0.014987;0.015329;0.01432;0.014698;19427050.85
20250709 000000;0.014698;0.015748;0.014379;0.015127;23751751.9
20250710 000000;0.015127;0.017291;0.01454;0.016776;47998207.85
20250711 000000;0.016776;0.018419;0.016285;0.01661;37895589.49
20250712 000000;0.01661;0.017475;0.016103;0.017012;24594725.66
20250713 000000;0.017012;0.021583;0.016942;0.019678;61381371.51
20250714 000000;0.019678;0.021579;0.018604;0.020864;65797842.05
20250715 000000;0.020864;0.021715;0.018999;0.021456;54940766.33
20250716 000000;0.021456;0.025;0.020782;0.024227;50065224.27
20250717 000000;0.024227;0.024924;0.022981;0.023838;35466490.97
20250718 000000;0.023838;0.0264;0.0235;0.024249;39301408.04
20250719 000000;0.024249;0.026;0.023839;0.024949;22969667.78
20250720 000000;0.024949;0.028579;0.024925;0.027703;37458517.53
20250721 000000;0.027703;0.0295;0.026804;0.028211;34321351.06
20250722 000000;0.028211;0.0296;0.026369;0.02904;28129139.97
20250723 000000;0.02904;0.029679;0.026203;0.028536;32277250.72
20250724 000000;0.028536;0.029297;0.026923;0.028651;23890649.35
20250725 000000;0.028651;0.02904;0.026;0.027231;27805627.03
20250726 000000;0.027231;0.028328;0.026568;0.027419;15751375.23
20250727 000000;0.027419;0.030239;0.02731;0.029957;17590279.77
20250728 000000;0.029957;0.031254;0.026415;0.027616;36392941.43
20250729 000000;0.027616;0.028541;0.025323;0.0258;21993228.79
20250730 000000;0.0258;0.026872;0.02461;0.025871;21818566.46
20250731 000000;0.025871;0.028633;0.025001;0.025597;22157542.77
20250801 000000;0.025597;0.026017;0.023502;0.024658;23294320.62
20250802 000000;0.024658;0.025462;0.022972;0.023317;18164384.37
20250803 000000;0.023317;0.026468;0.022982;0.026077;17757973.3
20250804 000000;0.026077;0.027881;0.025901;0.027004;20840506.19
20250805 000000;0.027004;0.027415;0.0255;0.026128;13746267
20250806 000000;0.026128;0.026608;0.025327;0.026331;12082098.17
20250807 000000;0.026331;0.02786;0.0259;0.027699;18266239.09
20250808 000000;0.027699;0.028577;0.027;0.028047;17376400.85
20250809 000000;0.028047;0.03185;0.027853;0.0314;29393197.24
20250810 000000;0.0314;0.032;0.02926;0.031732;17318562.68
20250811 000000;0.031732;0.03269;0.029138;0.029163;33229680.65
20250812 000000;0.029163;0.032;0.0288;0.031921;19817175.01
20250813 000000;0.031921;0.03325;0.030106;0.030601;22649148.64
20250814 000000;0.030601;0.030765;0.026424;0.027006;28140940.59
20250815 000000;0.027006;0.028204;0.0255;0.026778;22556995.22
20250816 000000;0.026778;0.028755;0.026425;0.026751;16792609.96
20250817 000000;0.026751;0.028469;0.026575;0.026836;13649716.18
20250818 000000;0.026836;0.026856;0.02476;0.025396;25040979.32
20250819 000000;0.025396;0.025649;0.023176;0.023196;24126212.88
20250820 000000;0.023196;0.026696;0.023165;0.025737;17403975.91
20250821 000000;0.025737;0.025769;0.022629;0.023323;23441419.09
20250822 000000;0.023323;0.0282;0.022912;0.026696;33818302.6
20250823 000000;0.026696;0.0269;0.026;0.026876;10544424.13
20250824 000000;0.026876;0.029;0.026;0.0266;16055360.2
20250825 000000;0.0266;0.02667;0.023832;0.023933;24205602.2
20250826 000000;0.023933;0.02527;0.023055;0.025209;19138508.54
20250827 000000;0.025209;0.025212;0.023387;0.023676;15036958.38
20250828 000000;0.023676;0.024404;0.022;0.022739;16033682.7
20250829 000000;0.022739;0.022815;0.020702;0.021598;18467799.07
20250830 000000;0.021598;0.022069;0.020133;0.020798;10458176.28
20250831 000000;0.020798;0.021651;0.019701;0.020939;25085018.99
20250901 000000;0.020939;0.020975;0.018999;0.019381;20633922.82
20250902 000000;0.019381;0.020792;0.019345;0.020395;21769678.95
20250903 000000;0.020395;0.021544;0.019714;0.020798;25801238.02
20250904 000000;0.020798;0.020961;0.01869;0.019133;20755329.27
20250905 000000;0.019133;0.020579;0.019106;0.019609;16510081.06
20250906 000000;0.019609;0.019897;0.019064;0.019273;8100936.76
20250907 000000;0.019273;0.020493;0.019225;0.020306;12112059.59
20250908 000000;0.020306;0.022092;0.020146;0.02187;15304034.42
20250909 000000;0.02187;0.0227;0.020781;0.02116;15946909.72
20250910 000000;0.02116;0.022624;0.020499;0.02211;18064901.49
20250911 000000;0.02211;0.02335;0.022107;0.022972;15654149.6
20250912 000000;0.022972;0.02622;0.02289;0.025216;27821874.33
20250913 000000;0.025216;0.025898;0.024302;0.02457;17911832.62
20250914 000000;0.02457;0.024954;0.022302;0.02337;20622423.69
20250915 000000;0.02337;0.023778;0.021511;0.022163;19336098.69
20250916 000000;0.022163;0.023797;0.021567;0.023655;21185068.12
20250917 000000;0.023655;0.024157;0.020443;0.022355;44975409.91
20250918 000000;0.022355;0.023;0.021764;0.021783;18448548.09
20250919 000000;0.021783;0.022071;0.020035;0.0201;22219581.89
20250920 000000;0.0201;0.020687;0.0192;0.019816;15954997.3
20250921 000000;0.019816;0.019835;0.0189;0.018922;15688119.69
20250922 000000;0.018922;0.019;0.016993;0.017575;33904393.22
20250923 000000;0.017575;0.018498;0.0167;0.017163;19493157.4
20250924 000000;0.017163;0.017572;0.016472;0.016752;33646135.78
20250925 000000;0.016752;0.016786;0.015365;0.015773;32089644.4
20250926 000000;0.015773;0.016854;0.015544;0.016694;25358086.25
20250927 000000;0.016694;0.016792;0.015366;0.015455;14380387.18
20250928 000000;0.015455;0.01776;0.0154;0.0176;17550293.19
20250929 000000;0.0176;0.018154;0.016555;0.017791;25120703.56
20250930 000000;0.017791;0.017799;0.016102;0.016596;14650784.06
20251001 000000;0.016596;0.019072;0.016244;0.018181;30962229.4
20251002 000000;0.018181;0.021199;0.017837;0.020469;40256562.26
20251003 000000;0.020469;0.022122;0.019843;0.021194;28287483.82
20251004 000000;0.021194;0.021342;0.019001;0.020023;16669093.15
20251005 000000;0.020023;0.021961;0.019684;0.019943;22427614.3
20251006 000000;0.019943;0.022479;0.019885;0.021981;27412232.1
20251007 000000;0.021981;0.022207;0.019235;0.019259;22978477.1
20251008 000000;0.019259;0.019726;0.018309;0.018926;21374026.01
20251009 000000;0.018926;0.01893;0.017002;0.017968;33835979.62
20251010 000000;0.017968;0.019121;0.0106;0.015341;79485782.91
20251011 000000;0.015341;0.016298;0.013567;0.014279;43865806.07
20251012 000000;0.014279;0.018906;0.013701;0.017443;48280758.02
20251013 000000;0.017443;0.01933;0.016295;0.018029;43764954.23
20251014 000000;0.018029;0.018348;0.014881;0.015975;39163864.01
20251015 000000;0.015975;0.016591;0.014032;0.014282;28361730.98
20251016 000000;0.014282;0.01457;0.013652;0.014092;26294925.49
20251017 000000;0.014092;0.014093;0.011039;0.012554;81568245.27
20251018 000000;0.012554;0.013393;0.012365;0.01251;26790470.11
20251019 000000;0.01251;0.013386;0.012211;0.013153;25800718.32
20251020 000000;0.013153;0.014757;0.012845;0.013331;32106978.1
20251021 000000;0.013331;0.01435;0.012312;0.012866;58345573.22
20251022 000000;0.012866;0.012872;0.011072;0.011371;34303442.97
20251023 000000;0.011371;0.012051;0.0111;0.011219;33105308.21
20251024 000000;0.011219;0.012427;0.011181;0.012221;25990222.15
20251025 000000;0.012221;0.012535;0.012;0.012292;17921481
20251026 000000;0.012292;0.01475;0.012131;0.014481;42268803.48
20251027 000000;0.014481;0.01475;0.013236;0.013619;42534675.96
20251028 000000;0.013619;0.014199;0.0131;0.013425;27885186.23
20251029 000000;0.013425;0.014005;0.0127;0.013617;30054758.1
20251030 000000;0.013617;0.014276;0.010919;0.011638;49675731.28
20251031 000000;0.011638;0.0141;0.011399;0.013745;83835997.73
20251101 000000;0.013745;0.0179;0.013659;0.01617;82189041
20251102 000000;0.01617;0.01734;0.014507;0.015274;35765306.2
20251103 000000;0.015274;0.015742;0.012781;0.014429;57445581.39
20251104 000000;0.014429;0.014766;0.012352;0.0136;74676632.87
20251105 000000;0.0136;0.014432;0.012949;0.014078;32776205.88
20251106 000000;0.014078;0.014078;0.011863;0.012309;54766483.17
20251107 000000;0.012309;0.016999;0.011278;0.015657;135481682.93
20251108 000000;0.015657;0.015873;0.01351;0.013572;42719270.19
20251109 000000;0.013572;0.017493;0.013253;0.016302;61894466.87
20251110 000000;0.016302;0.0215;0.01619;0.017655;139632695.81
20251111 000000;0.017655;0.0195;0.016351;0.018252;76052856.09
20251112 000000;0.018252;0.021144;0.017499;0.019617;62769618.79
20251113 000000;0.019617;0.022;0.017485;0.01822;50481966.9
20251114 000000;0.01822;0.01839;0.016012;0.017135;48891643.11
20251115 000000;0.017135;0.018898;0.016598;0.016918;22164970.57
20251116 000000;0.016918;0.016918;0.014373;0.015247;44677139.73
20251117 000000;0.015247;0.017653;0.015048;0.01589;52433963.39
20251118 000000;0.01589;0.018504;0.015412;0.017664;51779891.22
20251119 000000;0.017664;0.017741;0.014845;0.016551;49564984.93
20251120 000000;0.016551;0.017687;0.01505;0.015887;46907809.39
20251121 000000;0.015887;0.016159;0.013757;0.01521;43135566.3
20251122 000000;0.01521;0.015293;0.013845;0.014251;30253673.85
20251123 000000;0.014251;0.016234;0.013613;0.013923;44855591.71
20251124 000000;0.013923;0.0161;0.013217;0.01525;52851055.06
20251125 000000;0.01525;0.015679;0.014187;0.01537;30712924.4
20251126 000000;0.01537;0.01638;0.0147;0.015921;28032127.02
20251127 000000;0.015921;0.017422;0.014586;0.016211;56789846.03
20251128 000000;0.016211;0.016533;0.014983;0.015169;29437784.78
20251129 000000;0.015169;0.01568;0.014733;0.015021;16618239.08
20251130 000000;0.015021;0.015453;0.0148;0.014812;13898397.89
20251201 000000;0.014812;0.014812;0.012195;0.013584;47142197.55
20251202 000000;0.013584;0.014702;0.012976;0.013648;29768333.48
20251203 000000;0.013648;0.0144;0.01348;0.014041;26956589.92
20251204 000000;0.014041;0.014656;0.012992;0.013408;32942969.54
20251205 000000;0.013408;0.013854;0.011994;0.012511;34137042.39
20251206 000000;0.012511;0.013669;0.012332;0.012763;18525276.3
20251207 000000;0.012763;0.013095;0.012355;0.012534;13609059.33
20251208 000000;0.012534;0.013479;0.0123;0.013278;26856714.14
20251209 000000;0.013278;0.0137;0.012772;0.013285;17739076.81
20251210 000000;0.013285;0.014331;0.013034;0.013573;28355781.09
20251211 000000;0.013573;0.014599;0.012431;0.013193;36476175.7
20251212 000000;0.013193;0.013415;0.012028;0.012421;15556321.09
20251213 000000;0.012421;0.012573;0.012281;0.012398;10921018.11
20251214 000000;0.012398;0.012425;0.011701;0.011745;15847085.75
20251215 000000;0.011745;0.012601;0.010241;0.01101;30424942.66
20251216 000000;0.01101;0.01127;0.010389;0.011122;37291848.88
20251217 000000;0.011122;0.011327;0.010145;0.010344;27531526.18
20251218 000000;0.010344;0.010728;0.009012;0.009178;38692843.7
20251219 000000;0.009178;0.010713;0.00904;0.010484;35127798.68
20251220 000000;0.010484;0.010683;0.010339;0.010381;12215647.73
20251221 000000;0.010381;0.010449;0.009858;0.010055;11197292.71
20251222 000000;0.010055;0.010201;0.009353;0.009637;19008191.58
20251223 000000;0.009637;0.009786;0.009189;0.00961;17113941.07
20251224 000000;0.00961;0.00973;0.00917;0.0097;21552337.85
20251225 000000;0.0097;0.009912;0.009366;0.009374;17246061.71
20251226 000000;0.009374;0.009746;0.009204;0.009459;19861751.73
20251227 000000;0.009459;0.009532;0.009177;0.009266;19338110.58
20251228 000000;0.009266;0.00953;0.009097;0.009175;15729430.75
20251229 000000;0.009175;0.009972;0.009093;0.009292;27620794.32
20251230 000000;0.009292;0.009573;0.009109;0.009342;15491273.31
20251231 000000;0.009342;0.009831;0.009054;0.009158;22660581.22
