20260101 000000;0.009158;0.009855;0.00906;0.009779;26233793.26
20260102 000000;0.009779;0.011264;0.009618;0.010997;39697771.33
20260103 000000;0.010997;0.012;0.010359;0.011877;32005982.17
20260104 000000;0.011877;0.012864;0.011717;0.012752;36596257.26
20260105 000000;0.012752;0.014243;0.0125;0.013787;43991904.5
20260106 000000;0.013787;0.014821;0.013143;0.014196;38906874.24
20260107 000000;0.014196;0.014401;0.013002;0.013158;22252519.52
20260108 000000;0.013158;0.0133;0.012087;0.012966;31628149.8
20260109 000000;0.012966;0.013176;0.012015;0.012454;30017226.05
20260110 000000;0.012454;0.012607;0.0121;0.012117;13967314.91
20260111 000000;0.012117;0.013;0.012018;0.012228;17234692.54
20260112 000000;0.012228;0.012581;0.011677;0.011797;18543208.06
20260113 000000;0.011797;0.013369;0.011631;0.013189;43222692.3
20260114 000000;0.013189;0.013619;0.012473;0.0131;42185484.19
20260115 000000;0.0131;0.01339;0.012057;0.012239;31033750.85
20260116 000000;0.012239;0.012418;0.011;0.011859;43249674.08
20260117 000000;0.011859;0.012025;0.011266;0.011503;21365922.98
20260118 000000;0.011503;0.01153;0.01035;0.010619;33008334.31
20260119 000000;0.010619;0.010848;0.009757;0.010122;33774085.12
20260120 000000;0.010122;0.010237;0.008789;0.008996;50903237.6
20260121 000000;0.008996;0.010044;0.008719;0.009625;45016395.16
20260122 000000;0.009625;0.009889;0.008923;0.009026;20856122.19
20260123 000000;0.009026;0.009343;0.008543;0.008958;30495166.85
20260124 000000;0.008958;0.009155;0.008786;0.008858;12327606.26
20260125 000000;0.008858;0.008881;0.008085;0.008295;26296224.37
20260126 000000;0.008295;0.008698;0.008267;0.008399;19332359.11
20260127 000000;0.008399;0.008445;0.007885;0.008279;32035596.38
20260128 000000;0.008279;0.008417;0.007977;0.008103;23045457.08
20260129 000000;0.008103;0.008103;0.006924;0.007097;36142071.64
20260130 000000;0.007097;0.007121;0.006394;0.006691;44547996.87
20260131 000000;0.006691;0.006801;0.005679;0.006627;53813840.32
20260201 000000;0.006627;0.006837;0.006038;0.006095;50207527.08
20260202 000000;0.006095;0.007119;0.005819;0.006987;41274308.39
20260203 000000;0.006987;0.007972;0.006511;0.006935;66445461.37
20260204 000000;0.006935;0.007298;0.006156;0.00648;43422402.84
20260205 000000;0.00648;0.007278;0.005801;0.006544;100842784.1
20260206 000000;0.006544;0.008479;0.006378;0.008011;80702857.37
20260207 000000;0.008011;0.008163;0.007542;0.007921;26167436.82
20260208 000000;0.007921;0.00883;0.007762;0.008261;29227248.3
20260209 000000;0.008261;0.0083;0.007639;0.008044;29755857.12
20260210 000000;0.008044;0.008115;0.007439;0.007534;22464312.82
20260211 000000;0.007534;0.007912;0.006922;0.007564;25241445.58
20260212 000000;0.007564;0.008143;0.007261;0.007708;28841261.05
20260213 000000;0.007708;0.008656;0.007461;0.008361;22735413.62
20260214 000000;0.008361;0.008956;0.008261;0.008644;24611221.46
20260215 000000;0.008644;0.008713;0.007899;0.007999;21380472.56
20260216 000000;0.007999;0.008657;0.007998;0.008408;24617850.41
20260217 000000;0.008408;0.008634;0.007878;0.008121;19234353.05
20260218 000000;0.008121;0.008202;0.007603;0.007724;16281361.1
20260219 000000;0.007724;0.007809;0.007485;0.007711;25658631.69
20260220 000000;0.007711;0.008175;0.007711;0.007976;15364336.03
20260221 000000;0.007976;0.008167;0.00791;0.00797;13395724.22
20260222 000000;0.00797;0.008007;0.007525;0.007685;26343287.18
20260223 000000;0.007685;0.007686;0.00698;0.007029;19413285.7
20260224 000000;0.007029;0.007204;0.006778;0.007016;23419838.42
20260225 000000;0.007016;0.008332;0.006978;0.007667;28101049.85
20260226 000000;0.007667;0.008034;0.007463;0.007487;18869376.37
20260227 000000;0.007487;0.007647;0.00705;0.007234;18933219.4
20260228 000000;0.007234;0.007465;0.006604;0.007394;29587609.57
20260301 000000;0.007394;0.007582;0.006891;0.006971;19915676.56
20260302 000000;0.006971;0.007797;0.006814;0.007361;33508793.37
20260303 000000;0.007361;0.008867;0.007149;0.00861;63071617.75
20260304 000000;0.00861;0.009249;0.008278;0.00888;38667670.28
20260305 000000;0.00888;0.009665;0.008445;0.008711;43756192.89
20260306 000000;0.008711;0.009039;0.007693;0.007873;28940938.49
20260307 000000;0.007873;0.007986;0.007688;0.007699;14924141.48
20260308 000000;0.007699;0.007741;0.0074;0.007516;16477272.65
20260309 000000;0.007516;0.008058;0.007512;0.007938;18157204.59
20260310 000000;0.007938;0.008274;0.007784;0.007865;21325585.9
20260311 000000;0.007865;0.008017;0.007501;0.007827;20607346.72
20260312 000000;0.007827;0.008154;0.007547;0.008091;19399663.81
20260313 000000;0.008091;0.008655;0.007951;0.008097;28641925.32
20260314 000000;0.008097;0.008104;0.00766;0.007832;15308660.29
20260315 000000;0.007832;0.008472;0.007684;0.008299;20845552.17
20260316 000000;0.008299;0.009568;0.008252;0.009393;53866206.17
20260317 000000;0.009393;0.009916;0.009186;0.009487;41651131.57
20260318 000000;0.009487;0.009831;0.008504;0.00908;39777735.44
20260319 000000;0.00908;0.009107;0.008451;0.008846;35026198.21
20260320 000000;0.008846;0.009379;0.008673;0.008928;27573862.05
20260321 000000;0.008928;0.009103;0.008464;0.008485;15550226.35
20260322 000000;0.008485;0.008695;0.007682;0.00788;24720550.43
20260323 000000;0.00788;0.008654;0.007659;0.008327;38083801.24
20260324 000000;0.008327;0.008378;0.007915;0.00836;23716024.96
20260325 000000;0.00836;0.008769;0.00821;0.008268;24042116.75
20260326 000000;0.008268;0.008292;0.007669;0.007856;23481963.21
20260327 000000;0.007856;0.007947;0.007262;0.007514;20274480.97
20260328 000000;0.007514;0.007697;0.007264;0.007595;13771276.48
20260329 000000;0.007595;0.00764;0.006958;0.007069;21042099.35
20260330 000000;0.007069;0.007589;0.007066;0.007165;18634305.45
20260331 000000;0.007165;0.007747;0.007059;0.007641;20394771.14
20260401 000000;0.007641;0.007888;0.007465;0.00757;17692664.31
20260402 000000;0.00757;0.007611;0.007078;0.007261;18510775.75
20260403 000000;0.007261;0.007327;0.006842;0.007202;25260312.76
20260404 000000;0.007202;0.007281;0.007023;0.007081;14436012.86
20260405 000000;0.007081;0.007133;0.006739;0.007023;16157578.95
20260406 000000;0.007023;0.007342;0.006937;0.006965;21459977.39
20260407 000000;0.006965;0.007648;0.006822;0.007581;23823847.89
20260408 000000;0.007581;0.007641;0.0072;0.007204;24349497.61
20260409 000000;0.007204;0.007241;0.0069;0.006984;24298981.54
20260410 000000;0.006984;0.008;0.006775;0.0079;53742364.24
20260411 000000;0.0079;0.008112;0.007622;0.007972;19614750.14
20260412 000000;0.007972;0.007979;0.0073;0.007422;19638280.05
20260413 000000;0.007422;0.008118;0.007331;0.007985;35979042.6
20260414 000000;0.007985;0.008291;0.00758;0.007746;52053899.17
20260415 000000;0.007746;0.008246;0.007615;0.008039;47449130.44
20260416 000000;0.008039;0.008181;0.00779;0.007889;47942100.28
20260417 000000;0.007889;0.00845;0.00777;0.008135;45564492.37
20260418 000000;0.008135;0.008298;0.007632;0.007652;42976456.38
20260419 000000;0.007652;0.007798;0.007399;0.007432;33859323.76
20260420 000000;0.007432;0.0086;0.007359;0.008399;34516489.4
20260421 000000;0.008399;0.008845;0.00783;0.007941;29989078.63
20260422 000000;0.007941;0.008843;0.007889;0.00851;28876453.6
20260423 000000;0.00851;0.008611;0.008111;0.008537;26595793.01
20260424 000000;0.008537;0.008635;0.0083;0.008457;13845273.43
20260425 000000;0.008457;0.008476;0.008042;0.008215;13835436.65
20260426 000000;0.008215;0.008628;0.008182;0.008526;16198143.72
20260427 000000;0.008526;0.008635;0.007916;0.008159;14954846.21
20260428 000000;0.008159;0.008249;0.007935;0.008075;16073745.4
20260429 000000;0.008075;0.008175;0.007702;0.007827;20192001.25
20260430 000000;0.007827;0.007934;0.007646;0.007787;13319645.63
20260501 000000;0.007787;0.00815;0.007632;0.007913;23026188.88
20260502 000000;0.007913;0.008;0.007653;0.007851;25679787.46
20260503 000000;0.007851;0.007855;0.007493;0.007731;16025608.95
20260504 000000;0.007731;0.008219;0.007493;0.00764;31600697.88
20260505 000000;0.00764;0.008947;0.007364;0.008121;52875158.34
20260506 000000;0.008121;0.0086;0.007769;0.007837;27753327.62
20260507 000000;0.007837;0.008292;0.007378;0.007893;57481898.62
20260508 000000;0.007893;0.008563;0.007639;0.008467;45628666.17
20260509 000000;0.008467;0.0088;0.007889;0.00817;41245116.23
20260510 000000;0.00817;0.009445;0.007516;0.008748;126168754.15
20260511 000000;0.008748;0.00925;0.007865;0.008443;136040848.47
20260512 000000;0.008443;0.008466;0.007758;0.008093;37587185.32
20260513 000000;0.008093;0.00825;0.007821;0.007931;36900490.63
20260514 000000;0.007931;0.0082;0.007796;0.007991;25449362.15
20260515 000000;0.007991;0.008007;0.00741;0.007496;29304891.29
20260516 000000;0.007496;0.007548;0.007184;0.007463;25000936.15
20260517 000000;0.007463;0.007567;0.006902;0.007031;22193027.77
20260518 000000;0.007031;0.007418;0.006877;0.007289;23683739.87
20260519 000000;0.007289;0.0074;0.00669;0.006756;36160242.31
20260520 000000;0.006756;0.00699;0.006683;0.006974;27464938.9
20260521 000000;0.006974;0.0071;0.00668;0.006905;35151427.65
20260522 000000;0.006905;0.006936;0.006449;0.006527;34471633.89
20260523 000000;0.006527;0.006572;0.005728;0.006426;61227861.02
20260524 000000;0.006426;0.00649;0.006069;0.006339;26890659.15
20260525 000000;0.006339;0.006567;0.006186;0.006208;18642305.77
20260526 000000;0.006208;0.006312;0.00575;0.005965;37694441.82
20260527 000000;0.005965;0.006044;0.0058;0.005838;20744416.72
20260528 000000;0.005838;0.006;0.005503;0.00583;27311504.19
20260529 000000;0.00583;0.00592;0.005503;0.005542;32925303.33
20260530 000000;0.005542;0.005762;0.005504;0.005577;22471185.12
20260531 000000;0.005577;0.005719;0.0055;0.00558;22608911.95
20260601 000000;0.00558;0.00564;0.005149;0.005245;28410653.94
20260602 000000;0.005245;0.005529;0.004728;0.005197;50154748.71
20260603 000000;0.005197;0.005276;0.004924;0.005055;23418869.49
20260604 000000;0.005055;0.005059;0.004726;0.00489;26165049.96
20260605 000000;0.00489;0.004921;0.004111;0.004365;47601134.18
20260606 000000;0.004365;0.004501;0.004236;0.004441;23228781.06
20260607 000000;0.004441;0.004828;0.004435;0.004709;33225687.72
20260608 000000;0.004709;0.005151;0.004578;0.005017;33397928.35
20260609 000000;0.005017;0.005189;0.004865;0.004981;22164630.11
20260610 000000;0.004981;0.005149;0.004948;0.004973;21053645.94
20260611 000000;0.004973;0.005256;0.004941;0.005217;21108518.77
20260612 000000;0.005217;0.005343;0.005024;0.005125;22866390.46
20260613 000000;0.005125;0.005157;0.004879;0.00502;21856063.34
20260614 000000;0.00502;0.0052;0.004853;0.005066;23975799.14
20260615 000000;0.005066;0.005504;0.005047;0.005236;24825579.18
20260616 000000;0.005236;0.005519;0.00512;0.005357;23741410.35
20260617 000000;0.005357;0.005375;0.005035;0.005199;19055566.67
20260618 000000;0.005199;0.005235;0.004843;0.004871;19284113.47
20260619 000000;0.004871;0.005618;0.004771;0.00518;26229507.06
20260620 000000;0.00518;0.005299;0.005126;0.005196;17633871.58
