20240325 000000;0.0015;0.003699;0.0015;0.00295;42020552.59
20240326 000000;0.00295;0.00342;0.002689;0.002738;19179673.02
20240327 000000;0.002738;0.002962;0.002532;0.002611;23913575.51
20240328 000000;0.002611;0.003;0.002543;0.002627;20366680.82
20240329 000000;0.002627;0.00275;0.002478;0.002494;19904837.86
20240330 000000;0.002494;0.002564;0.0022;0.00244;24336218.85
20240331 000000;0.00244;0.00244;0.002246;0.002345;24815061.85
20240401 000000;0.002345;0.002384;0.00217;0.002182;26766052.18
20240402 000000;0.002182;0.002199;0.0018;0.001888;30993075.01
20240403 000000;0.001888;0.002125;0.00182;0.002079;32734295.09
20240404 000000;0.002079;0.002358;0.002077;0.002229;25300831.67
20240405 000000;0.002229;0.002239;0.002089;0.002148;29780901.92
20240406 000000;0.002148;0.003421;0.002101;0.002969;40897416.97
20240407 000000;0.002969;0.013941;0.002749;0.00554;64087074.11
20240408 000000;0.00554;0.005635;0.004316;0.004354;65272741.44
20240409 000000;0.004354;0.005102;0.00385;0.004984;24644535.27
20240410 000000;0.004984;0.0066;0.004984;0.005177;37050636.08
20240411 000000;0.005177;0.005465;0.004299;0.004433;22906607.47
20240412 000000;0.004433;0.004553;0.003765;0.004093;17084539.79
20240413 000000;0.004093;0.004501;0.003227;0.003441;20852517.47
20240414 000000;0.003441;0.003946;0.003399;0.00393;10934262.33
20240415 000000;0.00393;0.004509;0.003461;0.003479;17194350.96
20240416 000000;0.003479;0.003628;0.003167;0.00344;15865092.82
20240417 000000;0.00344;0.003585;0.003077;0.003497;21762286.65
20240418 000000;0.003497;0.004502;0.003418;0.004333;35019729.94
20240419 000000;0.004333;0.005534;0.00383;0.004781;26794031.54
20240420 000000;0.004781;0.005333;0.004773;0.005207;9449548.44
20240421 000000;0.005207;0.005654;0.004832;0.005055;12873885.36
20240422 000000;0.005055;0.005055;0.004709;0.004757;10211681.84
20240423 000000;0.004757;0.004764;0.0041;0.004455;14155975.97
20240424 000000;0.004455;0.004775;0.004173;0.004196;12145414.28
20240425 000000;0.004196;0.00435;0.0041;0.004145;14648816.06
20240426 000000;0.004145;0.004348;0.0039;0.003937;14235421.91
20240427 000000;0.003937;0.004013;0.003864;0.004013;15741432.6
20240428 000000;0.004013;0.004829;0.003913;0.004717;21647154.22
20240429 000000;0.004717;0.004729;0.004236;0.004524;10310434.56
20240430 000000;0.004524;0.005008;0.003982;0.004378;23386298.48
20240501 000000;0.004378;0.00444;0.004064;0.004372;11208771.27
20240502 000000;0.004372;0.005594;0.004166;0.004705;27647621.22
20240503 000000;0.004705;0.00582;0.004649;0.005376;17035794.61
20240504 000000;0.005376;0.005832;0.0051;0.005393;16372535.64
20240505 000000;0.005393;0.005402;0.004972;0.00509;7824036.92
20240506 000000;0.00509;0.005264;0.004763;0.004812;12607072.2
20240507 000000;0.004812;0.005515;0.004661;0.00491;31882955.24
20240508 000000;0.00491;0.0053;0.0044;0.004656;17291171.28
20240509 000000;0.004656;0.00498;0.004656;0.004838;10316833.9
20240510 000000;0.004838;0.005031;0.004182;0.0042;12566892.64
20240511 000000;0.0042;0.004568;0.00419;0.004479;14066156.11
20240512 000000;0.004479;0.004501;0.0041;0.004401;14598951.96
20240513 000000;0.004401;0.00812;0.004357;0.007065;77278654.09
20240514 000000;0.007065;0.008;0.0058;0.006062;57451763.53
20240515 000000;0.006062;0.006394;0.0058;0.006025;31082553.2
20240516 000000;0.006025;0.006249;0.005241;0.005409;11844239.93
20240517 000000;0.005409;0.005569;0.005184;0.005569;12187289.22
20240518 000000;0.005569;0.00596;0.00512;0.005313;13697623.83
20240519 000000;0.005313;0.005433;0.005093;0.005273;10287867.37
20240520 000000;0.005273;0.006282;0.005;0.006205;16607992.59
20240521 000000;0.006205;0.006867;0.0056;0.006685;28707132.26
20240522 000000;0.006685;0.008865;0.006396;0.008093;82364609.25
20240523 000000;0.008093;0.011442;0.008;0.010176;125799235.41
20240524 000000;0.010176;0.010239;0.008171;0.00866;69886329.17
20240525 000000;0.00866;0.010358;0.007968;0.009832;65170597.2
20240526 000000;0.009832;0.009943;0.008612;0.009249;29996687.17
20240527 000000;0.009249;0.012845;0.0084;0.012074;99803295.81
20240528 000000;0.012074;0.0173;0.0106;0.013794;119894724.63
20240529 000000;0.013794;0.0168;0.012;0.014248;83726468.44
20240530 000000;0.014248;0.014248;0.01138;0.012063;48598264.05
20240531 000000;0.012063;0.013136;0.011004;0.011809;56322556.64
20240601 000000;0.011809;0.0126;0.009548;0.009917;42317335.05
20240602 000000;0.009917;0.01408;0.009559;0.012967;73328897.48
20240603 000000;0.012967;0.013648;0.011496;0.011865;33030690.39
20240604 000000;0.011865;0.014;0.01;0.013709;50025318.37
20240605 000000;0.013709;0.0185;0.013322;0.017528;76344041.29
20240606 000000;0.017528;0.019299;0.015102;0.016269;46510215.83
20240607 000000;0.016269;0.019;0.01462;0.017302;67578089.35
20240608 000000;0.017302;0.021921;0.0165;0.020442;67620940.55
20240609 000000;0.020442;0.024;0.018355;0.023968;60515282.37
20240610 000000;0.023968;0.0263;0.020492;0.020918;80875480.69
20240611 000000;0.020918;0.0264;0.01837;0.02537;81063448.44
20240612 000000;0.02537;0.028496;0.0228;0.023424;87926429.51
20240613 000000;0.023424;0.02677;0.0216;0.02537;54359091.56
20240614 000000;0.02537;0.0286;0.0235;0.025553;49620910.73
20240615 000000;0.025553;0.027;0.022632;0.024249;36840426.2
20240616 000000;0.024249;0.025199;0.021097;0.021334;29089901.25
20240617 000000;0.021334;0.022379;0.01416;0.018423;161634646.07
20240618 000000;0.018423;0.0208;0.01507;0.020048;72421932.72
20240619 000000;0.020048;0.025347;0.018;0.023643;68760957.07
20240620 000000;0.023643;0.028;0.023174;0.025922;47388915.31
20240621 000000;0.025922;0.0273;0.02036;0.024354;67841623.45
20240622 000000;0.024354;0.025999;0.021821;0.0249;36278430.68
20240623 000000;0.0249;0.0299;0.02405;0.026303;56682710.5
20240624 000000;0.026303;0.027;0.021281;0.025;60046571.27
20240625 000000;0.025;0.028;0.024619;0.02681;47164828.83
20240626 000000;0.02681;0.0277;0.022035;0.025088;55672059.84
20240627 000000;0.025088;0.025857;0.022329;0.023925;35388609.05
20240628 000000;0.023925;0.025;0.019516;0.0218;65808357.22
20240629 000000;0.0218;0.02245;0.019422;0.021;27551646.02
20240630 000000;0.021;0.024;0.019939;0.023289;39597925.65
20240701 000000;0.023289;0.023643;0.019802;0.019981;32601803.83
20240702 000000;0.019981;0.021007;0.018431;0.01862;39673034.38
20240703 000000;0.01862;0.0194;0.015976;0.016887;60715219.06
20240704 000000;0.016887;0.0199;0.014801;0.01775;85723738.4
20240705 000000;0.01775;0.019777;0.0148;0.01821;66221068.77
20240706 000000;0.01821;0.0217;0.017699;0.020444;36199404.9
20240707 000000;0.020444;0.021024;0.015516;0.0161;45966739.32
20240708 000000;0.0161;0.016858;0.014327;0.015345;62648775.88
20240709 000000;0.015345;0.01751;0.015012;0.01596;31725867.4
20240710 000000;0.01596;0.016657;0.012351;0.012863;46036440.47
20240711 000000;0.012863;0.0159;0.012288;0.012646;87416277.54
20240712 000000;0.012646;0.015;0.0123;0.014278;42416869.81
20240713 000000;0.014278;0.0158;0.013381;0.013731;40631393.82
20240714 000000;0.013731;0.01521;0.013678;0.014632;23047112.91
20240715 000000;0.014632;0.019999;0.01455;0.01969;50860939.02
20240716 000000;0.01969;0.022444;0.017906;0.020842;46979201.66
20240717 000000;0.020842;0.022;0.018;0.018284;46936577.03
20240718 000000;0.018284;0.020716;0.0172;0.017346;44249650.29
20240719 000000;0.017346;0.01989;0.016521;0.019395;62308933.34
20240720 000000;0.019395;0.0267;0.019181;0.026675;76507814.68
20240721 000000;0.026675;0.0285;0.023999;0.028021;53133552.06
20240722 000000;0.028021;0.034203;0.02574;0.032428;83779150.01
20240723 000000;0.032428;0.035;0.028;0.030141;78672676.96
20240724 000000;0.030141;0.031273;0.027306;0.027497;39605977.46
20240725 000000;0.027497;0.0285;0.023562;0.02794;69268870.58
20240726 000000;0.02794;0.030165;0.026333;0.029047;31561674.15
20240727 000000;0.029047;0.029933;0.025103;0.025921;29206769.47
20240728 000000;0.025921;0.028211;0.024969;0.025922;25570841.72
20240729 000000;0.025922;0.02948;0.02543;0.026478;40288798.79
20240730 000000;0.026478;0.026799;0.0231;0.025164;41180791.14
20240731 000000;0.025164;0.026902;0.023244;0.023699;28195730.33
20240801 000000;0.023699;0.024033;0.020002;0.023399;55150489.59
20240802 000000;0.023399;0.024172;0.0177;0.01912;43440885.87
20240803 000000;0.01912;0.020119;0.016;0.018274;54984215.55
20240804 000000;0.018274;0.0212;0.015712;0.017622;57630442.5
20240805 000000;0.017622;0.017819;0.012301;0.015824;184536952.19
20240806 000000;0.015824;0.0229;0.0153;0.019949;110144561.81
20240807 000000;0.019949;0.0243;0.01825;0.019401;93902848.03
20240808 000000;0.019401;0.025;0.019103;0.023997;71008794.25
20240809 000000;0.023997;0.025766;0.022305;0.023841;44061886.7
20240810 000000;0.023841;0.024286;0.022512;0.0235;18941211.48
20240811 000000;0.0235;0.0254;0.0204;0.0207;45952064.96
20240812 000000;0.0207;0.023421;0.02003;0.0217;44264279.41
20240813 000000;0.0217;0.02458;0.021062;0.0227;32711735.91
20240814 000000;0.0227;0.023617;0.020725;0.021636;33681819.72
20240815 000000;0.021636;0.02173;0.0187;0.018963;56286227.69
20240816 000000;0.018963;0.019954;0.017604;0.019199;60353611.64
20240817 000000;0.019199;0.0209;0.01851;0.019012;27726473.49
20240818 000000;0.019012;0.020152;0.018212;0.018212;22733136.89
20240819 000000;0.018212;0.01874;0.0166;0.018293;47075253.25
20240820 000000;0.018293;0.019568;0.017228;0.017416;36859789.44
20240821 000000;0.017416;0.0185;0.01636;0.017544;45344249.12
20240822 000000;0.017544;0.0195;0.0174;0.018997;40556686.98
20240823 000000;0.018997;0.021732;0.018001;0.020673;46181773.02
20240824 000000;0.020673;0.0225;0.020281;0.020462;28271999.3
20240825 000000;0.020462;0.021992;0.01907;0.02137;30827156.28
20240826 000000;0.02137;0.02331;0.019248;0.0193;33208202.07
20240827 000000;0.0193;0.020631;0.017682;0.018103;32128323.23
20240828 000000;0.018103;0.018776;0.017017;0.017534;32333336.28
20240829 000000;0.017534;0.018452;0.01679;0.01679;22311679.53
20240830 000000;0.01679;0.017511;0.016081;0.01709;22217400.45
20240831 000000;0.01709;0.017562;0.016102;0.016416;10514066.14
20240901 000000;0.016416;0.016633;0.015333;0.015983;21263682.03
20240902 000000;0.015983;0.01741;0.01585;0.01739;21259435.08
20240903 000000;0.01739;0.017754;0.016024;0.016198;35151916.68
20240904 000000;0.016198;0.016603;0.01542;0.01622;40998764.66
20240905 000000;0.01622;0.01628;0.014802;0.01485;26231193.26
20240906 000000;0.01485;0.014914;0.012678;0.013515;48383456.57
20240907 000000;0.013515;0.014611;0.01331;0.014293;33010237.44
20240908 000000;0.014293;0.015415;0.013569;0.014125;32236744.98
20240909 000000;0.014125;0.01623;0.013976;0.015604;46776127.34
20240910 000000;0.015604;0.01639;0.0152;0.0163;34841499.99
20240911 000000;0.0163;0.0164;0.014062;0.014975;54921223.03
20240912 000000;0.014975;0.015594;0.014666;0.015466;31548714.57
20240913 000000;0.015466;0.016498;0.014624;0.015978;33226048.14
20240914 000000;0.015978;0.016963;0.015593;0.015775;27247817.67
20240915 000000;0.015775;0.01609;0.014645;0.014725;34104968.01
20240916 000000;0.014725;0.01485;0.013651;0.014687;26242445.32
20240917 000000;0.014687;0.015659;0.014295;0.0147;30314196.77
20240918 000000;0.0147;0.014796;0.01332;0.013741;40840900.96
20240919 000000;0.013741;0.0173;0.013741;0.017075;74518041.31
20240920 000000;0.017075;0.0181;0.0158;0.018047;56076081.05
20240921 000000;0.018047;0.018821;0.01676;0.018753;29458407.03
20240922 000000;0.018753;0.018911;0.016668;0.017302;29310402
20240923 000000;0.017302;0.02005;0.01675;0.01934;50824510.69
20240924 000000;0.01934;0.024;0.018745;0.023565;59896036.07
20240925 000000;0.023565;0.0248;0.0216;0.023515;52978280.88
20240926 000000;0.023515;0.027599;0.0215;0.027458;56801536.19
20240927 000000;0.027458;0.0319;0.025994;0.03186;73376197.97
20240928 000000;0.03186;0.031899;0.02735;0.030299;49338383.66
20240929 000000;0.030299;0.03185;0.027862;0.030897;40339927.81
20240930 000000;0.030897;0.03315;0.02725;0.028772;66348990.94
20241001 000000;0.028772;0.033057;0.024923;0.026363;98640143.49
20241002 000000;0.026363;0.032;0.026185;0.02847;73465584.78
20241003 000000;0.02847;0.03;0.025989;0.026963;65076050.58
20241004 000000;0.026963;0.0298;0.026963;0.028528;38907766.73
20241005 000000;0.028528;0.0295;0.0265;0.027986;26912339.08
20241006 000000;0.027986;0.032468;0.027017;0.03045;38420877.79
20241007 000000;0.03045;0.03375;0.02984;0.03036;55963018.53
20241008 000000;0.03036;0.031804;0.029166;0.02981;45926259.01
20241009 000000;0.02981;0.02985;0.026621;0.026782;44347374.43
20241010 000000;0.026782;0.029424;0.025788;0.029162;47843436.56
20241011 000000;0.029162;0.037721;0.028189;0.036152;87276691.25
20241012 000000;0.036152;0.0399;0.03306;0.03755;77262791.95
20241013 000000;0.03755;0.039568;0.034934;0.037075;77809442.11
20241014 000000;0.037075;0.03779;0.033237;0.034779;80855418.77
20241015 000000;0.034779;0.03677;0.031864;0.032599;42973575.47
20241016 000000;0.032599;0.03545;0.030803;0.033121;45741702.92
20241017 000000;0.033121;0.033702;0.029471;0.030567;38527739.68
20241018 000000;0.030567;0.032504;0.028055;0.031689;54536346.02
20241019 000000;0.031689;0.032;0.02808;0.029848;30656195.71
20241020 000000;0.029848;0.03251;0.027999;0.032437;34279829.46
20241021 000000;0.032437;0.034777;0.029503;0.031431;37477247.51
20241022 000000;0.031431;0.032686;0.0294;0.032562;40929828.15
20241023 000000;0.032562;0.0326;0.029586;0.031048;22347776.62
20241024 000000;0.031048;0.03675;0.031048;0.03543;52003697.16
20241025 000000;0.03543;0.03675;0.031;0.03171;46793067.66
20241026 000000;0.03171;0.03499;0.03125;0.032286;28728708.61
20241027 000000;0.032286;0.03485;0.03051;0.03433;25628661.85
20241028 000000;0.03433;0.035359;0.031801;0.033319;36262952.02
20241029 000000;0.033319;0.033818;0.02923;0.030986;67153435.02
20241030 000000;0.030986;0.031775;0.02925;0.030163;39292686.93
20241031 000000;0.030163;0.030219;0.027667;0.029264;32130636.37
20241101 000000;0.029264;0.031809;0.0285;0.028857;33922801.97
20241102 000000;0.028857;0.029348;0.0275;0.027557;19609316.61
20241103 000000;0.027557;0.027612;0.024171;0.02593;44904475.63
20241104 000000;0.02593;0.026451;0.023544;0.024236;31051768
20241105 000000;0.024236;0.0286;0.023982;0.027164;46246767.46
20241106 000000;0.027164;0.0347;0.027164;0.033926;81213910.86
20241107 000000;0.033926;0.035999;0.03089;0.031827;51929497.58
20241108 000000;0.031827;0.032377;0.028999;0.029396;40636676.26
20241109 000000;0.029396;0.030897;0.026867;0.030263;35563796.38
20241110 000000;0.030263;0.03215;0.028918;0.029827;49851630.1
20241111 000000;0.029827;0.032786;0.028;0.0323;67618059.6
20241112 000000;0.0323;0.0424;0.030201;0.039479;159194742.52
20241113 000000;0.039479;0.046;0.037;0.039922;106191241.79
20241114 000000;0.039922;0.044768;0.0382;0.039019;70594701.46
20241115 000000;0.039019;0.0518;0.038847;0.050804;92085196.59
20241116 000000;0.050804;0.056242;0.048328;0.051985;56945216.33
20241117 000000;0.051985;0.06;0.049424;0.058761;57725798.87
20241118 000000;0.058761;0.0675;0.05067;0.057308;124558578.77
20241119 000000;0.057308;0.057753;0.039504;0.046974;106647568.17
20241120 000000;0.046974;0.0529;0.03951;0.040777;82641104.68
20241121 000000;0.040777;0.0494;0.038;0.045547;95506764.05
20241122 000000;0.045547;0.047258;0.038034;0.041678;57332182.03
20241123 000000;0.041678;0.045349;0.038;0.039166;62268477.4
20241124 000000;0.039166;0.042192;0.036077;0.04067;41626451.13
20241125 000000;0.04067;0.04708;0.0396;0.04371;53464397.62
20241126 000000;0.04371;0.045303;0.038867;0.040218;36046504.73
20241127 000000;0.040218;0.043028;0.0388;0.042333;28851254.81
20241128 000000;0.042333;0.043228;0.03821;0.039468;31752325.11
20241129 000000;0.039468;0.046002;0.03939;0.042492;51336168.06
20241130 000000;0.042492;0.044359;0.038787;0.038933;43340436.89
20241201 000000;0.038933;0.039928;0.035101;0.035452;62888278.46
20241202 000000;0.035452;0.036588;0.033298;0.03475;57960296.52
20241203 000000;0.03475;0.041889;0.032784;0.040058;90498104.02
20241204 000000;0.040058;0.041;0.035;0.036435;65449583.38
20241205 000000;0.036435;0.036525;0.0312;0.033099;68157809.3
20241206 000000;0.033099;0.042;0.032995;0.039262;70917632.69
20241207 000000;0.039262;0.04278;0.0384;0.040173;39278605.26
20241208 000000;0.040173;0.0417;0.0363;0.036971;40360998.94
20241209 000000;0.036971;0.037101;0.0315;0.032533;73253137.45
20241210 000000;0.032533;0.03597;0.0292;0.034587;57236009.09
20241211 000000;0.034587;0.037252;0.032863;0.036884;43642493.31
20241212 000000;0.036884;0.036979;0.031569;0.032154;32079551.72
20241213 000000;0.032154;0.03711;0.031341;0.035683;57638924.71
20241214 000000;0.035683;0.042796;0.035514;0.037704;82529563.66
20241215 000000;0.037704;0.03969;0.035839;0.037301;29111264.05
20241216 000000;0.037301;0.039158;0.034692;0.034693;31454927.12
20241217 000000;0.034693;0.03562;0.032517;0.033236;40099961.15
20241218 000000;0.033236;0.035922;0.03009;0.030305;43772091.11
20241219 000000;0.030305;0.031;0.025439;0.026347;59576167.39
20241220 000000;0.026347;0.03;0.020245;0.026995;95689706.98
20241221 000000;0.026995;0.028401;0.022281;0.02308;55981808.92
20241222 000000;0.02308;0.0257;0.022242;0.02339;46700728.5
20241223 000000;0.02339;0.028936;0.023207;0.027563;49390961.22
20241224 000000;0.027563;0.03052;0.026335;0.028496;38485336.43
20241225 000000;0.028496;0.029951;0.027677;0.029756;17964011.62
20241226 000000;0.029756;0.030351;0.02624;0.026543;31375066.85
20241227 000000;0.026543;0.029055;0.026425;0.0268;25091789.46
20241228 000000;0.0268;0.028499;0.025287;0.027235;34316166.05
20241229 000000;0.027235;0.027408;0.024373;0.024935;27438019.2
20241230 000000;0.024935;0.02569;0.0228;0.023998;37823313.46
20241231 000000;0.023998;0.024;0.021001;0.021741;57592020.66
