20230720 000000;0.035;0.10829;0.035;0.06961;4571609.79
20230721 000000;0.06961;0.0845;0.05468;0.05812;2611647.27
20230722 000000;0.05812;0.06283;0.0433;0.04715;2107634.53
20230723 000000;0.04715;0.0611;0.0386;0.05183;1919937.49
20230724 000000;0.05183;0.05211;0.04;0.04124;1542595.94
20230725 000000;0.04124;0.21;0.03345;0.08001;2918918.34
20230726 000000;0.08001;0.10134;0.06255;0.07944;2225512.97
20230727 000000;0.07944;0.1228;0.07702;0.0913;2392219.8
20230728 000000;0.0913;0.09658;0.07169;0.07299;965753.68
20230729 000000;0.07299;0.10164;0.07076;0.08475;1241304.3
20230730 000000;0.08475;0.08568;0.06255;0.07009;977190.05
20230731 000000;0.07009;0.08146;0.0602;0.06752;1151139.22
20230801 000000;0.06752;0.077;0.05549;0.07426;906297.76
20230802 000000;0.07426;0.0987;0.07167;0.09089;1440445.83
20230803 000000;0.09089;0.12;0.07881;0.11123;1960140.65
20230804 000000;0.11123;0.11133;0.09061;0.10727;913631.7
20230805 000000;0.10727;0.128;0.09881;0.10187;1350740.33
20230806 000000;0.10187;0.12765;0.09375;0.10318;877387.56
20230807 000000;0.10318;0.11;0.081;0.08937;1331334.75
20230808 000000;0.08937;0.11504;0.086;0.10216;792027.66
20230809 000000;0.10216;0.12002;0.088;0.09915;808778.79
20230810 000000;0.09915;0.10706;0.09423;0.1013;378343.58
20230811 000000;0.1013;0.1343;0.09819;0.12827;849237.24
20230812 000000;0.12827;0.15102;0.11501;0.11552;550512.96
20230813 000000;0.11552;0.12363;0.1089;0.1144;400594.69
20230814 000000;0.1144;0.1713;0.11238;0.17;873194.16
20230815 000000;0.17;0.188;0.1361;0.17451;1132841.45
20230816 000000;0.17451;0.194;0.14071;0.1438;1538266.76
20230817 000000;0.1438;0.178;0.131;0.14763;1036225.28
20230818 000000;0.14763;0.18737;0.1425;0.14364;921494.18
20230819 000000;0.14364;0.15524;0.13505;0.14855;538860.38
20230820 000000;0.14855;0.1989;0.13967;0.17971;611987.65
20230821 000000;0.17971;0.18635;0.156;0.16794;409911.92
20230822 000000;0.16794;0.195;0.12701;0.14394;810391.73
20230823 000000;0.14394;0.15;0.11113;0.12522;1530481.39
20230824 000000;0.12522;0.12898;0.10001;0.11017;1270226.15
20230825 000000;0.11017;0.11513;0.08694;0.10228;1773021.13
20230826 000000;0.10228;0.10311;0.09089;0.09208;531699.32
20230827 000000;0.09208;0.1095;0.08678;0.09154;582086.85
20230828 000000;0.09154;0.09231;0.07206;0.07615;1549444.51
20230829 000000;0.07615;0.10888;0.07453;0.09486;1949057.67
20230830 000000;0.09486;0.12499;0.09473;0.1;608397.9
20230831 000000;0.1;0.10038;0.076;0.08106;1139967.94
20230901 000000;0.08106;0.08645;0.06521;0.0727;737643.08
20230902 000000;0.0727;0.075;0.06544;0.06868;466579.68
20230903 000000;0.06868;0.07266;0.05655;0.05997;1095988.48
20230904 000000;0.05997;0.07925;0.05678;0.06494;1355589.09
20230905 000000;0.06494;0.08548;0.0648;0.0817;810034.24
20230906 000000;0.0817;0.09079;0.07353;0.0808;663091.14
20230907 000000;0.0808;0.08174;0.06957;0.07296;456277.83
20230908 000000;0.07296;0.07568;0.06001;0.06415;637440.93
20230909 000000;0.06415;0.06548;0.05214;0.05723;444204.71
20230910 000000;0.05723;0.06501;0.0465;0.06486;700400.44
20230911 000000;0.06486;0.06564;0.04395;0.05096;838184.3
20230912 000000;0.05096;0.05908;0.046;0.05407;584323.88
20230913 000000;0.05407;0.06354;0.05167;0.06138;632241.49
20230914 000000;0.06138;0.07446;0.05955;0.06586;539250.58
20230915 000000;0.06586;0.07605;0.05999;0.06414;447122.2
20230916 000000;0.06414;0.06502;0.05233;0.05464;489231.55
20230917 000000;0.05464;0.05798;0.05001;0.05685;358377.98
20230918 000000;0.05685;0.06793;0.05309;0.06278;420411.55
20230919 000000;0.06278;0.07091;0.06234;0.07082;428566.02
20230920 000000;0.07082;0.08037;0.067;0.07321;694157.17
20230921 000000;0.07321;0.07371;0.059;0.06363;524759.67
20230922 000000;0.06363;0.07147;0.06034;0.06955;548803.38
20230923 000000;0.06955;0.075;0.06409;0.07085;570295.79
20230924 000000;0.07085;0.08203;0.07057;0.07705;535296.22
20230925 000000;0.07705;0.0793;0.068;0.06827;455053.35
20230926 000000;0.06827;0.07351;0.06522;0.06572;456542.85
20230927 000000;0.06572;0.073;0.06503;0.0682;424804.04
20230928 000000;0.0682;0.07727;0.06602;0.07723;465808.94
20230929 000000;0.07723;0.08622;0.07422;0.08069;493220.43
20230930 000000;0.08069;0.09521;0.07827;0.08946;438392.3
20231001 000000;0.08946;0.09775;0.08227;0.09774;467522.95
20231002 000000;0.09774;0.109;0.084;0.09057;1244464.96
20231003 000000;0.09057;0.09255;0.0833;0.08715;418388.87
20231004 000000;0.08715;0.08958;0.07967;0.0873;413613.46
20231005 000000;0.0873;0.08992;0.0756;0.0762;340403.54
20231006 000000;0.0762;0.089;0.07205;0.08677;425143.05
20231007 000000;0.08677;0.08677;0.06878;0.06972;358568.15
20231008 000000;0.06972;0.07453;0.06188;0.06471;549716.93
20231009 000000;0.06471;0.0788;0.05359;0.06455;851869.77
20231010 000000;0.06455;0.06859;0.05646;0.05793;524037.85
20231011 000000;0.05793;0.06037;0.05036;0.05441;649982.19
20231012 000000;0.05441;0.06039;0.05;0.05157;762255.3
20231013 000000;0.05157;0.06573;0.05119;0.06284;758415.71
20231014 000000;0.06284;0.06502;0.05988;0.06496;512822
20231015 000000;0.06496;0.068;0.059;0.06056;536784.14
20231016 000000;0.06056;0.078;0.05873;0.07598;606649.82
20231017 000000;0.07598;0.08315;0.07086;0.07497;658527.94
20231018 000000;0.07497;0.08407;0.07228;0.07594;523634.63
20231019 000000;0.07594;0.087;0.06417;0.08685;666540.85
20231020 000000;0.08685;0.09818;0.08245;0.09121;782130
20231021 000000;0.09121;0.1058;0.08499;0.09555;528193.13
20231022 000000;0.09555;0.10274;0.08319;0.08538;467293.56
20231023 000000;0.08538;0.123;0.0802;0.12004;779565.6
20231024 000000;0.12004;0.15;0.11426;0.13407;560936.77
20231025 000000;0.13407;0.17045;0.12684;0.15045;376125.08
20231026 000000;0.15045;0.166;0.12773;0.14298;586629.84
20231027 000000;0.14298;0.15031;0.12732;0.13488;403112.32
20231028 000000;0.13488;0.17948;0.13;0.1687;495320.02
20231029 000000;0.1687;0.1888;0.155;0.17404;317299.97
20231030 000000;0.17404;0.17634;0.16;0.16969;218196.76
20231031 000000;0.16969;0.17109;0.13401;0.15629;444632.24
20231101 000000;0.15629;0.16328;0.135;0.14584;485031.48
20231102 000000;0.14584;0.15594;0.11807;0.12278;512176.24
20231103 000000;0.12278;0.14599;0.11654;0.13561;353436.54
20231104 000000;0.13561;0.13894;0.115;0.12298;538357.49
20231105 000000;0.12298;0.145;0.118;0.14027;329864.33
20231106 000000;0.14027;0.15;0.1272;0.13702;463332.71
20231107 000000;0.13702;0.13798;0.11891;0.12551;454660.24
20231108 000000;0.12551;0.135;0.10283;0.13123;650634.32
20231109 000000;0.13123;0.14;0.11203;0.13585;614418.73
20231110 000000;0.13585;0.1654;0.12;0.15803;673019.01
20231111 000000;0.15803;0.21661;0.1388;0.15476;885683.06
20231112 000000;0.15476;0.16409;0.12502;0.13306;866620.73
20231113 000000;0.13306;0.13968;0.10713;0.11076;759546.01
20231114 000000;0.11076;0.13968;0.09771;0.1359;825376.56
20231115 000000;0.1359;0.13988;0.11502;0.12929;374237.2
20231116 000000;0.12929;0.13528;0.09404;0.1011;933670.14
20231117 000000;0.1011;0.10682;0.09;0.09793;626714.39
20231118 000000;0.09793;0.1113;0.09508;0.10786;362256.1
20231119 000000;0.10786;0.11397;0.09975;0.11145;493811.1
20231120 000000;0.11145;0.114;0.09;0.10156;563636.94
20231121 000000;0.10156;0.103;0.08504;0.08684;877103.98
20231122 000000;0.08684;0.1211;0.0862;0.11456;660520.5
20231123 000000;0.11456;0.12805;0.10984;0.1159;529589.04
20231124 000000;0.1159;0.11972;0.10665;0.10812;352722.93
20231125 000000;0.10812;0.11459;0.10207;0.10275;357306.01
20231126 000000;0.10275;0.10497;0.08805;0.08896;1165169.45
20231127 000000;0.08896;0.10528;0.08316;0.09038;674969.08
20231128 000000;0.09038;0.10312;0.08733;0.09939;511285.09
20231129 000000;0.09939;0.1058;0.08703;0.09058;616421.67
20231130 000000;0.09058;0.09684;0.08337;0.08671;715142.13
20231201 000000;0.08671;0.1;0.08534;0.09353;654436.13
20231202 000000;0.09353;0.09749;0.087;0.08989;635101.04
20231203 000000;0.08989;0.11633;0.08676;0.11437;1211082.73
20231204 000000;0.11437;0.14848;0.11373;0.13321;1473501.13
20231205 000000;0.13321;0.14851;0.116;0.13946;1034144.44
20231206 000000;0.13946;0.14851;0.11461;0.11667;752222.88
20231207 000000;0.11667;0.13068;0.108;0.1121;649360.62
20231208 000000;0.1121;0.11473;0.102;0.1134;510848.01
20231209 000000;0.1134;0.12266;0.1018;0.10318;589368.17
20231210 000000;0.10318;0.10844;0.094;0.10091;535370.75
20231211 000000;0.10091;0.1116;0.09402;0.10034;605594.27
20231212 000000;0.10034;0.10386;0.088;0.08858;580941.73
20231213 000000;0.08858;0.10131;0.07997;0.09222;1229122.33
20231214 000000;0.09222;0.09975;0.08691;0.08953;685481.67
20231215 000000;0.08953;0.09299;0.07104;0.07713;2232326.51
20231216 000000;0.07713;0.08078;0.065;0.06869;1263031.78
20231217 000000;0.06869;0.08499;0.065;0.07593;1108260.91
20231218 000000;0.07593;0.08147;0.06664;0.07519;764995.51
20231219 000000;0.07519;0.07826;0.067;0.06972;760064.19
20231220 000000;0.06972;0.08136;0.06745;0.0698;858702.42
20231221 000000;0.0698;0.08947;0.0679;0.08864;1259771.36
20231222 000000;0.08864;0.12003;0.08003;0.09373;1542364.68
20231223 000000;0.09373;0.10054;0.08051;0.08473;714208.41
20231224 000000;0.08473;0.09439;0.08;0.08169;652384.79
20231225 000000;0.08169;0.0879;0.0758;0.07887;699050.71
20231226 000000;0.07887;0.07943;0.06535;0.06985;1363618.21
20231227 000000;0.06985;0.10212;0.06613;0.09329;1229574.79
20231228 000000;0.09329;0.1;0.075;0.08333;906895.28
20231229 000000;0.08333;0.08944;0.07533;0.07759;525527.35
20231230 000000;0.07759;0.08709;0.07737;0.08462;654741.42
20231231 000000;0.08462;0.09;0.07717;0.07797;472981.71
