20240101 000000;8075.00034;8274.00061;7936.99991;8271.00008;17.973
20240102 000000;8271.00008;8669.99985;8106.99925;8186.0005;13.7324
20240103 000000;8186.0005;8313.00033;6969.00004;7518.99918;24.7934
20240104 000000;7518.99918;7909.00005;7448.99995;7711.00042;9.2927
20240105 000000;7711.00042;7751.00043;7158.4798;7441.00009;14.1358
20240106 000000;7441.00009;8670;7022.99992;7961.00004;37.7847
20240107 000000;7961.00004;8121.00006;7281.99997;7388.00004;21.0703
20240108 000000;7388.00004;7850.00008;7006.21999;7764.99997;12.7372
20240109 000000;7764.99997;7807.00003;7344.9997;7615.99995;22.0641
20240110 000000;7615.99995;8190.00038;7364.99945;7994.00029;10.0488
20240111 000000;7994.00029;8406.00052;7755.76335;8163.99973;19.1631
20240112 000000;8163.99973;8388.00032;7561.00006;7848.99972;8.8449
20240113 000000;7848.99972;8186.00005;7642.99993;8068.99802;13.9818
20240114 000000;8068.99802;8137.0005;7792.99993;7806.99997;7.3264
20240115 000000;7806.99997;8029.00004;7741.99992;7783.0004;7.5145
20240116 000000;7783.0004;7976.00104;7733.99981;7886.99972;5.3866
20240117 000000;7886.99972;7929.00006;7746.99995;7879.00005;5.755
20240118 000000;7879.00005;7892.0007;7382.99994;7491.00004;6.9984
20240119 000000;7491.00004;7548.00022;7135.99993;7442.00026;15.1562
20240120 000000;7442.00026;7497.00028;7329.99991;7463.0001;5.5636
20240121 000000;7463.0001;7527.00041;7374.99992;7382.00017;6.8486
20240122 000000;7382.00017;7437.00047;6991.99961;7001.00005;9.3979
20240123 000000;7001.00005;7170.00002;6524.99993;6884.00014;15.134
20240124 000000;6884.00014;7179.00052;6822.99952;7022.99962;9.5673
20240125 000000;7022.99962;7102.00026;6902.9996;7050.00038;4.5454
20240126 000000;7050.00038;7277.00029;6776;7256.99992;7.665
20240127 000000;7256.99992;7590.00009;7173;7279.00004;11.7502
20240128 000000;7279.00004;7378.00031;7157.99998;7211.00003;10.1679
20240129 000000;7211.00003;7345.00027;6947.1744;7317.00039;10.5739
20240130 000000;7317.00039;7458.00024;7267.00002;7314.99995;11.9068
20240131 000000;7314.99995;7338.00008;6737.2588;7037.73585;15.6718
20240201 000000;7037.73585;7220.00005;7008.99067;7148.99921;13.566
20240202 000000;7148.99921;7320;7090.99995;7200.00008;10.2428
20240203 000000;7200.00008;7242.00008;7156.99994;7179.00047;12.5961
20240204 000000;7179.00047;7182.00008;7017.99995;7058.00012;7.7377
20240205 000000;7058.00012;7144.00034;6969.99993;7053.00038;7.346
20240206 000000;7053.00038;7125.00044;7030.99991;7082.99952;6.2359
20240207 000000;7082.99952;7200.00021;7059.99997;7193.00044;7.1017
20240208 000000;7193.00044;7382.00017;7193.00044;7286.99995;7.9028
20240209 000000;7286.99995;7487.00006;7266.99998;7452.9999;11.7294
20240210 000000;7452.9999;7507.00022;7291.99993;7408.00006;7.2386
20240211 000000;7408.00006;7491.00077;7328.99992;7409.00014;6.4512
20240212 000000;7409.00014;7937.4254;7293.00002;7644.99993;12.6542
20240213 000000;7644.99993;7824.00004;7411.99997;7548.99993;11.0216
20240214 000000;7548.99993;7989.99972;7380;7738.00007;7.3467
20240215 000000;7738.00007;7964.00004;7633.99996;7806.99976;19.3995
20240216 000000;7806.99976;7949.00006;7500;7791.00014;13.6024
20240217 000000;7791.00014;7804.00037;7380;7719.00195;10.4554
20240218 000000;7719.00195;7989.99976;7649.99995;7734.99915;12.7503
20240219 000000;7734.99915;7934.00036;7731.99897;7821.00041;10.6445
20240220 000000;7821.00041;8157.18343;7320.0864;7668.99994;14.8802
20240221 000000;7668.99994;7705.00006;7190.99996;7462.00006;10.8177
20240222 000000;7462.00006;7679.99999;7315.99972;7520.99997;13.2012
20240223 000000;7520.99997;7800;7316.99993;7634.00008;16.0301
20240224 000000;7634.00008;9420.99999;7529.99968;8260.73083;329.983
20240225 000000;8260.73083;8497.99146;7980;8184.39239;14.0225
20240226 000000;8184.39239;8463.99996;8021.11003;8380.99971;19.457
20240227 000000;8380.99971;8641.00049;8060.1504;8358.99996;25.4807
20240228 000000;8358.99996;8920.63611;7675.85253;8531.00006;35.6434
20240229 000000;8531.00006;9382.15;8382.99999;8599.00007;101.7611
20240301 000000;8599.00007;9300.99874;8598.99996;8921.00001;365.1061
20240302 000000;8921.00001;9600;8898.162;9564.00006;139.0976
20240303 000000;9564.00006;9640.00006;8447.07647;9239.96482;13.2452
20240304 000000;9239.96482;9700;8871.3024;9455.00245;15.7749
20240305 000000;9455.00245;11249.47965;8045.00001;9384.00058;48.7713
20240306 000000;9384.00058;10167.02007;8971.99989;9639.00201;22.3668
20240307 000000;9639.00201;10713.22347;9321;10326.99947;28.4188
20240308 000000;10326.99947;10801.74437;9378.74151;10127.00459;12.5158
20240309 000000;10127.00459;10534.00198;10064.0012;10225.9999;8.0756
20240310 000000;10225.9999;10372.00027;9597.8592;9935.99966;6.551
20240311 000000;9935.99966;10696.84688;9500;10399.00026;7.2259
20240312 000000;10399.00026;10618.999;9781.9998;10203.00005;7.8116
20240313 000000;10203.00005;10482.99813;9937.99978;10340.00045;10.9328
20240314 000000;10340.00045;10340.00045;9552.99987;10039.00144;8.4183
20240315 000000;10039.00144;10070.99986;8779.00008;9625.99634;9.5448
20240316 000000;9625.99634;9733.99987;8691.00054;8846.00123;6.8598
20240317 000000;8846.00123;9363.00226;8553.49801;9274.99981;4.6397
20240318 000000;9274.99981;9342.00567;8457.8784;8937.99896;8.8743
20240319 000000;8937.99896;8989.001;7902.00004;8159.00002;6.2765
20240320 000000;8159.00002;9023.99993;7902;8978.00098;5.0283
20240321 000000;8978.00098;9185.99968;8756.00002;8939.99686;6.025
20240322 000000;8939.99686;9150.00032;8450;8698.00009;5.0954
20240323 000000;8698.00009;8886.00022;8633.99904;8674.00003;4.7345
20240324 000000;8674.00003;8960;8622.99874;8893.99875;5.0162
20240325 000000;8893.99875;9391.67501;8701.73759;9045.94444;14.0361
20240326 000000;9045.94444;9462.02687;8640.19999;9216.46516;5.013
20240327 000000;9216.46516;9263.6135;8718.5275;8815.8936;5.4601
20240328 000000;8815.8936;9046.09876;8415;8982.68871;4.66
20240329 000000;8982.68871;9090;8850.9982;9029.99294;5.8264
20240330 000000;9029.99294;9055.99894;8817.129;8881.99991;4.9548
20240331 000000;8881.99991;9219.2232;8800.00006;9125.98569;5.4862
20240401 000000;9125.98569;9350;8505;8744.99723;8.7148
20240402 000000;8744.99723;8744.99915;8000;8226.76476;10.4548
20240403 000000;8226.76476;8744.92501;8037.00007;8189.36431;6.0683
20240404 000000;8189.36431;8773.99684;8061.56004;8358.00093;8.5637
20240405 000000;8358.00093;8700;8099.99954;8255.00272;5.8316
20240406 000000;8255.00272;8455.99998;8168.1922;8390.99896;5.66
20240407 000000;8390.99896;8699;8295;8503.99721;4.9362
20240408 000000;8503.99721;8704.99993;8315.9981;8627.00247;10.3562
20240409 000000;8627.00247;8627.00403;8259.99921;8283.99988;5.0597
20240410 000000;8283.99988;8551.99995;8005;8292.001;4.9433
20240411 000000;8292.001;8455.00075;8213.9998;8371.00006;4.4508
20240412 000000;8371.00006;8548.00032;6259.00002;7159.99995;23.2657
20240413 000000;7159.99995;7184.00007;5696.00002;6630.00006;11.0563
20240414 000000;6630.00006;7177.00054;6296.99995;7167.00009;10.1163
20240415 000000;7167.00009;7316.00005;6687.99951;6913.99969;21.4472
20240416 000000;6913.99969;7010.00047;6609.99996;6918.99968;4.5331
20240417 000000;6918.99968;6940.00016;6613.99967;6723.00039;6.997
20240418 000000;6723.00039;7006.00015;6606.99977;6961.00005;7.053
20240419 000000;6961.00005;7176.0007;6539;6858.00036;9.9409
20240420 000000;6858.00036;7188.00048;6814.99995;7176.99918;4.8814
20240421 000000;7176.99918;7237.00028;6997.99994;7125.00267;4.0625
20240422 000000;7125.00267;7523.00005;7113.99992;7448.99978;3.8912
20240423 000000;7448.99978;7536.00035;7331.99995;7356.99999;3.8156
20240424 000000;7356.99999;7530.00043;6908.99983;6966.99974;5.5056
20240425 000000;6966.99974;7152.00006;6814.99969;7062.99985;5.2707
20240426 000000;7062.99985;7106.00006;6890.9997;7036.99993;4.9154
20240427 000000;7036.99993;7100.00002;6833.99949;7085.99994;7.1764
20240428 000000;7085.99994;7204.0003;6912.99995;6943.99953;5.4363
20240429 000000;6943.99953;6980.00005;6702.00005;6864.99961;11.3435
20240430 000000;6864.99961;6958.00002;6487.99995;6682.99998;71.061
20240501 000000;6682.99998;6806.35917;6320.95022;6805.67376;11.8456
20240502 000000;6805.67376;7200.9;6629.4648;6891.32145;5.5479
20240503 000000;6891.32145;7195;6770.98801;6975.47588;5.9362
20240504 000000;6975.47588;7295;6920;6931.98296;7.979
20240505 000000;6931.98296;7198;6901.55437;7061.56022;5.7552
20240506 000000;7061.56022;7196.99999;6842.29878;6861.99976;10.5768
20240507 000000;6861.99976;7188;6604.28159;6872.99992;9.2445
20240508 000000;6872.99992;7065.00041;6797.99992;7018;11.0943
20240509 000000;7018;7098.0001;6643.9872;7057.99719;194.0467
20240510 000000;7057.99719;7076.00061;6662.825;6801.99963;5.9845
20240511 000000;6801.99963;6866.00069;6723.99992;6786.00022;4.1682
20240512 000000;6786.00022;6842.00005;6693.99958;6730.99858;4.1711
20240513 000000;6730.9;6781;6582.9;6661.5;10.5474
20240514 000000;6661.5;6784.5;6450;6642.5;11.5197
20240515 000000;6642.5;6860.2;6571.6;6792.6;7.9356
20240516 000000;6792.6;6871.5;6657.1;6761.5;7.2267
20240517 000000;6761.5;6995.4;6713.4;6975.4;14.637
20240518 000000;6975.4;7101.1;6963.3;6995.8;13.6662
20240519 000000;6995.8;7037.9;6775.4;6798.6;12.4901
20240520 000000;6798.6;7261.7;6729.9;7260.8;30.6799
20240521 000000;7260.8;7394.5;7162.9;7231.4;211.0071
20240522 000000;7231.4;7319.7;7106.9;7161.5;6.4798
20240523 000000;7161.5;7235.2;6650.1;7019.8;19.9235
20240524 000000;7019.8;7399.7;6816.4;7079.3;7.9778
20240525 000000;7079.3;7832;7039.6;7310;17.8778
20240526 000000;7310;7370.5;7182.3;7199.5;6.58
20240527 000000;7199.5;7392.8;7182.4;7335.3;9.8074
20240528 000000;7335.3;7372.4;7145.6;7173.7;8.1663
20240529 000000;7173.7;7277.1;7043;7140.1;7.6041
20240530 000000;7140.1;7193.2;6954.3;7045.2;7.0993
20240531 000000;7045.2;7102.3;6938;6986.5;9.7596
20240601 000000;6986.5;6987.5;6891.3;6913.6;27.2215
20240602 000000;6913.6;7056.2;6824.1;6880.4;39.4826
20240603 000000;6880.4;7072.2;6828.1;6957.7;72.953
20240604 000000;6957.7;7259.7;6926.8;7080;74.4127
20240605 000000;7080;7200.5;6782.4;7111.7;80.9001
20240606 000000;7111.7;7148.8;6956.6;7005.3;138.6266
20240607 000000;7005.3;7024.5;5930.3;6613.1;83.6399
20240608 000000;6613.1;6668.8;6332.7;6402.5;7.4716
20240609 000000;6402.5;6597.2;6321.4;6526.2;7.7443
20240610 000000;6526.2;6528.7;6100.6;6417.9;57.9929
20240611 000000;6417.9;6438.2;6061.3;6193.3;31.5125
20240612 000000;6193.3;6478.1;6069.5;6374.2;9.6436
20240613 000000;6374.2;6394.5;5900;6142.4;6.9443
20240614 000000;6142.4;6339.5;6022.1;6127.2;6.3403
20240615 000000;6127.2;6341.5;6087;6322.9;4.8593
20240616 000000;6322.9;6322.9;6200.5;6231.4;5.3359
20240617 000000;6231.4;6264;5819.7;5988.3;6.3658
20240618 000000;5988.3;5997.7;5399.5;5787.5;12.3188
20240619 000000;5787.5;6045.4;5738.7;5932.3;5.6846
20240620 000000;5932.3;6109.4;5864.2;5902.9;5.2889
20240621 000000;5902.9;5973.4;5787.7;5844.5;6.1027
20240622 000000;5844.5;5901.7;5771.3;5848.6;5.6983
20240623 000000;5848.6;5903.5;5745.4;5769.3;6.8093
20240624 000000;5769.3;5842.1;5537.1;5799.2;13.4427
20240625 000000;5799.2;5876.7;5762.7;5839.5;7.1844
20240626 000000;5839.5;5892.6;5719.7;5832.1;6.5376
20240627 000000;5832.1;6102.7;5791.2;6102.3;7.1034
20240628 000000;6102.3;6685.7;5975.6;6321.3;218.8136
20240629 000000;6321.3;6648.9;6211.2;6347.2;39.98
20240630 000000;6347.2;6515.9;6257.4;6367.1;4.6104
20240701 000000;6367.1;6649;6299.1;6524.6;5.3885
20240702 000000;6524.6;6820.8;6494.4;6799.7;4.8146
20240703 000000;6799.7;6935.6;6407.3;6463.3;7.891
20240704 000000;6463.3;6540;5802.5;5813.4;8.6648
20240705 000000;5813.4;6343.6;5260;6252.5;14.6255
20240706 000000;6252.5;6404.9;6034.2;6160.5;5.7989
20240707 000000;6160.5;6162.9;5599.7;5624.4;5.9224
20240708 000000;5624.4;5823.8;5440.9;5667.9;7.4754
20240709 000000;5667.9;5932.7;5646.9;5780;5.7408
20240710 000000;5780;5946;5720.1;5803.2;4.9403
20240711 000000;5803.2;5925.8;5677.2;5720.2;5.3506
20240712 000000;5720.2;5826.6;5678.3;5763.1;6.7848
20240713 000000;5763.1;5857.2;5736.9;5798.4;6.3263
20240714 000000;5798.4;5974.2;5761.1;5936.4;6.6573
20240715 000000;5936.4;6169.3;5925.7;6162.2;7.2557
20240716 000000;6162.2;6188.8;5833.1;5988.3;8.6738
20240717 000000;5988.3;6170.4;5949.5;6041.5;9.749
20240718 000000;6041.5;6188.5;5750.3;5811.9;10.7966
20240719 000000;5811.9;5983.7;5716.4;5971.2;11.9005
20240720 000000;5971.2;5997.5;5883.4;5935.3;38.0156
20240721 000000;5935.3;6033.4;5735.4;6022.3;16.5079
20240722 000000;6022.3;6076.5;5793.9;5823.6;8.2032
20240723 000000;5823.6;5917.6;5659.2;5739.4;8.2979
20240724 000000;5739.4;5830.3;5636.9;5677.5;7.0327
20240725 000000;5677.5;5684;5481.5;5636.8;11.4513
20240726 000000;5636.8;5836.9;5628.4;5823.1;6.2942
20240727 000000;5823.1;5902.4;5753.6;5888.6;9.814
20240728 000000;5888.6;5888.6;5696.5;5742.5;70.7704
20240729 000000;5742.5;5863.7;5663.5;5711;129.5818
20240730 000000;5711;5815.5;5625.7;5671.9;230.5819
20240731 000000;5671.9;5765.8;5566.4;5614.9;37.922
20240801 000000;5614.9;5670.4;5320.9;5605.8;7.2967
20240802 000000;5605.8;5629.6;5287.6;5453.7;9.1464
20240803 000000;5453.7;5520.6;5197;5346.4;5.1211
20240804 000000;5346.4;5474.2;5089.4;5199.1;10.2446
20240805 000000;5199.1;5224.3;4310.8;4875.9;17.5354
20240806 000000;4875.9;5111.1;4870;4993.3;2.3576
20240807 000000;4993.3;5099.4;4733.7;4859.3;3.4296
20240808 000000;4859.3;5194.2;4778.8;5176.2;5.3434
20240809 000000;5176.2;5184.9;5022.3;5110.4;5.0997
20240810 000000;5110.4;5164.6;5059.6;5112.3;4.2884
20240811 000000;5112.3;5252.4;4870.6;4900.8;4.7005
20240812 000000;4900.8;5159.2;4900.8;5114.7;4.9944
20240813 000000;5114.7;5139.5;4993;5035.4;9.0658
20240814 000000;5035.4;5138.6;4975.5;5010.5;11.3913
20240815 000000;5010.5;5056;4852.3;4948.8;10.6682
20240816 000000;4948.8;4983.1;4822.4;4936;6.2351
20240817 000000;4936;4953.3;4844.6;4943.3;4.3939
20240818 000000;4943.3;5117.5;4894.5;4962.6;5.6306
20240819 000000;4962.6;5083.6;4934.3;5016.3;4.9451
20240820 000000;5016.3;5108.4;4944.9;4996.7;3.907
20240821 000000;4996.7;5197;4969.9;5156;5.7848
20240822 000000;5156;5275.4;5156;5237.2;6.4673
20240823 000000;5237.2;5514.2;5219.5;5463.9;8.5422
20240824 000000;5463.9;5710.1;5389.7;5563.2;14.3926
20240825 000000;5563.2;5617.3;5338.8;5552.5;8.4707
20240826 000000;5552.5;5603.6;5252.2;5267.4;6.3016
20240827 000000;5267.4;5392.9;4979.3;5092.5;6.75
20240828 000000;5092.5;5394.4;4970.8;5301.3;9.2955
20240829 000000;5301.3;5372.3;5106.2;5161.3;6.794
20240830 000000;5161.3;5243.6;5046.4;5198.7;5.5163
20240831 000000;5198.7;5224.2;5129.8;5198.3;6.1365
20240901 000000;5198.3;5203.2;4948.6;5003.8;10.8105
20240902 000000;5003.8;5148.6;4976.7;5118.7;5.7783
20240903 000000;5118.7;5148.6;4865.7;4869.3;6.099
20240904 000000;4869.3;5042.1;4687.6;4949.6;8.0442
20240905 000000;4949.6;4982.2;4813.6;4872.5;3.9299
20240906 000000;4872.5;4953.9;4610.7;4752.1;13.748
20240907 000000;4752.1;4859.4;4700;4806.5;5.9749
20240908 000000;4806.5;4939.8;4790.5;4901.3;8.46
20240909 000000;4901.3;5030.4;4893;4999.3;10.0643
20240910 000000;4999.3;5019.5;4903.9;4942.8;9.6811
20240911 000000;4942.8;4946.2;4772.4;4850.6;5.0975
20240912 000000;4850.6;4897.5;4820.6;4873.2;8.5582
20240913 000000;4873.2;4935.3;4766.5;4887.6;7.3007
20240914 000000;4887.6;5006.7;4856.5;4922.8;6.9734
20240915 000000;4922.8;5024.2;4834.6;4880.7;11.9029
20240916 000000;4880.7;4880.7;4749.5;4817.5;6.2785
20240917 000000;4817.5;4949.1;4775.8;4899.5;7.575
20240918 000000;4899.5;4962.8;4678.6;4916.2;10.2829
20240919 000000;4916.2;5081.1;4902.9;5001.3;24.1206
20240920 000000;5001.3;5162.4;4940.5;5025;50.5697
20240921 000000;5025;5109;4973.6;5065.3;8.8224
20240922 000000;5065.3;5081.4;4899.5;4981;7.136
20240923 000000;4981;5076.8;4909.5;5055.4;13.7874
20240924 000000;5055.4;5125.5;4995.3;5112.8;16.5306
20240925 000000;5112.8;5185.2;5089.2;5109.7;8.2339
20240926 000000;5109.7;5359.1;5073.8;5315.4;10.68
20240927 000000;5315.4;5472.6;5273.9;5405.1;9.8215
20240928 000000;5405.1;5459.4;5218.1;5344.4;10.7865
20240929 000000;5344.4;5596;5264.9;5561.9;8.874
20240930 000000;5561.9;5561.9;5304.6;5347.6;7.7133
20241001 000000;5347.6;5498.5;4875.3;4994.3;15.973
20241002 000000;4994.3;5056.6;4818.6;4903.3;9.2599
20241003 000000;4903.3;4992.9;4780.7;4872.6;5.0285
20241004 000000;4872.6;5028.2;4832.2;5004.9;7.6501
20241005 000000;5004.9;5021.9;4906.7;4973.4;3.6728
20241006 000000;4973.4;5076.8;4954.5;5073.6;5.7958
20241007 000000;5073.6;5177.2;5001.7;5053.8;5.8256
20241008 000000;5053.8;5092.4;4966.8;5012.7;4.3957
20241009 000000;5012.7;5032.5;4846.6;4868.6;7.5507
20241010 000000;4868.6;4956.8;4794.8;4864.5;7.4024
20241011 000000;4864.5;4957.7;4850.9;4913.9;5.5699
20241012 000000;4913.9;5012.6;4913.5;4948.4;5.1512
20241013 000000;4948.4;4963.3;4810.7;4897.6;6.6755
20241014 000000;4897.6;5076.7;4855.3;5042.3;14.408
20241015 000000;5042.3;5154.3;4938.2;5042.5;5.2203
20241016 000000;5042.5;5066.1;4979.1;4994.1;4.6904
20241017 000000;4994.1;5050.9;4878;4933;6.0657
20241018 000000;4933;5003.6;4911.3;5000.7;5.5317
20241019 000000;5000.7;5080.2;4995.8;5047.4;3.9887
20241020 000000;5047.4;5206.9;5021.1;5201.9;10.4623
20241021 000000;5201.9;5220.3;5026.6;5100.7;6.265
20241022 000000;5100.7;5152.7;5015.1;5126.8;5.1464
20241023 000000;5126.8;5146.2;4807.8;4917.2;4.594
20241024 000000;4917.2;5013.5;4851.6;4972.8;3.9922
20241025 000000;4972.8;4994;4506.4;4654.7;7.1007
20241026 000000;4654.7;4693.4;4566.8;4663.8;10.6079
20241027 000000;4663.8;4755.3;4638.6;4729.7;8.6793
20241028 000000;4729.7;4813.2;4636.4;4772.8;8.9427
20241029 000000;4772.8;5039.3;4752.7;5039.3;8.978
20241030 000000;5039.3;5041;4893.7;4924.5;4.65
20241031 000000;4924.5;4946.7;4691.6;4722.6;7.3373
20241101 000000;4722.6;4795.3;4651.8;4707.9;6.1271
20241102 000000;4707.9;4737.4;4584.4;4641.3;5.8669
20241103 000000;4641.3;4650.4;4443.6;4580.6;6.7494
20241104 000000;4580.6;4620.4;4384;4484.3;13.2982
20241105 000000;4484.3;4609.4;4470.4;4575.9;4.6644
20241106 000000;4575.9;5162.5;4575.9;5144.3;38.7936
20241107 000000;5144.3;5293.5;5030.7;5130.5;31.4939
20241108 000000;5130.5;5290.6;5032.7;5220.5;46.121
20241109 000000;5220.5;5442.4;5184.9;5407.4;19.7434
20241110 000000;5407.4;8105.5;5319.5;6973.3;118.772
20241111 000000;6973.3;7223.1;6557.5;6849.5;24.094
20241112 000000;6849.5;6896.2;6064.2;6365.4;27.9966
20241113 000000;6365.4;6540.3;5907.8;6315.4;33.5611
20241114 000000;6315.4;6447.7;5994.9;6101.5;11.1851
20241115 000000;6101.5;6295.3;5894.8;6271.7;12.8412
20241116 000000;6271.7;6570.5;6233.9;6486.5;25.482
20241117 000000;6486.5;6496.6;6036.9;6126.7;7.8606
20241118 000000;6126.7;6483.5;6112.8;6420.5;14.1566
20241119 000000;6420.5;6442.2;6166.7;6326.4;17.1179
20241120 000000;6326.4;6356.1;5992.4;6071.6;26.2747
20241121 000000;6071.6;6631.1;5920.8;6517.5;16.2638
20241122 000000;6517.5;6688.4;6272.2;6568.4;13.5532
20241123 000000;6568.4;7616.2;6561.9;7294.7;50.2649
20241124 000000;7294.7;7957.9;6842.2;7430.1;16.5029
20241125 000000;7430.1;7695.2;7093.6;7192.2;20.715
20241126 000000;7192.2;7439.2;6747.6;7177.4;20.3513
20241127 000000;7177.4;7586.8;7041.7;7521.8;18.4249
20241128 000000;7521.8;7571.1;7211.3;7358.8;5.7941
20241129 000000;7358.8;7753.2;7247.1;7640.9;38.8141
20241130 000000;7640.9;8500;7581.3;8054.9;40.983
20241201 000000;8054.9;8095.2;7787.5;8000.3;19.8541
20241202 000000;8000.3;8606.1;7652.4;8538.4;26.2289
20241203 000000;8538.4;9442.3;8320.8;9230.4;70.7233
20241204 000000;9230.4;10581.4;9016.6;10185.4;80.049
20241205 000000;10185.4;12444.2;9827.5;11801.5;125.8548
20241206 000000;11801.5;14440;11533.8;13957.6;101.3848
20241207 000000;13957.6;14800;13050;13760.2;96.4157
20241208 000000;13760.2;14166.3;12515.4;13008.7;69.4536
20241209 000000;13008.7;13123.5;8630.1;10505;99.7805
20241210 000000;10505;11422.6;9602.2;11030.6;75.6204
20241211 000000;11030.6;12315.2;10354.9;11524.4;59.6084
20241212 000000;11524.4;11978.5;11156.8;11453.6;30.039
20241213 000000;11453.6;11567.1;11088;11445.6;23.5934
20241214 000000;11445.6;11595.5;10437.3;10740.7;42.8856
20241215 000000;10740.7;11344.1;10391.8;10993.3;23.2654
20241216 000000;10993.3;11506.1;10551.1;10752;47.6593
20241217 000000;10752;10757.7;9975.6;10047.8;45.8398
20241218 000000;10047.8;10178.9;9011.1;9225.2;42.8919
20241219 000000;9225.2;9593.1;8180.8;8481.7;41.0262
20241220 000000;8481.7;9100.9;7050.4;9100.4;72.7925
20241221 000000;9100.4;9691;8390;8537.6;17.0846
20241222 000000;8537.6;8839.8;8312.9;8571.8;6.9319
20241223 000000;8571.8;9311.7;8361.5;9029.1;10.0516
20241224 000000;9029.1;9563.8;8772.2;9340.5;19.3247
20241225 000000;9340.5;9412.3;8945.5;9214.7;10.2152
20241226 000000;9214.7;9257.4;8425.3;8537.2;7.0748
20241227 000000;8537.2;8993.1;8463.8;8533.5;14.1323
20241228 000000;8533.5;8886.6;8440;8786.5;6.2254
20241229 000000;8786.5;8798.2;8216.8;8337.8;4.9719
20241230 000000;8337.8;8653.9;8144.6;8267.6;13.701
20241231 000000;8267.6;8416.5;7927.6;8007.2;19.9386
