20230622 000000;6350.14273;6637.29455;6294.64561;6319.25451;4.9536
20230623 000000;6319.25451;6473.0882;6192.64025;6432.17325;8.8346
20230624 000000;6432.17325;6625.77698;6265.29786;6298.3973;5.0257
20230625 000000;6298.3973;6755.5721;6290.8739;6582.77837;4.3132
20230626 000000;6582.77837;6582.77854;6182.94343;6301.59125;3.1634
20230627 000000;6301.59125;6480;6299.74068;6420.99689;3.3663
20230628 000000;6420.99689;6425.42845;5972.35947;6112.77769;2.9026
20230629 000000;6112.77769;6372.4216;6082.02416;6319.33553;2.6989
20230630 000000;6319.33553;6656.94462;6108.75022;6635.42034;5.1
20230701 000000;6635.42034;6694.85297;6551.97108;6642.07897;3.0992
20230702 000000;6642.07897;7288.75512;6493.12929;7256.8256;3.7742
20230703 000000;7256.8256;7399.78286;6928.67185;6948.37354;3.0697
20230704 000000;6948.37354;7031.37767;6738.02116;7001.32478;5.0056
20230705 000000;7001.32478;7176.91726;6766.79415;6916.89945;3.8958
20230706 000000;6916.89945;7249.61813;6694.8372;6694.83767;6.738
20230707 000000;6694.83767;6946.74108;6674.56608;6941.22035;6.7571
20230708 000000;6941.22035;7209.45028;6923.39533;7072.94053;6.0585
20230709 000000;7072.94053;7281.09915;6940.74303;6947.38467;4.3188
20230710 000000;6947.38467;7124.65267;6820.18043;7028.63884;5.5371
20230711 000000;7028.63884;7065.93806;6734.65245;6922.52832;6.3512
20230712 000000;6922.52832;7037.84225;6822.32916;6883.45529;3.2335
20230713 000000;6883.45529;7346.52051;6883.45502;7345.00018;7.1115
20230714 000000;7345.00018;7448.63377;6698.15043;6968.23015;5.2384
20230715 000000;6968.23015;7114.87726;6930.55446;7054.88192;3.7127
20230716 000000;7054.88192;7107.53871;6899.99928;6934.6358;3.3536
20230717 000000;6934.6358;7124.83931;6847.65036;6994.18875;2.5263
20230718 000000;6994.18875;7045.43475;6787.75758;6864.23682;3.8268
20230719 000000;6864.23682;6957.56539;6864.23273;6878.00081;3.9677
20230720 000000;6878.00081;7036.57505;6708.48808;6873.48064;3.9502
20230721 000000;6873.48064;6914.84228;6786.48001;6825.52518;3.7877
20230722 000000;6825.52518;6927.67447;6645.51223;6691.2586;2.8629
20230723 000000;6691.2586;6788.99361;6579.79137;6672.55719;3.6808
20230724 000000;6672.55719;6746.14586;6312.26724;6488.47912;3.4678
20230725 000000;6488.47912;6562.48169;6421.26429;6507.96935;4.6446
20230726 000000;6507.96935;6895;6430;6766.26955;4.7476
20230727 000000;6766.26955;6968.3522;6766.26791;6922.90113;3.2577
20230728 000000;6922.90113;7075.5;6922.89796;7031.67758;7.4177
20230729 000000;7031.67758;7085;6944.73995;7005.65922;2.9225
20230730 000000;7005.65922;7037.08832;6616.4374;6748.22083;3.2336
20230731 000000;6748.22083;6892.72594;6638.47309;6695.51454;2.8283
20230801 000000;6695.51454;6757.29166;6508.18291;6757.28727;4.1836
20230802 000000;6757.28727;6855.43733;6246.85167;6425.56798;2.8267
20230803 000000;6425.56798;6451.14787;6204.50626;6300.00095;4.1035
20230804 000000;6300.00095;6450.19511;6130.29599;6209.03783;7.0887
20230805 000000;6209.03783;6263.54346;6016.33302;6243.96311;3.2334
20230806 000000;6243.96311;6470.5235;6226.68002;6392.85645;4.057
20230807 000000;6392.85645;6497.16319;6280.37761;6405.55487;2.8446
20230808 000000;6405.55487;6508.39341;6250.81;6459.25841;2.8376
20230809 000000;6459.25841;6462.54665;6097.23964;6325.5555;8.531
20230810 000000;6325.5555;6362.56709;6082.77856;6338.61961;7.6876
20230811 000000;6338.61961;6360.00006;6208.3507;6283.70974;3.7639
20230812 000000;6283.70974;6312.12908;6172.995;6309.63691;2.9405
20230813 000000;6309.63691;6323.90765;6180.58526;6250.72971;2.9792
20230814 000000;6250.72971;6335.80973;6162.16009;6200.0042;2.9632
20230815 000000;6200.0042;6278.99997;5621.82527;5917.02612;8.8339
20230816 000000;5917.02612;5958.04505;5573.09177;5723.01623;6.5448
20230817 000000;5723.01623;5810.00093;4630.09802;5348.99994;16.3299
20230818 000000;5348.99994;5508.99996;5345.999;5472.99992;7.0414
20230819 000000;5472.99992;5745.42476;5472.99934;5643.27968;12.8754
20230820 000000;5643.27968;5711.00078;5551.99993;5696.99913;5.5241
20230821 000000;5696.99913;5724.00007;5468.99994;5575.99993;3.4515
20230822 000000;5575.99993;5629.00007;5360.99999;5551.00061;3.6667
20230823 000000;5551.00061;5715.00011;5454.99921;5676.00024;3.5421
20230824 000000;5676.00024;5738.00034;5574.99993;5658.08367;4.0616
20230825 000000;5658.08367;5774.11052;5532.96568;5761.0001;5.3762
20230826 000000;5761.0001;5771.00126;5580.61458;5580.61525;5.2988
20230827 000000;5580.61525;5897.98547;5578.99865;5812.25226;3.2319
20230828 000000;5812.25226;5823.37489;5681.53214;5710.99912;2.9925
20230829 000000;5710.99912;5835.00006;5494.99994;5730.00009;7.2208
20230830 000000;5730.00009;5797.00007;5625.99933;5653.00094;2.9629
20230831 000000;5653.00094;5686.00019;5391.99997;5522.00007;3.492
20230901 000000;5522.00007;5549.00133;5349.9999;5479.00107;3.2263
20230902 000000;5479.00107;5526.00006;5427.99915;5457.99952;3.2528
20230903 000000;5457.99952;5481.00075;5383.99972;5414.99978;3.4127
20230904 000000;5414.99978;5486.00086;5295.99926;5361.36357;3.1313
20230905 000000;5361.36357;5492.00002;5317.99987;5428.00103;4.568
20230906 000000;5428.00103;5478.34985;5333;5403.00028;3.1372
20230907 000000;5403.00028;5473.00007;5341.99975;5451.99999;9.9081
20230908 000000;5451.99999;5498.00056;5344.99998;5396.00047;3.1075
20230909 000000;5396.00047;5418.00052;5379.99731;5391.00006;3.4568
20230910 000000;5391.00006;5392.00048;5202.52941;5267.00008;3.3362
20230911 000000;5267.00008;5288.00026;5016.99995;5110.00008;8.2909
20230912 000000;5110.00008;5320.0001;5093.9997;5185.00003;6.7702
20230913 000000;5185.00003;5355.00013;5160.99984;5304.99688;6.7534
20230914 000000;5304.99688;5397.00002;5281.99923;5360.00003;5.3316
20230915 000000;5360.00003;5527.00071;5347.99994;5521.00001;3.0036
20230916 000000;5521.00001;5608.00053;5468.9997;5525.00004;3.1408
20230917 000000;5525.00004;5531.00003;5339.56816;5373.00072;3.1427
20230918 000000;5373.00072;5563.17457;5334.99995;5448.99973;5.6391
20230919 000000;5448.99973;5493.00022;5389.99995;5457.99931;3.7722
20230920 000000;5457.99931;5493.00061;5272.99934;5347.99943;5.2933
20230921 000000;5347.99943;5383.00143;5096.99991;5105.99994;8.9927
20230922 000000;5105.99994;5193.00003;5062.99992;5152.00096;5.5865
20230923 000000;5152.00096;5190.99999;5101.99902;5171.00013;6.7855
20230924 000000;5171.00013;5188.00009;5103.99993;5115.00014;6.5128
20230925 000000;5115.00014;5256.00139;5068.99994;5230.99989;7.6902
20230926 000000;5230.99989;5268.00093;5078.31325;5196.00001;5.2251
20230927 000000;5196.00001;5320.00004;5150.99996;5167.99771;8.305
20230928 000000;5167.99771;5285.00006;5157.99953;5238.99506;6.5042
20230929 000000;5238.99506;5271.00003;5158.99991;5191.0048;6.1554
20230930 000000;5191.0048;5246.00005;5183.99876;5240.00044;5.3649
20231001 000000;5240.00044;5610;5235.99797;5556.99998;8.8553
20231002 000000;5556.99998;5579.00006;5226.99973;5240.99993;10.0924
20231003 000000;5240.99993;5315.00197;5203.99937;5221.00106;7.2527
20231004 000000;5221.00106;5292.00092;5083.99997;5274.00093;8.361
20231005 000000;5274.00093;5383.23553;5261.99898;5314.99926;5.1501
20231006 000000;5314.99926;5344.0011;5207.99969;5325.00006;5.4471
20231007 000000;5325.00006;5458.00008;5325.00006;5437.00027;8.6897
20231008 000000;5437.00027;5486.00005;5303.99995;5304.00006;6.0681
20231009 000000;5304.00006;5393.00061;5113.99996;5207.00108;5.1792
20231010 000000;5207.00108;5249.00007;5170.00005;5188.00045;6.5967
20231011 000000;5188.00045;5188.0005;5051.99993;5119.00056;5.8864
20231012 000000;5119.00056;5152.0006;5033.99914;5065.00044;5.5156
20231013 000000;5065.00044;5175.00135;5065.00044;5113.00048;6.3059
20231014 000000;5113.00048;5137.00041;5077.99822;5113.99891;5.9876
20231015 000000;5113.99891;5137.00561;5054.99874;5067.00174;5.8756
20231016 000000;5067.00174;5277.00002;5067.00174;5163.99996;10.755
20231017 000000;5163.99996;5167.00135;5042.99998;5090.99975;6.3756
20231018 000000;5090.99975;5142.00003;4995.99945;5002.00072;6.4567
20231019 000000;5002.00072;5012.00085;4815.99993;4900.99907;6.3927
20231020 000000;4900.99907;5048.00014;4900.99907;5023.00057;9.5964
20231021 000000;5023.00057;5362.00053;5011.99992;5253.002;10.6729
20231022 000000;5253.002;5418.00021;5206.99995;5401.99968;9.7213
20231023 000000;5401.99968;6098.99996;5306.00003;5891.00013;14.4458
20231024 000000;5891.00013;6044.46249;5672.00008;5759.99983;7.3378
20231025 000000;5759.99983;5912.00004;5630.99975;5808.0003;4.8949
20231026 000000;5808.0003;5973.00008;5623.99994;5791.00049;5.143
20231027 000000;5791.00049;5791.00163;5564.99965;5610.99993;5.0599
20231028 000000;5610.99993;5751.00011;5609.99996;5673.00012;5.6085
20231029 000000;5673.00012;5907.00008;5607.99993;5859.00018;6.4907
20231030 000000;5859.00018;6025.00015;5788.99986;5896.0008;12.3374
20231031 000000;5896.0008;5972.00004;5551.99986;5672.99958;9.7486
20231101 000000;5672.99958;5866.00146;5530.00003;5820.00023;6.7286
20231102 000000;5820.00023;5993.86085;5617.99966;5694.99994;7.6661
20231103 000000;5694.99994;5697.00006;5535.39593;5678.00035;6.6606
20231104 000000;5678.00035;5824.00004;5635.99912;5746.00025;7.259
20231105 000000;5746.00025;6067.0005;5728.99923;5967.99919;7.1496
20231106 000000;5967.99919;6252.00004;5830.99993;6144.99912;21.1836
20231107 000000;6144.99912;6154.00052;5784.99992;5965.9999;7.8105
20231108 000000;5965.9999;6331.99999;5924.99991;6287.00003;9.348
20231109 000000;6287.00003;6854.00002;5669.24802;6694.00007;16.6067
20231110 000000;6694.00007;8042.6534;6558.68225;7833.00001;31.4952
20231111 000000;7833.00001;9234.00005;7671.99946;8902.00004;57.5221
20231112 000000;8902.00004;9558.99998;8441.25483;9281.99989;27.41
20231113 000000;9281.99989;11060.99995;9216.99962;9886.99998;41.2739
20231114 000000;9886.99998;10852.00005;9629.78924;10251.99995;46.2835
20231115 000000;10251.99995;12283.99995;10153.99952;11758.99969;53.9804
20231116 000000;11758.99969;14626.99997;11657.99996;14266.99954;122.5074
20231117 000000;14266.99954;15687.67199;13545.00003;14526.00009;26.1711
20231118 000000;14526.00009;14526.00024;8361.00002;9625.40565;144.4406
20231119 000000;9625.40565;9625.40604;8660.00004;8885.62903;22.4693
20231120 000000;8885.62903;9156.00165;8198.00003;8221.00079;26.1453
20231121 000000;8221.00079;8553.99998;7534;7547.00023;22.442
20231122 000000;7547.00023;8453.00004;7539.99995;8259.00008;21.4062
20231123 000000;8259.00008;8734.00003;8203.99945;8584.00008;42.7721
20231124 000000;8584.00008;8965.00006;8534.99993;8676.99997;24.1378
20231125 000000;8676.99997;9100.00027;8607.00002;8800.01097;23.2266
20231126 000000;8800.01097;8980.2714;8318.00111;8539.99007;12.5091
20231127 000000;8539.99007;8611.99995;8115.02043;8380.00008;5.8693
20231128 000000;8380.00008;8625.3687;8132.34552;8399.63852;6.8974
20231129 000000;8399.63852;8509.99469;8133.34504;8228.00292;58.6542
20231130 000000;8228.00292;8413.8038;8142.25511;8231.94036;5.2958
20231201 000000;8231.94036;8537.025;8167.99506;8420.18262;16.3409
20231202 000000;8420.18262;8966.78001;8420.18262;8689.72949;9.5472
20231203 000000;8689.72949;8797.59364;8374.90709;8726.90208;7.4908
20231204 000000;8726.90208;8990;8250;8716.26482;24.3086
20231205 000000;8716.26482;8858.70891;8337.00004;8596.75294;11.0063
20231206 000000;8596.75294;8806.75977;8387.0011;8446.27234;10.1119
20231207 000000;8446.27234;8692.54421;8362.26802;8545.3265;9.1545
20231208 000000;8545.3265;9700;8407.96;9258.24015;23.2881
20231209 000000;9258.24015;9646.005;8917.99995;9020.00005;13.728
20231210 000000;9020.00005;9339.99995;8873;9286.00033;10.5768
20231211 000000;9286.00033;9351.00053;8128.57504;8448.00033;32.5433
20231212 000000;8448.00033;8583.00006;8193.99983;8457.99997;9.6295
20231213 000000;8457.99997;8662.00008;8122.33355;8570.99993;16.7446
20231214 000000;8570.99993;8615.00044;8214.00004;8532.99998;9.8211
20231215 000000;8532.99998;8533.00005;8114.99995;8141.00008;5.2669
20231216 000000;8141.00008;8711.99999;8093.99994;8624.00007;14.2527
20231217 000000;8624.00007;8668.99999;8197.99994;8229.00002;8.3773
20231218 000000;8229.00002;8302.705;7631.47521;8230.00004;9.9939
20231219 000000;8230.00004;8460.00019;8120.99993;8289.99982;7.5157
20231220 000000;8289.99982;8533.00001;8193.99995;8320.00004;10.0062
20231221 000000;8320.00004;8529.99999;8257.99994;8393.00074;11.9149
20231222 000000;8393.00074;8530;8200.00045;8529.99744;13.9624
20231223 000000;8529.99744;8728.00006;8120;8433.00004;12.7486
20231224 000000;8433.00004;8491.00009;8114.00005;8304.00002;12.1661
20231225 000000;8304.00002;8655.00018;8205.99999;8513.99963;16.4491
20231226 000000;8513.99963;8656;7732.00003;8159.9987;23.3655
20231227 000000;8159.9987;8799.50214;7873.7737;8396.99955;14.6186
20231228 000000;8396.99955;8663.00006;8154.952;8311.00046;6.4106
20231229 000000;8311.00046;8670;8075.99998;8219.99949;7.9517
20231230 000000;8219.99949;8267.0008;7798.08719;8194.99975;14.0952
20231231 000000;8194.99975;8303.00008;7931.99992;8075.00034;11.6344
