20260101 000000;3263.6;3329.5;3222.1;3322.9;42.9965
20260102 000000;3322.9;3631;3310.9;3597.6;92.778
20260103 000000;3597.6;3781.9;3562.9;3694.9;114.1869
20260104 000000;3694.9;3744.2;3668.1;3691.4;66.9292
20260105 000000;3691.4;3813.8;3637.5;3766.1;78.263
20260106 000000;3766.1;3838.6;3660.7;3822.1;71.5919
20260107 000000;3822.1;3822.1;3617.1;3665.8;55.1221
20260108 000000;3665.8;3683;3473.9;3530.6;53.8126
20260109 000000;3530.6;3607.1;3455;3488;102.6861
20260110 000000;3488;3489.3;3422.9;3435.7;42.2589
20260111 000000;3435.7;3472;3341;3396.5;57.1113
20260112 000000;3396.5;3456;3320.9;3354.3;65.5875
20260113 000000;3354.3;3665.5;3354.3;3605.4;82.6397
20260114 000000;3605.4;3648.1;3542.9;3596;89.6932
20260115 000000;3596;3605.1;3447.4;3474.1;70.5863
20260116 000000;3474.1;3489.5;3356.5;3478.6;85.8991
20260117 000000;3478.6;3811.2;3437.3;3661.4;145.409
20260118 000000;3661.4;3690.5;3518.4;3518.5;70.3036
20260119 000000;3518.5;3571.5;3270;3495.8;136.0055
20260120 000000;3495.8;3514;3270;3318.1;85.5528
20260121 000000;3318.1;3453.1;3316.3;3384.4;68.683
20260122 000000;3384.4;3450.9;3325.8;3372.7;45.5713
20260123 000000;3372.7;3431.5;3310.8;3348.3;66.8187
20260124 000000;3348.3;3374.2;3313.9;3335.6;47.4097
20260125 000000;3335.6;3364.7;3187.8;3222.8;84.8514
20260126 000000;3222.8;3371.4;3220.1;3357;62.5355
20260127 000000;3357;3401.1;3305;3380.7;43.2185
20260128 000000;3380.7;3392.7;3256.7;3258.1;47.929
20260129 000000;3258.1;3263.9;3084.3;3216.7;94.06
20260130 000000;3216.7;3233.9;3033.5;3102.3;104.2592
20260131 000000;3102.3;3116.3;2570.4;2859.8;195.063
20260201 000000;2859.8;2926.7;2717.5;2764.3;94.1241
20260202 000000;2764.3;2979.1;2687.1;2925;140.9679
20260203 000000;2925;2951.1;2732.8;2848.3;116.7246
20260204 000000;2848.3;2930.5;2737.7;2773.3;124.3487
20260205 000000;2773.3;2802.2;2488.9;2524.6;297.3578
20260206 000000;2524.6;3058.6;2298.2;2960.5;226.2051
20260207 000000;2960.5;3048.9;2857.8;2975.3;80.8207
20260208 000000;2975.3;3147.3;2962.8;3057.7;80.634
20260209 000000;3057.7;3103.9;2956.6;3053.7;57.6308
20260210 000000;3053.7;3116.2;2991.4;3020.8;67.101
20260211 000000;3020.8;3077;2932.5;3013;70.2556
20260212 000000;3013;3137.4;2940.1;3006.2;56.2332
20260213 000000;3006.2;3118.8;2967.8;3086.9;51.0937
20260214 000000;3086.9;3112.7;2842.8;2865.4;280.8993
20260215 000000;2865.4;3135.9;2805.8;2857;169.2823
20260216 000000;2857;2946.4;2827.9;2883.6;70.4387
20260217 000000;2883.6;2904.8;2817.9;2848.1;57.9336
20260218 000000;2848.1;2902.1;2800.1;2821.4;72.5168
20260219 000000;2821.4;2854.6;2738.9;2793.5;82.5219
20260220 000000;2793.5;2876.9;2769.8;2859.3;77.0658
20260221 000000;2859.3;2864;2815.7;2832;49.9186
20260222 000000;2832;2838.4;2769.8;2806.3;49.457
20260223 000000;2806.3;2819.3;2663.7;2706.3;112.8823
20260224 000000;2706.3;2726.4;2601.8;2650.4;81.4772
20260225 000000;2650.4;2893.2;2637.5;2803.5;123.1806
20260226 000000;2803.5;2817.1;2680;2753.3;120.5473
20260227 000000;2753.3;2837.9;2577.3;2615.1;112.6123
20260228 000000;2615.1;2661.2;2510.7;2637.6;119.2833
20260301 000000;2637.6;2755;2546.2;2592.7;98.9442
20260302 000000;2592.7;2765.7;2592.7;2713.9;141.3696
20260303 000000;2713.9;2717.3;2593;2634.6;79.0758
20260304 000000;2634.6;2805.7;2592.9;2711.9;117.023
20260305 000000;2711.9;2734.2;2586.1;2612.9;87.5331
20260306 000000;2612.9;2649.4;2537.7;2579.4;62.4477
20260307 000000;2579.4;2584.1;2449;2477.3;63.8735
20260308 000000;2477.3;2526.2;2443.4;2461.7;67.9826
20260309 000000;2461.7;2554.9;2461.3;2497.7;81.607
20260310 000000;2497.7;2557.7;2476.9;2502.8;64.2932
20260311 000000;2502.8;2551.1;2493.6;2544.7;52.7399
20260312 000000;2544.7;2551.2;2489.8;2529.8;52.8856
20260313 000000;2529.8;2680.9;2524.9;2561;94.1555
20260314 000000;2561;2622;2513;2576.3;60.7439
20260315 000000;2576.3;2635.3;2551;2612.7;55.9935
20260316 000000;2612.7;2743.1;2607.9;2706.8;68.6583
20260317 000000;2706.8;2755.2;2661.8;2729.4;59.6664
20260318 000000;2729.4;2800;2642;2777;90.8526
20260319 000000;2777;2799.2;2693.6;2736.9;71.0529
20260320 000000;2736.9;2774.7;2719;2754.9;39.0782
20260321 000000;2754.9;2766.4;2601.7;2613.3;38.1824
20260322 000000;2613.3;2646.5;2500;2541.8;67.8296
20260323 000000;2541.8;2650.1;2498.1;2643.5;54.4797
20260324 000000;2643.5;2646.8;2561.1;2613.8;42.5294
20260325 000000;2613.8;2664;2595.1;2628.5;44.7408
20260326 000000;2628.5;2665.4;2517;2537.3;62.9499
20260327 000000;2537.3;2567.2;2461.1;2476.2;63.0807
20260328 000000;2476.2;2500.9;2398.9;2419.3;58.2415
20260329 000000;2419.3;2434.6;2349.1;2384.2;55.5647
20260330 000000;2384.2;2501;2381.5;2442.5;44.2995
20260331 000000;2442.5;2494.2;2429.9;2491.1;43.8924
20260401 000000;2491.1;2532.2;2437.3;2454.9;80.5727
20260402 000000;2454.9;2480;2362.9;2414.4;69.7787
20260403 000000;2414.4;2496.7;2403.9;2466.7;50.3005
20260404 000000;2466.7;2484.5;2439;2478.3;36.1401
20260405 000000;2478.3;2479.1;2392.9;2425.4;41.8061
20260406 000000;2425.4;2529.6;2425.4;2458.4;72.348
20260407 000000;2458.4;2566;2408.3;2554.2;51.0647
20260408 000000;2554.2;2565.6;2493.1;2499.3;48.3731
20260409 000000;2499.3;2548.1;2472;2511.5;49.1232
20260410 000000;2511.5;2596.8;2486.7;2585;47.5535
20260411 000000;2585;2595.3;2528.7;2564.7;39.2131
20260412 000000;2564.7;2567.9;2500.9;2504.7;41.8815
20260413 000000;2504.7;2611;2488.9;2603.1;50.2469
20260414 000000;2603.1;2608.1;2531.7;2549.8;33.9022
20260415 000000;2549.8;2745.2;2539.8;2687.3;31.1293
20260416 000000;2687.3;2751.3;2638.1;2745.4;23.6123
20260417 000000;2745.4;2800;2704.9;2785.6;23.0301
20260418 000000;2785.6;2791.2;2675;2699.3;21.7027
20260419 000000;2699.3;2733;2624.6;2624.9;20.782
20260420 000000;2624.9;2850.2;2620;2756.8;23.4997
20260421 000000;2756.8;2817.2;2741.9;2800.3;19.941
20260422 000000;2800.3;2879;2782.2;2806.3;26.8288
20260423 000000;2806.3;2808;2726.7;2751.1;24.55
20260424 000000;2751.1;2771.8;2687.2;2727;21.9958
20260425 000000;2727;2783.2;2718;2742.7;22.9548
20260426 000000;2742.7;2777;2716.1;2761.7;20.0952
20260427 000000;2761.7;2785;2699.7;2745.8;27.0484
20260428 000000;2745.8;2756.2;2706;2733.1;21.9276
20260429 000000;2733.1;2774.2;2628.5;2691.4;21.5915
20260430 000000;2691.4;2706.9;2628.5;2639.2;22.7226
20260501 000000;2639.2;2675.3;2612.9;2630.7;23.9867
20260502 000000;2630.7;2672;2618.9;2657.4;23.5201
20260503 000000;2657.4;2658;2616.9;2623.2;21.5702
20260504 000000;2623.2;2785.1;2601.8;2731;25.0497
20260505 000000;2731;2773.6;2716.4;2734.8;22.4887
20260506 000000;2734.8;2780.2;2725;2750.5;23.1324
20260507 000000;2750.5;2751.2;2676.8;2700.9;24.9063
20260508 000000;2700.9;2796.9;2675.6;2778;24.3423
20260509 000000;2778;2801.1;2711.1;2727.5;22.5149
20260510 000000;2727.5;2898.2;2704;2834.9;24.3761
20260511 000000;2834.9;2838.1;2764.8;2812.9;20.8185
20260512 000000;2812.9;2819.1;2722.1;2744.9;24.2287
20260513 000000;2744.9;2795.7;2668.2;2694.2;21.8666
20260514 000000;2694.2;2737.4;2671.2;2693;28.6981
20260515 000000;2693;2716.3;2571.7;2605.2;27.8945
20260516 000000;2605.2;2623.1;2473.1;2519.3;32.1264
20260517 000000;2519.3;2543.2;2404.5;2463.6;21.8701
20260518 000000;2463.6;2511.3;2446.6;2498.3;24.6393
20260519 000000;2498.3;2509.9;2450.7;2469.1;26.7535
20260520 000000;2469.1;2513.1;2456.8;2495.1;33.0014
20260521 000000;2495.1;2539.3;2489.3;2514.7;22.009
20260522 000000;2514.7;2540.5;2447.5;2455.2;25.9268
20260523 000000;2455.2;2538.3;2400;2513.1;29.3668
20260524 000000;2513.1;2523.2;2418.8;2452.8;24.3561
20260525 000000;2452.8;2560.3;2445.3;2503.7;25.3165
20260526 000000;2503.7;2536.8;2424.9;2452.3;25.6092
20260527 000000;2452.3;2459.8;2381.8;2393;23.2513
20260528 000000;2393;2400;2252.4;2274.7;30.0476
20260529 000000;2274.7;2291.5;2214.8;2267.7;32.644
20260530 000000;2267.7;2313.3;2266.7;2301.9;27.699
20260531 000000;2301.9;2322.3;2258.9;2303.3;25.3844
20260601 000000;2303.3;2364;2266;2311;24.3839
20260602 000000;2311;2317.8;2115.3;2130.3;35.4471
20260603 000000;2130.3;2195;2065;2122.9;30.4384
20260604 000000;2122.9;2137.6;1940.6;2025.3;28.1272
20260605 000000;2025.3;2032.1;1718.5;1779.3;41.9323
20260606 000000;1779.3;1808;1686.9;1777.1;40.3554
20260607 000000;1777.1;1904.7;1776.6;1879;39.6288
20260608 000000;1879;2005.1;1842.7;1938.7;37.895
20260609 000000;1938.7;1969.4;1851.3;1877.9;31.1668
20260610 000000;1877.9;1914;1802.7;1835.2;33.942
20260611 000000;1835.2;1911.3;1832.3;1883.7;36.5594
20260612 000000;1883.7;1932.2;1868.8;1887.6;40.0127
20260613 000000;1887.6;1913.2;1877;1903.9;32.7395
20260614 000000;1903.9;1939.3;1857.9;1923;32.7288
20260615 000000;1923;2129;1905.7;2054.8;33.9135
20260616 000000;2054.8;2059.2;1949.8;1982.1;34.9934
20260617 000000;1982.1;2009.5;1907.7;1932.4;29.0726
20260618 000000;1932.4;1946.9;1824.7;1860.5;30.8241
20260619 000000;1860.5;1871.3;1815.1;1858.1;33.4758
20260620 000000;1858.1;1874.7;1824.6;1843.2;23.1306
