20260101 000000;0.008245;0.008888;0.008172;0.008725;15065146.9
20260102 000000;0.008725;0.008969;0.008506;0.008888;14954794.21
20260103 000000;0.008888;0.008969;0.008559;0.008862;14698247.66
20260104 000000;0.008862;0.010259;0.00886;0.009603;30274380.22
20260105 000000;0.009603;0.009744;0.009194;0.009594;14351487.48
20260106 000000;0.009594;0.009837;0.009106;0.009584;12965287.15
20260107 000000;0.009584;0.009589;0.008915;0.009043;9053768.51
20260108 000000;0.009043;0.009179;0.00865;0.009025;10603003.36
20260109 000000;0.009025;0.009219;0.00883;0.008948;9543577.08
20260110 000000;0.008948;0.009105;0.008832;0.008868;8134336.55
20260111 000000;0.008868;0.009026;0.008636;0.008788;7761114.29
20260112 000000;0.008788;0.008976;0.008523;0.008622;8176419.29
20260113 000000;0.008622;0.009834;0.0086;0.009834;16403280.22
20260114 000000;0.009834;0.01057;0.009544;0.009645;23644286.89
20260115 000000;0.009645;0.010178;0.009169;0.009426;19853173.11
20260116 000000;0.009426;0.010539;0.009269;0.010283;32403481.65
20260117 000000;0.010283;0.011363;0.010036;0.010156;34537521.53
20260118 000000;0.010156;0.0105;0.009632;0.009637;17340658.25
20260119 000000;0.009637;0.009637;0.008487;0.009126;20846371.91
20260120 000000;0.009126;0.009626;0.008296;0.00849;40527359.18
20260121 000000;0.00849;0.009013;0.008288;0.008595;20454761.53
20260122 000000;0.008595;0.009222;0.008328;0.008387;25722938.3
20260123 000000;0.008387;0.008653;0.008098;0.008215;19324377.48
20260124 000000;0.008215;0.008282;0.007984;0.008156;12115355.14
20260125 000000;0.008156;0.008285;0.007406;0.007616;17336365.8
20260126 000000;0.007616;0.008142;0.00755;0.007977;14906125.91
20260127 000000;0.007977;0.008122;0.007715;0.007956;14427561.68
20260128 000000;0.007956;0.007998;0.007732;0.007806;11349797.01
20260129 000000;0.007806;0.007851;0.006985;0.007301;16784217.15
20260130 000000;0.007301;0.007428;0.00701;0.007368;14987963.41
20260131 000000;0.007368;0.007382;0.005686;0.006409;32228292.44
20260201 000000;0.006409;0.006661;0.006183;0.0063;23846618.81
20260202 000000;0.0063;0.006563;0.006069;0.006392;22708781.76
20260203 000000;0.006392;0.0065;0.005923;0.006206;20102694.11
20260204 000000;0.006206;0.006353;0.00591;0.006101;19916777.27
20260205 000000;0.006101;0.006172;0.005058;0.005138;50078449.92
20260206 000000;0.005138;0.005862;0.004581;0.005719;37239993.38
20260207 000000;0.005719;0.005794;0.005468;0.005694;21337755.14
20260208 000000;0.005694;0.005712;0.005386;0.005451;15732527.27
20260209 000000;0.005451;0.005618;0.005315;0.005425;20759073.26
20260210 000000;0.005425;0.005467;0.005209;0.005265;17512016.94
20260211 000000;0.005265;0.005409;0.005072;0.005357;23753621.29
20260212 000000;0.005357;0.005711;0.005353;0.005476;20503743.33
20260213 000000;0.005476;0.005609;0.005232;0.005539;18988886.76
20260214 000000;0.005539;0.005849;0.005497;0.00575;14377915.41
20260215 000000;0.00575;0.005783;0.005358;0.005505;18365479.86
20260216 000000;0.005505;0.005688;0.005389;0.005583;14497862.75
20260217 000000;0.005583;0.005598;0.005407;0.005447;13655788.15
20260218 000000;0.005447;0.005542;0.005235;0.005294;13829188.42
20260219 000000;0.005294;0.005374;0.005068;0.005189;16072698.72
20260220 000000;0.005189;0.005312;0.005095;0.005254;14921485.37
20260221 000000;0.005254;0.005526;0.005254;0.005324;15190288.64
20260222 000000;0.005324;0.005333;0.004994;0.005075;14069261.31
20260223 000000;0.005075;0.00509;0.004731;0.0049;32846767.83
20260224 000000;0.0049;0.004999;0.004758;0.004925;21250025.83
20260225 000000;0.004925;0.005331;0.004925;0.005175;19478556.54
20260226 000000;0.005175;0.005245;0.005001;0.00509;18241469.06
20260227 000000;0.00509;0.005834;0.004837;0.004946;33261423.66
20260228 000000;0.004946;0.004994;0.004513;0.004968;28773114.67
20260301 000000;0.004968;0.00516;0.004681;0.004795;17811729.54
20260302 000000;0.004795;0.005091;0.004703;0.00491;14945749.11
20260303 000000;0.00491;0.005239;0.004863;0.005097;17352643.27
20260304 000000;0.005097;0.005333;0.005;0.005225;15682390.79
20260305 000000;0.005225;0.005533;0.005155;0.005457;17547533.98
20260306 000000;0.005457;0.005835;0.005211;0.005351;19927894.08
20260307 000000;0.005351;0.005357;0.004989;0.005031;12119383.21
20260308 000000;0.005031;0.005228;0.004913;0.005126;14762311.73
20260309 000000;0.005126;0.00553;0.005;0.005015;20567288.22
20260310 000000;0.005015;0.009826;0.00498;0.009058;187281931.82
20260311 000000;0.009058;0.018618;0.008538;0.014483;286223553.89
20260312 000000;0.014483;0.014931;0.009737;0.010694;165774208.66
20260313 000000;0.010694;0.016927;0.010482;0.01281;214434501.85
20260314 000000;0.01281;0.0139;0.010806;0.012161;114533370.23
20260315 000000;0.012161;0.013833;0.011289;0.011591;100601676.89
20260316 000000;0.011591;0.01192;0.010328;0.010409;86458057.63
20260317 000000;0.010409;0.010711;0.009367;0.009378;69512408.94
20260318 000000;0.009378;0.011543;0.008173;0.00897;153206866.54
20260319 000000;0.00897;0.0099;0.008836;0.00903;82393958.61
20260320 000000;0.00903;0.0108;0.008943;0.009523;54249320.32
20260321 000000;0.009523;0.010554;0.008677;0.00876;76024968.31
20260322 000000;0.00876;0.00928;0.0086;0.008649;31818309.2
20260323 000000;0.008649;0.009472;0.008565;0.009168;39219710.47
20260324 000000;0.009168;0.009185;0.008578;0.008705;21607919.64
20260325 000000;0.008705;0.00888;0.00807;0.008182;16325643.14
20260326 000000;0.008182;0.008729;0.007772;0.00832;19024727.73
20260327 000000;0.00832;0.010302;0.008153;0.008966;65411167.45
20260328 000000;0.008966;0.00913;0.008156;0.00826;27771508.3
20260329 000000;0.00826;0.008662;0.007562;0.007674;15139377.53
20260330 000000;0.007674;0.008131;0.007626;0.007888;23394397.69
20260331 000000;0.007888;0.0088;0.007813;0.008135;31181556.31
20260401 000000;0.008135;0.008171;0.00783;0.00796;14887776.86
20260402 000000;0.00796;0.008062;0.006776;0.007054;23221196.29
20260403 000000;0.007054;0.007054;0.006572;0.006618;14184809.92
20260404 000000;0.006618;0.00671;0.006304;0.006476;14393183.35
20260405 000000;0.006476;0.008063;0.006338;0.006504;57797279.96
20260406 000000;0.006504;0.00674;0.006198;0.006273;70150630.72
20260407 000000;0.006273;0.0076;0.00626;0.007045;38551452.96
20260408 000000;0.007045;0.007131;0.006646;0.006688;17090314.03
20260409 000000;0.006688;0.008121;0.006656;0.008042;28985601.71
20260410 000000;0.008042;0.00825;0.007201;0.007296;41545906.79
20260411 000000;0.007296;0.007307;0.006743;0.006969;16105528.64
20260412 000000;0.006969;0.008223;0.006871;0.007023;28367265.13
20260413 000000;0.007023;0.007873;0.006929;0.007779;15504057.93
20260414 000000;0.007779;0.008599;0.007457;0.008078;14777716.29
20260415 000000;0.008078;0.008681;0.007742;0.007765;9151843.27
20260416 000000;0.007765;0.008747;0.007752;0.008603;9227842.24
20260417 000000;0.008603;0.008634;0.00808;0.008135;11548411.36
20260418 000000;0.008135;0.009314;0.00775;0.00775;18125928.8
20260419 000000;0.00775;0.00782;0.007102;0.007121;9541874.06
20260420 000000;0.007121;0.007629;0.007098;0.007441;9724725.13
20260421 000000;0.007441;0.00773;0.0074;0.007568;8392193.66
20260422 000000;0.007568;0.007753;0.007471;0.007497;11230427.73
20260423 000000;0.007497;0.00766;0.007351;0.00757;8670034.46
20260424 000000;0.00757;0.00812;0.007511;0.007896;9116118.59
20260425 000000;0.007896;0.00862;0.00787;0.008135;14548436.38
20260426 000000;0.008135;0.008555;0.007936;0.008227;10441454.66
20260427 000000;0.008227;0.008582;0.008072;0.008217;8319655.32
20260428 000000;0.008217;0.008648;0.008153;0.008351;13278097.99
20260429 000000;0.008351;0.008632;0.007868;0.008147;8910308.96
20260430 000000;0.008147;0.00828;0.007991;0.008144;7344943.06
20260501 000000;0.008144;0.00822;0.007769;0.007803;8188047.32
20260502 000000;0.007803;0.007988;0.00776;0.007861;8354046.45
20260503 000000;0.007861;0.007968;0.00777;0.007779;7881578.91
20260504 000000;0.007779;0.007977;0.007603;0.007778;7851678.38
20260505 000000;0.007778;0.008103;0.007773;0.008045;10327717.86
20260506 000000;0.008045;0.00843;0.008044;0.008326;9029947.89
20260507 000000;0.008326;0.00878;0.00806;0.008087;10022963.4
20260508 000000;0.008087;0.008567;0.007987;0.008541;9125988.88
20260509 000000;0.008541;0.0088;0.008416;0.008466;8224236.79
20260510 000000;0.008466;0.008708;0.008342;0.008543;7063745.55
20260511 000000;0.008543;0.009192;0.008348;0.008978;10959040.16
20260512 000000;0.008978;0.009238;0.008609;0.008768;9860191.24
20260513 000000;0.008768;0.008952;0.008087;0.008294;7407048.02
20260514 000000;0.008294;0.008386;0.008053;0.008183;7426118.54
20260515 000000;0.008183;0.008267;0.007538;0.007557;8414564.08
20260516 000000;0.007557;0.007584;0.007108;0.007294;9451812.77
20260517 000000;0.007294;0.007375;0.00667;0.006845;9363888.04
20260518 000000;0.006845;0.00713;0.006555;0.006998;14047735.34
20260519 000000;0.006998;0.00702;0.006743;0.006781;9734872.49
20260520 000000;0.006781;0.006915;0.006705;0.006815;8904767.6
20260521 000000;0.006815;0.007064;0.006735;0.006939;12158969.92
20260522 000000;0.006939;0.00733;0.006715;0.006753;8926963.98
20260523 000000;0.006753;0.007237;0.006523;0.007113;9416283.47
20260524 000000;0.007113;0.007118;0.006646;0.006776;8665803.61
20260525 000000;0.006776;0.007009;0.006775;0.006855;9919408.56
20260526 000000;0.006855;0.006867;0.006547;0.006634;9757365.38
20260527 000000;0.006634;0.006876;0.00656;0.006594;9749983.9
20260528 000000;0.006594;0.006724;0.006203;0.006554;9102557.12
20260529 000000;0.006554;0.00673;0.00643;0.006617;8915994.41
20260530 000000;0.006617;0.00708;0.0066;0.00683;8767260.92
20260531 000000;0.00683;0.007568;0.006651;0.007258;11782264.14
20260601 000000;0.007258;0.007493;0.006966;0.007259;12728044.23
20260602 000000;0.007259;0.007271;0.006406;0.006532;9400575.24
20260603 000000;0.006532;0.006957;0.006524;0.006735;9128087.67
20260604 000000;0.006735;0.006797;0.005864;0.005993;10082977.81
20260605 000000;0.005993;0.006024;0.005116;0.005318;12692604.02
20260606 000000;0.005318;0.005448;0.004913;0.005374;12832887.34
20260607 000000;0.005374;0.005551;0.005191;0.005404;10328625.64
20260608 000000;0.005404;0.005494;0.005261;0.005363;10574244.97
20260609 000000;0.005363;0.005369;0.005141;0.005244;10647873.44
20260610 000000;0.005244;0.005281;0.004956;0.005084;11395207.81
20260611 000000;0.005084;0.00553;0.005084;0.00543;11528431.11
20260612 000000;0.00543;0.005511;0.005346;0.00547;10726526.69
20260613 000000;0.00547;0.005586;0.005392;0.005501;11322119.12
20260614 000000;0.005501;0.005648;0.005383;0.005624;10822473.65
20260615 000000;0.005624;0.005857;0.005591;0.005696;10267200.13
20260616 000000;0.005696;0.005791;0.005566;0.005686;9873128.61
20260617 000000;0.005686;0.005831;0.005474;0.005566;10026097.56
20260618 000000;0.005566;0.005597;0.005141;0.005285;11926168.25
20260619 000000;0.005285;0.005318;0.005146;0.005216;10638804.56
20260620 000000;0.005216;0.005898;0.005163;0.005618;9115236.76
