20240219 000000;0.1;1;0.1;0.5461;29267518.6
20240220 000000;0.5461;0.6174;0.4839;0.5155;25412173.89
20240221 000000;0.5155;0.547;0.4812;0.5176;10018569.8
20240222 000000;0.5176;0.5673;0.4903;0.5233;9352233.33
20240223 000000;0.5233;0.5495;0.4911;0.5014;3760855.58
20240224 000000;0.5014;0.53;0.4811;0.5198;1983156.14
20240225 000000;0.5198;0.5874;0.503;0.5634;3421700.26
20240226 000000;0.5634;0.6448;0.5572;0.5693;5160271.2
20240227 000000;0.5693;0.6034;0.5418;0.5602;3947656.4
20240228 000000;0.5602;0.5677;0.45;0.5089;5805886.51
20240229 000000;0.5089;0.5342;0.4712;0.4892;17452072.15
20240301 000000;0.4892;0.5239;0.4854;0.5146;4337217.13
20240302 000000;0.5146;0.56;0.4984;0.5402;4225771.8
20240303 000000;0.5402;0.5959;0.5;0.5374;4858379.04
20240304 000000;0.5374;0.5509;0.5017;0.512;2910507.56
20240305 000000;0.512;0.584;0.4525;0.542;5495586.71
20240306 000000;0.542;0.6276;0.5275;0.5942;5017448.06
20240307 000000;0.5942;0.6776;0.5703;0.6263;4478825.25
20240308 000000;0.6263;0.6368;0.55;0.6063;3500765.57
20240309 000000;0.6063;0.9049;0.5967;0.861;6819832.82
20240310 000000;0.861;0.9498;0.8262;0.9066;5230867.02
20240311 000000;0.9066;1.079;0.8281;0.836;4392754.66
20240312 000000;0.836;0.9018;0.795;0.8541;3574706.25
20240313 000000;0.8541;0.88;0.7714;0.7934;2670348.21
20240314 000000;0.7934;0.8029;0.7249;0.7804;2596052.67
20240315 000000;0.7804;0.7933;0.655;0.7391;2686467
20240316 000000;0.7391;0.8371;0.6979;0.7517;3626596.19
20240317 000000;0.7517;0.796;0.6695;0.7579;2789600.43
20240318 000000;0.7579;0.7579;0.6772;0.6859;1829861.55
20240319 000000;0.6859;0.6952;0.5948;0.6367;2437790.08
20240320 000000;0.6367;0.763;0.6153;0.7399;2777476.16
20240321 000000;0.7399;0.78;0.7195;0.7428;2203835.63
20240322 000000;0.7428;0.8076;0.7026;0.7265;2011354.26
20240323 000000;0.7265;0.8189;0.7192;0.7928;2050244.87
20240324 000000;0.7928;0.8185;0.7415;0.776;1339837.99
20240325 000000;0.776;0.848;0.7652;0.8394;2305392.03
20240326 000000;0.8394;0.858;0.7761;0.8036;1985528.54
20240327 000000;0.8036;0.8197;0.7415;0.7531;1803273.14
20240328 000000;0.7531;0.7873;0.7307;0.7657;1822676.74
20240329 000000;0.7657;0.7658;0.7234;0.7432;992454.67
20240330 000000;0.7432;0.773;0.7256;0.7342;1029011.97
20240331 000000;0.7342;0.753;0.726;0.7421;831354.02
20240401 000000;0.7421;0.7631;0.6658;0.6903;1161422.24
20240402 000000;0.6903;0.6936;0.6297;0.6431;1000506.62
20240403 000000;0.6431;0.6701;0.608;0.6263;962918.86
20240404 000000;0.6263;0.6626;0.6086;0.6476;931259
20240405 000000;0.6476;0.6477;0.5985;0.6364;1176548.19
20240406 000000;0.6364;0.6921;0.632;0.6475;1045979.51
20240407 000000;0.6475;0.6692;0.6439;0.6615;877860.57
20240408 000000;0.6615;0.6859;0.6345;0.6791;1093098.58
20240409 000000;0.6791;0.69;0.621;0.6261;1053204.59
20240410 000000;0.6261;0.6629;0.6007;0.6503;1225348.15
20240411 000000;0.6503;0.7315;0.63;0.6321;1736088.92
20240412 000000;0.6321;0.65;0.4578;0.4928;2936190.07
20240413 000000;0.4928;0.515;0.3278;0.4096;3743359.96
20240414 000000;0.4096;0.464;0.3822;0.452;2120341.18
20240415 000000;0.452;0.4713;0.3929;0.4121;2192004.87
20240416 000000;0.4121;0.4226;0.3844;0.4076;1449870.54
20240417 000000;0.4076;0.4139;0.3663;0.392;1907644.02
20240418 000000;0.392;0.4114;0.3809;0.4047;1306866.07
20240419 000000;0.4047;0.4333;0.3745;0.417;1483900.73
20240420 000000;0.417;0.479;0.4076;0.4677;1671819.66
20240421 000000;0.4677;0.4845;0.4518;0.4659;1591122.56
20240422 000000;0.4659;0.5075;0.4659;0.4833;2446812.41
20240423 000000;0.4833;0.4935;0.47;0.4787;684415.71
20240424 000000;0.4787;0.5234;0.44;0.4456;1959639.88
20240425 000000;0.4456;0.4659;0.4247;0.4496;1695562.87
20240426 000000;0.4496;0.4526;0.4231;0.4277;702300.84
20240427 000000;0.4277;0.4372;0.4052;0.4354;879284.32
20240428 000000;0.4354;0.45;0.4223;0.4256;690291.14
20240429 000000;0.4256;0.4315;0.4011;0.4177;609393.46
20240430 000000;0.4177;0.4261;0.3798;0.4006;907462.47
20240501 000000;0.4006;0.4123;0.368;0.4011;1132897.44
20240502 000000;0.4011;0.413;0.3843;0.4044;678577.69
20240503 000000;0.4044;0.4337;0.3984;0.426;735117.84
20240504 000000;0.426;0.4383;0.4234;0.4254;1017522.02
20240505 000000;0.4254;0.4464;0.408;0.4369;1150418.66
20240506 000000;0.4369;0.4547;0.4106;0.4111;867024.46
20240507 000000;0.4111;0.4198;0.3828;0.3855;409936.38
20240508 000000;0.3855;0.3894;0.375;0.3787;1009760.05
20240509 000000;0.3787;0.398;0.3643;0.3917;726003.91
20240510 000000;0.3917;0.3974;0.3663;0.3759;1408403.94
20240511 000000;0.3759;0.384;0.369;0.3736;392793.62
20240512 000000;0.3736;0.3931;0.3722;0.3755;580002.15
20240513 000000;0.3755;0.3781;0.3386;0.3518;1704770.61
20240514 000000;0.3518;0.353;0.3308;0.3352;987026.02
20240515 000000;0.3352;0.377;0.3297;0.3707;988175.19
20240516 000000;0.3707;0.377;0.3438;0.35;780024.06
20240517 000000;0.35;0.37;0.3441;0.363;854335.96
20240518 000000;0.363;0.3778;0.3575;0.3641;774927.55
20240519 000000;0.3641;0.3737;0.3362;0.34;675210.95
20240520 000000;0.34;0.3835;0.3304;0.3808;1101048.89
20240521 000000;0.3808;0.3932;0.369;0.3874;1121809.12
20240522 000000;0.3874;0.401;0.3655;0.3726;1656561.8
20240523 000000;0.3726;0.3814;0.3442;0.3667;1072068.27
20240524 000000;0.3667;0.3957;0.3655;0.3881;1109847.42
20240525 000000;0.3881;0.4116;0.3866;0.3944;964155.6
20240526 000000;0.3944;0.4068;0.3897;0.4003;984579.16
20240527 000000;0.4003;0.4381;0.3997;0.4298;1431100.44
20240528 000000;0.4298;0.4298;0.4018;0.4146;882299.89
20240529 000000;0.4146;0.4236;0.3953;0.4002;758964.62
20240530 000000;0.4002;0.4158;0.3845;0.4028;782830.14
20240531 000000;0.4028;0.427;0.3942;0.4166;956547.03
20240601 000000;0.4166;0.4733;0.4109;0.4624;1775962.42
20240602 000000;0.4624;0.5575;0.4595;0.5144;4564906.98
20240603 000000;0.5144;0.5453;0.4885;0.5081;2288740.98
20240604 000000;0.5081;0.5151;0.4822;0.4851;793276.64
20240605 000000;0.4851;0.5127;0.4817;0.4986;553063.11
20240606 000000;0.4986;0.5148;0.485;0.4882;1180186.19
20240607 000000;0.4882;0.5075;0.4;0.4408;1779199.58
20240608 000000;0.4408;0.444;0.405;0.4107;615111.74
20240609 000000;0.4107;0.4182;0.4016;0.4143;562654.68
20240610 000000;0.4143;0.4186;0.3915;0.394;783611.87
20240611 000000;0.394;0.3963;0.3607;0.3692;505563.39
20240612 000000;0.3692;0.4069;0.355;0.3899;499428.68
20240613 000000;0.3899;0.3933;0.3674;0.3696;365979.07
20240614 000000;0.3696;0.3814;0.3417;0.3615;476008.79
20240615 000000;0.3615;0.3746;0.3569;0.3602;297107.82
20240616 000000;0.3602;0.3658;0.351;0.3616;367054.81
20240617 000000;0.3616;0.3667;0.3131;0.3201;578892.93
20240618 000000;0.3201;0.3216;0.265;0.2807;1035523.51
20240619 000000;0.2807;0.2945;0.2758;0.2842;496374.53
20240620 000000;0.2842;0.306;0.2812;0.2867;715593.37
20240621 000000;0.2867;0.296;0.2765;0.2818;402010.47
20240622 000000;0.2818;0.2851;0.2745;0.2789;310750
20240623 000000;0.2789;0.288;0.2641;0.2676;264227.58
20240624 000000;0.2676;0.273;0.255;0.2702;745930.75
20240625 000000;0.2702;0.2809;0.2662;0.2759;440846.92
20240626 000000;0.2759;0.2826;0.2626;0.2647;332075.33
20240627 000000;0.2647;0.2764;0.2572;0.2709;561811.07
20240628 000000;0.2709;0.2756;0.2514;0.2522;393743.97
20240629 000000;0.2522;0.2574;0.2347;0.2353;1044532.84
20240630 000000;0.2353;0.2423;0.2292;0.2411;883519.3
20240701 000000;0.2411;0.2463;0.2323;0.2335;726645.3
20240702 000000;0.2335;0.2425;0.2305;0.2378;532363.45
20240703 000000;0.2378;0.2411;0.212;0.2142;607143.25
20240704 000000;0.2142;0.2166;0.1887;0.1902;531875.63
20240705 000000;0.1902;0.1908;0.16;0.1701;702648.91
20240706 000000;0.1701;0.1954;0.1683;0.1922;627436.84
20240707 000000;0.1922;0.2021;0.1848;0.1874;1990799.98
20240708 000000;0.1874;0.2065;0.1787;0.1983;875403.02
20240709 000000;0.1983;0.2019;0.1889;0.1934;700229.62
20240710 000000;0.1934;0.2025;0.1899;0.1956;626075.5
20240711 000000;0.1956;0.1984;0.1803;0.1812;906291.77
20240712 000000;0.1812;0.1894;0.1772;0.1856;1134747.31
20240713 000000;0.1856;0.192;0.184;0.1875;1142148.48
20240714 000000;0.1875;0.1945;0.1838;0.1926;827147.92
20240715 000000;0.1926;0.21;0.1917;0.2088;1893104.3
20240716 000000;0.2088;0.2167;0.198;0.2119;1514153.59
20240717 000000;0.2119;0.236;0.2117;0.2255;7248262.33
20240718 000000;0.2255;0.2402;0.2161;0.2254;1039806.59
20240719 000000;0.2254;0.2334;0.213;0.2312;1230396.55
20240720 000000;0.2312;0.2365;0.2248;0.2289;9230145.66
20240721 000000;0.2289;0.2343;0.2134;0.2328;992543.13
20240722 000000;0.2328;0.2362;0.2105;0.2119;704534.49
20240723 000000;0.2119;0.2187;0.2016;0.2034;675743.51
20240724 000000;0.2034;0.209;0.1922;0.1941;722594.51
20240725 000000;0.1941;0.1957;0.1778;0.1875;774088.49
20240726 000000;0.1875;0.2017;0.1867;0.2006;778543.76
20240727 000000;0.2006;0.2067;0.1941;0.2017;784585.59
20240728 000000;0.2017;0.2019;0.1873;0.1921;870491.36
20240729 000000;0.1921;0.2023;0.187;0.1874;727186.43
20240730 000000;0.1874;0.1921;0.1783;0.1807;605194.97
20240731 000000;0.1807;0.1879;0.1775;0.1786;649007.7
20240801 000000;0.1786;0.1814;0.1575;0.1732;1324417.84
20240802 000000;0.1732;0.175;0.1528;0.1543;789173.2
20240803 000000;0.1543;0.1567;0.1372;0.1418;644474.62
20240804 000000;0.1418;0.147;0.1268;0.1324;1344727.47
20240805 000000;0.1324;0.1339;0.1029;0.119;3125189.87
20240806 000000;0.119;0.1325;0.1189;0.1301;1056403.4
20240807 000000;0.1301;0.1375;0.1245;0.1266;1069647.2
20240808 000000;0.1266;0.1426;0.1248;0.1418;863494.87
20240809 000000;0.1418;0.1429;0.1239;0.1326;1570588.89
20240810 000000;0.1326;0.1361;0.1311;0.135;999512.35
20240811 000000;0.135;0.1379;0.1204;0.121;1209858.05
20240812 000000;0.121;0.1508;0.1207;0.1462;1525457.32
20240813 000000;0.1462;0.1462;0.1376;0.1417;1037963.53
20240814 000000;0.1417;0.1441;0.1354;0.1393;723144.84
20240815 000000;0.1393;0.15;0.1332;0.1345;1213462.67
20240816 000000;0.1345;0.1391;0.1271;0.1352;2056307.72
20240817 000000;0.1352;0.1444;0.1316;0.1432;926974.82
20240818 000000;0.1432;0.1616;0.138;0.1451;1934896.04
20240819 000000;0.1451;0.1524;0.1397;0.1443;1264078.1
20240820 000000;0.1443;0.1547;0.143;0.1509;2271183.83
20240821 000000;0.1509;0.1521;0.1411;0.1493;2419768.03
20240822 000000;0.1493;0.1495;0.1442;0.1465;1292702.51
20240823 000000;0.1465;0.1663;0.1463;0.164;1841210.84
20240824 000000;0.164;0.1763;0.1611;0.1707;2000742.07
20240825 000000;0.1707;0.172;0.1605;0.1654;1836438.31
20240826 000000;0.1654;0.1673;0.1495;0.1509;1844869.18
20240827 000000;0.1509;0.1587;0.138;0.1411;1927884.7
20240828 000000;0.1411;0.1439;0.1301;0.1353;3757573.97
20240829 000000;0.1353;0.1438;0.1332;0.1358;796168.24
20240830 000000;0.1358;0.1388;0.1277;0.1364;780767.15
20240831 000000;0.1364;0.1373;0.1298;0.1319;837195.21
20240901 000000;0.1319;0.1319;0.1233;0.1242;558218.91
20240902 000000;0.1242;0.1342;0.1238;0.1327;593153.95
20240903 000000;0.1327;0.135;0.1243;0.1244;600986.26
20240904 000000;0.1244;0.1317;0.117;0.1273;791347.5
20240905 000000;0.1273;0.1285;0.1224;0.1234;410792.73
20240906 000000;0.1234;0.1268;0.1132;0.118;835578
20240907 000000;0.118;0.123;0.1177;0.1201;790146.16
20240908 000000;0.1201;0.1275;0.1196;0.1252;392868.59
20240909 000000;0.1252;0.1327;0.1239;0.1306;604089.13
20240910 000000;0.1306;0.1332;0.1289;0.1311;1246100.29
20240911 000000;0.1311;0.1314;0.1229;0.1274;1054278.21
20240912 000000;0.1274;0.1368;0.1272;0.1362;643246.93
20240913 000000;0.1362;0.1414;0.1323;0.1377;2278678.6
20240914 000000;0.1377;0.1441;0.1325;0.1354;680132.63
20240915 000000;0.1354;0.1377;0.127;0.1284;846668.85
20240916 000000;0.1284;0.1297;0.1211;0.1224;733350.08
20240917 000000;0.1224;0.1288;0.1186;0.1263;1061540.17
20240918 000000;0.1263;0.1523;0.1245;0.1394;2418869.84
20240919 000000;0.1394;0.1484;0.1394;0.1428;1733736.65
20240920 000000;0.1428;0.1497;0.1383;0.1437;1649992.12
20240921 000000;0.1437;0.1513;0.142;0.1485;884197.31
20240922 000000;0.1485;0.1493;0.1344;0.1392;802219.43
20240923 000000;0.1392;0.1526;0.136;0.1506;1796542.56
20240924 000000;0.1506;0.1579;0.1456;0.1557;2437489.9
20240925 000000;0.1557;0.1627;0.1479;0.1492;1798285.11
20240926 000000;0.1492;0.1641;0.147;0.161;1883152.45
20240927 000000;0.161;0.174;0.1583;0.1684;2506433.83
20240928 000000;0.1684;0.1741;0.1608;0.1639;747302.27
20240929 000000;0.1639;0.1705;0.1554;0.1657;938117.95
20240930 000000;0.1657;0.1671;0.1523;0.154;841465.26
20241001 000000;0.154;0.1644;0.1303;0.1355;1301170.44
20241002 000000;0.1355;0.1431;0.1245;0.127;1317474.25
20241003 000000;0.127;0.1303;0.1193;0.1226;854915.6
20241004 000000;0.1226;0.1328;0.1218;0.1308;1464780.86
20241005 000000;0.1308;0.1336;0.1247;0.1291;1459694.48
20241006 000000;0.1291;0.1331;0.1267;0.1327;430181.25
20241007 000000;0.1327;0.1384;0.1296;0.1307;616821.36
20241008 000000;0.1307;0.1347;0.126;0.1279;586002.53
20241009 000000;0.1279;0.1306;0.12;0.1227;458783.95
20241010 000000;0.1227;0.126;0.1182;0.1226;689061.89
20241011 000000;0.1226;0.1346;0.1217;0.132;681444.72
20241012 000000;0.132;0.1376;0.13;0.1338;1758048.47
20241013 000000;0.1338;0.1348;0.1262;0.1332;1151600.74
20241014 000000;0.1332;0.1557;0.1308;0.1533;4182299.88
20241015 000000;0.1533;0.166;0.1471;0.1614;3085442.54
20241016 000000;0.1614;0.1625;0.1456;0.1469;1592137.82
20241017 000000;0.1469;0.1502;0.1375;0.1411;4181647.87
20241018 000000;0.1411;0.1473;0.1389;0.146;1647091.05
20241019 000000;0.146;0.1571;0.146;0.152;1674239.56
20241020 000000;0.152;0.1634;0.1477;0.1608;2491254.26
20241021 000000;0.1608;0.1666;0.1521;0.1543;1091422.02
20241022 000000;0.1543;0.2;0.1533;0.1829;3812224.89
20241023 000000;0.1829;0.1942;0.1637;0.1711;3290084.69
20241024 000000;0.1711;0.1756;0.1634;0.17;1888947.51
20241025 000000;0.17;0.1801;0.1485;0.1542;1709221.76
20241026 000000;0.1542;0.1639;0.1494;0.1549;1872067.39
20241027 000000;0.1549;0.1565;0.1484;0.1514;1550976.76
20241028 000000;0.1514;0.1523;0.1382;0.1483;1736255.32
20241029 000000;0.1483;0.184;0.1474;0.1833;3042114.96
20241030 000000;0.1833;0.193;0.1797;0.1866;2999237.72
20241031 000000;0.1866;0.1879;0.166;0.1668;1621854.53
20241101 000000;0.1668;0.1732;0.1569;0.1605;1406732.03
20241102 000000;0.1605;0.1633;0.1504;0.1528;2024464.59
20241103 000000;0.1528;0.1539;0.1342;0.1411;1736806.28
20241104 000000;0.1411;0.1476;0.1325;0.1374;1672950.95
20241105 000000;0.1374;0.15;0.137;0.1449;2045252.63
20241106 000000;0.1449;0.1693;0.1448;0.1663;2632638.12
20241107 000000;0.1663;0.1749;0.1616;0.167;1830942.47
20241108 000000;0.167;0.1706;0.1579;0.1641;1356846.15
20241109 000000;0.1641;0.1887;0.1603;0.1877;2305060.52
20241110 000000;0.1877;0.2093;0.1842;0.2011;4716614.55
20241111 000000;0.2011;0.2143;0.193;0.2139;2891477.6
20241112 000000;0.2139;0.2139;0.1811;0.1937;2750375.23
20241113 000000;0.1937;0.1973;0.1731;0.1865;1866764.46
20241114 000000;0.1865;0.2035;0.18;0.1882;2472982.49
20241115 000000;0.1882;0.1963;0.1801;0.1932;2831406.79
20241116 000000;0.1932;0.2239;0.1921;0.2161;3811142.58
20241117 000000;0.2161;0.2161;0.1939;0.1986;1903898.1
20241118 000000;0.1986;0.2107;0.1953;0.2087;1737352.05
20241119 000000;0.2087;0.2087;0.1882;0.1956;915416.49
20241120 000000;0.1956;0.1959;0.1763;0.1792;1069848.07
20241121 000000;0.1792;0.1983;0.1709;0.195;1756344.22
20241122 000000;0.195;0.1999;0.1845;0.1994;1056737.09
20241123 000000;0.1994;0.2198;0.1971;0.2142;1902877.47
20241124 000000;0.2142;0.2582;0.2127;0.2532;3786745.91
20241125 000000;0.2532;0.2532;0.2222;0.2313;1853241.16
20241126 000000;0.2313;0.2379;0.2049;0.2165;1509402.57
20241127 000000;0.2165;0.2412;0.212;0.2391;1421429.89
20241128 000000;0.2391;0.2449;0.2276;0.2399;1365536.79
20241129 000000;0.2399;0.2502;0.232;0.2465;1270325.19
20241130 000000;0.2465;0.263;0.2419;0.2558;1383814.61
20241201 000000;0.2558;0.2659;0.2467;0.2593;1472216.42
20241202 000000;0.2593;0.2672;0.2311;0.2648;1402932.15
20241203 000000;0.2648;0.278;0.245;0.2741;1759966.75
20241204 000000;0.2741;0.2952;0.2699;0.2785;2482258.55
20241205 000000;0.2785;0.2865;0.2632;0.2746;1553931.38
20241206 000000;0.2746;0.3051;0.2722;0.2893;2147165.99
20241207 000000;0.2893;0.2948;0.2832;0.2873;867079.74
20241208 000000;0.2873;0.2939;0.2737;0.2862;892919.29
20241209 000000;0.2862;0.2863;0.1909;0.2267;1965087.53
20241210 000000;0.2267;0.234;0.1982;0.2201;2248196.46
20241211 000000;0.2201;0.2441;0.2101;0.241;1047118.84
20241212 000000;0.241;0.2582;0.2377;0.2408;1528828.02
20241213 000000;0.2408;0.2457;0.2314;0.2376;602077.42
20241214 000000;0.2376;0.2421;0.2177;0.2242;868568.67
20241215 000000;0.2242;0.2318;0.215;0.2303;759607.03
20241216 000000;0.2303;0.2386;0.215;0.2256;881739.51
20241217 000000;0.2256;0.2261;0.2062;0.2091;799909.86
20241218 000000;0.2091;0.2106;0.18;0.1888;1184225.14
20241219 000000;0.1888;0.1896;0.1606;0.1665;1479565.23
20241220 000000;0.1665;0.1751;0.1435;0.1706;1686473.87
20241221 000000;0.1706;0.1849;0.1552;0.158;2090511.57
20241222 000000;0.158;0.1625;0.1508;0.1561;1030705.17
20241223 000000;0.1561;0.1735;0.1517;0.1695;1432943.93
20241224 000000;0.1695;0.1746;0.1635;0.1718;1269261.81
20241225 000000;0.1718;0.1737;0.1626;0.166;1265723.7
20241226 000000;0.166;0.1687;0.1521;0.1546;1162602.44
20241227 000000;0.1546;0.1712;0.1537;0.1595;1186782.63
20241228 000000;0.1595;0.1685;0.156;0.1659;904936.67
20241229 000000;0.1659;0.1673;0.1562;0.1583;795643.75
20241230 000000;0.1583;0.1648;0.1514;0.1572;1024916.76
20241231 000000;0.1572;0.1609;0.1501;0.1546;821215.87
