20260101 000000;0.00503;0.00519;0.00462;0.00514;27072073.39
20260102 000000;0.00514;0.00588;0.00504;0.00553;33180617.71
20260103 000000;0.00553;0.00749;0.0055;0.00738;20931522.2
20260104 000000;0.00738;0.00966;0.00733;0.00838;29714831.2
20260105 000000;0.00838;0.0105;0.00774;0.00887;15258307.73
20260106 000000;0.00887;0.00965;0.00747;0.00857;12089277.73
20260107 000000;0.00857;0.00873;0.0076;0.00785;7821139.01
20260108 000000;0.00785;0.00795;0.00712;0.00729;10528702.71
20260109 000000;0.00729;0.00751;0.00679;0.00722;7463653.81
20260110 000000;0.00722;0.0075;0.0069;0.00714;8651543.75
20260111 000000;0.00714;0.00792;0.00683;0.00748;8408427.59
20260112 000000;0.00748;0.00787;0.00726;0.00741;6563928.27
20260113 000000;0.00741;0.00835;0.00733;0.00809;6991267.64
20260114 000000;0.00809;0.00831;0.0078;0.00791;2210626.53
20260115 000000;0.00791;0.00791;0.0074;0.00747;5616035.67
20260116 000000;0.00747;0.00761;0.00705;0.00741;6578053.57
20260117 000000;0.00741;0.00742;0.00672;0.007;6415302.36
20260118 000000;0.007;0.00718;0.00604;0.00606;6337739.58
20260119 000000;0.00606;0.00668;0.00549;0.00646;11114199.6
20260120 000000;0.00646;0.0065;0.00548;0.00576;13241835.94
20260121 000000;0.00576;0.00637;0.00476;0.00604;12751788.34
20260122 000000;0.00604;0.00611;0.00537;0.00552;13221730.23
20260123 000000;0.00552;0.00578;0.00538;0.0055;12328905.16
20260124 000000;0.0055;0.00568;0.0053;0.00538;12288915.41
20260125 000000;0.00538;0.00545;0.00493;0.00512;16007111.62
20260126 000000;0.00512;0.00575;0.00511;0.00569;16389718.47
20260127 000000;0.00569;0.00574;0.00534;0.00541;13195948.31
20260128 000000;0.00541;0.00545;0.00516;0.00527;17193183.33
20260129 000000;0.00527;0.00535;0.00487;0.00505;18569878.33
20260130 000000;0.00505;0.00531;0.00489;0.00513;19335092.38
20260131 000000;0.00513;0.0052;0.00423;0.00453;10859811.05
20260201 000000;0.00453;0.00467;0.00397;0.00414;9111651.68
20260202 000000;0.00414;0.0047;0.00401;0.00435;8506869.03
20260203 000000;0.00435;0.00435;0.00398;0.00403;7752433.5
20260204 000000;0.00403;0.00411;0.0039;0.00393;5935857
20260205 000000;0.00393;0.00399;0.00315;0.00323;4721189.09
20260206 000000;0.00323;0.00434;0.0031;0.0041;7322394.81
20260207 000000;0.0041;0.0041;0.00357;0.00382;3616141.46
20260208 000000;0.00382;0.00407;0.00375;0.00386;7790687.48
20260209 000000;0.00386;0.0039;0.00365;0.00376;6736161.88
20260210 000000;0.00376;0.00376;0.00337;0.0035;3424840.78
20260211 000000;0.0035;0.00353;0.00315;0.00338;4250653.74
20260212 000000;0.00338;0.0037;0.00336;0.00358;5111606.68
20260213 000000;0.00358;0.00394;0.0035;0.00378;5644288.79
20260214 000000;0.00378;0.004;0.00338;0.00387;9502057.52
20260215 000000;0.00387;0.00392;0.00336;0.00355;9071110.86
20260216 000000;0.00355;0.00387;0.0035;0.00384;8559870.19
20260217 000000;0.00384;0.00387;0.00341;0.00346;8165885.74
20260218 000000;0.00346;0.0037;0.00339;0.00342;3987457.43
20260219 000000;0.00342;0.00351;0.00332;0.00337;1485163.36
20260220 000000;0.00337;0.0035;0.00337;0.00344;1929437.61
20260221 000000;0.00344;0.00364;0.0031;0.00345;4242745.23
20260222 000000;0.00345;0.00351;0.0033;0.00338;1528675.03
20260223 000000;0.00338;0.0034;0.0031;0.00322;1718692.39
20260224 000000;0.00322;0.00335;0.00303;0.00319;2112465.5
20260225 000000;0.00319;0.00387;0.003;0.00356;2123263.4
20260226 000000;0.00356;0.00365;0.00337;0.00355;1210280.14
20260227 000000;0.00355;0.00369;0.00333;0.00343;990855.72
20260228 000000;0.00343;0.00349;0.00318;0.00343;1529418.63
20260301 000000;0.00343;0.00361;0.00334;0.00344;1360338.21
20260302 000000;0.00344;0.0037;0.00341;0.00363;1528479.98
20260303 000000;0.00363;0.0037;0.0033;0.00345;2707611.59
20260304 000000;0.00345;0.00371;0.00336;0.00345;1261492.57
20260305 000000;0.00345;0.00354;0.00336;0.00339;1400207.49
20260306 000000;0.00339;0.0035;0.0032;0.00334;593011.59
20260307 000000;0.00334;0.00342;0.0032;0.00337;939424.96
20260308 000000;0.00337;0.00342;0.00329;0.00333;841884.43
20260309 000000;0.00333;0.0037;0.00333;0.00364;594391.51
20260310 000000;0.00364;0.00384;0.00356;0.00356;366107.76
20260311 000000;0.00356;0.00393;0.0035;0.00387;849551.82
20260312 000000;0.00387;0.00401;0.00369;0.00397;540614.49
20260313 000000;0.00397;0.00412;0.00371;0.00384;695543.88
20260314 000000;0.00384;0.00387;0.00368;0.00384;43977342.74
20260315 000000;0.00384;0.0039;0.00363;0.00373;31720627
20260316 000000;0.00373;0.00404;0.00371;0.00404;40301185.22
20260317 000000;0.00404;0.00408;0.00385;0.00393;43933161.93
20260318 000000;0.00393;0.00397;0.0035;0.00358;39763146.33
20260319 000000;0.00358;0.00358;0.00304;0.00319;35094154.36
20260320 000000;0.00319;0.00339;0.0027;0.00306;48298756.23
20260321 000000;0.00306;0.00329;0.00301;0.00314;18147041.38
20260322 000000;0.00314;0.00314;0.0027;0.00299;11405332.28
20260323 000000;0.00299;0.0032;0.00292;0.00299;5181294.27
20260324 000000;0.00299;0.00314;0.00281;0.00292;887377.98
20260325 000000;0.00292;0.00336;0.00292;0.00335;1149275.57
20260326 000000;0.00335;0.00349;0.00299;0.00309;2687780.14
20260327 000000;0.00309;0.00325;0.00281;0.00282;1300303.5
20260328 000000;0.00282;0.00295;0.00281;0.00287;1610918.18
20260329 000000;0.00287;0.00287;0.00261;0.00267;1045695.62
20260330 000000;0.00267;0.00279;0.00262;0.00274;2341746.03
20260331 000000;0.00274;0.00278;0.00268;0.00268;1444289.76
20260401 000000;0.00268;0.00346;0.00268;0.0032;3221845.97
20260402 000000;0.0032;0.0032;0.00284;0.00295;1131623.68
20260403 000000;0.00295;0.00338;0.00288;0.00314;2655633.06
20260404 000000;0.00314;0.00343;0.00299;0.00304;1373087.39
20260405 000000;0.00304;0.00379;0.00296;0.0035;2462653.87
20260406 000000;0.0035;0.00373;0.00347;0.0035;530835.53
20260407 000000;0.0035;0.00357;0.00285;0.00357;2534433.72
20260408 000000;0.00357;0.00359;0.00296;0.00316;5257114.34
20260409 000000;0.00316;0.00325;0.00305;0.00325;1946987.81
20260410 000000;0.00325;0.0033;0.00303;0.00316;2576507.3
20260411 000000;0.00316;0.00357;0.0031;0.00344;2318506.93
20260412 000000;0.00344;0.00356;0.0031;0.00315;1274032.59
20260413 000000;0.00315;0.0033;0.00298;0.0033;2159801.88
20260414 000000;0.0033;0.00334;0.00319;0.00326;2131561.7
20260415 000000;0.00326;0.0034;0.00318;0.0034;537550.79
20260416 000000;0.0034;0.00349;0.00284;0.00324;2178819.11
20260417 000000;0.00324;0.00335;0.00315;0.00329;2425756.01
20260418 000000;0.00329;0.00333;0.00308;0.00318;1949538.82
20260419 000000;0.00318;0.00319;0.00306;0.0031;1090886.33
20260420 000000;0.0031;0.00321;0.0031;0.00314;1254190.57
20260421 000000;0.00314;0.00315;0.00302;0.00305;1051873.63
20260422 000000;0.00305;0.00463;0.00305;0.00361;6247956.39
20260423 000000;0.00361;0.00677;0.00359;0.0056;8820790.27
20260424 000000;0.0056;0.00677;0.0037;0.00441;5370460.79
20260425 000000;0.00441;0.00454;0.00388;0.00409;2270273.8
20260426 000000;0.00409;0.00429;0.00389;0.00389;2132676.22
20260427 000000;0.00389;0.00409;0.0037;0.00373;1748035.26
20260428 000000;0.00373;0.00437;0.00354;0.00432;1501776.59
20260429 000000;0.00432;0.00445;0.00302;0.00375;2202131.5
20260430 000000;0.00375;0.00401;0.00355;0.0039;423241.2
20260501 000000;0.0039;0.00423;0.00382;0.00388;370185.8
20260502 000000;0.00388;0.00429;0.00385;0.00427;292546.42
20260503 000000;0.00427;0.00435;0.00412;0.00432;697899.22
20260504 000000;0.00432;0.00432;0.00403;0.00404;1055258.1
20260505 000000;0.00404;0.0045;0.00395;0.00442;1240229.28
20260506 000000;0.00442;0.00515;0.00442;0.0048;2574068.9
20260507 000000;0.0048;0.0053;0.0046;0.00477;2682042.7
20260508 000000;0.00477;0.0053;0.0046;0.00514;1686816.56
20260509 000000;0.00514;0.00579;0.00512;0.00572;2115114.79
20260510 000000;0.00572;0.0075;0.00524;0.00715;3705203.63
20260511 000000;0.00715;0.00784;0.00669;0.006909;1632758.49
20260512 000000;0.006909;0.007141;0.006192;0.006326;638232
20260513 000000;0.006326;0.006601;0.00598;0.00598;498465.73
20260514 000000;0.00598;0.00612;0.005688;0.005865;1141727.51
20260515 000000;0.005865;0.005884;0.005249;0.005353;889892.07
20260516 000000;0.005353;0.00545;0.004659;0.004865;668918.15
20260517 000000;0.004865;0.005023;0.0046;0.0046;559572.5
20260518 000000;0.0046;0.004755;0.004578;0.004647;322002.38
20260519 000000;0.004647;0.004803;0.004507;0.004575;355105.76
20260520 000000;0.004575;0.004602;0.004315;0.004468;578531.3
20260521 000000;0.004468;0.005201;0.004468;0.00499;1002954.39
20260522 000000;0.00499;0.005085;0.00444;0.004628;2898728.34
20260523 000000;0.004628;0.004844;0.004343;0.004646;583709.51
20260524 000000;0.004646;0.004782;0.0046;0.0046;349086.17
20260525 000000;0.0046;0.004816;0.0046;0.004754;126123.04
20260526 000000;0.004754;0.004904;0.004551;0.00459;586660.37
20260527 000000;0.00459;0.00486;0.004354;0.004394;944284.38
20260528 000000;0.004394;0.004394;0.004021;0.004102;1554193.86
20260529 000000;0.004102;0.004135;0.003907;0.004;1135782.2
20260530 000000;0.004;0.004139;0.00386;0.004139;621538.23
20260531 000000;0.004139;0.004139;0.003819;0.003997;1264348.51
20260601 000000;0.003997;0.003997;0.003426;0.003877;1307306.23
20260602 000000;0.003877;0.003877;0.0034;0.0034;263324.24
20260603 000000;0.0034;0.003623;0.003385;0.003516;693440.61
20260604 000000;0.003516;0.00353;0.003126;0.003126;1065653.96
20260605 000000;0.003126;0.00315;0.002856;0.003061;3351538.85
20260606 000000;0.003061;0.003245;0.002989;0.003208;480738.89
20260607 000000;0.003208;0.003723;0.003208;0.003555;1014204.04
20260608 000000;0.003555;0.003698;0.003512;0.003593;265123.55
20260609 000000;0.003593;0.003593;0.003407;0.003534;458185.14
20260610 000000;0.003534;0.003699;0.003503;0.00352;191616.49
20260611 000000;0.00352;0.004066;0.00352;0.003996;126735.34
20260612 000000;0.003996;0.0041;0.003933;0.004031;547232.71
20260613 000000;0.004031;0.00414;0.003958;0.003958;197140.05
20260614 000000;0.003958;0.0042;0.003431;0.0042;1722293.47
20260615 000000;0.0042;0.004307;0.004131;0.004223;385853.18
20260616 000000;0.004223;0.004223;0.004027;0.004202;593970.13
20260617 000000;0.004202;0.00431;0.004116;0.004117;173481.08
20260618 000000;0.004117;0.004117;0.003488;0.003618;358902.95
20260619 000000;0.003618;0.00366;0.003561;0.003596;165166.28
20260620 000000;0.003596;0.003615;0.003362;0.003492;474115.61
