20240101 000000;0.0000102434;0.0000135;0.0000102434;0.0000120099;2437541428
20240102 000000;0.0000120099;0.0000139;0.0000115008;0.0000118138;2560756738
20240103 000000;0.0000118138;0.0000127163;0.0000062;0.0000093413;6397132394
20240104 000000;0.0000093413;0.0000112499;0.0000087;0.0000107704;2633819680
20240105 000000;0.0000107704;0.0000112494;0.0000084;0.0000095984;3075682067
20240106 000000;0.0000095984;0.0000106;0.0000088;0.0000093248;3139965957
20240107 000000;0.0000093248;0.0000094446;0.0000075122;0.0000082321;7211446540
20240108 000000;0.0000082321;0.0000090009;0.0000068769;0.0000078794;8831623100
20240109 000000;0.0000078794;0.00001;0.0000069378;0.0000078232;7599111645
20240110 000000;0.0000078232;0.0000125;0.0000077047;0.0000106171;7940683548
20240111 000000;0.0000106171;0.0000122866;0.000010031;0.0000112358;6174464138
20240112 000000;0.0000112358;0.0000119993;0.0000090009;0.0000094743;6373725161
20240113 000000;0.0000094743;0.0000104917;0.0000082706;0.0000091995;6940924648
20240114 000000;0.0000091995;0.00001178;0.0000091846;0.000011435;6248860188
20240115 000000;0.000011435;0.000011435;0.000009;0.0000093505;4365607843
20240116 000000;0.0000093505;0.0000101;0.0000087144;0.0000094358;6364639076
20240117 000000;0.0000094358;0.000015;0.0000092511;0.0000139812;9035604884
20240118 000000;0.0000139812;0.0000178702;0.0000126649;0.0000137607;12473224558
20240119 000000;0.0000137607;0.000014617;0.0000118;0.0000138001;6144141190
20240120 000000;0.0000138001;0.0000158345;0.0000129059;0.0000139122;3229412683
20240121 000000;0.0000139122;0.0000164905;0.0000124;0.0000133866;6936814841
20240122 000000;0.0000133866;0.0000144;0.0000117;0.0000135475;6771162058
20240123 000000;0.0000135475;0.0000159989;0.00001;0.0000139464;7168061796
20240124 000000;0.0000139464;0.0000172468;0.0000121002;0.0000169528;5738901193
20240125 000000;0.0000169528;0.0000201;0.000014072;0.0000164149;12051916778
20240126 000000;0.0000164149;0.0000206356;0.0000157011;0.0000186905;6127237037
20240127 000000;0.0000186905;0.000028;0.0000182;0.0000272388;8972240262
20240128 000000;0.0000272388;0.00002955;0.0000209325;0.0000230964;6456382632
20240129 000000;0.0000230964;0.0000258465;0.000019;0.0000210053;6948493247
20240130 000000;0.0000210053;0.0000221649;0.0000182;0.0000191683;4789525125
20240131 000000;0.0000191683;0.0000227167;0.0000183524;0.0000209969;3468686885
20240201 000000;0.0000209969;0.000026;0.000019;0.0000233514;3501922400
20240202 000000;0.0000233514;0.0000233565;0.0000195;0.0000223024;5757526667
20240203 000000;0.0000223024;0.0000231127;0.0000177003;0.000019094;6020665184
20240204 000000;0.000019094;0.00002179;0.0000184337;0.0000215094;2376052537
20240205 000000;0.0000215094;0.0000231954;0.0000180935;0.0000230258;5871697130
20240206 000000;0.0000230258;0.000029;0.0000220049;0.0000252147;6122059999
20240207 000000;0.0000252147;0.0000289999;0.0000235;0.0000274092;3563475421
20240208 000000;0.0000274092;0.0000289179;0.0000214703;0.0000243393;3670965863
20240209 000000;0.0000243393;0.0000304869;0.0000221001;0.000028379;3652748983
20240210 000000;0.000028379;0.0000358;0.0000265024;0.000032;5687996645
20240211 000000;0.000032;0.0000355945;0.000024;0.0000343417;5806584065
20240212 000000;0.0000343417;0.0000355;0.0000278622;0.0000320307;6448867483
20240213 000000;0.0000320307;0.000036443;0.0000286;0.0000328781;7296225090
20240214 000000;0.0000328781;0.0000359938;0.0000309999;0.0000340332;5752143488
20240215 000000;0.0000340332;0.0000347495;0.0000305;0.0000311369;4618791917
20240216 000000;0.0000311369;0.0000344764;0.000026354;0.0000287296;5349745085
20240217 000000;0.0000287296;0.0000313;0.0000267536;0.0000303613;4454041100
20240218 000000;0.0000303613;0.0000314888;0.0000271;0.0000296886;3011833401
20240219 000000;0.0000296886;0.000030235;0.000026;0.0000285824;5890041132
20240220 000000;0.0000285824;0.0000288342;0.0000255642;0.0000271876;6165403327
20240221 000000;0.0000271876;0.000028;0.0000231543;0.0000255206;3674926038
20240222 000000;0.0000255206;0.0000265234;0.0000243;0.0000247918;4389994537
20240223 000000;0.0000247918;0.0000260337;0.000022;0.0000242481;5880686180
20240224 000000;0.0000242481;0.0000242792;0.0000201001;0.0000220173;6315964112
20240225 000000;0.0000220173;0.0000229145;0.0000195001;0.0000216887;6848061141
20240226 000000;0.0000216887;0.000029;0.00001901;0.0000264698;8472832871
20240227 000000;0.0000264698;0.0000319;0.0000239457;0.0000316134;8127573974
20240228 000000;0.0000316134;0.000035;0.000027;0.0000344616;14556976754
20240229 000000;0.0000344616;0.0000346726;0.0000295431;0.0000309713;63266640266
20240301 000000;0.0000309713;0.0000383285;0.000027;0.0000348349;63096611497
20240302 000000;0.0000348349;0.0000399983;0.0000336439;0.0000380901;43936183333
20240303 000000;0.0000380901;0.00003858;0.000032;0.0000327511;60757284592
20240304 000000;0.0000327511;0.0000368249;0.0000260906;0.000033;75186502720
20240305 000000;0.000033;0.00006425;0.00003;0.0000442861;58673252453
20240306 000000;0.0000442861;0.0000527248;0.000035;0.000042162;52376376562
20240307 000000;0.000042162;0.000058;0.0000415741;0.0000543998;20381676660
20240308 000000;0.0000543998;0.0000597;0.0000410011;0.0000459158;31572249297
20240309 000000;0.0000459158;0.000056927;0.0000450033;0.0000537157;17016093721
20240310 000000;0.0000537157;0.0000579861;0.000042111;0.0000422033;32291427101
20240311 000000;0.0000422033;0.00005;0.00004;0.0000453127;116565543001
20240312 000000;0.0000453127;0.000048;0.000035;0.0000385087;113885063786
20240313 000000;0.0000385087;0.000043;0.0000367027;0.0000402201;120484928306
20240314 000000;0.0000402201;0.000052;0.0000360917;0.0000519957;86262683823
20240315 000000;0.0000519957;0.000058;0.0000410236;0.0000443455;12043758048
20240316 000000;0.0000443455;0.00005455;0.0000357092;0.0000369563;10808994564
20240317 000000;0.0000369563;0.0000544399;0.0000363391;0.0000486594;8950697366
20240318 000000;0.0000486594;0.000055;0.0000400161;0.0000457124;7324444573
20240319 000000;0.0000457124;0.0000465545;0.0000365;0.000040287;9926503071
20240320 000000;0.000040287;0.00005799;0.0000377501;0.0000484778;10602536737
20240321 000000;0.0000484778;0.0000545;0.000045;0.0000458923;8505301581
20240322 000000;0.0000458923;0.000049;0.0000369712;0.0000482151;13403691749
20240323 000000;0.0000482151;0.0000537048;0.0000429467;0.0000457506;12854213853
20240324 000000;0.0000457506;0.00006425;0.0000455585;0.0000589166;11565985373
20240325 000000;0.0000589166;0.00007785;0.0000562546;0.0000688884;14047000296
20240326 000000;0.0000688884;0.0000848012;0.0000597777;0.0000620865;11429767148
20240327 000000;0.0000620865;0.0000697708;0.00005;0.0000587505;12463114408
20240328 000000;0.0000587505;0.0000669999;0.000051;0.0000627735;11628224830
20240329 000000;0.0000627735;0.0000669972;0.000046;0.0000563479;11566752369
20240330 000000;0.0000563479;0.0000580265;0.0000489997;0.0000541733;10320214909
20240331 000000;0.0000541733;0.000056777;0.0000455;0.0000511838;9469219378
20240401 000000;0.0000511838;0.0000517842;0.0000373808;0.0000448955;16857589217
20240402 000000;0.0000448955;0.000048;0.0000369;0.0000424683;12588045288
20240403 000000;0.0000424683;0.0000425897;0.000038;0.0000417859;11160011476
20240404 000000;0.0000417859;0.0000490003;0.0000380001;0.0000434894;9275120843
20240405 000000;0.0000434894;0.000047;0.000037621;0.000041851;10435336289
20240406 000000;0.000041851;0.0000425025;0.000038;0.0000404712;7736835420
20240407 000000;0.0000404712;0.000049002;0.0000396808;0.0000489774;9847411152
20240408 000000;0.0000489774;0.0000622216;0.0000464443;0.0000550418;10977209888
20240409 000000;0.0000550418;0.000061;0.0000456833;0.000048214;8008176874
20240410 000000;0.000048214;0.0000505018;0.0000445005;0.0000479542;6770156843
20240411 000000;0.0000479542;0.0000635;0.0000466636;0.0000631801;8125704020
20240412 000000;0.0000631801;0.00006428;0.0000445;0.0000470882;11130963367
20240413 000000;0.0000470882;0.0000546564;0.0000375001;0.000042;11500926609
20240414 000000;0.000042;0.0000447366;0.0000379001;0.0000425278;9699183523
20240415 000000;0.0000425278;0.0000484091;0.0000371001;0.0000378679;10573511166
20240416 000000;0.0000378679;0.0000390361;0.0000295;0.0000364772;17635957342
20240417 000000;0.0000364772;0.0000385177;0.0000310663;0.0000332239;9769159902
20240418 000000;0.0000332239;0.000037;0.0000315326;0.0000352241;8437965798
20240419 000000;0.0000352241;0.0000404992;0.0000325067;0.0000363947;8481571948
20240420 000000;0.0000363947;0.0000373731;0.0000326785;0.0000363366;9126162126
20240421 000000;0.0000363366;0.000038379;0.0000338;0.0000357754;7139878075
20240422 000000;0.0000357754;0.0000377013;0.0000335183;0.0000341972;7258711390
20240423 000000;0.0000341972;0.0000344954;0.0000296607;0.0000304988;10997910648
20240424 000000;0.0000304988;0.0000316636;0.0000280136;0.0000298384;9626129082
20240425 000000;0.0000298384;0.00003;0.0000246647;0.0000265481;9716848726
20240426 000000;0.0000265481;0.0000292333;0.0000258776;0.0000264203;8494344238
20240427 000000;0.0000264203;0.0000274442;0.000025;0.0000271902;9289293370
20240428 000000;0.0000271902;0.0000341651;0.0000262581;0.0000283542;9337771864
20240429 000000;0.0000283542;0.0000293532;0.0000244237;0.0000271805;8415535159
20240430 000000;0.0000271805;0.0000288803;0.000023078;0.0000236547;8883677862
20240501 000000;0.0000236547;0.0000263344;0.0000212434;0.0000248616;10661135730
20240502 000000;0.0000248616;0.0000275649;0.0000236705;0.0000264886;8579944810
20240503 000000;0.0000264886;0.0000287848;0.0000240109;0.0000270206;9611766646
20240504 000000;0.0000270206;0.000029;0.0000250002;0.000025781;7395632806
20240505 000000;0.000025781;0.0000259013;0.0000217664;0.0000232844;10238250720
20240506 000000;0.0000232844;0.000024;0.0000185809;0.0000199221;14804662601
20240507 000000;0.0000199221;0.0000201199;0.0000171688;0.0000187415;14534599864
20240508 000000;0.0000187415;0.0000195;0.0000177478;0.0000182264;12064188454
20240509 000000;0.0000182264;0.0000185525;0.0000173152;0.0000175371;13092670048
20240510 000000;0.0000175371;0.0000189199;0.0000172227;0.0000176771;11484395129
20240511 000000;0.0000176771;0.0000177992;0.0000172227;0.0000175687;11511509385
20240512 000000;0.0000175687;0.0000178;0.0000158627;0.0000169076;10767860998
20240513 000000;0.0000169076;0.0000208031;0.0000166284;0.0000205003;12906663667
20240514 000000;0.0000205003;0.0000265296;0.000019308;0.0000201999;13703751795
20240515 000000;0.0000201999;0.0000243341;0.0000198992;0.0000204312;12041045511
20240516 000000;0.0000204312;0.000024324;0.0000186737;0.0000234999;11157642565
20240517 000000;0.0000234999;0.0000244723;0.0000218;0.0000220764;9835246132
20240518 000000;0.0000220764;0.0000222414;0.000020615;0.0000214605;9769789267
20240519 000000;0.0000214605;0.0000219543;0.0000171679;0.0000180808;12846475677
20240520 000000;0.0000180808;0.0000221602;0.0000172091;0.0000202061;14480035832
20240521 000000;0.0000202061;0.0000249396;0.0000199021;0.0000228311;11314355027
20240522 000000;0.0000228311;0.00002653;0.0000203501;0.0000203865;10542112222
20240523 000000;0.0000203865;0.0000222487;0.0000190063;0.0000202281;11597928159
20240524 000000;0.0000202281;0.0000214002;0.000018;0.0000196354;11728970294
20240525 000000;0.0000196354;0.0000199892;0.0000176;0.0000188098;12933659366
20240526 000000;0.0000188098;0.0000196655;0.0000175;0.0000179433;13517600798
20240527 000000;0.0000179433;0.0000218;0.000017822;0.0000212081;13427256885
20240528 000000;0.0000212081;0.0000237;0.0000198139;0.0000206174;11783968418
20240529 000000;0.0000206174;0.0000220188;0.0000190001;0.0000197939;10675368204
20240530 000000;0.0000197939;0.0000252498;0.0000180252;0.0000242015;12280799919
20240531 000000;0.0000242015;0.000029;0.0000230608;0.000027728;11360846735
20240601 000000;0.000027728;0.000032;0.0000276755;0.0000295811;11659582071
20240602 000000;0.0000295811;0.0000297629;0.0000232094;0.0000266917;10873244125
20240603 000000;0.0000266917;0.00003658;0.0000256901;0.0000326969;12749645717
20240604 000000;0.0000326969;0.0000397731;0.000032392;0.0000360872;9519318625
20240605 000000;0.0000360872;0.0000389999;0.000029908;0.0000338;8658093089
20240606 000000;0.0000338;0.0000347388;0.0000281;0.0000300217;9100718303
20240607 000000;0.0000300217;0.0000378;0.000028804;0.0000337408;8040181687
20240608 000000;0.0000337408;0.0000389899;0.0000314318;0.0000334123;9058963508
20240609 000000;0.0000334123;0.0000341034;0.0000248296;0.0000295873;12264563235
20240610 000000;0.0000295873;0.0000310427;0.0000255672;0.0000267006;8227541688
20240611 000000;0.0000267006;0.0000280059;0.0000225;0.0000245001;6913831041
20240612 000000;0.0000245001;0.0000305;0.0000239128;0.0000278421;10019028698
20240613 000000;0.0000278421;0.0000283054;0.0000234159;0.0000241185;7659086154
20240614 000000;0.0000241185;0.0000255148;0.0000196423;0.0000216732;11911104651
20240615 000000;0.0000216732;0.0000235568;0.0000195546;0.0000198251;12466738247
20240616 000000;0.0000198251;0.0000210305;0.0000194823;0.0000209808;9653177768
20240617 000000;0.0000209808;0.000022891;0.0000185;0.0000190729;10496650404
20240618 000000;0.0000190729;0.000019558;0.0000168;0.0000195135;11590916358
20240619 000000;0.0000195135;0.0000209527;0.000018;0.0000185096;10193712237
20240620 000000;0.0000185096;0.0000197454;0.0000170783;0.0000186156;6325021501
20240621 000000;0.0000186156;0.000018623;0.0000156541;0.0000161638;7617591420
20240622 000000;0.0000161638;0.0000175572;0.0000158633;0.000017208;5485096684
20240623 000000;0.000017208;0.000018623;0.000016;0.0000176386;1162605192
20240624 000000;0.0000176386;0.0000176585;0.00001579;0.0000162;1263294757
20240625 000000;0.0000162;0.0000175373;0.0000159544;0.0000172918;1493383222
20240626 000000;0.0000172918;0.000019242;0.0000167844;0.00001685;1663420751
20240627 000000;0.00001685;0.000017353;0.0000157389;0.0000157389;1643221820
20240628 000000;0.0000157389;0.0000161182;0.0000130001;0.0000138868;4810009858
20240629 000000;0.0000138868;0.0000156;0.0000131635;0.0000152867;8259028598
20240630 000000;0.0000152867;0.0000154172;0.0000137717;0.0000147314;6950471470
20240701 000000;0.0000147314;0.0000165175;0.0000145289;0.0000148651;8266714620
20240702 000000;0.0000148651;0.0000151773;0.0000144487;0.0000149384;6294255360
20240703 000000;0.0000149384;0.0000149898;0.000013081;0.0000138449;8173610974
20240704 000000;0.0000138449;0.0000139845;0.0000117;0.0000120723;11026974328
20240705 000000;0.0000120723;0.0000122122;0.0000104575;0.0000120238;10720564141
20240706 000000;0.0000120238;0.0000125958;0.0000114436;0.0000122433;9300306747
20240707 000000;0.0000122433;0.000012411;0.000011;0.0000110467;10093250471
20240708 000000;0.0000110467;0.0000114508;0.00001;0.0000112714;9591492884
20240709 000000;0.0000112714;0.0000115581;0.0000096914;0.0000106692;13477415858
20240710 000000;0.0000106692;0.0000115383;0.0000102755;0.0000108491;21344897394
20240711 000000;0.0000108491;0.0000110893;0.0000097335;0.0000097388;22259910060
20240712 000000;0.0000097388;0.0000110349;0.0000093015;0.0000101494;17082494118
20240713 000000;0.0000101494;0.0000103626;0.0000096338;0.0000098021;14146105742
20240714 000000;0.0000098021;0.0000098021;0.0000084901;0.0000087992;26798291102
20240715 000000;0.0000087992;0.0000125;0.0000087992;0.0000124985;21603243283
20240716 000000;0.0000124985;0.0000186814;0.0000109242;0.0000182803;21095628580
20240717 000000;0.0000182803;0.0000254733;0.0000123752;0.000015082;24991372604
20240718 000000;0.000015082;0.0000171026;0.0000143592;0.0000150343;18440336613
20240719 000000;0.0000150343;0.0000157805;0.0000135006;0.0000146327;20316702437
20240720 000000;0.0000146327;0.0000147913;0.0000126819;0.0000133245;15830052865
20240721 000000;0.0000133245;0.0000144628;0.0000122223;0.000013914;15920905054
20240722 000000;0.000013914;0.0000152211;0.00001366;0.0000141824;15654198080
20240723 000000;0.0000141824;0.0000152122;0.000012822;0.000014526;15039467544
20240724 000000;0.000014526;0.0000146771;0.0000134124;0.0000137606;14036660952
20240725 000000;0.0000137606;0.0000143591;0.0000110244;0.0000130759;18782853281
20240726 000000;0.0000130759;0.0000154103;0.0000127685;0.0000147297;17105394320
20240727 000000;0.0000147297;0.0000156997;0.000013685;0.0000139603;16915618684
20240728 000000;0.0000139603;0.0000147774;0.0000132959;0.0000137256;12649737025
20240729 000000;0.0000137256;0.0000163478;0.0000137256;0.0000141512;10879196562
20240730 000000;0.0000141512;0.0000149003;0.0000133801;0.000013538;14623088454
20240731 000000;0.000013538;0.0000141855;0.0000115555;0.0000116953;15106368572
20240801 000000;0.0000116953;0.0000121674;0.0000104737;0.0000114537;17698225326
20240802 000000;0.0000114537;0.0000130221;0.0000101278;0.0000107914;17211288543
20240803 000000;0.0000107914;0.0000110158;0.0000088888;0.0000089779;16547810445
20240804 000000;0.0000089779;0.0000099593;0.0000081421;0.0000083355;26128575572
20240805 000000;0.0000083355;0.0000084823;0.0000061899;0.0000077661;26827755392
20240806 000000;0.0000077661;0.000009467;0.0000077395;0.0000085885;28757497363
20240807 000000;0.0000085885;0.0000090597;0.0000076825;0.000008851;24137327344
20240808 000000;0.000008851;0.0000133807;0.000008838;0.0000128347;22345032271
20240809 000000;0.0000128347;0.0000141309;0.0000114381;0.0000123983;19307740914
20240810 000000;0.0000123983;0.0000132157;0.0000118714;0.0000126018;15646192024
20240811 000000;0.0000126018;0.0000132399;0.0000105;0.0000109935;26968781922
20240812 000000;0.0000109935;0.0000124592;0.0000106635;0.0000123938;30316883438
20240813 000000;0.0000123938;0.0000127684;0.0000117611;0.0000120512;48098758374
20240814 000000;0.0000120512;0.0000121984;0.0000101387;0.0000104766;52544996216
20240815 000000;0.0000104766;0.0000112124;0.0000100582;0.00001019;61559749285
20240816 000000;0.00001019;0.000010635;0.0000096294;0.0000101579;75191520961
20240817 000000;0.0000101579;0.000010409;0.0000095237;0.0000099046;55720329719
20240818 000000;0.0000099046;0.0000102421;0.0000095581;0.0000099742;72439866821
20240819 000000;0.0000099742;0.0000102525;0.0000095001;0.0000097919;66016480601
20240820 000000;0.0000097919;0.0000101125;0.0000085;0.0000086575;94361115195
20240821 000000;0.0000086575;0.0000092247;0.0000083936;0.000009175;92949734936
20240822 000000;0.000009175;0.0000092237;0.0000086281;0.0000089831;86827492632
20240823 000000;0.0000089831;0.0000104729;0.0000086281;0.0000102632;81673223034
20240824 000000;0.0000102632;0.0000112837;0.00001019;0.0000110966;83676419157
20240825 000000;0.0000110966;0.0000113778;0.0000099404;0.0000106878;87342366445
20240826 000000;0.0000106878;0.0000107399;0.000010023;0.0000101055;76144045799
20240827 000000;0.0000101055;0.0000106293;0.0000091;0.0000091529;83884453620
20240828 000000;0.0000091529;0.0000097863;0.0000089094;0.0000094816;114944721789
20240829 000000;0.0000094816;0.0000096619;0.0000089688;0.0000091339;67597337821
20240830 000000;0.0000091339;0.00000944;0.0000084884;0.0000088887;92600656352
20240831 000000;0.0000088887;0.00000902;0.0000086302;0.0000087355;78306326320
20240901 000000;0.0000087355;0.00000905;0.0000076181;0.0000077742;92716772810
20240902 000000;0.0000077742;0.0000082274;0.0000076205;0.0000081153;122209288320
20240903 000000;0.0000081153;0.0000088485;0.0000072318;0.0000076091;84618823387
20240904 000000;0.0000076091;0.0000076611;0.0000069095;0.0000073826;118490552452
20240905 000000;0.0000073826;0.0000082698;0.0000069693;0.0000070183;125361833094
20240906 000000;0.0000070183;0.0000073359;0.00000639;0.0000065687;110589391602
20240907 000000;0.0000065687;0.0000071369;0.00000639;0.0000066925;66528451227
20240908 000000;0.0000066925;0.0000071091;0.0000063439;0.0000070413;63439343548
20240909 000000;0.0000070413;0.0000076394;0.000006833;0.0000072263;37868910463
20240910 000000;0.0000072263;0.0000075783;0.0000070123;0.0000074584;33363843540
20240911 000000;0.0000074584;0.00000801;0.000006326;0.000007426;48683283950
20240912 000000;0.000007426;0.0000110001;0.0000074192;0.0000090265;38258904086
20240913 000000;0.0000090265;0.0000113779;0.0000088649;0.0000097021;33715935655
20240914 000000;0.0000097021;0.00001;0.000009478;0.000009681;37048478517
20240915 000000;0.000009681;0.0000096863;0.00000841;0.0000084885;28620544043
20240916 000000;0.0000084885;0.00001017;0.0000074;0.0000089816;40504733793
20240917 000000;0.0000089816;0.00000984;0.0000084457;0.0000089603;22246786198
20240918 000000;0.0000089603;0.0000094599;0.0000087137;0.000009305;35249892147
20240919 000000;0.000009305;0.0000127685;0.0000092997;0.0000117493;33114031970
20240920 000000;0.0000117493;0.0000117953;0.0000102681;0.0000105013;27877953992
20240921 000000;0.0000105013;0.0000111297;0.0000104025;0.0000107189;25430713395
20240922 000000;0.0000107189;0.0000109582;0.0000101231;0.0000104441;24660860563
20240923 000000;0.0000104441;0.0000117814;0.0000100001;0.0000101531;21535830485
20240924 000000;0.0000101531;0.0000106572;0.0000092778;0.0000101593;15207131590
20240925 000000;0.0000101593;0.000013;0.0000098915;0.0000113436;14053981246
20240926 000000;0.0000113436;0.000016;0.0000110005;0.0000124586;13122838687
20240927 000000;0.0000124586;0.0000152991;0.0000116387;0.0000132702;11836845917
20240928 000000;0.0000132702;0.000013764;0.0000115863;0.0000120705;8872533983
20240929 000000;0.0000120705;0.0000121954;0.0000100846;0.0000106873;10317357448
20240930 000000;0.0000106873;0.0000106995;0.0000087295;0.0000096763;6159899736
20241001 000000;0.0000096763;0.000010571;0.0000076978;0.0000089799;3352986208
20241002 000000;0.0000089799;0.00001063;0.0000089535;0.0000092395;1415949787
20241003 000000;0.0000092395;0.0000097978;0.0000084;0.0000089443;988916106
20241004 000000;0.0000089443;0.0000104;0.0000082;0.0000098567;1986936895
20241005 000000;0.0000098567;0.0000104;0.0000094249;0.0000096584;612298738
20241006 000000;0.0000096584;0.0000106996;0.0000094648;0.0000106385;1118156410
20241007 000000;0.0000106385;0.0000123951;0.0000086104;0.000009947;2257722053
20241008 000000;0.000009947;0.000011;0.0000092777;0.0000100502;804141175
20241009 000000;0.0000100502;0.0000119893;0.0000097299;0.0000104559;2111085724
20241010 000000;0.0000104559;0.0000106577;0.00000937;0.0000095999;1177924423
20241011 000000;0.0000095999;0.000010224;0.0000091777;0.0000096059;1559734099
20241012 000000;0.0000096059;0.0000100695;0.0000091204;0.0000096645;1550131888
20241013 000000;0.0000096645;0.0000099411;0.0000090104;0.00000907;1733206728
20241014 000000;0.00000907;0.0000117998;0.0000085;0.0000113806;4659255420
20241015 000000;0.0000113806;0.0000117777;0.0000089;0.0000101114;6358389931
20241016 000000;0.0000101114;0.0000108532;0.0000098342;0.0000100902;1290474503
20241017 000000;0.0000100902;0.0000112917;0.0000086921;0.0000103849;2904509306
20241018 000000;0.0000103849;0.000011;0.0000101388;0.0000102002;1025851679
20241019 000000;0.0000102002;0.0000105713;0.0000086777;0.0000095998;2167088551
20241020 000000;0.0000095998;0.000010149;0.0000091681;0.0000097539;1169817921
20241021 000000;0.0000097539;0.000010297;0.0000085001;0.0000088;3068838523
20241022 000000;0.0000088;0.0000092992;0.0000083005;0.0000087769;2384789934
20241023 000000;0.0000087769;0.0000092253;0.0000074224;0.0000085;3654966994
20241024 000000;0.0000085;0.0000088999;0.00000725;0.0000076559;2164266022
20241025 000000;0.0000076559;0.00001;0.0000072001;0.00000743;3076481402
20241026 000000;0.00000743;0.0000084597;0.0000073493;0.0000081;1652695301
20241027 000000;0.0000081;0.00000876;0.0000075207;0.00000797;856365747
20241028 000000;0.00000797;0.0000082992;0.0000071769;0.0000075921;2193093625
20241029 000000;0.0000075921;0.0000095679;0.0000074072;0.0000091885;3904434754
20241030 000000;0.0000091885;0.0000096999;0.0000086222;0.0000092177;2687913476
20241031 000000;0.0000092177;0.0000095;0.0000080999;0.0000083916;2090535242
20241101 000000;0.0000083916;0.0000090999;0.0000079004;0.0000087993;1971590160
20241102 000000;0.0000087993;0.0000090389;0.000007899;0.0000081018;421809937
20241103 000000;0.0000081018;0.0000085;0.0000067;0.0000076103;2041340237
20241104 000000;0.0000076103;0.0000079911;0.00000702;0.00000702;660870266
20241105 000000;0.00000702;0.0000079877;0.00000702;0.0000074996;1167103582
20241106 000000;0.0000074996;0.00001196;0.0000074996;0.0000108;4960010512
20241107 000000;0.0000108;0.0000131;0.00000954;0.0000117;2893023112
20241108 000000;0.0000117;0.0000124957;0.0000103002;0.0000108018;2033064527
20241109 000000;0.0000108018;0.00001148;0.0000101108;0.0000111;1781246316
20241110 000000;0.0000111;0.0000136;0.0000109451;0.0000121921;2670443986
20241111 000000;0.0000121921;0.0000121931;0.0000107565;0.0000113646;2062554418
20241112 000000;0.0000113646;0.0000149;0.0000111125;0.0000139103;4502490669
20241113 000000;0.0000139103;0.0000145678;0.0000120123;0.0000140897;3777344024
20241114 000000;0.0000140897;0.000023;0.0000136367;0.0000174667;9507927203
20241115 000000;0.0000174667;0.0000251249;0.00001519;0.0000248787;15653356285
20241116 000000;0.0000248787;0.0000275;0.000017364;0.0000204574;16591802221
20241117 000000;0.0000204574;0.0000268888;0.0000176859;0.0000222548;27424957885
20241118 000000;0.0000222548;0.0000249436;0.0000181111;0.0000209144;51671559027
20241119 000000;0.0000209144;0.0000243995;0.0000187968;0.0000191615;52871320037
20241120 000000;0.0000191615;0.0000191615;0.0000159782;0.0000164316;57024195322
20241121 000000;0.0000164316;0.0000204444;0.0000154001;0.0000190041;52642239132
20241122 000000;0.0000190041;0.0000192344;0.0000155;0.0000162744;44364362165
20241123 000000;0.0000162744;0.0000188056;0.0000154;0.0000157837;31585711666
20241124 000000;0.0000157837;0.0000163512;0.0000134598;0.000014381;41361563682
20241125 000000;0.000014381;0.0000151361;0.0000123;0.0000126402;29252503616
20241126 000000;0.0000126402;0.0000154231;0.0000120753;0.0000124295;28897110523
20241127 000000;0.0000124295;0.0000159698;0.0000120987;0.0000145046;27744104322
20241128 000000;0.0000145046;0.0000145219;0.0000115546;0.0000118996;18560532661
20241129 000000;0.0000118996;0.0000128879;0.0000105309;0.0000109316;18436412393
20241130 000000;0.0000109316;0.0000110437;0.0000095;0.0000101373;19280609255
20241201 000000;0.0000101373;0.0000144881;0.0000099;0.000013722;20074551571
20241202 000000;0.000013722;0.0000145;0.0000122;0.0000130222;9620153725
20241203 000000;0.0000130222;0.0000130236;0.0000101477;0.0000117939;19422497042
20241204 000000;0.0000117939;0.0000139997;0.000011143;0.0000133524;13603893846
20241205 000000;0.0000133524;0.0000173198;0.0000124677;0.0000146508;16926721844
20241206 000000;0.0000146508;0.0000179;0.0000146;0.000016674;12397996983
20241207 000000;0.000016674;0.0000191234;0.0000159635;0.0000177061;12491206295
20241208 000000;0.0000177061;0.000017942;0.000014;0.0000157176;12907596264
20241209 000000;0.0000157176;0.0000160622;0.0000120987;0.0000135175;15461000686
20241210 000000;0.0000135175;0.0000141867;0.00001156;0.000011835;16245109774
20241211 000000;0.000011835;0.000015999;0.000011624;0.000015;14860652217
20241212 000000;0.000015;0.0000162;0.000013125;0.0000140708;11676204698
20241213 000000;0.0000140708;0.000017228;0.0000134;0.0000144995;14865810024
20241214 000000;0.0000144995;0.0000156786;0.0000126021;0.0000148288;14565851977
20241215 000000;0.0000148288;0.0000164567;0.0000143144;0.000014919;15317124512
20241216 000000;0.000014919;0.0000170542;0.0000129;0.0000137366;21239287543
20241217 000000;0.0000137366;0.0000140589;0.0000117601;0.0000121567;18456652239
20241218 000000;0.0000121567;0.0000146646;0.0000115149;0.0000127118;23449970341
20241219 000000;0.0000127118;0.000012973;0.000010118;0.0000108609;23216077799
20241220 000000;0.0000108609;0.0000112629;0.0000092163;0.0000106786;19593149665
20241221 000000;0.0000106786;0.0000116536;0.0000092833;0.0000104413;26957342974
20241222 000000;0.0000104413;0.000011043;0.0000102;0.0000104669;17117385496
20241223 000000;0.0000104669;0.0000114475;0.0000102027;0.0000111473;20709459137
20241224 000000;0.0000111473;0.0000113612;0.0000102208;0.0000111842;19533501665
20241225 000000;0.0000111842;0.0000125;0.0000109044;0.0000110909;19879338995
20241226 000000;0.0000110909;0.0000123604;0.0000096;0.0000101998;23647552134
20241227 000000;0.0000101998;0.0000104417;0.0000088201;0.0000089457;27530775476
20241228 000000;0.0000089457;0.0000096429;0.00000862;0.0000088362;18950216490
20241229 000000;0.0000088362;0.0000093609;0.0000086676;0.0000092845;26313219213
20241230 000000;0.0000092845;0.000009734;0.0000088462;0.0000089166;22329774809
20241231 000000;0.0000089166;0.0000094745;0.0000084537;0.0000089494;25419932953
