20260101 000000;0.0000019144;0.0000020782;0.0000017547;0.0000019301;2165518781
20260102 000000;0.0000019301;0.0000025002;0.0000017924;0.0000021507;1987986690
20260103 000000;0.0000021507;0.0000023098;0.0000020577;0.0000020577;1601540679
20260104 000000;0.0000020577;0.0000022983;0.0000020577;0.0000021849;617082467
20260105 000000;0.0000021849;0.000003;0.0000021558;0.0000024715;2365092965
20260106 000000;0.0000024715;0.0000028441;0.0000024071;0.0000024105;1143400851
20260107 000000;0.0000024105;0.0000024235;0.000002004;0.0000020819;1145869492
20260108 000000;0.0000020819;0.0000022072;0.0000020819;0.0000021785;154242784
20260109 000000;0.0000021785;0.0000021944;0.0000020683;0.0000020683;229272803
20260110 000000;0.0000020683;0.0000020683;0.0000020322;0.0000020395;486491309
20260111 000000;0.0000020395;0.0000022656;0.0000019874;0.0000021859;974775196
20260112 000000;0.0000021859;0.0000022886;0.0000020171;0.0000020254;169886917
20260113 000000;0.0000020254;0.000002222;0.000001989;0.0000020542;395807464
20260114 000000;0.0000020542;0.0000021986;0.0000020542;0.0000020933;324075397
20260115 000000;0.0000020933;0.0000022184;0.0000020865;0.0000021067;230016551
20260116 000000;0.0000021067;0.0000023;0.0000020874;0.0000020993;641230190
20260117 000000;0.0000020993;0.000002224;0.0000019754;0.0000020167;586498412
20260118 000000;0.0000020167;0.0000020525;0.0000019383;0.0000019812;725623475
20260119 000000;0.0000019812;0.0000019887;0.0000019;0.0000019001;152064155
20260120 000000;0.0000019001;0.0000019001;0.0000016812;0.0000017167;978356103
20260121 000000;0.0000017167;0.0000017892;0.0000016542;0.0000017863;206182008
20260122 000000;0.0000017863;0.0000018385;0.0000016699;0.0000016979;182209585
20260123 000000;0.0000016979;0.0000018195;0.0000016979;0.0000018063;256647638
20260124 000000;0.0000018063;0.0000019376;0.0000017544;0.0000018521;124345518
20260125 000000;0.0000018521;0.0000019739;0.0000016308;0.0000016556;442697445
20260126 000000;0.0000016556;0.000001903;0.0000016556;0.0000017885;3580512555
20260127 000000;0.0000017885;0.0000018599;0.0000016422;0.0000018599;917480989
20260128 000000;0.0000018599;0.00000199;0.0000018024;0.0000019422;308997587
20260129 000000;0.0000019422;0.0000019422;0.0000016883;0.0000017431;165583087
20260130 000000;0.0000017431;0.0000017431;0.0000014473;0.000001559;1479711090
20260131 000000;0.000001559;0.0000015861;0.0000011991;0.0000014196;819105037
20260201 000000;0.0000014196;0.0000015869;0.0000013565;0.0000014752;1377296064
20260202 000000;0.0000014752;0.0000014818;0.0000010001;0.0000013962;1521596037
20260203 000000;0.0000013962;0.0000013962;0.0000009923;0.0000011;2057506020
20260204 000000;0.0000011;0.0000011607;0.0000009312;0.0000010075;2390307649
20260205 000000;0.0000010075;0.0000010075;0.0000007631;0.0000008287;3328129500
20260206 000000;0.0000008287;0.0000010648;0.0000008034;0.0000010019;1926038467
20260207 000000;0.0000010019;0.0000012392;0.0000009656;0.0000012031;925588841
20260208 000000;0.0000012031;0.0000012031;0.0000010178;0.0000010654;1061104007
20260209 000000;0.0000010654;0.000001163;0.0000009824;0.0000010825;530150879
20260210 000000;0.0000010825;0.0000011119;0.0000008301;0.0000008762;3550812400
20260211 000000;0.0000008762;0.000000987;0.0000007631;0.000000987;2327847970
20260212 000000;0.000000987;0.000001073;0.000000949;0.0000010308;513888738
20260213 000000;0.0000010308;0.0000011654;0.0000010308;0.0000011249;1326181517
20260214 000000;0.0000011249;0.00000125;0.0000010067;0.000001161;1132738222
20260215 000000;0.000001161;0.0000011664;0.000001027;0.000001027;252588579
20260216 000000;0.000001027;0.0000010678;0.000001027;0.0000010319;278274857
20260217 000000;0.0000010319;0.0000011551;0.0000009956;0.0000011276;233333419
20260218 000000;0.0000011276;0.0000011276;0.0000010465;0.0000010715;175405402
20260219 000000;0.0000010715;0.0000012265;0.0000010603;0.0000011567;764534493
20260220 000000;0.0000011567;0.0000011567;0.0000009578;0.0000010165;650705611
20260221 000000;0.0000010165;0.0000010721;0.0000009906;0.0000010191;852393373
20260222 000000;0.0000010191;0.0000010305;0.0000009872;0.0000009872;74462528
20260223 000000;0.0000009872;0.00000123;0.0000009356;0.0000010729;2071854095
20260224 000000;0.0000010729;0.0000010883;0.0000010171;0.0000010312;175247497
20260225 000000;0.0000010312;0.0000013114;0.0000010269;0.0000011897;509168441
20260226 000000;0.0000011897;0.0000011946;0.0000011041;0.0000011053;105795539
20260227 000000;0.0000011053;0.0000011053;0.0000010276;0.0000010778;271585054
20260228 000000;0.0000010778;0.0000010778;0.0000009967;0.0000010589;171014988
20260301 000000;0.0000010589;0.0000011841;0.0000010364;0.0000010418;387786946
20260302 000000;0.0000010418;0.000001099;0.0000009578;0.000001099;399118290
20260303 000000;0.000001099;0.000001099;0.0000009567;0.0000009567;249624493
20260304 000000;0.0000009567;0.0000010991;0.0000009567;0.0000010546;507398950
20260305 000000;0.0000010546;0.0000010546;0.0000009918;0.0000010042;70807824
20260306 000000;0.0000010042;0.0000010564;0.0000009517;0.0000009869;707726746
20260307 000000;0.0000009869;0.0000010219;0.0000009869;0.0000010031;160828090
20260308 000000;0.0000010031;0.0000010031;0.0000009555;0.0000009724;166496217
20260309 000000;0.0000009724;0.0000010546;0.0000009724;0.0000010426;170555882
20260310 000000;0.0000010426;0.0000010504;0.0000009583;0.0000009934;436676775
20260311 000000;0.0000009934;0.000001129;0.0000009698;0.0000010005;139038351
20260312 000000;0.0000010005;0.0000010005;0.0000009513;0.0000009813;127681973
20260313 000000;0.0000009813;0.0000011119;0.0000009776;0.0000011119;231436422
20260314 000000;0.0000011119;0.0000011387;0.0000010721;0.0000010721;108152697
20260315 000000;0.0000010721;0.0000011055;0.00000102;0.0000010802;587848097
20260316 000000;0.0000010802;0.0000013635;0.00000108;0.0000012278;360620330
20260317 000000;0.0000012278;0.000001228;0.0000011489;0.0000011902;141833280
20260318 000000;0.0000011902;0.000001203;0.0000010957;0.0000010957;19873000
20260319 000000;0.0000010957;0.0000011608;0.0000009458;0.0000010439;177569443
20260320 000000;0.0000010439;0.0000010798;0.0000010136;0.0000010399;126662451
20260321 000000;0.0000010399;0.00000104;0.000001018;0.00000104;342272981
20260322 000000;0.00000104;0.00000104;0.0000009825;0.0000009962;83037160
20260323 000000;0.0000009962;0.0000010073;0.0000008878;0.0000010073;689962924
20260324 000000;0.0000010073;0.0000010315;0.000000966;0.000000966;55134801
20260325 000000;0.000000966;0.0000010341;0.0000009601;0.000000984;426768790
20260326 000000;0.000000984;0.0000009896;0.0000008974;0.0000009577;49638338
20260327 000000;0.0000009577;0.0000009597;0.0000009423;0.0000009423;16698634
20260328 000000;0.0000009423;0.0000010399;0.0000009423;0.0000010399;197727729
20260329 000000;0.0000010399;0.0000010399;0.0000009207;0.0000009439;113160210
20260330 000000;0.0000009439;0.0000010899;0.0000009439;0.0000009647;406849447
20260331 000000;0.0000009647;0.000001078;0.0000009647;0.0000010692;114216053
20260401 000000;0.0000010692;0.0000011441;0.0000009887;0.0000010352;411857034
20260402 000000;0.0000010352;0.0000010352;0.0000009201;0.000000952;109711105
20260403 000000;0.000000952;0.0000009802;0.0000009512;0.0000009802;28011476
20260404 000000;0.0000009802;0.0000010152;0.0000008994;0.0000009855;408478489
20260405 000000;0.0000009855;0.0000010132;0.0000009637;0.0000010095;132502328
20260406 000000;0.0000010095;0.0000010095;0.000001008;0.0000010095;1264254043
20260407 000000;0.0000010095;0.0000012999;0.0000010095;0.0000011634;1439259595
20260408 000000;0.0000011634;0.0000011774;0.0000010543;0.0000011392;125795939
20260409 000000;0.0000011392;0.0000011392;0.0000010496;0.0000010557;27351460
20260410 000000;0.0000010557;0.0000011159;0.0000010312;0.0000010886;485659022
20260411 000000;0.0000010886;0.0000012069;0.0000010826;0.0000011571;235076733
20260412 000000;0.0000011571;0.0000011571;0.00000097;0.000001089;628201841
20260413 000000;0.000001089;0.0000011068;0.0000008822;0.0000011068;1335746579
20260414 000000;0.0000011068;0.0000012782;0.0000010405;0.0000010405;250894756
20260415 000000;0.0000010405;0.0000010405;0.0000009494;0.0000010373;54179679
20260416 000000;0.0000010373;0.0000010674;0.0000009232;0.0000010533;176114666
20260417 000000;0.0000010533;0.0000011577;0.0000010533;0.0000011371;873814980
20260418 000000;0.0000011371;0.0000011397;0.0000009606;0.0000011274;1059382828
20260419 000000;0.0000011274;0.0000011274;0.0000010238;0.000001028;106414834
20260420 000000;0.000001028;0.00000126;0.0000010204;0.0000011744;739402494
20260421 000000;0.0000011744;0.000001217;0.000001077;0.0000010771;295699475
20260422 000000;0.0000010771;0.00000134;0.0000010771;0.0000011031;449009977
20260423 000000;0.0000011031;0.0000011334;0.000001082;0.000001082;286703518
20260424 000000;0.000001082;0.0000010909;0.000001;0.0000010909;1343090472
20260425 000000;0.0000010909;0.00000115;0.0000010368;0.00000115;38992398
20260426 000000;0.00000115;0.00000115;0.0000010663;0.0000011096;69595393
20260427 000000;0.0000011096;0.0000011334;0.0000010103;0.0000010852;437946868
20260428 000000;0.0000010852;0.0000011026;0.0000010707;0.0000010727;40056850
20260429 000000;0.0000010727;0.0000010762;0.000001;0.000001;125273175
20260430 000000;0.000001;0.0000011;0.000001;0.0000010163;266025138
20260501 000000;0.0000010163;0.0000012617;0.000001;0.0000011737;283131264
20260502 000000;0.0000011737;0.0000012914;0.0000011737;0.0000012445;50876689
20260503 000000;0.0000012445;0.0000012445;0.0000011962;0.0000012177;22139533
20260504 000000;0.0000012177;0.0000012177;0.000001143;0.000001143;30368632
20260505 000000;0.000001143;0.000001143;0.0000010122;0.0000011183;165120253
20260506 000000;0.0000011183;0.0000017312;0.0000011158;0.000001292;1281328037
20260507 000000;0.000001292;0.000001511;0.0000012293;0.0000014142;170507340
20260508 000000;0.0000014142;0.0000014142;0.0000012869;0.0000013612;63877816
20260509 000000;0.0000013612;0.0000019;0.0000012951;0.0000013352;407028421
20260510 000000;0.0000013352;0.0000018;0.0000012729;0.0000016378;215375084
20260511 000000;0.0000016378;0.0000016992;0.000001534;0.000001534;215832426
20260512 000000;0.000001534;0.0000016219;0.0000014343;0.0000015365;129163483
20260513 000000;0.0000015365;0.0000016303;0.0000013699;0.0000014329;94217302
20260514 000000;0.0000014329;0.0000015155;0.0000012928;0.0000013803;139744021
20260515 000000;0.0000013803;0.00000142;0.0000011623;0.0000011623;316683514
20260516 000000;0.0000011623;0.0000012837;0.0000011269;0.0000011659;311569722
20260517 000000;0.0000011659;0.00000145;0.000001143;0.0000012277;473895252
20260518 000000;0.0000012277;0.0000013863;0.0000010144;0.0000011119;531084620
20260519 000000;0.0000011119;0.0000012247;0.0000010844;0.0000012004;184518392
20260520 000000;0.0000012004;0.0000012536;0.0000011403;0.0000011977;73605626
20260521 000000;0.0000011977;0.0000011977;0.0000011378;0.0000011934;22035438
20260522 000000;0.0000011934;0.0000011959;0.0000011033;0.0000011033;68360339
20260523 000000;0.0000011033;0.0000011062;0.0000010151;0.0000010958;88344262
20260524 000000;0.0000010958;0.0000011583;0.0000010958;0.0000011324;24513108
20260525 000000;0.0000011324;0.0000011324;0.0000010749;0.0000010749;11144694
20260526 000000;0.0000010749;0.000001356;0.0000010211;0.0000010382;158761381
20260527 000000;0.0000010382;0.0000011525;0.000000965;0.0000009834;916821838
20260528 000000;0.0000009834;0.0000009858;0.0000008571;0.0000009699;580859639
20260529 000000;0.0000009699;0.0000009968;0.0000008864;0.0000009786;67621038
20260530 000000;0.0000009786;0.0000009786;0.000000903;0.000000938;99481874
20260531 000000;0.000000938;0.000000947;0.0000008406;0.0000009128;299698561
20260601 000000;0.0000009128;0.000000945;0.0000008889;0.0000009017;101174963
20260602 000000;0.0000009017;0.00000123;0.0000008089;0.0000008552;1205597380
20260603 000000;0.0000008552;0.0000009133;0.0000008185;0.0000009041;235168808
20260604 000000;0.0000009041;0.0000009058;0.00000083;0.0000008387;733192697
20260605 000000;0.0000008387;0.0000008387;0.0000006851;0.0000007341;1013080684
20260606 000000;0.0000007341;0.0000007417;0.0000007;0.0000007162;2235414742
20260607 000000;0.0000007162;0.0000008489;0.0000007162;0.0000008489;73680947
20260608 000000;0.0000008489;0.000000865;0.000000832;0.0000008589;16829825
20260609 000000;0.0000008589;0.0000008682;0.0000007642;0.0000008038;300280922
20260610 000000;0.0000008038;0.0000008155;0.0000007329;0.0000007944;232920741
20260611 000000;0.0000007944;0.0000013994;0.0000007944;0.0000008313;318718084
20260612 000000;0.0000008313;0.0000010388;0.0000007851;0.0000008498;347317673
20260613 000000;0.0000008498;0.0000008547;0.0000007329;0.0000007649;885699783
20260614 000000;0.0000007649;0.0000007799;0.0000006912;0.0000007327;597417964
20260615 000000;0.0000007327;0.0000008164;0.0000006952;0.0000008048;179291088
20260616 000000;0.0000008048;0.0000008204;0.00000075;0.0000007784;76375994
20260617 000000;0.0000007784;0.0000007804;0.0000007384;0.0000007384;58090415
20260618 000000;0.0000007384;0.000000813;0.0000006897;0.0000007382;286210810
20260619 000000;0.0000007382;0.0000007382;0.0000007174;0.0000007185;40911494831
20260620 000000;0.0000007185;0.0000007382;0.0000007174;0.0000007311;54939299804
