20250101 000000;0.0000089494;0.0000090976;0.0000084627;0.0000086784;24026669202
20250102 000000;0.0000086784;0.0000091997;0.0000082574;0.0000091473;28682844546
20250103 000000;0.0000091473;0.0000096;0.0000087988;0.0000094396;22908828374
20250104 000000;0.0000094396;0.0000099774;0.0000089001;0.0000098633;24756697652
20250105 000000;0.0000098633;0.00001;0.000008;0.0000085486;26529031622
20250106 000000;0.0000085486;0.0000096685;0.0000075422;0.0000094847;22517742669
20250107 000000;0.0000094847;0.0000097497;0.0000080012;0.0000080923;21125905335
20250108 000000;0.0000080923;0.0000086806;0.0000072978;0.0000083182;23713505671
20250109 000000;0.0000083182;0.000009748;0.0000076;0.0000080226;33232542583
20250110 000000;0.0000080226;0.0000084231;0.000007543;0.0000076294;23489804408
20250111 000000;0.0000076294;0.0000079463;0.0000063934;0.0000075709;33824742187
20250112 000000;0.0000075709;0.000009031;0.0000075214;0.000008629;31048940253
20250113 000000;0.000008629;0.0000088997;0.000007274;0.0000083244;28816287615
20250114 000000;0.0000083244;0.0000122;0.0000081351;0.0000109822;26960810185
20250115 000000;0.0000109822;0.00001334;0.0000108794;0.0000118964;26725605278
20250116 000000;0.0000118964;0.0000142888;0.0000115555;0.0000127477;22612640787
20250117 000000;0.0000127477;0.0000187238;0.0000112001;0.0000165086;25228629512
20250118 000000;0.0000165086;0.0000168211;0.0000112334;0.0000128818;23522372301
20250119 000000;0.0000128818;0.000014;0.000011039;0.0000116373;25623158947
20250120 000000;0.0000116373;0.0000128525;0.0000094694;0.0000105196;25255927291
20250121 000000;0.0000105196;0.0000122999;0.00001;0.0000115687;24658795063
20250122 000000;0.0000115687;0.0000123802;0.0000111;0.0000123031;16222882748
20250123 000000;0.0000123031;0.0000124503;0.0000097406;0.0000117622;18978141075
20250124 000000;0.0000117622;0.000015309;0.0000115509;0.0000123048;23591888928
20250125 000000;0.0000123048;0.0000288888;0.0000118001;0.0000248727;48390253293
20250126 000000;0.0000248727;0.0000648;0.0000211111;0.0000372114;98794907391
20250127 000000;0.0000372114;0.0000539411;0.000025;0.0000355596;49576916666
20250128 000000;0.0000355596;0.00005;0.0000327628;0.000034539;37266575204
20250129 000000;0.000034539;0.00005;0.000032;0.0000442414;20769413225
20250130 000000;0.0000442414;0.000049;0.00004;0.0000454552;16304132375
20250131 000000;0.0000454552;0.0000454868;0.000032084;0.0000365251;20272649795
20250201 000000;0.0000365251;0.000039;0.0000282004;0.0000292487;16379357352
20250202 000000;0.0000292487;0.0000322251;0.000022;0.0000231122;21842503761
20250203 000000;0.0000231122;0.0000372717;0.000018131;0.0000337397;23629219802
20250204 000000;0.0000337397;0.0000338501;0.0000234338;0.0000262428;20402103405
20250205 000000;0.0000262428;0.0000276849;0.0000234469;0.0000236751;7696004050
20250206 000000;0.0000236751;0.0000269506;0.0000213659;0.0000215897;11325346606
20250207 000000;0.0000215897;0.000026;0.0000198824;0.0000213613;14538495883
20250208 000000;0.0000213613;0.0000219471;0.0000154768;0.0000185538;16532519277
20250209 000000;0.0000185538;0.0000215831;0.000017;0.0000174141;14339868490
20250210 000000;0.0000174141;0.0000215;0.0000174141;0.0000184325;15695793844
20250211 000000;0.0000184325;0.000019351;0.0000163458;0.0000168927;13237287327
20250212 000000;0.0000168927;0.000034;0.0000154013;0.0000294084;28827439246
20250213 000000;0.0000294084;0.0000339999;0.0000249999;0.0000302032;24016834922
20250214 000000;0.0000302032;0.0000340052;0.000028;0.0000306901;14125670928
20250215 000000;0.0000306901;0.0000321462;0.0000257575;0.0000272503;10567643427
20250216 000000;0.0000272503;0.0000289289;0.0000252001;0.0000277422;12257921476
20250217 000000;0.0000277422;0.0000349999;0.0000258822;0.0000300527;10775700188
20250218 000000;0.0000300527;0.000032;0.0000241304;0.0000261833;11713123711
20250219 000000;0.0000261833;0.0000289;0.000023522;0.0000259118;10679504664
20250220 000000;0.0000259118;0.0000289996;0.0000238136;0.0000250321;12243487608
20250221 000000;0.0000250321;0.000025475;0.0000223323;0.0000227576;12671914221
20250222 000000;0.0000227576;0.0000253291;0.0000220011;0.0000232802;10597325230
20250223 000000;0.0000232802;0.0000256672;0.0000222609;0.0000252278;10786385178
20250224 000000;0.0000252278;0.000026;0.0000205;0.0000206026;20285498681
20250225 000000;0.0000206026;0.00002223;0.0000177464;0.0000214078;28647525403
20250226 000000;0.0000214078;0.0000226308;0.0000184664;0.0000199801;24691319673
20250227 000000;0.0000199801;0.0000205298;0.0000183047;0.0000191503;27882387167
20250228 000000;0.0000191503;0.0000205;0.0000159976;0.0000204974;34586480927
20250301 000000;0.0000204974;0.0000215;0.0000183675;0.0000187408;27586778583
20250302 000000;0.0000187408;0.0000247493;0.0000186025;0.000023145;27682175556
20250303 000000;0.000023145;0.0000233985;0.0000187001;0.00001938;27086969138
20250304 000000;0.00001938;0.0000197045;0.000016;0.0000181688;31588438940
20250305 000000;0.0000181688;0.0000195001;0.0000171102;0.0000178201;25986641337
20250306 000000;0.0000178201;0.0000181185;0.0000165502;0.0000168857;28190007761
20250307 000000;0.0000168857;0.0000169333;0.0000140655;0.0000144005;34407571793
20250308 000000;0.0000144005;0.0000150549;0.0000136383;0.0000141043;20656750838
20250309 000000;0.0000141043;0.0000145523;0.0000110001;0.0000118837;9116612365
20250310 000000;0.0000118837;0.0000127727;0.0000095951;0.0000104417;10370255515
20250311 000000;0.0000104417;0.0000127;0.0000093;0.0000120253;9051073116
20250312 000000;0.0000120253;0.0000147156;0.0000104821;0.0000138295;8812811079
20250313 000000;0.0000138295;0.0000143999;0.0000121847;0.0000127075;6860245931
20250314 000000;0.0000127075;0.0000164653;0.0000115535;0.0000158944;7321331401
20250315 000000;0.0000158944;0.0000174431;0.0000147383;0.0000169;3001847676
20250316 000000;0.0000169;0.0000174;0.0000145;0.0000145;2482663822
20250317 000000;0.0000145;0.0000163727;0.000014152;0.000016057;2054946830
20250318 000000;0.000016057;0.0000164486;0.0000145;0.000014918;1795216926
20250319 000000;0.000014918;0.00001645;0.0000142747;0.0000162624;1318261299
20250320 000000;0.0000162624;0.0000163673;0.0000146091;0.0000148788;1540784071
20250321 000000;0.0000148788;0.0000155987;0.0000142006;0.0000147781;1177258061
20250322 000000;0.0000147781;0.0000152202;0.0000138104;0.0000141074;713614005
20250323 000000;0.0000141074;0.0000143892;0.0000135079;0.0000137132;2756594506
20250324 000000;0.0000137132;0.0000163816;0.0000136182;0.000014581;1906449294
20250325 000000;0.000014581;0.0000162999;0.0000134432;0.0000162999;1282783655
20250326 000000;0.0000162999;0.0000162999;0.0000140373;0.0000145873;1268768145
20250327 000000;0.0000145873;0.0000200359;0.0000143896;0.0000163532;3525515020
20250328 000000;0.0000163532;0.0000165237;0.0000123265;0.0000132849;1854096640
20250329 000000;0.0000132849;0.0000132937;0.0000119376;0.0000120449;1461592010
20250330 000000;0.0000120449;0.0000135373;0.0000120449;0.0000128106;918498982
20250331 000000;0.0000128106;0.0000132937;0.0000116853;0.0000118518;1699013683
20250401 000000;0.0000118518;0.0000137778;0.0000117194;0.0000127147;625567883
20250402 000000;0.0000127147;0.0000130471;0.00001;0.0000103158;1945650060
20250403 000000;0.0000103158;0.0000111476;0.00000915;0.000010908;3684722228
20250404 000000;0.000010908;0.0000117711;0.0000104092;0.000011287;613513050
20250405 000000;0.000011287;0.0000114999;0.0000100021;0.0000103243;919757011
20250406 000000;0.0000103243;0.0000105911;0.0000077653;0.0000079837;3549036556
20250407 000000;0.0000079837;0.0000095955;0.0000071301;0.0000091914;5203251031
20250408 000000;0.0000091914;0.00001;0.0000083343;0.0000085179;1045052525
20250409 000000;0.0000085179;0.0000119999;0.0000080001;0.0000105001;2603383119
20250410 000000;0.0000105001;0.0000132;0.0000094966;0.0000105281;2790259478
20250411 000000;0.0000105281;0.0000117521;0.0000102764;0.0000108542;803886697
20250412 000000;0.0000108542;0.0000135;0.0000108542;0.0000129887;1761059367
20250413 000000;0.0000129887;0.0000133425;0.0000120001;0.0000122883;684900033
20250414 000000;0.0000122883;0.0000143755;0.0000121864;0.0000124924;1459673098
20250415 000000;0.0000124924;0.0000127129;0.0000114147;0.0000116;1380929749
20250416 000000;0.0000116;0.0000120899;0.0000109402;0.0000114875;822185549
20250417 000000;0.0000114875;0.0000116175;0.0000108012;0.0000110729;1006088994
20250418 000000;0.0000110729;0.00001138;0.0000104814;0.0000112701;803068449
20250419 000000;0.0000112701;0.0000112701;0.0000105003;0.0000107426;377491689
20250420 000000;0.0000107426;0.0000110126;0.00001005;0.0000104371;1116614262
20250421 000000;0.0000104371;0.0000118019;0.0000104371;0.00001067;658853714
20250422 000000;0.00001067;0.0000119;0.000010098;0.0000117783;2208874205
20250423 000000;0.0000117783;0.000016;0.000011771;0.0000139538;3027714425
20250424 000000;0.0000139538;0.000014;0.0000123072;0.0000123072;952022364
20250425 000000;0.0000123072;0.0000142425;0.0000122441;0.0000137472;1371944574
20250426 000000;0.0000137472;0.0000147802;0.0000128536;0.0000128992;786688365
20250427 000000;0.0000128992;0.0000134151;0.0000110048;0.0000112684;1370785814
20250428 000000;0.0000112684;0.0000129587;0.000010796;0.0000124305;1618622553
20250429 000000;0.0000124305;0.0000127147;0.0000116858;0.0000118409;500139880
20250430 000000;0.0000118409;0.0000128371;0.0000108175;0.0000122101;1011082947
20250501 000000;0.0000122101;0.0000125313;0.0000114857;0.0000115802;497188222
20250502 000000;0.0000115802;0.0000121067;0.0000106656;0.0000115314;1025877186
20250503 000000;0.0000115314;0.0000116256;0.0000108001;0.0000113262;781316678
20250504 000000;0.0000113262;0.0000125332;0.0000109001;0.0000117471;665794313
20250505 000000;0.0000117471;0.00001242;0.0000111036;0.0000120357;623139052
20250506 000000;0.0000120357;0.0000120678;0.0000109347;0.0000119333;579394277
20250507 000000;0.0000119333;0.0000122578;0.0000111821;0.0000111856;881232908
20250508 000000;0.0000111856;0.0000145;0.0000108;0.000014271;1418369344
20250509 000000;0.000014271;0.0000154234;0.000012507;0.0000138616;2522317970
20250510 000000;0.0000138616;0.0000198863;0.0000126555;0.00001754;6695307497
20250511 000000;0.00001754;0.0000176516;0.0000161824;0.0000176516;1750261372
20250512 000000;0.0000176516;0.000022;0.0000161825;0.000022;6720886188
20250513 000000;0.000022;0.000024;0.0000188;0.0000223666;3980905005
20250514 000000;0.0000223666;0.0000223666;0.0000189775;0.0000199914;1984388325
20250515 000000;0.0000199914;0.0000205578;0.0000166966;0.0000180051;2839011729
20250516 000000;0.0000180051;0.0000193223;0.0000167118;0.0000169592;2200751700
20250517 000000;0.0000169592;0.0000172674;0.0000155776;0.0000159939;645905678
20250518 000000;0.0000159939;0.0000177;0.0000146064;0.0000162236;2468370223
20250519 000000;0.0000162236;0.0000173184;0.0000150907;0.0000158991;953292178
20250520 000000;0.0000158991;0.0000168066;0.0000149;0.0000168066;867690759
20250521 000000;0.0000168066;0.0000179263;0.0000157922;0.0000157936;1096545565
20250522 000000;0.0000157936;0.0000185088;0.0000149;0.0000153338;4107945790
20250523 000000;0.0000153338;0.0000171;0.000014502;0.0000148791;1813940410
20250524 000000;0.0000148791;0.0000155;0.0000143;0.0000143579;862540715
20250525 000000;0.0000143579;0.0000143712;0.000013656;0.0000141492;752608571
20250526 000000;0.0000141492;0.0000155;0.0000138277;0.0000141407;799235479
20250527 000000;0.0000141407;0.0000149671;0.00001383;0.0000143105;1337056920
20250528 000000;0.0000143105;0.0000145669;0.0000135;0.0000136256;1368872715
20250529 000000;0.0000136256;0.0000146716;0.0000127943;0.000013355;1478229763
20250530 000000;0.000013355;0.000013395;0.0000111;0.00001252;4314340859
20250531 000000;0.00001252;0.0000126825;0.0000105;0.0000118988;1750514610
20250601 000000;0.0000118988;0.0000128237;0.0000105001;0.0000115313;923151662
20250602 000000;0.0000115313;0.0000122589;0.000010699;0.0000122589;1080545723
20250603 000000;0.0000122589;0.0000135158;0.0000118728;0.0000124442;740521623
20250604 000000;0.0000124442;0.0000134355;0.0000123442;0.0000127933;281469392
20250605 000000;0.0000127933;0.0000129743;0.0000105943;0.0000112142;1214721332
20250606 000000;0.0000112142;0.000012564;0.0000111346;0.00001187;965052154
20250607 000000;0.00001187;0.0000125;0.00001148;0.0000120635;877007356
20250608 000000;0.0000120635;0.0000122589;0.0000112;0.0000118189;566751947
20250609 000000;0.0000118189;0.0000129743;0.0000111788;0.0000127621;1675127282
20250610 000000;0.0000127621;0.0000134389;0.00001189;0.0000130473;957240733
20250611 000000;0.0000130473;0.0000134983;0.000009914;0.0000112066;1607888219
20250612 000000;0.0000112066;0.0000121484;0.0000103071;0.0000108811;1656296214
20250613 000000;0.0000108811;0.0000114461;0.0000088888;0.000009872;2934182536
20250614 000000;0.000009872;0.000012256;0.0000095;0.0000099985;2258721742
20250615 000000;0.0000099985;0.000012;0.0000086841;0.0000094533;2706501151
20250616 000000;0.0000094533;0.0000107652;0.0000091263;0.0000096;1311084029
20250617 000000;0.0000096;0.0000096103;0.0000085001;0.0000089796;1014496238
20250618 000000;0.0000089796;0.0000095629;0.0000087801;0.0000095629;684995394
20250619 000000;0.0000095629;0.0000099731;0.0000091704;0.0000092589;485978140
20250620 000000;0.0000092589;0.0000094544;0.0000081;0.0000082441;1295226580
20250621 000000;0.0000082441;0.0000087018;0.000007729;0.0000079085;576481849
20250622 000000;0.0000079085;0.0000082225;0.0000074;0.0000076163;1981708595
20250623 000000;0.0000076163;0.0000095;0.0000075987;0.0000090272;711810251
20250624 000000;0.0000090272;0.0000095;0.0000083001;0.0000085001;920169401
20250625 000000;0.0000085001;0.0000089926;0.0000083179;0.0000088431;584760465
20250626 000000;0.0000088431;0.0000091999;0.0000085992;0.0000085992;496196547
20250627 000000;0.0000085992;0.0000086744;0.0000082154;0.0000084622;222526588
20250628 000000;0.0000084622;0.0000089697;0.0000081408;0.0000084246;472256734
20250629 000000;0.0000084246;0.0000089782;0.0000076723;0.0000081993;1455016391
20250630 000000;0.0000081993;0.0000088782;0.0000080791;0.0000087796;439708445
20250701 000000;0.0000087796;0.0000087796;0.0000079963;0.0000082199;492187531
20250702 000000;0.0000082199;0.000009106;0.0000079652;0.0000087951;597209439
20250703 000000;0.0000087951;0.0000096364;0.0000084763;0.0000086861;1527443260
20250704 000000;0.0000086861;0.0000092402;0.0000084001;0.0000090714;471481884
20250705 000000;0.0000090714;0.0000092533;0.0000085042;0.0000085371;294068254
20250706 000000;0.0000085371;0.0000089325;0.0000083526;0.0000089066;130785199
20250707 000000;0.0000089066;0.0000089066;0.0000084895;0.0000088007;177932206
20250708 000000;0.0000088007;0.0000089298;0.0000084058;0.0000086591;293459829
20250709 000000;0.0000086591;0.0000094;0.0000084742;0.0000093014;272569974
20250710 000000;0.0000093014;0.0000116158;0.0000093014;0.0000113594;1110936597
20250711 000000;0.0000113594;0.0000134986;0.0000104567;0.0000114306;1514384213
20250712 000000;0.0000114306;0.0000124558;0.00001035;0.0000106059;849704075
20250713 000000;0.0000106059;0.0000124;0.0000102159;0.0000107854;808101527
20250714 000000;0.0000107854;0.0000124262;0.0000107854;0.0000117455;628679157
20250715 000000;0.0000117455;0.0000134;0.0000109972;0.0000124702;1361206384
20250716 000000;0.0000124702;0.0000138932;0.0000112993;0.0000128157;1569786399
20250717 000000;0.0000128157;0.0000128945;0.0000119996;0.0000126643;577328059
20250718 000000;0.0000126643;0.0000137099;0.0000108896;0.0000118816;2077862512
20250719 000000;0.0000118816;0.0000129559;0.0000112716;0.0000121244;671617364
20250720 000000;0.0000121244;0.0000135;0.0000112513;0.000011651;1000857444
20250721 000000;0.000011651;0.0000127093;0.000011;0.0000119502;1471034807
20250722 000000;0.0000119502;0.0000129069;0.0000106;0.0000113619;1711022425
20250723 000000;0.0000113619;0.0000117024;0.0000093;0.000009915;1369823284
20250724 000000;0.000009915;0.0000108761;0.0000096802;0.000010646;747260200
20250725 000000;0.000010646;0.0000106899;0.0000088103;0.0000096936;2048965199
20250726 000000;0.0000096936;0.0000101641;0.00000935;0.0000101641;390039026
20250727 000000;0.0000101641;0.0000115889;0.0000098885;0.0000103121;873376871
20250728 000000;0.0000103121;0.0000109205;0.0000102734;0.0000103752;559850247
20250729 000000;0.0000103752;0.0000106398;0.0000096958;0.0000102176;937559658
20250730 000000;0.0000102176;0.0000102176;0.0000091555;0.0000099721;1317857256
20250731 000000;0.0000099721;0.0000103593;0.0000091244;0.0000093884;283430660
20250801 000000;0.0000093884;0.0000099711;0.0000086502;0.0000093004;971705374
20250802 000000;0.0000093004;0.0000098956;0.0000092186;0.0000097077;195936187
20250803 000000;0.0000097077;0.0000097723;0.0000090729;0.0000094399;347119005
20250804 000000;0.0000094399;0.0000098614;0.0000090827;0.0000096792;772669722
20250805 000000;0.0000096792;0.0000096792;0.0000088051;0.0000091014;528300503
20250806 000000;0.0000091014;0.0000093608;0.00000745;0.0000085677;3279727454
20250807 000000;0.0000085677;0.0000099462;0.0000083861;0.0000094654;1953382827
20250808 000000;0.0000094654;0.0000119999;0.0000085866;0.0000108972;2481206497
20250809 000000;0.0000108972;0.0000149809;0.0000105293;0.0000111053;1937889503
20250810 000000;0.0000111053;0.0000117295;0.0000106847;0.0000111611;360346037
20250811 000000;0.0000111611;0.0000124001;0.0000111611;0.0000116006;548550745
20250812 000000;0.0000116006;0.0000122499;0.0000105001;0.0000109921;1044541459
20250813 000000;0.0000109921;0.0000121;0.00001051;0.0000114661;1035169055
20250814 000000;0.0000114661;0.0000119032;0.0000098;0.0000105401;1116994417
20250815 000000;0.0000105401;0.0000112027;0.0000095052;0.0000097702;572593195
20250816 000000;0.0000097702;0.0000107;0.0000095342;0.0000101259;404324662
20250817 000000;0.0000101259;0.0000107958;0.0000096;0.0000101765;758596468
20250818 000000;0.0000101765;0.0000101765;0.000009;0.0000096915;908038891
20250819 000000;0.0000096915;0.0000096915;0.0000089;0.0000089001;487756391
20250820 000000;0.0000089001;0.0000101;0.0000089001;0.0000101;472603521
20250821 000000;0.0000101;0.0000102879;0.0000092;0.0000093357;246930184
20250822 000000;0.0000093357;0.0000116014;0.0000089751;0.0000104363;1087550496
20250823 000000;0.0000104363;0.0000114;0.000010236;0.0000103928;301516871
20250824 000000;0.0000103928;0.0000105105;0.0000084243;0.0000094756;860102256
20250825 000000;0.0000094756;0.000009573;0.0000083439;0.0000087262;441360643
20250826 000000;0.0000087262;0.0000093317;0.0000086469;0.0000089415;421327543
20250827 000000;0.0000089415;0.0000108025;0.0000087467;0.000010053;474870720
20250828 000000;0.000010053;0.0000110482;0.0000096214;0.0000098009;426917179
20250829 000000;0.0000098009;0.0000098784;0.0000082875;0.000009322;1384218313
20250830 000000;0.000009322;0.000009719;0.0000084545;0.0000092629;889231469
20250831 000000;0.0000092629;0.000009708;0.0000090936;0.0000094291;193725827
20250901 000000;0.0000094291;0.0000094291;0.000007671;0.0000079962;1394812119
20250902 000000;0.0000079962;0.0000086667;0.0000075146;0.000008254;854722820
20250903 000000;0.000008254;0.0000088;0.0000081635;0.000008487;357031677
20250904 000000;0.000008487;0.0000085401;0.0000079137;0.0000083512;579467224
20250905 000000;0.0000083512;0.0000091011;0.0000080001;0.0000081811;541096585
20250906 000000;0.0000081811;0.0000084215;0.0000074205;0.0000083635;1203316225
20250907 000000;0.0000083635;0.0000083635;0.000005986;0.0000076851;5246580886
20250908 000000;0.0000076851;0.0000079712;0.0000070544;0.0000075814;935777819
20250909 000000;0.0000075814;0.0000077777;0.0000069001;0.0000069001;1084255511
20250910 000000;0.0000069001;0.0000082923;0.0000066847;0.0000079;1525872114
20250911 000000;0.0000079;0.0000079;0.0000073844;0.0000076541;591688482
20250912 000000;0.0000076541;0.0000083444;0.000007621;0.0000077972;1310123083
20250913 000000;0.0000077972;0.0000084061;0.0000077741;0.000008014;369489462
20250914 000000;0.000008014;0.0000080719;0.0000078956;0.0000078956;100436037
20250915 000000;0.0000078956;0.0000083746;0.0000074728;0.0000081972;1514335587
20250916 000000;0.0000081972;0.0000083803;0.0000075554;0.0000079412;388300199
20250917 000000;0.0000079412;0.0000088999;0.000007569;0.0000084154;4048184232
20250918 000000;0.0000084154;0.00000887;0.000008;0.0000080003;1514062577
20250919 000000;0.0000080003;0.0000080388;0.000007;0.0000073155;1268458757
20250920 000000;0.0000073155;0.0000080234;0.0000070002;0.0000076249;972135186
20250921 000000;0.0000076249;0.0000077338;0.0000062369;0.000006871;2670635006
20250922 000000;0.000006871;0.0000071809;0.0000061334;0.0000066987;2627928692
20250923 000000;0.0000066987;0.0000069894;0.0000060379;0.0000062229;1830895202
20250924 000000;0.0000062229;0.0000082305;0.0000061159;0.0000068543;2890486577
20250925 000000;0.0000068543;0.0000072862;0.0000061418;0.000006244;1483222129
20250926 000000;0.000006244;0.0000077;0.0000060221;0.0000065665;1156182251
20250927 000000;0.0000065665;0.0000065838;0.0000061123;0.0000062341;1171391418
20250928 000000;0.0000062341;0.0000065364;0.0000061675;0.0000065364;268466120
20250929 000000;0.0000065364;0.000007555;0.0000062759;0.0000070068;1456064820
20250930 000000;0.0000070068;0.0000071679;0.0000064834;0.0000067436;1104762326
20251001 000000;0.0000067436;0.0000073654;0.0000066492;0.0000070501;383794182
20251002 000000;0.0000070501;0.0000074649;0.0000069567;0.0000074649;847472099
20251003 000000;0.0000074649;0.0000077326;0.0000072414;0.0000076137;1442730498
20251004 000000;0.0000076137;0.0000082;0.0000075006;0.0000075424;450813748
20251005 000000;0.0000075424;0.0000077835;0.000006738;0.000006937;1030447598
20251006 000000;0.000006937;0.0000085827;0.0000066887;0.0000080722;3488971845
20251007 000000;0.0000080722;0.0000084999;0.0000069961;0.0000072856;2352267566
20251008 000000;0.0000072856;0.000008192;0.0000070002;0.000007912;2408509881
20251009 000000;0.000007912;0.0000084999;0.0000073989;0.0000075403;1471850338
20251010 000000;0.0000075403;0.0000076317;0.0000050027;0.0000058476;2671688451
20251011 000000;0.0000058476;0.0000067912;0.0000058004;0.0000061498;1685208523
20251012 000000;0.0000061498;0.0000075;0.0000057345;0.0000069527;1108343111
20251013 000000;0.0000069527;0.0000073188;0.0000061702;0.0000064394;657466719
20251014 000000;0.0000064394;0.0000069701;0.0000061107;0.0000065033;1802463583
20251015 000000;0.0000065033;0.0000067386;0.0000060849;0.0000061914;649231973
20251016 000000;0.0000061914;0.0000063808;0.000005995;0.000005995;691879749
20251017 000000;0.000005995;0.0000060803;0.0000045865;0.0000049181;4923374423
20251018 000000;0.0000049181;0.0000054458;0.0000039829;0.0000044024;3109465050
20251019 000000;0.0000044024;0.0000048874;0.0000044024;0.0000047286;322381196
20251020 000000;0.0000047286;0.0000048759;0.000004;0.0000043583;4392868387
20251021 000000;0.0000043583;0.0000050311;0.0000040003;0.000004346;2804259480
20251022 000000;0.000004346;0.0000049;0.000004004;0.0000041087;2603121163
20251023 000000;0.0000041087;0.0000045353;0.0000040008;0.00000416;1478927921
20251024 000000;0.00000416;0.0000045632;0.0000040387;0.0000043387;4153131117
20251025 000000;0.0000043387;0.0000058242;0.0000042888;0.0000052855;4667244252
20251026 000000;0.0000052855;0.000006155;0.0000051802;0.0000057023;4455887964
20251027 000000;0.0000057023;0.0000063777;0.0000055542;0.0000055542;554545002
20251028 000000;0.0000055542;0.0000060751;0.0000051577;0.0000056055;3984175207
20251029 000000;0.0000056055;0.0000060793;0.000005545;0.0000056141;2048585195
20251030 000000;0.0000056141;0.0000059908;0.0000047372;0.0000048109;3296532802
20251031 000000;0.0000048109;0.000005398;0.0000048109;0.0000049617;3488076093
20251101 000000;0.0000049617;0.000005151;0.0000045882;0.0000046239;3979968256
20251102 000000;0.0000046239;0.0000050029;0.0000045879;0.0000048535;2024991505
20251103 000000;0.0000048535;0.0000050867;0.000004;0.000004243;2028527159
20251104 000000;0.000004243;0.0000044803;0.0000036046;0.0000037386;5191239505
20251105 000000;0.0000037386;0.0000041537;0.00000365;0.0000038171;4595706082
20251106 000000;0.0000038171;0.0000039558;0.0000031519;0.0000034;6242690203
20251107 000000;0.0000034;0.0000037409;0.00000292;0.0000037079;12881130892
20251108 000000;0.0000037079;0.00000375;0.0000034126;0.0000034718;1767924281
20251109 000000;0.0000034718;0.0000037415;0.0000033202;0.0000035708;2317868768
20251110 000000;0.0000035708;0.0000041479;0.0000034262;0.0000035837;9764526735
20251111 000000;0.0000035837;0.0000037503;0.0000033335;0.0000033346;2892751291
20251112 000000;0.0000033346;0.000003393;0.000003148;0.0000031572;2759684723
20251113 000000;0.0000031572;0.0000034059;0.0000027397;0.0000029324;6128711737
20251114 000000;0.0000029324;0.00000303;0.0000011;0.0000021552;19202652650
20251115 000000;0.0000021552;0.0000039999;0.0000021552;0.0000025068;13176062147
20251116 000000;0.0000025068;0.0000029946;0.00000215;0.0000025055;12470206402
20251117 000000;0.0000025055;0.0000041291;0.000001912;0.000002005;45186053480
20251118 000000;0.000002005;0.0000024122;0.0000019184;0.0000022777;17307590644
20251119 000000;0.0000022777;0.0000025367;0.0000021925;0.0000022668;6532888426
20251120 000000;0.0000022668;0.0000025553;0.0000021465;0.0000022615;10411355162
20251121 000000;0.0000022615;0.000002362;0.0000019068;0.0000021417;10417043886
20251122 000000;0.0000021417;0.0000022071;0.0000020027;0.0000020763;1639859166
20251123 000000;0.0000020763;0.0000024227;0.0000020032;0.0000022272;25369898181
20251124 000000;0.0000022272;0.000002492;0.0000021352;0.0000023414;10282180104
20251125 000000;0.0000023414;0.0000025996;0.0000023191;0.000002512;13115306518
20251126 000000;0.000002512;0.0000026831;0.0000024537;0.0000026831;399556102
20251127 000000;0.0000026831;0.000002955;0.0000025553;0.0000025997;8005770393
20251128 000000;0.0000025997;0.0000027695;0.0000025924;0.0000026501;266168515
20251129 000000;0.0000026501;0.0000026984;0.0000020944;0.0000023572;6952359094
20251130 000000;0.0000023572;0.0000025539;0.0000022743;0.0000024515;3498407647
20251201 000000;0.0000024515;0.0000025;0.000002102;0.0000021646;1525104096
20251202 000000;0.0000021646;0.0000025551;0.0000020677;0.000002381;820685998
20251203 000000;0.000002381;0.0000028;0.000002381;0.0000025592;3399416114
20251204 000000;0.0000025592;0.0000028;0.00000247;0.0000025102;3058809686
20251205 000000;0.0000025102;0.0000025939;0.0000023878;0.0000025031;551692681
20251206 000000;0.0000025031;0.0000025449;0.0000023727;0.0000024359;1233945146
20251207 000000;0.0000024359;0.0000025455;0.0000019945;0.0000020347;1541216799
20251208 000000;0.0000020347;0.0000023462;0.0000020347;0.0000022184;1079679032
20251209 000000;0.0000022184;0.0000025397;0.0000020387;0.0000023818;680101937
20251210 000000;0.0000023818;0.0000023914;0.0000023088;0.0000023091;528897333
20251211 000000;0.0000023091;0.0000024717;0.000002139;0.0000023439;888167919
20251212 000000;0.0000023439;0.000002353;0.0000020654;0.000002225;473681810
20251213 000000;0.000002225;0.0000023472;0.0000021785;0.0000021785;203745531
20251214 000000;0.0000021785;0.0000023421;0.0000021083;0.000002256;628370031
20251215 000000;0.000002256;0.0000023422;0.0000019658;0.0000021241;1282818255
20251216 000000;0.0000021241;0.0000033;0.0000021241;0.0000023463;877748187
20251217 000000;0.0000023463;0.000003135;0.0000021146;0.0000021361;1756139673
20251218 000000;0.0000021361;0.0000022661;0.0000019275;0.0000019894;779091944
20251219 000000;0.0000019894;0.000002222;0.0000019894;0.0000021368;669593889
20251220 000000;0.0000021368;0.0000022292;0.00000208;0.00000218;106035406
20251221 000000;0.00000218;0.0000024033;0.0000021679;0.0000022221;80729886
20251222 000000;0.0000022221;0.0000023108;0.0000021346;0.0000021364;137292356
20251223 000000;0.0000021364;0.0000022217;0.0000019876;0.0000022217;272027300
20251224 000000;0.0000022217;0.0000022217;0.0000019523;0.0000020038;324810009
20251225 000000;0.0000020038;0.0000021312;0.0000020038;0.0000020841;1114511101
20251226 000000;0.0000020841;0.0000022217;0.0000020048;0.0000021012;1308038051
20251227 000000;0.0000021012;0.0000022932;0.000002054;0.000002054;2660698546
20251228 000000;0.000002054;0.0000022553;0.000002054;0.0000020768;2015506905
20251229 000000;0.0000020768;0.0000022208;0.0000020041;0.0000020042;1459494691
20251230 000000;0.0000020042;0.0000022214;0.0000020041;0.0000020587;266028869
20251231 000000;0.0000020587;0.0000021356;0.0000019144;0.0000019144;552133973
