20260101 000000;0.06903;0.0717;0.06854;0.07078;955224.77
20260102 000000;0.07078;0.07674;0.07066;0.07404;1491934.64
20260103 000000;0.07404;0.07529;0.07375;0.07389;864463.56
20260104 000000;0.07389;0.07588;0.07384;0.07542;861716.24
20260105 000000;0.07542;0.07688;0.07523;0.07608;922992.52
20260106 000000;0.07608;0.07896;0.07578;0.07785;895282.86
20260107 000000;0.07785;0.07862;0.07737;0.07807;812809.17
20260108 000000;0.07807;0.07836;0.0772;0.07739;797742.03
20260109 000000;0.07739;0.07838;0.07666;0.07676;780894.03
20260110 000000;0.07676;0.07713;0.07657;0.07666;792350.34
20260111 000000;0.07666;0.07815;0.07655;0.07731;816327.56
20260112 000000;0.07731;0.07812;0.0747;0.07746;907582.47
20260113 000000;0.07746;0.07978;0.07471;0.07788;959396.55
20260114 000000;0.07788;0.07807;0.07683;0.07712;798532.25
20260115 000000;0.07712;0.07728;0.07589;0.076;808762.97
20260116 000000;0.076;0.0763;0.075;0.07525;799348.98
20260117 000000;0.07525;0.07603;0.075;0.07527;856856.84
20260118 000000;0.07527;0.07536;0.07274;0.07276;974404.83
20260119 000000;0.07276;0.07305;0.06851;0.06912;1090230.99
20260120 000000;0.06912;0.07;0.06794;0.06804;1485305.9
20260121 000000;0.06804;0.06963;0.06754;0.06947;1474770.64
20260122 000000;0.06947;0.06979;0.06875;0.06886;2323473.92
20260123 000000;0.06886;0.0735;0.06875;0.07292;3635014.78
20260124 000000;0.07292;0.07427;0.0726;0.07312;3310654.88
20260125 000000;0.07312;0.07322;0.06915;0.06962;1188883.52
20260126 000000;0.06962;0.07235;0.06923;0.07156;3061793.76
20260127 000000;0.07156;0.07288;0.07082;0.07252;1852578.14
20260128 000000;0.07252;0.07282;0.06974;0.07036;1542075.9
20260129 000000;0.07036;0.07075;0.0647;0.06478;1380079.35
20260130 000000;0.06478;0.06485;0.06389;0.0644;930112.9
20260131 000000;0.0644;0.06465;0.061;0.06113;1078868.57
20260201 000000;0.06113;0.06165;0.06027;0.06044;1625908.2
20260202 000000;0.06044;0.06157;0.05966;0.06125;1336682.38
20260203 000000;0.06125;0.06147;0.05994;0.0602;1098634.65
20260204 000000;0.0602;0.06086;0.05939;0.05956;1295130.47
20260205 000000;0.05956;0.05986;0.05099;0.051;1296588.35
20260206 000000;0.051;0.05528;0.04926;0.05503;1257400.99
20260207 000000;0.05503;0.05535;0.05352;0.05449;1502655.62
20260208 000000;0.05449;0.05623;0.05448;0.05588;2166672.33
20260209 000000;0.05588;0.0566;0.05414;0.05529;3089144.33
20260210 000000;0.05529;0.05624;0.055;0.05618;1273776.19
20260211 000000;0.05618;0.05622;0.05428;0.05488;1320019.01
20260212 000000;0.05488;0.05495;0.05446;0.0545;1052597.79
20260213 000000;0.0545;0.05496;0.05393;0.05496;1164737.36
20260214 000000;0.05496;0.05497;0.05222;0.0526;1283763.3
20260215 000000;0.0526;0.05383;0.05206;0.05215;1165339.91
20260216 000000;0.05215;0.05289;0.05158;0.05168;1196384.8
20260217 000000;0.05168;0.05239;0.05153;0.05212;1122911.5
20260218 000000;0.05212;0.05222;0.05033;0.05049;1175110.14
20260219 000000;0.05049;0.05074;0.04776;0.04837;1744931.47
20260220 000000;0.04837;0.05035;0.04823;0.04846;7390285.92
20260221 000000;0.04846;0.05059;0.04828;0.04838;6989578.61
20260222 000000;0.04838;0.08847;0.04822;0.05234;6872822.02
20260223 000000;0.05234;0.05252;0.04727;0.04762;1540724.82
20260224 000000;0.04762;0.04771;0.0455;0.04606;1357482.65
20260225 000000;0.04606;0.05873;0.046;0.05616;3103381.07
20260226 000000;0.05616;0.06375;0.04757;0.04824;3119375.34
20260227 000000;0.04824;0.04895;0.04728;0.04772;1360343.85
20260228 000000;0.04772;0.04818;0.04448;0.04667;1487586.34
20260301 000000;0.04667;0.04757;0.04563;0.04575;1257386.09
20260302 000000;0.04575;0.04818;0.0452;0.04565;1415545.31
20260303 000000;0.04565;0.04771;0.04462;0.04479;1668627.6
20260304 000000;0.04479;0.0449;0.04264;0.04404;1584521.91
20260305 000000;0.04404;0.04405;0.0428;0.04285;1338445.76
20260306 000000;0.04285;0.04363;0.04149;0.04185;1412959.83
20260307 000000;0.04185;0.04267;0.04106;0.04109;1432367.26
20260308 000000;0.04109;0.04116;0.04002;0.04003;1328464.8
20260309 000000;0.04003;0.0408;0.03977;0.04022;1456632.01
20260310 000000;0.04022;0.04363;0.0402;0.04148;1868624.8
20260311 000000;0.04148;0.042;0.04055;0.04089;1476142.02
20260312 000000;0.04089;0.04091;0.03965;0.04025;1478952.22
20260313 000000;0.04025;0.04268;0.04003;0.04081;1686404.52
20260314 000000;0.04081;0.04926;0.04068;0.04231;2513799.39
20260315 000000;0.04231;0.04292;0.0412;0.0417;1368341.73
20260316 000000;0.0417;0.04317;0.04135;0.04276;1439945.48
20260317 000000;0.04276;0.04391;0.04146;0.04164;1512408.86
20260318 000000;0.04164;0.04227;0.04133;0.04152;1390031.2
20260319 000000;0.04152;0.04154;0.04003;0.04017;1470868.54
20260320 000000;0.04017;0.04041;0.03965;0.03981;1451316.08
20260321 000000;0.03981;0.04016;0.03965;0.03983;1364963.21
20260322 000000;0.03983;0.03988;0.03878;0.03898;1398034.76
20260323 000000;0.03898;0.04013;0.03801;0.03973;1588292.04
20260324 000000;0.03973;0.03975;0.03912;0.03923;1397854.84
20260325 000000;0.03923;0.04013;0.03923;0.03963;1423190.55
20260326 000000;0.03963;0.03964;0.03705;0.0372;1516561.32
20260327 000000;0.0372;0.03746;0.03635;0.03637;1671787.75
20260328 000000;0.03637;0.03707;0.03612;0.03639;1546596.46
20260329 000000;0.03639;0.03741;0.03623;0.03674;1635579.29
20260330 000000;0.03674;0.03801;0.03566;0.03704;1584737.69
20260331 000000;0.03704;0.0385;0.03701;0.03837;1599196.96
20260401 000000;0.03837;0.04403;0.03836;0.04016;1860012.75
20260402 000000;0.04016;0.0402;0.03717;0.03788;1525186.05
20260403 000000;0.03788;0.03899;0.03753;0.03869;1426218.86
20260404 000000;0.03869;0.04012;0.03865;0.0393;1476030.02
20260405 000000;0.0393;0.04026;0.03872;0.04024;1513008.56
20260406 000000;0.04024;0.04459;0.03825;0.03828;2452022.86
20260407 000000;0.03828;0.03899;0.03765;0.03898;1583770.44
20260408 000000;0.03898;0.0401;0.03881;0.03936;1506756.36
20260409 000000;0.03936;0.03949;0.03899;0.03945;1462839.06
20260410 000000;0.03945;0.03947;0.03876;0.03906;1405877.71
20260411 000000;0.03906;0.03923;0.03863;0.03881;1387039.18
20260412 000000;0.03881;0.03937;0.03862;0.03865;1490213.47
20260413 000000;0.03865;0.03924;0.03813;0.03922;1495530.34
20260414 000000;0.03922;0.03937;0.03896;0.03934;1472373.18
20260415 000000;0.03934;0.03937;0.03887;0.03937;1411944.29
20260416 000000;0.03937;0.03975;0.03882;0.03975;1413411.75
20260417 000000;0.03975;0.04062;0.03974;0.04018;1549340.97
20260418 000000;0.04018;0.04052;0.03975;0.03989;1386121.99
20260419 000000;0.03989;0.0413;0.03899;0.03906;1407453.14
20260420 000000;0.03906;0.03936;0.03899;0.03935;1428467.52
20260421 000000;0.03935;0.03988;0.03935;0.03986;1495344.36
20260422 000000;0.03986;0.04008;0.03952;0.03989;1500477.01
20260423 000000;0.03989;0.03989;0.0392;0.03954;1427000.45
20260424 000000;0.03954;0.04039;0.03939;0.04024;1403493.81
20260425 000000;0.04024;0.04039;0.03975;0.03996;1302836.58
20260426 000000;0.03996;0.04;0.03949;0.0397;1362848.49
20260427 000000;0.0397;0.04026;0.03845;0.03872;1452224.8
20260428 000000;0.03872;0.03948;0.03861;0.03871;1455909.5
20260429 000000;0.03871;0.04197;0.03853;0.03865;1629488.15
20260430 000000;0.03865;0.03871;0.03775;0.03782;1421953.3
20260501 000000;0.03782;0.05071;0.03699;0.04579;1904252.13
20260502 000000;0.04579;0.06158;0.04537;0.04558;1639535.08
20260503 000000;0.04558;0.04561;0.04149;0.0416;1328164.61
20260504 000000;0.0416;0.04458;0.04104;0.04139;1392842.71
20260505 000000;0.04139;0.04144;0.04067;0.04067;1375935.63
20260506 000000;0.04067;0.04091;0.03938;0.04006;1436144.69
20260507 000000;0.04006;0.04114;0.03985;0.04005;1386919.34
20260508 000000;0.04005;0.055;0.03997;0.05058;2073340.76
20260509 000000;0.05058;0.054;0.0433;0.04357;1535998.18
20260510 000000;0.04357;0.04384;0.04206;0.0422;1403407.52
20260511 000000;0.0422;0.04229;0.04166;0.04176;1327435.06
20260512 000000;0.04176;0.0495;0.04167;0.04338;1655137.46
20260513 000000;0.04338;0.04399;0.04179;0.04188;1228056.57
20260514 000000;0.04188;0.04199;0.04102;0.04155;1430021.47
20260515 000000;0.04155;0.04472;0.04022;0.04209;1599306.1
20260516 000000;0.04209;0.0422;0.0394;0.03952;1375537.41
20260517 000000;0.03952;0.04018;0.03919;0.03944;1365304.7
20260518 000000;0.03944;0.04371;0.03871;0.03979;1657933.27
20260519 000000;0.03979;0.03984;0.03896;0.0391;1420019.53
20260520 000000;0.0391;0.0401;0.03894;0.03914;1418770.65
20260521 000000;0.03914;0.04022;0.03873;0.0392;1560225.05
20260522 000000;0.0392;0.03957;0.039;0.03905;1467691.97
20260523 000000;0.03905;0.03913;0.0385;0.03874;1447446.62
20260524 000000;0.03874;0.04033;0.0385;0.03936;1485751.06
20260525 000000;0.03936;0.04098;0.03919;0.03927;1453543.8
20260526 000000;0.03927;0.03944;0.03895;0.03906;1487253.45
20260527 000000;0.03906;0.03919;0.03784;0.03786;1477360.92
20260528 000000;0.03786;0.03794;0.0363;0.03684;1489465.03
20260529 000000;0.03684;0.03808;0.03653;0.03798;1503706.56
20260530 000000;0.03798;0.03969;0.03736;0.03895;1504234.18
20260531 000000;0.03895;0.03897;0.03736;0.03745;1427021.4
20260601 000000;0.03745;0.03753;0.03584;0.03592;1494346.35
20260602 000000;0.03592;0.03604;0.03433;0.03448;1645317.79
20260603 000000;0.03448;0.03449;0.03319;0.03376;1725065.07
20260604 000000;0.03376;0.03832;0.03106;0.03144;1925385.71
20260605 000000;0.03144;0.03187;0.0285;0.02853;1860786.74
20260606 000000;0.02853;0.02859;0.02781;0.02781;1883370.15
20260607 000000;0.02781;0.0329;0.02757;0.03187;2176239.38
20260608 000000;0.03187;0.03197;0.02841;0.02849;1951149.42
20260609 000000;0.02849;0.02859;0.0275;0.02756;1860568.21
20260610 000000;0.02756;0.02796;0.02696;0.02701;1993163.12
20260611 000000;0.02701;0.02961;0.02665;0.02796;2295521.84
20260612 000000;0.02796;0.02832;0.02751;0.02813;2083668.89
20260613 000000;0.02813;0.02822;0.02769;0.02814;2020952.27
20260614 000000;0.02814;0.02868;0.02742;0.02777;1980488.54
20260615 000000;0.02777;0.02886;0.02769;0.02871;1991167.53
20260616 000000;0.02871;0.03029;0.02771;0.02842;1986775.21
20260617 000000;0.02842;0.03335;0.02816;0.02936;2208295.29
20260618 000000;0.02936;0.02963;0.02745;0.02753;1981308.02
20260619 000000;0.02753;0.02789;0.02745;0.02762;2207787.95
20260620 000000;0.02762;0.02771;0.02719;0.02738;1696625.21
