20240101 000000;0.813;0.8893;0.6621;0.7735;419634.53
20240102 000000;0.7735;0.8252;0.7699;0.7891;153466.02
20240103 000000;0.7891;0.7927;0.6896;0.707;170479.85
20240104 000000;0.707;0.7395;0.7043;0.7322;133997.89
20240105 000000;0.7322;0.7594;0.709;0.7118;136707.91
20240106 000000;0.7118;0.7156;0.6878;0.6929;139129.73
20240107 000000;0.6929;0.7051;0.6811;0.6843;135852.13
20240108 000000;0.6843;0.6952;0.6608;0.695;147286.6
20240109 000000;0.695;0.7229;0.6708;0.6742;153922.78
20240110 000000;0.6742;0.6946;0.63;0.688;196118.06
20240111 000000;0.688;0.7157;0.6775;0.7017;160999.32
20240112 000000;0.7017;0.7017;0.6543;0.6575;143823.5
20240113 000000;0.6575;0.6809;0.6478;0.6742;148607.69
20240114 000000;0.6742;0.6889;0.6641;0.6788;135302.35
20240115 000000;0.6788;0.6953;0.6717;0.6843;143131.6
20240116 000000;0.6843;0.7229;0.6741;0.7156;143033.26
20240117 000000;0.7156;0.7287;0.6912;0.7051;150433.85
20240118 000000;0.7051;0.7122;0.6708;0.6742;142163.67
20240119 000000;0.6742;0.6799;0.6543;0.6707;146468.82
20240120 000000;0.6707;0.7015;0.6675;0.6917;140760.19
20240121 000000;0.6917;0.705;0.6809;0.687;143487.22
20240122 000000;0.687;0.6981;0.6602;0.6673;156303.74
20240123 000000;0.6673;0.6775;0.629;0.6417;152457.39
20240124 000000;0.6417;0.6607;0.635;0.6543;141852.66
20240125 000000;0.6543;0.6551;0.6382;0.6471;114677.94
20240126 000000;0.6471;0.6631;0.6382;0.6624;137434.32
20240127 000000;0.6624;0.6641;0.6414;0.6497;144875.71
20240128 000000;0.6497;0.6591;0.6417;0.6464;146479.73
20240129 000000;0.6464;0.6541;0.6334;0.6473;141806.37
20240130 000000;0.6473;0.6617;0.6463;0.6569;145576.36
20240131 000000;0.6569;0.6569;0.6335;0.6413;148049.42
20240201 000000;0.6413;0.6568;0.6188;0.6395;158931.49
20240202 000000;0.6395;0.6548;0.6324;0.6484;146192.3
20240203 000000;0.6484;0.6614;0.6452;0.655;144963.52
20240204 000000;0.655;0.667;0.6484;0.6515;157869.23
20240205 000000;0.6515;0.6712;0.6467;0.6614;153881.05
20240206 000000;0.6614;0.6714;0.6549;0.6681;150486.14
20240207 000000;0.6681;0.6781;0.6613;0.6731;132659.73
20240208 000000;0.6731;0.6815;0.66;0.6715;139754.72
20240209 000000;0.6715;0.6815;0.6637;0.6785;137663.79
20240210 000000;0.6785;0.7022;0.6745;0.7001;133617.68
20240211 000000;0.7001;0.7344;0.6952;0.6952;149568.79
20240212 000000;0.6952;0.7057;0.685;0.7043;119241.46
20240213 000000;0.7043;0.7128;0.6995;0.6996;136518.51
20240214 000000;0.6996;0.7097;0.6849;0.6987;124775.47
20240215 000000;0.6987;0.7092;0.6986;0.7023;136896.05
20240216 000000;0.7023;0.7127;0.6919;0.6938;133910.3
20240217 000000;0.6938;0.7021;0.6884;0.6912;136648.08
20240218 000000;0.6912;0.7069;0.6886;0.7009;141124.53
20240219 000000;0.7009;0.7204;0.6926;0.7145;142261.64
20240220 000000;0.7145;0.8237;0.7092;0.7395;168483.15
20240221 000000;0.7395;0.7413;0.6906;0.6956;141873.87
20240222 000000;0.6956;0.7055;0.6906;0.6924;142392.87
20240223 000000;0.6924;0.6952;0.6774;0.685;145253.07
20240224 000000;0.685;0.6883;0.668;0.678;153760.68
20240225 000000;0.678;0.6887;0.6548;0.6852;141521.05
20240226 000000;0.6852;0.7162;0.6816;0.7134;149357.94
20240227 000000;0.7134;0.772;0.699;0.7568;170115.02
20240228 000000;0.7568;0.8402;0.75;0.77;159406.96
20240229 000000;0.77;0.8197;0.7576;0.7719;91109.53
20240301 000000;0.7719;0.8403;0.76;0.8403;40572.3
20240302 000000;0.8403;0.9465;0.8403;0.9377;21223.96
20240303 000000;0.9377;0.9519;0.8877;0.9474;23524.13
20240304 000000;0.9474;0.9547;0.8833;0.9194;20276.38
20240305 000000;0.9194;0.9202;0.7548;0.7797;30003.62
20240306 000000;0.7797;0.8277;0.7682;0.8277;7887.38
20240307 000000;0.8277;0.8838;0.8157;0.8788;22767.82
20240308 000000;0.8788;0.8788;0.8445;0.8537;12547.07
20240309 000000;0.8537;0.9377;0.8319;0.9147;16730.51
20240310 000000;0.9147;0.9808;0.9147;0.9332;21278.87
20240311 000000;0.9332;1.0115;0.9011;0.9903;55559.52
20240312 000000;0.9903;1.0218;0.9576;1.0091;69406.57
20240313 000000;1.0091;1.0574;0.9872;1.0034;68361.83
20240314 000000;1.0034;1.0372;0.9156;1.0116;84761.26
20240315 000000;1.0116;1.0356;0.85;0.8977;78196.58
20240316 000000;0.8977;1.2046;0.8842;1.0398;146811.54
20240317 000000;1.0398;1.235;1.0398;1.2291;79172.14
20240318 000000;1.2291;1.7102;1.2166;1.7102;154990.21
20240319 000000;1.7102;1.7825;1.2367;1.3329;178832.9
20240320 000000;1.3329;1.551;1.3091;1.5204;109186.28
20240321 000000;1.5204;1.5242;1.3624;1.4108;82585.08
20240322 000000;1.4108;1.4829;1.3356;1.3556;56847.27
20240323 000000;1.3556;1.374;1.25;1.258;48338.55
20240324 000000;1.258;1.3222;1.243;1.3161;32960.43
20240325 000000;1.3161;1.3422;1.2722;1.3222;37539.29
20240326 000000;1.3222;1.5203;1.2768;1.4321;72091.91
20240327 000000;1.4321;1.4537;1.3354;1.3967;50302.62
20240328 000000;1.3967;1.4779;1.3967;1.4178;37632.86
20240329 000000;1.4178;1.4178;1.3556;1.4002;40353.58
20240330 000000;1.4002;1.4038;1.3388;1.3455;34024.28
20240331 000000;1.3455;1.3522;1.3124;1.3255;30900.92
20240401 000000;1.3255;1.3255;1.2239;1.2421;275914.58
20240402 000000;1.2421;1.2423;1.1189;1.147;438330.28
20240403 000000;1.147;1.1642;1.1;1.1038;326747.88
20240404 000000;1.1038;1.105;1.0485;1.0828;155224.95
20240405 000000;1.0828;1.0885;1.0278;1.0644;99217.24
20240406 000000;1.0644;1.0734;1.0434;1.0698;65241.79
20240407 000000;1.0698;1.13;1.0698;1.1064;90642.86
20240408 000000;1.1064;1.1585;1.0912;1.1412;161224.33
20240409 000000;1.1412;1.1528;1.0751;1.0912;279917.36
20240410 000000;1.0912;1.1032;1.02;1.0603;200824.26
20240411 000000;1.0603;1.1255;1.0497;1.0548;282698.66
20240412 000000;1.0548;1.0707;0.8814;0.8877;220215.03
20240413 000000;0.8877;0.906;0.7548;0.7859;234532.31
20240414 000000;0.7859;0.8453;0.7589;0.841;302383.59
20240415 000000;0.841;0.8857;0.8187;0.8271;278059.66
20240416 000000;0.8271;0.8352;0.7907;0.8186;386522.66
20240417 000000;0.8186;0.8393;0.7521;0.7673;154158.17
20240418 000000;0.7673;0.7771;0.7374;0.7692;211390.5
20240419 000000;0.7692;0.7857;0.7173;0.7655;404296.15
20240420 000000;0.7655;0.8238;0.7617;0.8156;262804.38
20240421 000000;0.8156;0.8399;0.7829;0.7915;379609.82
20240422 000000;0.7915;0.8345;0.7876;0.8279;265367.44
20240423 000000;0.8279;0.8747;0.8279;0.8533;225561.08
20240424 000000;0.8533;0.8576;0.8117;0.824;282356.72
20240425 000000;0.824;0.8311;0.7743;0.805;252927
20240426 000000;0.805;1.3479;0.7938;0.7999;328556.43
20240427 000000;0.7999;0.8038;0.784;0.8024;377445.4
20240428 000000;0.8024;0.8329;0.8003;0.8083;243784.9
20240429 000000;0.8083;0.8083;0.7675;0.7874;295063.4
20240430 000000;0.7874;0.7905;0.7298;0.7487;414825.33
20240501 000000;0.7487;0.7528;0.7154;0.7481;287717.16
20240502 000000;0.7481;0.7672;0.7406;0.7634;383363.47
20240503 000000;0.7634;0.8145;0.7604;0.8106;270863.68
20240504 000000;0.8106;0.8226;0.8024;0.8065;231499.01
20240505 000000;0.8065;0.8184;0.7749;0.8148;293152.2
20240506 000000;0.8148;0.8321;0.8024;0.8064;238712.88
20240507 000000;0.8064;0.8064;0.7711;0.7748;302727.66
20240508 000000;0.7748;0.7864;0.7633;0.7672;351968.47
20240509 000000;0.7672;0.7749;0.7558;0.7713;363024.27
20240510 000000;0.7713;0.7886;0.7595;0.7632;282536.2
20240511 000000;0.7632;0.771;0.7532;0.7596;330579.59
20240512 000000;0.7596;0.7633;0.7501;0.7553;383157.88
20240513 000000;0.7553;0.7603;0.726;0.7517;253230.37
20240514 000000;0.7517;0.7548;0.7298;0.7333;343745.64
20240515 000000;0.7333;0.7827;0.7184;0.7826;233744.2
20240516 000000;0.7826;0.7983;0.771;0.7796;312868.63
20240517 000000;0.7796;0.8104;0.7634;0.8023;220418.26
20240518 000000;0.8023;0.822;0.771;0.775;392023.46
20240519 000000;0.775;0.7785;0.7557;0.7584;189177.58
20240520 000000;0.7584;0.7834;0.7298;0.7826;99475.18
20240521 000000;0.7826;0.8021;0.7826;0.7876;36977.47
20240522 000000;0.7876;0.7983;0.7788;0.7862;43995.23
20240523 000000;0.7862;0.7967;0.7597;0.7713;76660.91
20240524 000000;0.7713;0.7944;0.771;0.7826;54252.99
20240525 000000;0.7826;0.8082;0.7811;0.7991;65392.48
20240526 000000;0.7991;0.8008;0.7944;0.7962;40440.51
20240527 000000;0.7962;0.9134;0.7944;0.8502;63990.15
20240528 000000;0.8502;0.9431;0.85;0.937;59405.73
20240529 000000;0.937;1.007;0.9145;0.919;78412.01
20240530 000000;0.919;0.9376;0.8901;0.8902;77042.56
20240531 000000;0.8902;0.8937;0.8613;0.8701;65110.75
20240601 000000;0.8701;0.909;0.8691;0.9047;73584.84
20240602 000000;0.9047;0.9095;0.8743;0.8794;49590.94
20240603 000000;0.8794;0.9709;0.8775;0.9224;59130.44
20240604 000000;0.9224;0.9255;0.8875;0.888;55977.31
20240605 000000;0.888;0.9019;0.87;0.8791;49920.28
20240606 000000;0.8791;0.8919;0.8596;0.8613;59895.84
20240607 000000;0.8613;0.9009;0.8154;0.821;75795.97
20240608 000000;0.821;0.8211;0.7957;0.7979;72606.66
20240609 000000;0.7979;0.801;0.7704;0.7742;62198.89
20240610 000000;0.7742;0.7773;0.7453;0.7475;73076.95
20240611 000000;0.7475;0.7506;0.6986;0.7052;60253.52
20240612 000000;0.7052;0.7757;0.7031;0.7567;59789.76
20240613 000000;0.7567;0.7597;0.7162;0.7184;72837.02
20240614 000000;0.7184;0.7212;0.6792;0.6843;62808.06
20240615 000000;0.6843;0.6981;0.6813;0.6922;80276.13
20240616 000000;0.6922;0.6964;0.6813;0.6914;54833.3
20240617 000000;0.6914;0.6914;0.642;0.6427;68922.84
20240618 000000;0.6427;0.646;0.612;0.6224;114680.73
20240619 000000;0.6224;0.6449;0.6214;0.6399;70729.39
20240620 000000;0.6399;0.6579;0.6373;0.6443;99695.42
20240621 000000;0.6443;0.646;0.6263;0.6313;57826.74
20240622 000000;0.6313;0.6366;0.6284;0.6345;56731.59
20240623 000000;0.6345;0.6365;0.6259;0.6335;66767.57
20240624 000000;0.6335;0.6335;0.6;0.6073;76878.94
20240625 000000;0.6073;0.6914;0.6045;0.6796;119503.57
20240626 000000;0.6796;0.6816;0.6449;0.6493;65105.29
20240627 000000;0.6493;0.6522;0.6356;0.6437;68534.9
20240628 000000;0.6437;0.6484;0.6245;0.6255;104384.9
20240629 000000;0.6255;0.6269;0.6174;0.6204;48784.22
20240630 000000;0.6204;0.6204;0.6;0.6131;5350.97
20240701 000000;0.6131;0.6234;0.6038;0.6068;61960.57
20240702 000000;0.6068;0.6068;0.5884;0.5944;102196.29
20240703 000000;0.5944;0.6048;0.5637;0.5687;92514.74
20240704 000000;0.5687;0.5805;0.5417;0.5435;187495.64
20240705 000000;0.5435;0.5451;0.4795;0.501;125474.22
20240706 000000;0.501;0.5193;0.4965;0.5167;129744.78
20240707 000000;0.5167;0.5184;0.4874;0.488;88240.2
20240708 000000;0.488;0.5014;0.4771;0.4987;158535.61
20240709 000000;0.4987;0.5191;0.4987;0.5037;87849.86
20240710 000000;0.5037;0.5296;0.5026;0.5152;100195.73
20240711 000000;0.5152;0.5152;0.4939;0.5022;119674.79
20240712 000000;0.5022;0.5029;0.4826;0.4874;89069.05
20240713 000000;0.4874;0.5088;0.4858;0.5056;95757.71
20240714 000000;0.5056;0.5063;0.4965;0.5043;111909.78
20240715 000000;0.5043;0.5218;0.4989;0.5201;111027.63
20240716 000000;0.5201;0.531;0.5141;0.522;89021.08
20240717 000000;0.522;0.548;0.5218;0.5305;112117.87
20240718 000000;0.5305;0.5332;0.5192;0.5201;132653.12
20240719 000000;0.5201;0.5394;0.5089;0.5378;99027.4
20240720 000000;0.5378;0.5709;0.5369;0.5587;131755.26
20240721 000000;0.5587;0.5594;0.5458;0.5475;73324.01
20240722 000000;0.5475;0.5502;0.5182;0.5182;117764.09
20240723 000000;0.5182;0.5288;0.5089;0.5242;78915.11
20240724 000000;0.5242;0.5261;0.5052;0.5061;94405.34
20240725 000000;0.5061;0.5072;0.4917;0.498;90055.26
20240726 000000;0.498;0.5163;0.498;0.5143;94945.49
20240727 000000;0.5143;0.55;0.5132;0.5324;113229.04
20240728 000000;0.5324;0.5339;0.514;0.519;109141.85
20240729 000000;0.519;0.5431;0.514;0.5161;99648.34
20240730 000000;0.5161;0.5536;0.514;0.5514;110211
20240731 000000;0.5514;0.5525;0.5244;0.5272;85508.91
20240801 000000;0.5272;0.5276;0.4989;0.5114;83475.25
20240802 000000;0.5114;0.5141;0.4964;0.4972;108260.52
20240803 000000;0.4972;0.4982;0.4842;0.485;68391.1
20240804 000000;0.485;0.4867;0.4585;0.4606;123742.22
20240805 000000;0.4606;0.5042;0.3931;0.4236;129560.86
20240806 000000;0.4236;0.4387;0.4236;0.4285;82885.85
20240807 000000;0.4285;0.4367;0.4194;0.4208;104090.27
20240808 000000;0.4208;0.4552;0.4153;0.4534;91055.43
20240809 000000;0.4534;0.4552;0.4366;0.4377;84106.04
20240810 000000;0.4377;0.4468;0.4351;0.4452;116087.66
20240811 000000;0.4452;0.4497;0.4312;0.4328;97253.06
20240812 000000;0.4328;0.4387;0.4244;0.4306;90568.09
20240813 000000;0.4306;0.4322;0.4258;0.4284;94728.99
20240814 000000;0.4284;0.4353;0.4258;0.4271;75567.84
20240815 000000;0.4271;0.4294;0.414;0.4213;98167.78
20240816 000000;0.4213;0.4228;0.4078;0.4087;128541.45
20240817 000000;0.4087;0.4182;0.4074;0.4166;83272.28
20240818 000000;0.4166;0.4378;0.4113;0.4256;142412.35
20240819 000000;0.4256;0.4292;0.4201;0.4226;84317.46
20240820 000000;0.4226;0.4314;0.4203;0.422;78971.76
20240821 000000;0.422;0.4825;0.4178;0.4295;153336.78
20240822 000000;0.4295;0.4306;0.4256;0.428;125150.87
20240823 000000;0.428;0.4762;0.4273;0.4702;181382.39
20240824 000000;0.4702;0.4852;0.463;0.4785;32330.39
20240825 000000;0.4785;0.5245;0.4429;0.4619;72001.6
20240826 000000;0.4619;0.4653;0.4397;0.444;65705.52
20240827 000000;0.444;0.4496;0.4216;0.4286;145348.15
20240828 000000;0.4286;0.4595;0.4145;0.4178;130391.59
20240829 000000;0.4178;0.4372;0.4141;0.4177;182271.06
20240830 000000;0.4177;0.428;0.4039;0.4073;115059.32
20240831 000000;0.4073;0.4097;0.4024;0.4031;138137.2
20240901 000000;0.4031;0.4047;0.3815;0.383;100382
20240902 000000;0.383;0.4386;0.3776;0.4058;129427.32
20240903 000000;0.4058;0.4133;0.39;0.3914;115237.09
20240904 000000;0.3914;0.3914;0.3768;0.3888;105709.26
20240905 000000;0.3888;0.3889;0.3701;0.3731;137478.74
20240906 000000;0.3731;0.3763;0.3601;0.3611;143676.06
20240907 000000;0.3611;0.3715;0.3611;0.3697;116041.46
20240908 000000;0.3697;0.3709;0.3625;0.3649;141796.29
20240909 000000;0.3649;0.381;0.3633;0.3792;110911.07
20240910 000000;0.3792;0.385;0.3755;0.3771;133577.65
20240911 000000;0.3771;0.3784;0.3643;0.3678;90050.64
20240912 000000;0.3678;0.3754;0.3668;0.371;86990.16
20240913 000000;0.371;0.3785;0.371;0.3767;107033.04
20240914 000000;0.3767;0.3786;0.3761;0.3783;89262.25
20240915 000000;0.3783;0.379;0.3687;0.3706;105433.87
20240916 000000;0.3706;0.371;0.3553;0.3596;155260.11
20240917 000000;0.3596;0.3706;0.3596;0.3672;132384.45
20240918 000000;0.3672;0.3712;0.3607;0.3699;100823.44
20240919 000000;0.3699;0.3843;0.3695;0.3838;116267.04
20240920 000000;0.3838;0.392;0.381;0.3903;83607.5
20240921 000000;0.3903;0.3991;0.3898;0.3987;95843.11
20240922 000000;0.3987;0.3998;0.3917;0.3919;141158.38
20240923 000000;0.3919;0.4005;0.3915;0.3968;91693
20240924 000000;0.3968;0.4007;0.3947;0.4002;135495.07
20240925 000000;0.4002;0.4125;0.3994;0.4113;97812.58
20240926 000000;0.4113;0.4199;0.4036;0.4187;148413.15
20240927 000000;0.4187;0.4274;0.4182;0.4264;105504.36
20240928 000000;0.4264;0.4329;0.4191;0.4245;144653.01
20240929 000000;0.4245;0.4264;0.4191;0.4217;107139.19
20240930 000000;0.4217;0.4221;0.3967;0.4004;156369.71
20241001 000000;0.4004;0.4064;0.3772;0.3772;125366.76
20241002 000000;0.3772;0.3797;0.3648;0.368;98312.7
20241003 000000;0.368;0.3726;0.366;0.3695;147073.5
20241004 000000;0.3695;0.3747;0.3686;0.3723;156858.67
20241005 000000;0.3723;0.3779;0.3716;0.3751;162333.07
20241006 000000;0.3751;0.3765;0.3712;0.374;119930.86
20241007 000000;0.374;0.3803;0.3728;0.3743;133237.68
20241008 000000;0.3743;0.3783;0.3683;0.369;143528.42
20241009 000000;0.369;0.3707;0.3654;0.3669;107299.26
20241010 000000;0.3669;0.369;0.3609;0.3625;82447.74
20241011 000000;0.3625;0.3668;0.3609;0.3651;136165.79
20241012 000000;0.3651;0.371;0.3636;0.3696;138752.09
20241013 000000;0.3696;0.3728;0.3673;0.3687;142601.86
20241014 000000;0.3687;0.3812;0.3674;0.3812;169215.6
20241015 000000;0.3812;0.3817;0.3728;0.3752;142101.17
20241016 000000;0.3752;0.3978;0.373;0.3787;149136.11
20241017 000000;0.3787;0.3814;0.3658;0.3682;129510.99
20241018 000000;0.3682;0.3728;0.3666;0.3701;125905.19
20241019 000000;0.3701;0.4529;0.3691;0.4254;193969.73
20241020 000000;0.4254;0.4276;0.3938;0.3988;115794.2
20241021 000000;0.3988;0.4017;0.388;0.3949;161700.85
20241022 000000;0.3949;0.3949;0.3784;0.3815;115152.94
20241023 000000;0.3815;0.4332;0.3658;0.4141;171579.47
20241024 000000;0.4141;0.481;0.3824;0.404;212040.68
20241025 000000;0.404;0.4176;0.3827;0.3883;161638.55
20241026 000000;0.3883;0.401;0.3843;0.3949;164999.65
20241027 000000;0.3949;0.3993;0.3843;0.3898;104474.83
20241028 000000;0.3898;0.3913;0.3767;0.3876;99532.99
20241029 000000;0.3876;0.4101;0.3825;0.391;125975.44
20241030 000000;0.391;0.4123;0.3787;0.3853;232567.16
20241031 000000;0.3853;0.3872;0.3658;0.3723;137809.29
20241101 000000;0.3723;0.3787;0.3657;0.3665;171694.27
20241102 000000;0.3665;0.3687;0.3506;0.3514;114458.86
20241103 000000;0.3514;0.3541;0.3343;0.3372;151555.24
20241104 000000;0.3372;0.3433;0.3254;0.3255;163678.8
20241105 000000;0.3255;0.3454;0.3254;0.3344;112945.99
20241106 000000;0.3344;0.3581;0.3329;0.3578;168921.79
20241107 000000;0.3578;0.3677;0.3506;0.3541;133500.47
20241108 000000;0.3541;0.3698;0.3521;0.353;125646.84
20241109 000000;0.353;0.3589;0.3512;0.3576;172349.39
20241110 000000;0.3576;0.4137;0.3571;0.3849;134354.94
20241111 000000;0.3849;0.3949;0.3512;0.3634;151735.85
20241112 000000;0.3634;0.3713;0.3475;0.3523;183573.28
20241113 000000;0.3523;0.3588;0.3415;0.3424;127793.41
20241114 000000;0.3424;0.3474;0.3265;0.3274;219131.27
20241115 000000;0.3274;0.3389;0.3237;0.3384;141083.22
20241116 000000;0.3384;0.3606;0.3372;0.349;126123.33
20241117 000000;0.349;0.4451;0.3455;0.3903;244929.94
20241118 000000;0.3903;0.4221;0.3771;0.3887;189790.62
20241119 000000;0.3887;0.3996;0.3749;0.3876;124991.97
20241120 000000;0.3876;0.4338;0.3619;0.3664;143557.36
20241121 000000;0.3664;0.3758;0.3601;0.3701;166343.91
20241122 000000;0.3701;0.392;0.3692;0.3833;112402.55
20241123 000000;0.3833;0.4073;0.3813;0.4012;145690.06
20241124 000000;0.4012;0.4626;0.4012;0.4477;139463.96
20241125 000000;0.4477;0.4668;0.4257;0.426;169686.2
20241126 000000;0.426;0.4497;0.4086;0.4104;123438.49
20241127 000000;0.4104;0.4353;0.4095;0.4321;94169.01
20241128 000000;0.4321;0.4375;0.4231;0.4236;104269.38
20241129 000000;0.4236;0.4587;0.4204;0.4408;134027.51
20241130 000000;0.4408;0.4645;0.4353;0.4645;110141.3
20241201 000000;0.4645;0.5497;0.4621;0.5264;125843.02
20241202 000000;0.5264;0.5518;0.499;0.5455;126569.62
20241203 000000;0.5455;0.674;0.4583;0.4978;261123.41
20241204 000000;0.4978;0.5496;0.4941;0.5303;104079.94
20241205 000000;0.5303;0.5376;0.495;0.4975;75662.61
20241206 000000;0.4975;0.5149;0.495;0.5088;102493.76
20241207 000000;0.5088;0.514;0.4985;0.5043;102196.84
20241208 000000;0.5043;0.505;0.4908;0.492;96579.23
20241209 000000;0.492;0.4947;0.4196;0.4261;126368.12
20241210 000000;0.4261;0.4353;0.3901;0.4015;147668.36
20241211 000000;0.4015;0.4298;0.3883;0.4268;144368.25
20241212 000000;0.4268;0.4438;0.4225;0.4241;122460.66
20241213 000000;0.4241;0.4354;0.4212;0.4333;120727.95
20241214 000000;0.4333;0.4538;0.4314;0.4397;128160.57
20241215 000000;0.4397;0.6131;0.4349;0.4723;180144.06
20241216 000000;0.4723;0.4764;0.4421;0.4451;113293.36
20241217 000000;0.4451;0.4479;0.4333;0.4361;116805.85
20241218 000000;0.4361;0.4388;0.3929;0.3939;136529.07
20241219 000000;0.3939;0.4058;0.3767;0.3833;148208.53
20241220 000000;0.3833;0.3861;0.3494;0.3834;154292.88
20241221 000000;0.3834;0.3959;0.3682;0.3699;138332.25
20241222 000000;0.3699;0.371;0.3637;0.3664;138881.24
20241223 000000;0.3664;0.374;0.3603;0.3737;146109.46
20241224 000000;0.3737;0.3932;0.3694;0.391;137017.66
20241225 000000;0.391;0.3998;0.3773;0.3804;143783.72
20241226 000000;0.3804;0.3816;0.3508;0.3516;157835.86
20241227 000000;0.3516;0.3583;0.3475;0.3486;141192.54
20241228 000000;0.3486;0.3558;0.346;0.3555;137855.64
20241229 000000;0.3555;0.3557;0.3477;0.3497;134780.36
20241230 000000;0.3497;0.3523;0.3408;0.3419;149832.04
20241231 000000;0.3419;0.3528;0.3343;0.3468;146565.8
