20240513 000000;0.05;0.75924;0.05;0.44925;4109890.72
20240514 000000;0.44925;0.48144;0.35594;0.37063;3334423.69
20240515 000000;0.37063;0.43609;0.32;0.41917;2580387.96
20240516 000000;0.41917;0.41968;0.316;0.32828;2467893.04
20240517 000000;0.32828;0.35341;0.31349;0.33821;1693636.9
20240518 000000;0.33821;0.37483;0.31681;0.35146;1670838.41
20240519 000000;0.35146;0.36498;0.31116;0.31637;1163602.52
20240520 000000;0.31637;0.36445;0.30174;0.3582;591665.97
20240521 000000;0.3582;0.365;0.33102;0.34059;800496.11
20240522 000000;0.34059;0.39418;0.3137;0.37292;1131242.75
20240523 000000;0.37292;0.38616;0.34299;0.37145;1227081.4
20240524 000000;0.37145;0.39067;0.32137;0.38114;1008672.65
20240525 000000;0.38114;0.55064;0.3643;0.53719;2588903.61
20240526 000000;0.53719;0.73592;0.5078;0.71842;3348657.34
20240527 000000;0.71842;0.79999;0.64482;0.67523;3343688.98
20240528 000000;0.67523;0.69;0.59619;0.66262;2166808.73
20240529 000000;0.66262;0.72314;0.57221;0.60597;994061.14
20240530 000000;0.60597;0.66999;0.529;0.62577;1407874.3
20240531 000000;0.62577;0.72174;0.574;0.6129;2566363.35
20240601 000000;0.6129;0.76;0.60329;0.72198;2224967.86
20240602 000000;0.72198;0.85;0.645;0.66112;3694870.58
20240603 000000;0.66112;0.699;0.62914;0.64532;2453206.29
20240604 000000;0.64532;0.72;0.64389;0.66845;1572330.75
20240605 000000;0.66845;0.86;0.66;0.85085;2912519.42
20240606 000000;0.85085;0.87799;0.73655;0.76927;1465282.39
20240607 000000;0.76927;0.79533;0.63463;0.67211;2414797.13
20240608 000000;0.67211;0.69;0.64015;0.64331;2601589.41
20240609 000000;0.64331;0.6643;0.62498;0.64967;1400867.97
20240610 000000;0.64967;0.65189;0.57549;0.58649;802898.4
20240611 000000;0.58649;0.59561;0.49739;0.5221;986729.19
20240612 000000;0.5221;0.58717;0.49301;0.53198;1449197.23
20240613 000000;0.53198;0.53198;0.48163;0.49386;505259.24
20240614 000000;0.49386;0.54779;0.48411;0.50843;758938.83
20240615 000000;0.50843;0.55642;0.49363;0.54668;473338.48
20240616 000000;0.54668;0.57381;0.52425;0.54251;358637.44
20240617 000000;0.54251;0.54404;0.4331;0.43913;644610.47
20240618 000000;0.43913;0.4398;0.37017;0.40917;618898.94
20240619 000000;0.40917;0.43453;0.39417;0.4006;366391.63
20240620 000000;0.4006;0.41928;0.37906;0.39411;889743.47
20240621 000000;0.39411;0.43116;0.38;0.39637;452117.55
20240622 000000;0.39637;0.40782;0.3817;0.39793;331993.04
20240623 000000;0.39793;0.432;0.365;0.3669;348060.43
20240624 000000;0.3669;0.38136;0.33859;0.37688;505671.54
20240625 000000;0.37688;0.44523;0.37626;0.43924;2670503.14
20240626 000000;0.43924;0.45219;0.41955;0.4402;672948.69
20240627 000000;0.4402;0.47854;0.42696;0.44512;697265.35
20240628 000000;0.44512;0.44924;0.42156;0.42847;207891.02
20240629 000000;0.42847;0.45228;0.41766;0.42142;306023.19
20240630 000000;0.42142;0.47815;0.41357;0.47348;617184.88
20240701 000000;0.47348;0.47899;0.44788;0.46092;206923.27
20240702 000000;0.46092;0.46632;0.44711;0.46109;153345.31
20240703 000000;0.46109;0.46666;0.40503;0.40556;313537.04
20240704 000000;0.40556;0.41243;0.34981;0.3554;205392.27
20240705 000000;0.3554;0.35634;0.30438;0.31699;688940.97
20240706 000000;0.31699;0.41432;0.31635;0.40899;496369.04
20240707 000000;0.40899;0.43814;0.3889;0.39144;610801.98
20240708 000000;0.39144;0.44213;0.36987;0.41724;466776.79
20240709 000000;0.41724;0.4362;0.3964;0.41716;246082.2
20240710 000000;0.41716;0.45539;0.40746;0.4385;429647.39
20240711 000000;0.4385;0.4525;0.41631;0.41996;332641.86
20240712 000000;0.41996;0.42388;0.39931;0.41082;347423.5
20240713 000000;0.41082;0.49;0.41082;0.47572;723544.64
20240714 000000;0.47572;0.49651;0.46615;0.475;578280.07
20240715 000000;0.475;0.51847;0.46413;0.50745;596370.65
20240716 000000;0.50745;0.52264;0.45;0.47266;563690.53
20240717 000000;0.47266;0.48547;0.45572;0.46092;411047.9
20240718 000000;0.46092;0.49418;0.44082;0.48436;331083.3
20240719 000000;0.48436;0.48456;0.45773;0.48141;398122.57
20240720 000000;0.48141;0.51268;0.46986;0.47756;652280.64
20240721 000000;0.47756;0.50829;0.45972;0.48721;496591.82
20240722 000000;0.48721;0.49645;0.42814;0.42926;492042.78
20240723 000000;0.42926;0.44427;0.39183;0.39579;782569.12
20240724 000000;0.39579;0.41114;0.38785;0.39241;564321.86
20240725 000000;0.39241;0.39911;0.36499;0.38216;615170.87
20240726 000000;0.38216;0.41794;0.38161;0.41209;299719.21
20240727 000000;0.41209;0.42478;0.39682;0.4096;409028.34
20240728 000000;0.4096;0.41472;0.39559;0.40358;234862.28
20240729 000000;0.40358;0.42395;0.3999;0.40728;293988.2
20240730 000000;0.40728;0.41751;0.39175;0.39658;240712.84
20240731 000000;0.39658;0.4166;0.38806;0.39181;378858.65
20240801 000000;0.39181;0.39445;0.33204;0.37986;494514.27
20240802 000000;0.37986;0.3898;0.34068;0.34187;489703.67
20240803 000000;0.34187;0.3543;0.31202;0.32068;348549.91
20240804 000000;0.32068;0.33989;0.2912;0.30674;522584.9
20240805 000000;0.30674;0.30986;0.23989;0.27017;1061484.22
20240806 000000;0.27017;0.3052;0.26985;0.29345;505938.96
20240807 000000;0.29345;0.30573;0.27053;0.27325;520789.34
20240808 000000;0.27325;0.33355;0.26949;0.32945;637013.34
20240809 000000;0.32945;0.33007;0.3141;0.32343;372310.29
20240810 000000;0.32343;0.32791;0.31212;0.31801;201113.8
20240811 000000;0.31801;0.33;0.28535;0.28736;352056.51
20240812 000000;0.28736;0.32002;0.284;0.3129;261247.81
20240813 000000;0.3129;0.31999;0.295;0.31845;169049.86
20240814 000000;0.31845;0.32985;0.30335;0.30897;187695.18
20240815 000000;0.30897;0.31062;0.27279;0.27727;306604.32
20240816 000000;0.27727;0.28234;0.24926;0.26227;321026.89
20240817 000000;0.26227;0.33333;0.26036;0.31832;793719.91
20240818 000000;0.31832;0.33943;0.30451;0.30517;293466.13
20240819 000000;0.30517;0.31865;0.29989;0.31666;193076.22
20240820 000000;0.31666;0.32493;0.29977;0.30681;211690.31
20240821 000000;0.30681;0.31521;0.29096;0.31123;153715.74
20240822 000000;0.31123;0.32342;0.30625;0.32027;229654.55
20240823 000000;0.32027;0.36238;0.31825;0.35881;256948.24
20240824 000000;0.35881;0.37943;0.35505;0.36077;245582.64
20240825 000000;0.36077;0.36292;0.33353;0.33655;129660.48
20240826 000000;0.33655;0.34214;0.30785;0.30941;131278.38
20240827 000000;0.30941;0.32053;0.27038;0.27697;163892.3
20240828 000000;0.27697;0.28474;0.25645;0.26888;374187.69
20240829 000000;0.26888;0.29821;0.26784;0.27661;463434.43
20240830 000000;0.27661;0.29311;0.26966;0.28614;409996.42
20240831 000000;0.28614;0.29102;0.26555;0.26894;309003.95
20240901 000000;0.26894;0.27874;0.25498;0.25578;233874.81
20240902 000000;0.25578;0.28874;0.25371;0.28605;207689.9
20240903 000000;0.28605;0.29144;0.27569;0.27632;152053.91
20240904 000000;0.27632;0.30547;0.26297;0.29829;456244.58
20240905 000000;0.29829;0.30195;0.27858;0.28182;165375.16
20240906 000000;0.28182;0.30185;0.27004;0.28382;169257.97
20240907 000000;0.28382;0.30641;0.28214;0.29816;195900.53
20240908 000000;0.29816;0.31093;0.28865;0.29979;167968.32
20240909 000000;0.29979;0.32911;0.29197;0.31989;178755.88
20240910 000000;0.31989;0.31989;0.30638;0.30968;407737.52
20240911 000000;0.30968;0.30981;0.28005;0.28873;385935.55
20240912 000000;0.28873;0.30229;0.28315;0.30022;186550.7
20240913 000000;0.30022;0.33225;0.29402;0.32868;604068.49
20240914 000000;0.32868;0.33936;0.32595;0.33274;245603.83
20240915 000000;0.33274;0.33797;0.31086;0.31377;425996.03
20240916 000000;0.31377;0.32505;0.3051;0.32395;202212.48
20240917 000000;0.32395;0.34965;0.31343;0.3479;590450.22
20240918 000000;0.3479;0.35823;0.32415;0.35784;324556.08
20240919 000000;0.35784;0.37674;0.35473;0.35666;205047.38
20240920 000000;0.35666;0.36762;0.34267;0.35354;426278.97
20240921 000000;0.35354;0.37848;0.34601;0.37848;186093.58
20240922 000000;0.37848;0.38695;0.34457;0.35916;181123.05
20240923 000000;0.35916;0.39789;0.34945;0.37517;265720.64
20240924 000000;0.37517;0.37794;0.35888;0.37081;253428.71
20240925 000000;0.37081;0.38523;0.35546;0.36114;303799.84
20240926 000000;0.36114;0.41435;0.35065;0.41081;396911.68
20240927 000000;0.41081;0.41275;0.39399;0.39855;504453.95
20240928 000000;0.39855;0.41802;0.36903;0.37903;139195.33
20240929 000000;0.37903;0.38602;0.35741;0.37445;102036.84
20240930 000000;0.37445;0.37824;0.33819;0.34275;200744.04
20241001 000000;0.34275;0.35544;0.28798;0.3022;261805.91
20241002 000000;0.3022;0.32054;0.28;0.29067;294347.07
20241003 000000;0.29067;0.29947;0.27526;0.2866;152366.07
20241004 000000;0.2866;0.31241;0.2866;0.30866;842182.12
20241005 000000;0.30866;0.31461;0.29667;0.30601;158011.21
20241006 000000;0.30601;0.31624;0.30294;0.31194;389521.45
20241007 000000;0.31194;0.33309;0.31015;0.31707;457072.53
20241008 000000;0.31707;0.32615;0.29979;0.30623;452592.89
20241009 000000;0.30623;0.31833;0.29267;0.29815;426317.03
20241010 000000;0.29815;0.30572;0.28851;0.3015;426872.67
20241011 000000;0.3015;0.32618;0.29905;0.3235;156586.09
20241012 000000;0.3235;0.32687;0.31814;0.32011;166076.83
20241013 000000;0.32011;0.325;0.30265;0.32452;173961.84
20241014 000000;0.32452;0.34989;0.31747;0.34567;255927.53
20241015 000000;0.34567;0.36431;0.33579;0.35025;463826.6
20241016 000000;0.35025;0.35031;0.32995;0.33897;114216.8
20241017 000000;0.33897;0.34505;0.31455;0.32463;200068.93
20241018 000000;0.32463;0.34135;0.32252;0.34104;292788.99
20241019 000000;0.34104;0.34242;0.32615;0.33179;77173.52
20241020 000000;0.33179;0.35523;0.32286;0.35086;196370.62
20241021 000000;0.35086;0.35443;0.32607;0.32607;208236.64
20241022 000000;0.32607;0.33345;0.31606;0.32599;232333
20241023 000000;0.32599;0.32807;0.28997;0.30476;214439.25
20241024 000000;0.30476;0.31378;0.30159;0.30736;395680.29
20241025 000000;0.30736;0.30931;0.26;0.27345;382366.75
20241026 000000;0.27345;0.28855;0.26719;0.27575;1189509.05
20241027 000000;0.27575;0.2847;0.27284;0.27955;390846.42
20241028 000000;0.27955;0.28523;0.26504;0.27952;191477.05
20241029 000000;0.27952;0.29946;0.27914;0.29488;973528.61
20241030 000000;0.29488;0.29693;0.28648;0.29027;136775.61
20241031 000000;0.29027;0.29211;0.26716;0.27185;637071.19
20241101 000000;0.27185;0.27739;0.25937;0.2646;369007.67
20241102 000000;0.2646;0.26856;0.25437;0.25975;131848.38
20241103 000000;0.25975;0.26093;0.23183;0.2454;257917.21
20241104 000000;0.2454;0.25415;0.23879;0.24535;188467.44
20241105 000000;0.24535;0.27142;0.24452;0.26485;362032.16
20241106 000000;0.26485;0.30121;0.26476;0.29702;304081.57
20241107 000000;0.29702;0.31083;0.28874;0.29673;420254.89
20241108 000000;0.29673;0.30176;0.27612;0.28396;299175.23
20241109 000000;0.28396;0.31554;0.28027;0.31174;379106.11
20241110 000000;0.31174;0.34824;0.30526;0.33066;766787.68
20241111 000000;0.33066;0.37536;0.32578;0.36276;822185.92
20241112 000000;0.36276;0.38921;0.325;0.34213;1304253.61
20241113 000000;0.34213;0.34542;0.30245;0.32094;710444.55
20241114 000000;0.32094;0.33984;0.29955;0.30605;692644.18
20241115 000000;0.30605;0.33062;0.29159;0.32009;937557.87
20241116 000000;0.32009;0.32924;0.30756;0.32205;637579.26
20241117 000000;0.32205;0.32495;0.29816;0.30465;429326.62
20241118 000000;0.30465;0.32456;0.30213;0.32114;356649.5
20241119 000000;0.32114;0.32302;0.29348;0.30176;353370.96
20241120 000000;0.30176;0.30232;0.27271;0.27755;260569.5
20241121 000000;0.27755;0.30939;0.26656;0.30835;271532.86
20241122 000000;0.30835;0.31221;0.2885;0.30923;278032.08
20241123 000000;0.30923;0.33735;0.30625;0.32425;475234.99
20241124 000000;0.32425;0.35055;0.30725;0.34724;423419.08
20241125 000000;0.34724;0.35614;0.33016;0.34299;1557774.67
20241126 000000;0.34299;0.36924;0.30946;0.36057;1258702.77
20241127 000000;0.36057;0.42;0.35218;0.39814;2050877.43
20241128 000000;0.39814;0.41725;0.38859;0.40249;1032220.22
20241129 000000;0.40249;0.40623;0.38985;0.39769;512551.73
20241130 000000;0.39769;0.43056;0.39198;0.41586;659630.94
20241201 000000;0.41586;0.419;0.39525;0.40401;531868.2
20241202 000000;0.40401;0.41243;0.36417;0.40324;2091630.03
20241203 000000;0.40324;0.44741;0.37989;0.44373;963300
20241204 000000;0.44373;0.46984;0.42704;0.44216;841237.16
20241205 000000;0.44216;0.46505;0.41653;0.43926;760582.77
20241206 000000;0.43926;0.46864;0.43297;0.45677;456400.18
20241207 000000;0.45677;0.48307;0.4501;0.46246;387462.26
20241208 000000;0.46246;0.46353;0.43213;0.45881;408339.12
20241209 000000;0.45881;0.45881;0.29655;0.36759;719552.03
20241210 000000;0.36759;0.37959;0.32473;0.35878;600791.58
20241211 000000;0.35878;0.42787;0.34365;0.41957;1037682.31
20241212 000000;0.41957;0.49388;0.41485;0.46815;1147320.6
20241213 000000;0.46815;0.5252;0.45595;0.50054;983148.57
20241214 000000;0.50054;0.5391;0.47251;0.4767;909911.79
20241215 000000;0.4767;0.58303;0.47037;0.55589;942297.78
20241216 000000;0.55589;0.55749;0.49982;0.50149;954357.84
20241217 000000;0.50149;0.50914;0.465;0.47175;568118.41
20241218 000000;0.47175;0.47574;0.4026;0.44054;1194718.03
20241219 000000;0.44054;0.44865;0.37156;0.38681;1366409.62
20241220 000000;0.38681;0.39677;0.31446;0.39656;1488968.12
20241221 000000;0.39656;0.41551;0.35465;0.36089;1036356.67
20241222 000000;0.36089;0.37203;0.34773;0.36234;326233.01
20241223 000000;0.36234;0.44277;0.35056;0.40963;840551.7
20241224 000000;0.40963;0.43313;0.39774;0.42905;722971.62
20241225 000000;0.42905;0.44443;0.42051;0.42702;465961.54
20241226 000000;0.42702;0.43294;0.39764;0.40756;606181.46
20241227 000000;0.40756;0.47277;0.40157;0.45122;899603.16
20241228 000000;0.45122;0.48465;0.43409;0.46864;508310.26
20241229 000000;0.46864;0.47024;0.42387;0.43152;396541.25
20241230 000000;0.43152;0.4493;0.40807;0.42257;511871.82
20241231 000000;0.42257;0.44808;0.40635;0.41845;305646.55
