20250101 000000;0.41845;0.42863;0.40305;0.42284;840854.23
20250102 000000;0.42284;0.47053;0.41906;0.45735;564480.78
20250103 000000;0.45735;0.47845;0.44476;0.46907;784354.9
20250104 000000;0.46907;0.47389;0.45081;0.45633;221538.67
20250105 000000;0.45633;0.46744;0.44511;0.46124;205733.01
20250106 000000;0.46124;0.47645;0.44306;0.46191;712875.08
20250107 000000;0.46191;0.46191;0.39159;0.39244;675991.32
20250108 000000;0.39244;0.39573;0.34818;0.36773;856246.79
20250109 000000;0.36773;0.37533;0.34049;0.34985;473249.53
20250110 000000;0.34985;0.36593;0.3423;0.35274;410374.6
20250111 000000;0.35274;0.35536;0.34055;0.34711;211860.11
20250112 000000;0.34711;0.34782;0.33063;0.33621;182197.29
20250113 000000;0.33621;0.34661;0.29444;0.31781;557623.35
20250114 000000;0.31781;0.34461;0.31656;0.34461;411373.12
20250115 000000;0.34461;0.35578;0.32163;0.35404;550089
20250116 000000;0.35404;0.35744;0.33609;0.34568;402741.77
20250117 000000;0.34568;0.37205;0.34417;0.36677;341586.39
20250118 000000;0.36677;0.37175;0.32105;0.33009;537211.05
20250119 000000;0.33009;0.34278;0.29233;0.29811;897202.81
20250120 000000;0.29811;0.32857;0.27591;0.30094;657529.58
20250121 000000;0.30094;0.31831;0.28387;0.30866;433970.34
20250122 000000;0.30866;0.31275;0.29859;0.29988;196217.01
20250123 000000;0.29988;0.30434;0.28504;0.29786;410865.23
20250124 000000;0.29786;0.30774;0.28477;0.28712;215795.49
20250125 000000;0.28712;0.29124;0.27809;0.2868;234987.63
20250126 000000;0.2868;0.29973;0.28185;0.28191;445187.58
20250127 000000;0.28191;0.28232;0.24939;0.27418;267477.4
20250128 000000;0.27418;0.27784;0.24387;0.24659;292720.91
20250129 000000;0.24659;0.27083;0.24469;0.26145;153627.41
20250130 000000;0.26145;0.27587;0.25858;0.26927;185817.66
20250131 000000;0.26927;0.29018;0.26578;0.27124;341003.12
20250201 000000;0.27124;0.27626;0.24143;0.24213;280716.31
20250202 000000;0.24213;0.24891;0.18454;0.19655;727483.63
20250203 000000;0.19655;0.20425;0.13997;0.19918;619452.03
20250204 000000;0.19918;0.20038;0.17273;0.18228;373000.72
20250205 000000;0.18228;0.18844;0.17562;0.17895;268137.09
20250206 000000;0.17895;0.18187;0.163;0.16523;8334781.43
20250207 000000;0.16523;0.18195;0.16015;0.1672;8547806.13
20250208 000000;0.1672;0.18116;0.16405;0.17864;5364449.8
20250209 000000;0.17864;0.18779;0.16254;0.17375;8889646.56
20250210 000000;0.17375;0.19827;0.16474;0.18945;26347586.54
20250211 000000;0.18945;0.19789;0.17475;0.1783;12986509.41
20250212 000000;0.1783;0.19445;0.16848;0.19336;13925885.28
20250213 000000;0.19336;0.19583;0.179;0.18485;17401680.4
20250214 000000;0.18485;0.19401;0.1805;0.18675;9668903.53
20250215 000000;0.18675;0.19117;0.17393;0.17657;5234449.94
20250216 000000;0.17657;0.17996;0.16921;0.17114;5654766.22
20250217 000000;0.17114;0.17452;0.16063;0.16466;7514524.4
20250218 000000;0.16466;0.16633;0.14366;0.15292;19736991.78
20250219 000000;0.15292;0.15808;0.15002;0.1547;8585110.99
20250220 000000;0.1547;0.16175;0.15253;0.15979;14514424.53
20250221 000000;0.15979;0.17218;0.15246;0.15433;24882414.6
20250222 000000;0.15433;0.18832;0.15308;0.17359;43770978.92
20250223 000000;0.17359;0.18135;0.16753;0.17167;30857105.36
20250224 000000;0.17167;0.17331;0.1455;0.1494;23744585.59
20250225 000000;0.1494;0.15787;0.13738;0.15463;40125859.52
20250226 000000;0.15463;0.16864;0.15131;0.16506;24849078.68
20250227 000000;0.16506;0.17648;0.16053;0.16707;28418600.32
20250228 000000;0.16707;0.17071;0.15109;0.16657;29025127.95
20250301 000000;0.16657;0.16716;0.15351;0.15684;14530687.93
20250302 000000;0.15684;0.17784;0.15412;0.17525;26882170.61
20250303 000000;0.17525;0.17586;0.14214;0.14543;25598991.74
20250304 000000;0.14543;0.14575;0.12174;0.13348;37456632.03
20250305 000000;0.13348;0.14613;0.13202;0.14435;18974409.79
20250306 000000;0.14435;0.14975;0.13751;0.14011;17151098.56
20250307 000000;0.14011;0.1432;0.13228;0.13451;18201707.35
20250308 000000;0.13451;0.13549;0.12746;0.13065;19269976.08
20250309 000000;0.13065;0.13125;0.10994;0.11228;26595565.93
20250310 000000;0.11228;0.12387;0.10429;0.10701;33075288.02
20250311 000000;0.10701;0.11572;0.09836;0.11142;35544242.82
20250312 000000;0.11142;0.12326;0.10712;0.12031;37266051.66
20250313 000000;0.12031;0.12157;0.11273;0.11708;23061550.84
20250314 000000;0.11708;0.12415;0.11615;0.12103;13644023.93
20250315 000000;0.12103;0.12447;0.1193;0.123;8820746.91
20250316 000000;0.123;0.12796;0.11628;0.11779;21004952.59
20250317 000000;0.11779;0.14097;0.1175;0.12724;38788005.38
20250318 000000;0.12724;0.12819;0.11949;0.12465;15832766.99
20250319 000000;0.12465;0.13052;0.12302;0.12881;18950857.51
20250320 000000;0.12881;0.12964;0.12236;0.12384;10340812.76
20250321 000000;0.12384;0.13225;0.11945;0.12888;17546745.55
20250322 000000;0.12888;0.15304;0.12634;0.14684;114725184.12
20250323 000000;0.14684;0.16034;0.14423;0.14816;54854636.94
20250324 000000;0.14816;0.15553;0.14506;0.15478;20178024.44
20250325 000000;0.15478;0.15478;0.14635;0.15256;15620316.02
20250326 000000;0.15256;0.16688;0.14913;0.14982;27751037.6
20250327 000000;0.14982;0.15633;0.14699;0.14966;13120415
20250328 000000;0.14966;0.15287;0.13357;0.13701;17173919.74
20250329 000000;0.13701;0.13926;0.1212;0.12322;19025813.55
20250330 000000;0.12322;0.12733;0.12103;0.12485;12289975.84
20250331 000000;0.12485;0.12664;0.11824;0.12087;22181841.88
20250401 000000;0.12087;0.12706;0.11993;0.1205;17869898.89
20250402 000000;0.1205;0.12347;0.11172;0.11372;25570051.83
20250403 000000;0.11372;0.11859;0.10994;0.11393;23399924.97
20250404 000000;0.11393;0.11978;0.11164;0.11562;12345646.11
20250405 000000;0.11562;0.11744;0.1102;0.11294;8034720.71
20250406 000000;0.11294;0.11464;0.0915;0.09425;24111413.01
20250407 000000;0.09425;0.10015;0.08444;0.09325;47573862.22
20250408 000000;0.09325;0.09565;0.08479;0.08615;35116282.15
20250409 000000;0.08615;0.09557;0.08167;0.09422;46603376.71
20250410 000000;0.09422;0.09436;0.08692;0.09324;39902036.06
20250411 000000;0.09324;0.10159;0.09224;0.09917;37731645.59
20250412 000000;0.09917;0.11447;0.09775;0.11315;35062280.46
20250413 000000;0.11315;0.11714;0.0991;0.10048;57406773.8
20250414 000000;0.10048;0.10476;0.09617;0.09882;43189203.46
20250415 000000;0.09882;0.10149;0.09491;0.09641;16763739.84
20250416 000000;0.09641;0.09826;0.09293;0.09536;19055862.69
20250417 000000;0.09536;0.10007;0.09403;0.09744;17461882.98
20250418 000000;0.09744;0.10424;0.09664;0.10345;23769417.53
20250419 000000;0.10345;0.10795;0.10227;0.10646;21836585.79
20250420 000000;0.10646;0.11085;0.10375;0.10783;19351622.7
20250421 000000;0.10783;0.11547;0.10732;0.10795;21822114.81
20250422 000000;0.10795;0.11684;0.10605;0.11635;22565819.06
20250423 000000;0.11635;0.12754;0.11575;0.12605;38547933.46
20250424 000000;0.12605;0.12625;0.11664;0.12573;21335039.27
20250425 000000;0.12573;0.13445;0.12285;0.13084;16075984.85
20250426 000000;0.13084;0.13947;0.13011;0.13816;14839913.95
20250427 000000;0.13816;0.13842;0.12665;0.12695;10770052.67
20250428 000000;0.12695;0.13206;0.12131;0.13183;11327566.48
20250429 000000;0.13183;0.13558;0.12512;0.12694;9640475.4
20250430 000000;0.12694;0.13312;0.12364;0.13034;8941855.3
20250501 000000;0.13034;0.13827;0.13016;0.13282;10437313.02
20250502 000000;0.13282;0.13412;0.12874;0.13078;7440631.05
20250503 000000;0.13078;0.13145;0.11824;0.11883;7742872.22
20250504 000000;0.11883;0.12005;0.11177;0.11296;7968905.55
20250505 000000;0.11296;0.11625;0.10794;0.10945;9155062.12
20250506 000000;0.10945;0.11159;0.10428;0.11078;10120654.34
20250507 000000;0.11078;0.12464;0.10973;0.12345;18581492.35
20250508 000000;0.12345;0.14346;0.12201;0.14216;40824042.66
20250509 000000;0.14216;0.16193;0.14121;0.16164;15257171.11
20250510 000000;0.16164;0.17811;0.15865;0.17795;13279723.18
20250511 000000;0.17795;0.17871;0.16251;0.16836;6247630.28
20250512 000000;0.16836;0.18354;0.16098;0.17209;8517279.09
20250513 000000;0.17209;0.1822;0.15811;0.18043;5463726.02
20250514 000000;0.18043;0.18789;0.16577;0.16734;5138075.9
20250515 000000;0.16734;0.16928;0.15253;0.15863;5403995.86
20250516 000000;0.15863;0.1675;0.15241;0.15426;4508085.95
20250517 000000;0.15426;0.15822;0.14664;0.15725;4200297.79
20250518 000000;0.15725;0.2;0.15664;0.18821;23955993.72
20250519 000000;0.18821;0.1928;0.16479;0.18561;23990782.73
20250520 000000;0.18561;0.18855;0.17264;0.17796;8998375.96
20250521 000000;0.17796;0.1828;0.17121;0.17945;6843829.91
20250522 000000;0.17945;0.20141;0.17874;0.18996;12266928.74
20250523 000000;0.18996;0.1916;0.15917;0.16056;8663828.93
20250524 000000;0.16056;0.16616;0.15879;0.16001;3540507.52
20250525 000000;0.16001;0.16111;0.14718;0.15783;4517742.07
20250526 000000;0.15783;0.16097;0.14991;0.15247;4064679.22
20250527 000000;0.15247;0.15748;0.14477;0.15337;4535257.89
20250528 000000;0.15337;0.15635;0.1399;0.14777;4067623.53
20250529 000000;0.14777;0.15509;0.13523;0.13847;6397127.91
20250530 000000;0.13847;0.13941;0.11676;0.1181;9191272.23
20250531 000000;0.1181;0.12226;0.11337;0.11985;4507457.06
20250601 000000;0.11985;0.12309;0.11644;0.12239;2825914.45
20250602 000000;0.12239;0.12317;0.11294;0.12015;4546361.68
20250603 000000;0.12015;0.12435;0.11905;0.12054;3974837.48
20250604 000000;0.12054;0.12328;0.11239;0.11315;4465779.25
20250605 000000;0.11315;0.11637;0.10053;0.10295;6654011.11
20250606 000000;0.10295;0.10889;0.10257;0.10435;5578898.37
20250607 000000;0.10435;0.11109;0.10403;0.10994;2956751.24
20250608 000000;0.10994;0.11117;0.10647;0.10845;2108905.27
20250609 000000;0.10845;0.11682;0.10598;0.11646;3580610.56
20250610 000000;0.11646;0.12618;0.11527;0.12361;6495388.31
20250611 000000;0.12361;0.12363;0.11236;0.11433;4160345.85
20250612 000000;0.11433;0.11443;0.10206;0.10246;4810102.09
20250613 000000;0.10246;0.10261;0.09148;0.1016;8757787.34
20250614 000000;0.1016;0.10246;0.09694;0.09938;3580265.62
20250615 000000;0.09938;0.10077;0.09697;0.09955;4365826.91
20250616 000000;0.09955;0.1067;0.09773;0.09957;4119992.98
20250617 000000;0.09957;0.10056;0.09075;0.09377;4769155.52
20250618 000000;0.09377;0.09505;0.08667;0.09192;5090919.19
20250619 000000;0.09192;0.09328;0.0864;0.08864;3688773.31
20250620 000000;0.08864;0.09269;0.08284;0.08403;4650753.3
20250621 000000;0.08403;0.08755;0.07679;0.08001;4828834.35
20250622 000000;0.08001;0.08197;0.07286;0.07676;5529873.92
20250623 000000;0.07676;0.08597;0.07614;0.08564;5165857.57
20250624 000000;0.08564;0.08789;0.08323;0.08546;3819801.94
20250625 000000;0.08546;0.08579;0.07903;0.07978;3784414.13
20250626 000000;0.07978;0.08259;0.07596;0.07673;4611768.29
20250627 000000;0.07673;0.07869;0.07417;0.07661;3830268.54
20250628 000000;0.07661;0.08058;0.07583;0.07963;2507704.21
20250629 000000;0.07963;0.08548;0.07704;0.08423;3580422.52
20250630 000000;0.08423;0.0906;0.08046;0.08255;14290181.66
20250701 000000;0.08255;0.08326;0.07753;0.07935;6468967.09
20250702 000000;0.07935;0.08993;0.07742;0.08987;9310112.16
20250703 000000;0.08987;0.09223;0.08466;0.08849;7282652.76
20250704 000000;0.08849;0.08872;0.07774;0.0797;5058952.92
20250705 000000;0.0797;0.08139;0.07725;0.07912;3159567.48
20250706 000000;0.07912;0.08128;0.07697;0.07934;3699972.6
20250707 000000;0.07934;0.08037;0.07563;0.07668;4631192.87
20250708 000000;0.07668;0.07848;0.07417;0.07814;5490773.78
20250709 000000;0.07814;0.09086;0.07682;0.08789;21665961.1
20250710 000000;0.08789;0.09779;0.08524;0.09716;10236079.34
20250711 000000;0.09716;0.12521;0.09498;0.10313;39092286.92
20250712 000000;0.10313;0.10481;0.09535;0.09945;14395740.59
20250713 000000;0.09945;0.10469;0.09867;0.10065;9627684.36
20250714 000000;0.10065;0.10778;0.0983;0.09994;6818016.43
20250715 000000;0.09994;0.10945;0.09418;0.10876;8743031.22
20250716 000000;0.10876;0.11894;0.10505;0.10766;19226826.08
20250717 000000;0.10766;0.11281;0.10436;0.11142;10291182.81
20250718 000000;0.11142;0.11668;0.10229;0.10615;9605055.26
20250719 000000;0.10615;0.12589;0.1014;0.12207;33876809.17
20250720 000000;0.12207;0.12712;0.11723;0.1229;17986074.28
20250721 000000;0.1229;0.12637;0.11844;0.12121;9314137.04
20250722 000000;0.12121;0.1224;0.1143;0.12231;9441669.77
20250723 000000;0.12231;0.12365;0.1054;0.10912;11728917.78
20250724 000000;0.10912;0.11654;0.10148;0.10383;10017010.41
20250725 000000;0.10383;0.11036;0.09938;0.10988;6237076.97
20250726 000000;0.10988;0.11379;0.10714;0.11035;5827392.76
20250727 000000;0.11035;0.12818;0.11006;0.12216;14337427.99
20250728 000000;0.12216;0.12414;0.10836;0.10967;8829061.05
20250729 000000;0.10967;0.11711;0.10618;0.11031;8563749.18
20250730 000000;0.11031;0.11459;0.10147;0.10835;12047907.78
20250731 000000;0.10835;0.11554;0.09978;0.10046;11386284.78
20250801 000000;0.10046;0.10222;0.09319;0.09708;8254281.07
20250802 000000;0.09708;0.09804;0.08973;0.0931;4965056.39
20250803 000000;0.0931;0.09848;0.0912;0.09755;3025670.35
20250804 000000;0.09755;0.10242;0.09637;0.10184;3329886.11
20250805 000000;0.10184;0.10789;0.09452;0.09775;15516288.06
20250806 000000;0.09775;0.10463;0.09398;0.10152;8289755.05
20250807 000000;0.10152;0.15022;0.10032;0.14475;42817341.41
20250808 000000;0.14475;0.14877;0.12926;0.1301;44217965.51
20250809 000000;0.1301;0.13709;0.12698;0.12988;13742486.19
20250810 000000;0.12988;0.13452;0.12421;0.12939;9441345.81
20250811 000000;0.12939;0.13497;0.11884;0.12394;10540992.86
20250812 000000;0.12394;0.12931;0.11941;0.12791;7814381.24
20250813 000000;0.12791;0.13526;0.12449;0.13324;11142431.04
20250814 000000;0.13324;0.13674;0.11;0.11395;14720880.44
20250815 000000;0.11395;0.12245;0.11388;0.12005;8727155.41
20250816 000000;0.12005;0.12773;0.11509;0.12575;8348366.59
20250817 000000;0.12575;0.13734;0.12091;0.1218;17124504.44
20250818 000000;0.1218;0.12508;0.11485;0.11836;13071821.48
20250819 000000;0.11836;0.12077;0.10804;0.10875;8978047.71
20250820 000000;0.10875;0.12882;0.10751;0.1269;18967264.92
20250821 000000;0.1269;0.13742;0.12068;0.12701;40074814.61
20250822 000000;0.12701;0.17982;0.12649;0.16604;73882341.61
20250823 000000;0.16604;0.16782;0.15314;0.15533;23769164.95
20250824 000000;0.15533;0.16077;0.14538;0.14765;22299565.24
20250825 000000;0.14765;0.15181;0.12908;0.1326;11939876.16
20250826 000000;0.1326;0.14034;0.12921;0.13621;11408915.01
20250827 000000;0.13621;0.15212;0.13223;0.13422;29649315.19
20250828 000000;0.13422;0.14858;0.13183;0.13963;27404403.16
20250829 000000;0.13963;0.1523;0.13369;0.14549;40590251.4
20250830 000000;0.14549;0.15367;0.13854;0.14076;20785622.03
20250831 000000;0.14076;0.14233;0.13384;0.13394;11294781.6
20250901 000000;0.13394;0.14174;0.13025;0.13618;23987450.4
20250902 000000;0.13618;0.14859;0.13527;0.13795;16993085.26
20250903 000000;0.13795;0.14085;0.13667;0.13835;7550684.83
20250904 000000;0.13835;0.13957;0.12614;0.12794;8342375.77
20250905 000000;0.12794;0.1464;0.12787;0.14366;20810336.05
20250906 000000;0.14366;0.1478;0.13791;0.14072;11186805.7
20250907 000000;0.14072;0.1549;0.14054;0.14817;21885512.21
20250908 000000;0.14817;0.15336;0.14335;0.14387;11495246.91
20250909 000000;0.14387;0.14804;0.13673;0.13796;10037722.99
20250910 000000;0.13796;0.17869;0.13724;0.16105;48519295.86
20250911 000000;0.16105;0.17208;0.15268;0.15646;24050584.13
20250912 000000;0.15646;0.16734;0.153;0.1625;20433058.16
20250913 000000;0.1625;0.16646;0.1592;0.16392;10428974.26
20250914 000000;0.16392;0.16462;0.15457;0.1572;7771809.19
20250915 000000;0.1572;0.16193;0.1461;0.15585;13158101.71
20250916 000000;0.15585;0.17484;0.15107;0.16968;30337202.14
20250917 000000;0.16968;0.19122;0.16054;0.18028;28154713.86
20250918 000000;0.18028;0.20105;0.17835;0.19255;30797519.33
20250919 000000;0.19255;0.21158;0.18529;0.19641;32016199.08
20250920 000000;0.19641;0.21806;0.19257;0.20968;28703019.09
20250921 000000;0.20968;0.25079;0.20276;0.22555;31056539.79
20250922 000000;0.22555;0.23709;0.18153;0.20829;56352522.43
20250923 000000;0.20829;0.2186;0.18972;0.20419;26717641.4
20250924 000000;0.20419;0.24743;0.20239;0.2359;39845312.57
20250925 000000;0.2359;0.23596;0.2021;0.20777;26249449.51
20250926 000000;0.20777;0.21385;0.19797;0.20572;16385306.86
20250927 000000;0.20572;0.20923;0.19724;0.19889;11405335.19
20250928 000000;0.19889;0.20973;0.19241;0.20837;10229457.33
20250929 000000;0.20837;0.20917;0.18739;0.19116;10839855.1
20250930 000000;0.19116;0.19116;0.17542;0.18288;12302040.29
20251001 000000;0.18288;0.19162;0.17818;0.18334;11039366.26
20251002 000000;0.18334;0.20659;0.18205;0.2024;21722614.89
20251003 000000;0.2024;0.21869;0.19285;0.21057;16671060.91
20251004 000000;0.21057;0.21164;0.19487;0.20008;10544946.25
20251005 000000;0.20008;0.20134;0.19177;0.19662;8929516.98
20251006 000000;0.19662;0.201;0.19193;0.1929;8246759.37
20251007 000000;0.1929;0.19552;0.1805;0.18186;9860161.89
20251008 000000;0.18186;0.18735;0.17819;0.18378;6464776.61
20251009 000000;0.18378;0.18423;0.16738;0.17185;8548592.31
20251010 000000;0.17185;0.17509;0.04931;0.11754;27830724.38
20251011 000000;0.11754;0.12565;0.10361;0.10798;15841348.32
20251012 000000;0.10798;0.13391;0.10603;0.12844;17605456.13
20251013 000000;0.12844;0.1429;0.12189;0.14006;20311695.96
20251014 000000;0.14006;0.1443;0.12036;0.13591;27704478.07
20251015 000000;0.13591;0.13657;0.12414;0.12512;12542010.65
20251016 000000;0.12512;0.14962;0.1245;0.13013;34002859.54
20251017 000000;0.13013;0.13351;0.11946;0.12491;17954731.15
20251018 000000;0.12491;0.12812;0.12188;0.12457;10063180.11
20251019 000000;0.12457;0.13;0.12206;0.1256;8405888.6
20251020 000000;0.1256;0.13224;0.12247;0.12485;11073685.46
20251021 000000;0.12485;0.13557;0.11716;0.1212;14429366.28
20251022 000000;0.1212;0.12508;0.11292;0.11809;11806930.36
20251023 000000;0.11809;0.1265;0.11748;0.12321;8171242.03
20251024 000000;0.12321;0.13199;0.12254;0.12859;7588406.84
20251025 000000;0.12859;0.12869;0.12458;0.12686;5232952.68
20251026 000000;0.12686;0.13222;0.12381;0.13085;5644390.73
20251027 000000;0.13085;0.13281;0.12001;0.12122;5596175.05
20251028 000000;0.12122;0.12249;0.11307;0.11677;7784635.43
20251029 000000;0.11677;0.12104;0.11337;0.11625;7242402.56
20251030 000000;0.11625;0.11668;0.10023;0.10477;9430691.7
20251031 000000;0.10477;0.10708;0.10035;0.10312;6912477.24
20251101 000000;0.10312;0.11302;0.10159;0.10934;12531308.71
20251102 000000;0.10934;0.11094;0.1016;0.1043;7066669.9
20251103 000000;0.1043;0.10496;0.08503;0.09113;14381132.43
20251104 000000;0.09113;0.09268;0.07969;0.08807;17987460.57
20251105 000000;0.08807;0.09021;0.08173;0.08898;9567551.88
20251106 000000;0.08898;0.08942;0.0816;0.08365;8129591.53
20251107 000000;0.08365;0.0957;0.08013;0.09141;12262727.76
20251108 000000;0.09141;0.107;0.08596;0.09433;21212013.56
20251109 000000;0.09433;0.09446;0.08817;0.09286;11915725.43
20251110 000000;0.09286;0.0962;0.09056;0.09292;9635353.46
20251111 000000;0.09292;0.09543;0.08511;0.08571;8210823.92
20251112 000000;0.08571;0.09099;0.08332;0.08645;8019203.28
20251113 000000;0.08645;0.08983;0.07931;0.08231;8128406.44
20251114 000000;0.08231;0.08283;0.07591;0.07916;6828800.06
20251115 000000;0.07916;0.08297;0.07897;0.08093;3684755.85
20251116 000000;0.08093;0.08204;0.07428;0.07705;6440234.77
20251117 000000;0.07705;0.07875;0.07185;0.07321;6782663.28
20251118 000000;0.07321;0.08396;0.07128;0.07995;13037374.49
20251119 000000;0.07995;0.08;0.07099;0.07668;8888482.58
20251120 000000;0.07668;0.08571;0.07516;0.07655;14919484.67
20251121 000000;0.07655;0.07959;0.06701;0.07199;12366190.31
20251122 000000;0.07199;0.07249;0.06784;0.07072;6073039.78
20251123 000000;0.07072;0.07349;0.06891;0.06938;5354618.83
20251124 000000;0.06938;0.07454;0.06749;0.07359;6629590.98
20251125 000000;0.07359;0.07995;0.07271;0.07788;16143747.83
20251126 000000;0.07788;0.08955;0.07366;0.08085;18246836.94
20251127 000000;0.08085;0.08568;0.07972;0.08178;16416786.12
20251128 000000;0.08178;0.09135;0.07909;0.0871;26416716.81
20251129 000000;0.0871;0.08849;0.0832;0.0838;8082671.29
20251130 000000;0.0838;0.08449;0.08094;0.08104;6151398.81
20251201 000000;0.08104;0.08119;0.07193;0.07329;10996805.39
20251202 000000;0.07329;0.08582;0.07074;0.08213;13959980.66
20251203 000000;0.08213;0.08754;0.07979;0.08536;11872587.34
20251204 000000;0.08536;0.08618;0.08176;0.08303;10003102.62
20251205 000000;0.08303;0.08439;0.07664;0.0818;8275151.94
20251206 000000;0.0818;0.08787;0.08037;0.08525;11503855.94
20251207 000000;0.08525;0.09262;0.08456;0.08535;22788108.8
20251208 000000;0.08535;0.08902;0.08363;0.08433;6143773.48
20251209 000000;0.08433;0.09072;0.082;0.08784;16959294.25
20251210 000000;0.08784;0.08799;0.07908;0.07946;11676839.01
20251211 000000;0.07946;0.08002;0.07545;0.07782;10484017.7
20251212 000000;0.07782;0.07839;0.07195;0.0731;5221550.63
20251213 000000;0.0731;0.07496;0.0725;0.07332;2600159.92
20251214 000000;0.07332;0.07332;0.06687;0.06748;4556711.64
20251215 000000;0.06748;0.07066;0.0635;0.06552;6656004.96
20251216 000000;0.06552;0.06552;0.06019;0.06037;8939321.85
20251217 000000;0.06037;0.0605;0.05487;0.05541;11767504.64
20251218 000000;0.05541;0.05705;0.0511;0.05218;9469634.11
20251219 000000;0.05218;0.0598;0.05142;0.05887;7932217.68
20251220 000000;0.05887;0.05942;0.05684;0.05805;4361250.36
20251221 000000;0.05805;0.05806;0.05459;0.05614;4575130.89
20251222 000000;0.05614;0.06137;0.05614;0.05772;6857273.62
20251223 000000;0.05772;0.05816;0.05541;0.05679;4031649.41
20251224 000000;0.05679;0.05702;0.05484;0.0558;5103852.7
20251225 000000;0.0558;0.05708;0.05347;0.05388;5893209.87
20251226 000000;0.05388;0.05693;0.05356;0.05516;5742491.5
20251227 000000;0.05516;0.06019;0.0547;0.05798;14173596.73
20251228 000000;0.05798;0.05838;0.05484;0.05602;4346646.04
20251229 000000;0.05602;0.05797;0.05289;0.05348;6883268.03
20251230 000000;0.05348;0.05744;0.05206;0.05575;16194033.97
20251231 000000;0.05575;0.05675;0.0546;0.05517;8690826.1
