20260101 000000;0.05517;0.06104;0.05442;0.05956;14127852.05
20260102 000000;0.05956;0.06716;0.0585;0.06486;19049834.79
20260103 000000;0.06486;0.06565;0.0605;0.06177;9232103.29
20260104 000000;0.06177;0.06963;0.06113;0.06656;20174347.24
20260105 000000;0.06656;0.06816;0.06353;0.06694;12040707.87
20260106 000000;0.06694;0.07389;0.0656;0.07139;22461591.09
20260107 000000;0.07139;0.07387;0.06663;0.06912;18099138.25
20260108 000000;0.06912;0.0692;0.06312;0.06383;9800542.94
20260109 000000;0.06383;0.06617;0.06282;0.0644;6639435.64
20260110 000000;0.0644;0.06574;0.06312;0.06338;3719038.1
20260111 000000;0.06338;0.06633;0.06137;0.06256;5127914.1
20260112 000000;0.06256;0.06634;0.06048;0.06341;13529262.43
20260113 000000;0.06341;0.07182;0.0628;0.07057;16902987.33
20260114 000000;0.07057;0.07082;0.06455;0.06498;10365412.04
20260115 000000;0.06498;0.06528;0.06018;0.06155;9782525.18
20260116 000000;0.06155;0.06426;0.05926;0.06302;6926927.14
20260117 000000;0.06302;0.06835;0.06267;0.065;16197724.35
20260118 000000;0.065;0.06751;0.06214;0.0622;10384020.81
20260119 000000;0.0622;0.0622;0.05283;0.06064;18996156.82
20260120 000000;0.06064;0.06109;0.05437;0.05488;10797836.28
20260121 000000;0.05488;0.05971;0.05488;0.05649;11183680.28
20260122 000000;0.05649;0.05749;0.05464;0.05506;6413909.66
20260123 000000;0.05506;0.05596;0.0525;0.053;6514908.13
20260124 000000;0.053;0.05463;0.0523;0.05353;4874628.63
20260125 000000;0.05353;0.05433;0.04749;0.04881;10153351.36
20260126 000000;0.04881;0.05106;0.04867;0.05021;7469725.79
20260127 000000;0.05021;0.05042;0.04814;0.0495;5971502.58
20260128 000000;0.0495;0.0499;0.04701;0.04957;6520330.83
20260129 000000;0.04957;0.04993;0.0423;0.04388;12998244.47
20260130 000000;0.04388;0.04413;0.04191;0.04342;11635225.63
20260131 000000;0.04342;0.04396;0.03311;0.03777;14849116.32
20260201 000000;0.03777;0.03872;0.03498;0.03582;7333002.48
20260202 000000;0.03582;0.03944;0.03477;0.03811;11166621.59
20260203 000000;0.03811;0.03877;0.0355;0.03703;7367310.8
20260204 000000;0.03703;0.03818;0.03519;0.03584;7795066.9
20260205 000000;0.03584;0.03628;0.03027;0.03034;17680421.06
20260206 000000;0.03034;0.03572;0.02734;0.03464;12584029.6
20260207 000000;0.03464;0.03534;0.03307;0.03395;5870432.67
20260208 000000;0.03395;0.03406;0.03205;0.03235;4740924.99
20260209 000000;0.03235;0.03329;0.03106;0.03178;5206873.05
20260210 000000;0.03178;0.03221;0.03044;0.03087;5539279.95
20260211 000000;0.03087;0.03142;0.0292;0.03102;7814862.96
20260212 000000;0.03102;0.03378;0.03102;0.03251;10655034.55
20260213 000000;0.03251;0.0332;0.03115;0.03304;5455975.44
20260214 000000;0.03304;0.03423;0.03242;0.03356;6728325.26
20260215 000000;0.03356;0.03376;0.03055;0.03123;7957382.62
20260216 000000;0.03123;0.03216;0.03071;0.03142;5702088.03
20260217 000000;0.03142;0.03188;0.03034;0.03068;5103881.13
20260218 000000;0.03068;0.03249;0.02863;0.02894;8544262.56
20260219 000000;0.02894;0.02982;0.02798;0.02962;5631549.78
20260220 000000;0.02962;0.03322;0.02914;0.03115;23567725.47
20260221 000000;0.03115;0.03195;0.02937;0.02944;8456647.05
20260222 000000;0.02944;0.02948;0.02784;0.02847;5825419.73
20260223 000000;0.02847;0.02899;0.02618;0.0264;8179142.78
20260224 000000;0.0264;0.02701;0.02524;0.02667;7653784.33
20260225 000000;0.02667;0.02939;0.02632;0.02806;9169103.7
20260226 000000;0.02806;0.02828;0.02567;0.02621;9624214.59
20260227 000000;0.02621;0.02708;0.02473;0.02536;7965220.22
20260228 000000;0.02536;0.02596;0.0235;0.02595;10052274.22
20260301 000000;0.02595;0.02668;0.0238;0.0243;7793937.72
20260302 000000;0.0243;0.02671;0.02387;0.02506;8143916.3
20260303 000000;0.02506;0.02747;0.02476;0.02669;10848017
20260304 000000;0.02669;0.02851;0.0259;0.02705;8202802.86
20260305 000000;0.02705;0.02806;0.02648;0.02694;5339092.39
20260306 000000;0.02694;0.02725;0.02564;0.02657;6267576.3
20260307 000000;0.02657;0.02676;0.02565;0.02595;4160205.01
20260308 000000;0.02595;0.02643;0.02513;0.02555;7013842.8
20260309 000000;0.02555;0.02729;0.02555;0.02638;6143614.1
20260310 000000;0.02638;0.02766;0.02632;0.02702;5715654
20260311 000000;0.02702;0.02908;0.02645;0.02804;8675601.6
20260312 000000;0.02804;0.02833;0.02726;0.02805;5436232.35
20260313 000000;0.02805;0.03401;0.02787;0.02854;39326467.04
20260314 000000;0.02854;0.02912;0.02693;0.02764;8972752.57
20260315 000000;0.02764;0.02945;0.02694;0.0285;13175112.72
20260316 000000;0.0285;0.0335;0.0281;0.02926;39163075.27
20260317 000000;0.02926;0.02985;0.02786;0.02889;10152508.71
20260318 000000;0.02889;0.02939;0.02666;0.02727;8218767.74
20260319 000000;0.02727;0.02748;0.02542;0.02551;7590782.8
20260320 000000;0.02551;0.02657;0.02468;0.02555;5866217.67
20260321 000000;0.02555;0.02597;0.0238;0.024;6114254.55
20260322 000000;0.024;0.02435;0.02286;0.02346;8534102.91
20260323 000000;0.02346;0.02511;0.0234;0.025;9603745.02
20260324 000000;0.025;0.0251;0.02369;0.02424;10610415.04
20260325 000000;0.02424;0.02567;0.0242;0.02501;8030430.22
20260326 000000;0.02501;0.02517;0.02347;0.02415;8583385.77
20260327 000000;0.02415;0.02544;0.02315;0.02323;8758353.63
20260328 000000;0.02323;0.02395;0.02268;0.02322;5197902.53
20260329 000000;0.02322;0.02359;0.02234;0.02295;4443856.28
20260330 000000;0.02295;0.02373;0.02272;0.02277;5864768.15
20260331 000000;0.02277;0.02384;0.0226;0.02324;7180924.46
20260401 000000;0.02324;0.02428;0.02284;0.02374;6991110.12
20260402 000000;0.02374;0.02401;0.02209;0.02294;8695514.5
20260403 000000;0.02294;0.02382;0.0225;0.02338;7912954.24
20260404 000000;0.02338;0.02692;0.02322;0.02545;44817357.95
20260405 000000;0.02545;0.02548;0.02311;0.02364;13534751
20260406 000000;0.02364;0.02469;0.02354;0.02365;11963092.37
20260407 000000;0.02365;0.02477;0.02311;0.02462;9520725.25
20260408 000000;0.02462;0.0249;0.02338;0.02348;8257144.67
20260409 000000;0.02348;0.02449;0.02315;0.02418;7850436.46
20260410 000000;0.02418;0.02462;0.02374;0.02402;8979415.06
20260411 000000;0.02402;0.0246;0.02342;0.02422;5950841.52
20260412 000000;0.02422;0.02499;0.02361;0.02414;13562478.14
20260413 000000;0.02414;0.02756;0.02401;0.02624;27976282.1
20260414 000000;0.02624;0.02633;0.02428;0.02485;6820902.55
20260415 000000;0.02485;0.02819;0.0246;0.0273;4633974.41
20260416 000000;0.0273;0.03342;0.02713;0.02939;4062129.42
20260417 000000;0.02939;0.0298;0.02688;0.0279;4583807.81
20260418 000000;0.0279;0.02817;0.02561;0.02638;3691303.7
20260419 000000;0.02638;0.02646;0.02446;0.02457;3047124.63
20260420 000000;0.02457;0.02599;0.02457;0.02546;2727868.14
20260421 000000;0.02546;0.02594;0.02484;0.02534;3112512.83
20260422 000000;0.02534;0.02784;0.02499;0.02672;5191399.24
20260423 000000;0.02672;0.0349;0.0263;0.02839;8044653.92
20260424 000000;0.02839;0.0292;0.027;0.02778;6279493.29
20260425 000000;0.02778;0.02965;0.02721;0.02743;2670876.98
20260426 000000;0.02743;0.0282;0.02724;0.02767;2261085.74
20260427 000000;0.02767;0.02815;0.02611;0.02672;2272821.5
20260428 000000;0.02672;0.03087;0.0264;0.02982;8915829.91
20260429 000000;0.02982;0.02999;0.02667;0.02781;3062780.12
20260430 000000;0.02781;0.03062;0.0277;0.02883;5383047.12
20260501 000000;0.02883;0.03074;0.02808;0.02988;3558858.41
20260502 000000;0.02988;0.03413;0.02922;0.03138;4560484.02
20260503 000000;0.03138;0.03646;0.0304;0.03392;7424465.61
20260504 000000;0.03392;0.03543;0.03186;0.03313;3660661.96
20260505 000000;0.03313;0.03391;0.03191;0.03206;2220128.61
20260506 000000;0.03206;0.03434;0.03088;0.03245;2266921.7
20260507 000000;0.03245;0.03378;0.03178;0.03198;2361601
20260508 000000;0.03198;0.03353;0.03192;0.03309;2077286.32
20260509 000000;0.03309;0.03418;0.03249;0.03322;2338300
20260510 000000;0.03322;0.0348;0.03258;0.03357;2554250.71
20260511 000000;0.03357;0.03374;0.03215;0.03296;1788631.53
20260512 000000;0.03296;0.03318;0.0304;0.03098;2346979.25
20260513 000000;0.03098;0.03879;0.03092;0.03537;7935255.21
20260514 000000;0.03537;0.03831;0.03251;0.03644;5363282.82
20260515 000000;0.03644;0.03719;0.03197;0.03255;3739893.32
20260516 000000;0.03255;0.03312;0.03;0.03058;2123804.9
20260517 000000;0.03058;0.03067;0.02703;0.02831;2178122.8
20260518 000000;0.02831;0.02856;0.02747;0.02845;2409275.21
20260519 000000;0.02845;0.02859;0.02712;0.02727;2225247.04
20260520 000000;0.02727;0.03416;0.02708;0.03299;7643463.6
20260521 000000;0.03299;0.03321;0.03064;0.03136;4368925.48
20260522 000000;0.03136;0.03375;0.02914;0.02922;2845757.24
20260523 000000;0.02922;0.03181;0.02833;0.03089;2543958.55
20260524 000000;0.03089;0.03103;0.02885;0.02963;2611793.37
20260525 000000;0.02963;0.03173;0.02956;0.03014;2154480.17
20260526 000000;0.03014;0.03019;0.02898;0.02931;2140189.72
20260527 000000;0.02931;0.0304;0.02803;0.02835;2058532.66
20260528 000000;0.02835;0.02843;0.02621;0.02745;2241688.62
20260529 000000;0.02745;0.02776;0.02631;0.02703;3381514.19
20260530 000000;0.02703;0.02771;0.02674;0.0269;2067888.64
20260531 000000;0.0269;0.02784;0.02649;0.02764;2246618.24
20260601 000000;0.02764;0.0283;0.0267;0.02752;2251094.9
20260602 000000;0.02752;0.02757;0.0247;0.02516;2502798.64
20260603 000000;0.02516;0.02638;0.02472;0.02523;2795426.04
20260604 000000;0.02523;0.02548;0.022;0.02332;2854762.18
20260605 000000;0.02332;0.02341;0.0194;0.02026;2941695.39
20260606 000000;0.02026;0.02065;0.01848;0.01974;3028403.24
20260607 000000;0.01974;0.0212;0.0197;0.02077;2982084.22
20260608 000000;0.02077;0.0232;0.02025;0.02224;5090125.27
20260609 000000;0.02224;0.02235;0.02051;0.02107;2653522.87
20260610 000000;0.02107;0.02138;0.02;0.02041;4802251.19
20260611 000000;0.02041;0.02184;0.02041;0.02152;3064381.04
20260612 000000;0.02152;0.02167;0.02085;0.02109;2628328.88
20260613 000000;0.02109;0.02291;0.02109;0.02211;2592244.3
20260614 000000;0.02211;0.02236;0.02102;0.0222;2548802.29
20260615 000000;0.0222;0.02456;0.02206;0.02296;2487147.5
20260616 000000;0.02296;0.02352;0.02227;0.02288;2523383.61
20260617 000000;0.02288;0.02377;0.02245;0.02277;2649606.94
20260618 000000;0.02277;0.02299;0.02115;0.02193;2567091.38
20260619 000000;0.02193;0.02269;0.02145;0.02245;2528681.36
20260620 000000;0.02245;0.02262;0.0217;0.0223;1918731.95
