20260101 000000;0.149;0.1493;0.1485;0.1487;369390.21
20260102 000000;0.1487;0.1496;0.14;0.1468;391439.61
20260103 000000;0.1468;0.1474;0.12;0.1432;396824.83
20260104 000000;0.1432;0.1481;0.1395;0.1456;378583.34
20260105 000000;0.1456;0.1476;0.145;0.1454;361422.82
20260106 000000;0.1454;0.1458;0.1445;0.1453;364803.75
20260107 000000;0.1453;0.1466;0.1425;0.1439;376722.26
20260108 000000;0.1439;0.1446;0.1425;0.1438;372273.19
20260109 000000;0.1438;0.1438;0.1418;0.143;387529.84
20260110 000000;0.143;0.1451;0.1417;0.1429;382277.8
20260111 000000;0.1429;0.1432;0.1419;0.1428;376009.77
20260112 000000;0.1428;0.1436;0.1405;0.1428;399964.2
20260113 000000;0.1428;0.1591;0.142;0.1435;384023.73
20260114 000000;0.1435;0.1437;0.1414;0.1427;379857.68
20260115 000000;0.1427;0.1429;0.1424;0.1427;395927.65
20260116 000000;0.1427;0.143;0.1402;0.1412;373722.46
20260117 000000;0.1412;0.1427;0.139;0.1393;397156.54
20260118 000000;0.1393;0.1393;0.1375;0.1385;365580.61
20260119 000000;0.1385;0.1388;0.1377;0.1384;689094.87
20260120 000000;0.1384;0.1392;0.136;0.1382;400734.17
20260121 000000;0.1382;0.1387;0.1356;0.1376;402352.5
20260122 000000;0.1376;0.1554;0.136;0.1376;388080.65
20260123 000000;0.1376;0.1401;0.1335;0.134;396947.64
20260124 000000;0.134;0.135;0.1317;0.1334;457977.14
20260125 000000;0.1334;0.1335;0.1296;0.1315;405431.34
20260126 000000;0.1315;0.1318;0.1169;0.1196;477377.05
20260127 000000;0.1196;0.1299;0.0876;0.0943;1084218.12
20260128 000000;0.0943;0.75;0.082;0.2423;1287167.88
20260129 000000;0.2423;0.2738;0.1317;0.1451;560658.87
20260130 000000;0.1451;0.155;0.0816;0.0854;1078053.48
20260131 000000;0.0854;0.1188;0.0674;0.0711;4256730.87
20260201 000000;0.0711;0.1098;0.0613;0.0751;2169795.93
20260202 000000;0.0751;0.1148;0.0676;0.0788;3356810.28
20260203 000000;0.0788;0.093;0.0717;0.0781;1528456.16
20260204 000000;0.0781;0.0979;0.0712;0.0749;2848644.3
20260205 000000;0.0749;0.079;0.0609;0.0618;1976200.45
20260206 000000;0.0618;0.087;0.0611;0.0795;2919122.22
20260207 000000;0.0795;0.0857;0.0614;0.068;1747396.45
20260208 000000;0.068;0.0948;0.0656;0.0685;2647221.16
20260209 000000;0.0685;0.0781;0.0634;0.0647;1636289.9
20260210 000000;0.0647;0.0741;0.0565;0.0603;1103841.25
20260211 000000;0.0603;0.0843;0.0555;0.0597;1994876.35
20260212 000000;0.0597;0.0646;0.0505;0.0555;950150.97
20260213 000000;0.0555;0.072;0.0508;0.0623;1739729.17
20260214 000000;0.0623;0.0717;0.0589;0.064;1362894.05
20260215 000000;0.064;0.0738;0.0614;0.0659;865102.21
20260216 000000;0.0659;0.0794;0.0634;0.071;758343.63
20260217 000000;0.071;0.0966;0.0683;0.0857;812004.34
20260218 000000;0.0857;0.0965;0.0701;0.0787;894995.06
20260219 000000;0.0787;0.0876;0.07;0.0764;584563.46
20260220 000000;0.0764;0.0816;0.0727;0.0775;288863.04
20260221 000000;0.0775;0.0811;0.07;0.0743;444129.33
20260222 000000;0.0743;0.091;0.0728;0.0807;683554.58
20260223 000000;0.0807;0.0997;0.0773;0.0908;589700.04
20260224 000000;0.0908;0.0996;0.0806;0.0871;496359.78
20260225 000000;0.0871;0.1064;0.0828;0.0857;486491.34
20260226 000000;0.0857;0.0961;0.0837;0.0873;463276.16
20260227 000000;0.0873;0.1079;0.0853;0.0897;495780.58
20260228 000000;0.0897;0.1142;0.0854;0.0994;366561.22
20260301 000000;0.0994;0.1827;0.0958;0.1333;500173.75
20260302 000000;0.1333;0.1354;0.1045;0.1051;376245.16
20260303 000000;0.1051;0.148;0.1031;0.1099;323819.46
20260304 000000;0.1099;0.1258;0.097;0.1028;383722.69
20260305 000000;0.1028;0.1248;0.1007;0.1111;289380.74
20260306 000000;0.1111;0.1178;0.0953;0.0953;268681.38
20260307 000000;0.0953;0.1124;0.0809;0.0873;674045.45
20260308 000000;0.0873;0.1046;0.0872;0.0914;509739.46
20260309 000000;0.0914;0.1449;0.0883;0.1218;1167080.17
20260310 000000;0.1218;0.1239;0.1059;0.1109;437950.53
20260311 000000;0.1109;0.1344;0.1083;0.1112;225484.36
20260312 000000;0.1112;0.1161;0.0892;0.0934;319307.49
20260313 000000;0.0934;0.1189;0.0888;0.0906;403181.93
20260314 000000;0.0906;0.0994;0.0896;0.092;188613.36
20260315 000000;0.092;0.107;0.0898;0.0933;222692.9
20260316 000000;0.0933;0.119;0.0907;0.098;309338.75
20260317 000000;0.098;0.1425;0.0959;0.117;704311.02
20260318 000000;0.117;0.126;0.1063;0.1103;388446.99
20260319 000000;0.1103;0.1206;0.0987;0.1085;478512.8
20260320 000000;0.1085;0.1169;0.1027;0.1027;321042.03
20260321 000000;0.1027;0.1092;0.1013;0.1038;251546.91
20260322 000000;0.1038;0.1112;0.1007;0.1007;191152.79
20260323 000000;0.1007;0.1075;0.095;0.095;277196.07
20260324 000000;0.095;0.126;0.0948;0.0989;662832.98
20260325 000000;0.0989;0.1047;0.094;0.0973;413734.34
20260326 000000;0.0973;0.1038;0.085;0.0868;801068.1
20260327 000000;0.0868;0.0908;0.0766;0.0797;849445.64
20260328 000000;0.0797;0.0831;0.0713;0.0737;1311075.65
20260329 000000;0.0737;0.0763;0.0669;0.0669;520444.4
20260330 000000;0.0669;0.0859;0.0653;0.0771;1564754.3
20260331 000000;0.0771;0.0789;0.0704;0.0704;2906705.67
20260401 000000;0.0704;0.0808;0.0698;0.0761;1171225.14
20260402 000000;0.0761;0.078;0.0718;0.0726;1214349.31
20260403 000000;0.0726;0.0742;0.0576;0.0687;1645083.26
20260404 000000;0.0687;0.0711;0.0639;0.0652;835461.96
20260405 000000;0.0652;0.0669;0.058;0.0593;589796.49
20260406 000000;0.0593;0.0613;0.0554;0.0584;2618195.5
20260407 000000;0.0584;0.0825;0.0568;0.069;1868776.8
20260408 000000;0.069;0.08;0.0655;0.0719;711835.56
20260409 000000;0.0719;0.0779;0.0651;0.0657;667021.83
20260410 000000;0.0657;0.0683;0.06;0.0627;600143.44
20260411 000000;0.0627;0.0655;0.0602;0.0611;293665.21
20260412 000000;0.0611;0.5325;0.0597;0.1425;1843554.77
20260413 000000;0.1425;0.385;0.1225;0.1442;2269225.76
20260414 000000;0.1442;0.199;0.1001;0.1195;1405935.32
20260415 000000;0.1195;0.1975;0.1069;0.1413;2689193.97
20260416 000000;0.1413;0.215;0.1312;0.1822;1322355.47
20260417 000000;0.1822;0.1919;0.1448;0.1607;362247.19
20260418 000000;0.1607;0.1644;0.1354;0.1385;422453.62
20260419 000000;0.1385;0.1741;0.1151;0.151;791633.27
20260420 000000;0.151;0.322;0.1494;0.2631;801499.14
20260421 000000;0.2631;0.752;0.2562;0.4731;525146.51
20260422 000000;0.4731;0.7458;0.46;0.6041;327907.52
20260423 000000;0.6041;0.632;0.2992;0.3741;284511.84
20260424 000000;0.3741;0.4954;0.3502;0.3837;216700.94
20260425 000000;0.3837;0.7456;0.3837;0.583;191291.97
20260426 000000;0.583;0.7861;0.542;0.7253;147847.27
20260427 000000;0.7253;0.79;0.6221;0.6666;103654.56
20260428 000000;0.6666;0.6791;0.47;0.5575;167083.4
20260429 000000;0.5575;0.728;0.5215;0.57;139863.76
20260430 000000;0.57;0.626;0.5007;0.5125;96887.21
20260501 000000;0.5125;0.5249;0.4706;0.4767;67569.74
20260502 000000;0.4767;0.5135;0.4072;0.4334;127911.17
20260503 000000;0.4334;0.47;0.3733;0.3752;91460.17
20260504 000000;0.3752;0.3847;0.2917;0.3489;96574.18
20260505 000000;0.3489;0.3498;0.2939;0.331;136660.63
20260506 000000;0.331;0.615;0.2444;0.3713;318637.06
20260507 000000;0.3713;0.3734;0.2859;0.3304;163372.5
20260508 000000;0.3304;0.3582;0.2983;0.3068;103495.74
20260509 000000;0.3068;0.3672;0.2619;0.2688;201582.25
20260510 000000;0.2688;0.2975;0.2259;0.2461;111552.77
20260511 000000;0.2461;0.2479;0.2181;0.2206;124836.96
20260512 000000;0.2206;0.3395;0.1816;0.278;221634.55
20260513 000000;0.278;0.48;0.263;0.43;322743.81
20260514 000000;0.43;0.476;0.3115;0.3508;135942.66
20260515 000000;0.3508;0.4;0.3292;0.3752;81324.33
20260516 000000;0.3752;0.3802;0.33;0.3642;76028.85
20260517 000000;0.3642;0.4003;0.3543;0.3742;74509.09
20260518 000000;0.3742;0.3742;0.3125;0.3425;92180.77
20260519 000000;0.3425;0.371;0.3242;0.3401;87674.99
20260520 000000;0.3401;0.3773;0.2929;0.319;153118.66
20260521 000000;0.319;0.3313;0.297;0.3088;91095.95
20260522 000000;0.3088;0.356;0.2866;0.3033;81150.54
20260523 000000;0.3033;0.3102;0.2775;0.2849;47041.89
20260524 000000;0.2849;0.2849;0.23;0.2468;111989.54
20260525 000000;0.2468;0.3989;0.2266;0.2898;353566.85
20260526 000000;0.2898;0.3165;0.2314;0.2344;224081.84
20260527 000000;0.2344;0.2657;0.22;0.2214;209251.4
20260528 000000;0.2214;0.2463;0.2009;0.2102;234126.51
20260529 000000;0.2102;0.2859;0.2032;0.2428;314439.75
20260530 000000;0.2428;0.2524;0.2231;0.2272;164279.44
20260531 000000;0.2272;0.2761;0.2243;0.262;172980.44
20260601 000000;0.262;0.2715;0.1877;0.2152;217194.54
20260602 000000;0.2152;0.2265;0.2036;0.2143;148450.85
20260603 000000;0.2143;0.2255;0.202;0.203;229995.13
20260604 000000;0.203;0.2848;0.2017;0.233;181427.04
20260605 000000;0.233;0.245;0.1773;0.19;246883.64
20260606 000000;0.19;0.2061;0.1728;0.1732;194388.33
20260607 000000;0.1732;0.2731;0.1714;0.2026;216178.66
20260608 000000;0.2026;0.2087;0.1788;0.1806;201707.18
20260609 000000;0.1806;0.2004;0.1758;0.1758;205539.41
20260610 000000;0.1758;0.199;0.1626;0.1669;315319.17
20260611 000000;0.1669;0.1791;0.1549;0.158;260918.86
20260612 000000;0.158;0.1688;0.1498;0.1523;177719.39
20260613 000000;0.1523;0.1547;0.1403;0.1406;102039.13
20260614 000000;0.1406;0.1996;0.1315;0.153;276401.11
20260615 000000;0.153;0.2489;0.1319;0.22;1269685.35
20260616 000000;0.22;0.2339;0.142;0.1424;390112.04
20260617 000000;0.1424;0.1554;0.1306;0.131;209782.25
20260618 000000;0.131;0.1378;0.127;0.1278;191969.55
20260619 000000;0.1278;0.2199;0.1192;0.1243;614886.4
20260620 000000;0.1243;0.1289;0.1141;0.12;219607.46
