20250101 000000;3.073;3.287;2.814;2.961;9349.83
20250102 000000;2.961;3.181;2.598;2.653;22601.87
20250103 000000;2.653;3.572;2.647;3.466;5518.39
20250104 000000;3.466;3.466;3.152;3.219;3355.06
20250105 000000;3.219;3.404;3.181;3.25;3084.07
20250106 000000;3.25;3.251;2.811;2.913;13146.84
20250107 000000;2.913;2.913;2.581;2.616;3865.4
20250108 000000;2.616;2.621;2.417;2.425;2571.65
20250109 000000;2.425;2.494;2.27;2.44;5015.21
20250110 000000;2.44;2.44;2.143;2.27;3804.15
20250111 000000;2.27;2.27;2.212;2.212;2706.92
20250112 000000;2.212;2.292;2.212;2.292;917.85
20250113 000000;2.292;2.47;2.065;2.122;5066.8
20250114 000000;2.122;2.34;2.099;2.255;2418.98
20250115 000000;2.255;2.255;2.101;2.178;2656.47
20250116 000000;2.178;2.274;2.101;2.23;4010.68
20250117 000000;2.23;2.258;2.099;2.152;3233.65
20250118 000000;2.152;2.152;1.918;2.093;7298.09
20250119 000000;2.093;2.098;1.45;1.562;7919.67
20250120 000000;1.562;1.883;1.49;1.663;7095.75
20250121 000000;1.663;1.685;1.459;1.615;58590.53
20250122 000000;1.615;1.782;1.586;1.777;43834.11
20250123 000000;1.777;1.818;1.521;1.524;44872.37
20250124 000000;1.524;1.552;1.391;1.395;46214.55
20250125 000000;1.395;1.54;1.356;1.477;40595.5
20250126 000000;1.477;1.495;1.441;1.495;39685.09
20250127 000000;1.495;2.025;1.284;1.416;71468.54
20250128 000000;1.416;1.43;1.33;1.376;45170.37
20250129 000000;1.376;1.427;1.27;1.342;45935.52
20250130 000000;1.342;1.676;1.34;1.513;50775.46
20250131 000000;1.513;2.587;1.456;1.594;58567.5
20250201 000000;1.594;1.952;1.49;1.577;44513.15
20250202 000000;1.577;1.691;1.532;1.59;40896.11
20250203 000000;1.59;1.592;1.25;1.334;46393.09
20250204 000000;1.334;1.391;1.255;1.359;41067.07
20250205 000000;1.359;1.397;1.255;1.299;40070.65
20250206 000000;1.299;1.732;1.247;1.336;49141.09
20250207 000000;1.336;1.4;1.31;1.31;41846.26
20250208 000000;1.31;1.358;1.283;1.288;40663.73
20250209 000000;1.288;1.326;1.27;1.301;44899.6
20250210 000000;1.301;1.344;1.272;1.295;41943.44
20250211 000000;1.295;1.311;1.189;1.192;42316.71
20250212 000000;1.192;1.282;1.14;1.245;46109.75
20250213 000000;1.245;1.296;1.219;1.233;46728.65
20250214 000000;1.233;1.28;1.215;1.218;48228.39
20250215 000000;1.218;1.255;1.214;1.216;49453.45
20250216 000000;1.216;1.273;1.179;1.18;44638.31
20250217 000000;1.18;1.224;1.148;1.16;47189.87
20250218 000000;1.16;1.172;1.089;1.102;46596.05
20250219 000000;1.102;1.152;1.054;1.143;49186.79
20250220 000000;1.143;1.167;1.083;1.148;47845.89
20250221 000000;1.148;1.181;1.139;1.178;51856.11
20250222 000000;1.178;1.184;1.159;1.179;46770.17
20250223 000000;1.179;1.218;1.164;1.206;45069.09
20250224 000000;1.206;1.285;1.122;1.123;49875.72
20250225 000000;1.123;1.125;1;1.024;49358.19
20250226 000000;1.024;1.061;1.004;1.048;52107.4
20250227 000000;1.048;1.054;0.904;0.907;55587.59
20250228 000000;0.907;0.924;0.892;0.91;55330.51
20250301 000000;0.91;0.937;0.906;0.923;55718.19
20250302 000000;0.923;1.044;0.9;1.041;59943.42
20250303 000000;1.041;1.09;0.92;0.929;56581.43
20250304 000000;0.929;0.943;0.844;0.859;60359.23
20250305 000000;0.859;0.911;0.853;0.908;58824.64
20250306 000000;0.908;0.932;0.893;0.929;55690.88
20250307 000000;0.929;1.052;0.929;1.043;57075.71
20250308 000000;1.043;1.044;0.886;0.929;71642.27
20250309 000000;0.929;0.939;0.86;0.861;64111.17
20250310 000000;0.861;0.863;0.776;0.78;79070.58
20250311 000000;0.78;0.834;0.779;0.827;66236.42
20250312 000000;0.827;0.861;0.818;0.849;61760.25
20250313 000000;0.849;0.907;0.841;0.9;57823.21
20250314 000000;0.9;0.95;0.894;0.917;56871.02
20250315 000000;0.917;0.947;0.911;0.917;52110.91
20250316 000000;0.917;0.919;0.835;0.845;62687.18
20250317 000000;0.845;0.923;0.844;0.913;58253.55
20250318 000000;0.913;1.013;0.912;0.97;55405.93
20250319 000000;0.97;1.009;0.95;0.985;52394.35
20250320 000000;0.985;0.987;0.945;0.954;56476.9
20250321 000000;0.954;0.956;0.915;0.919;53259.27
20250322 000000;0.919;0.928;0.897;0.91;54962.94
20250323 000000;0.91;0.949;0.888;0.89;60654.71
20250324 000000;0.89;0.98;0.813;0.816;68574.97
20250325 000000;0.816;0.85;0.804;0.817;61354.93
20250326 000000;0.817;0.835;0.786;0.812;63242.29
20250327 000000;0.812;0.816;0.793;0.794;63495.02
20250328 000000;0.794;0.874;0.794;0.842;62359.88
20250329 000000;0.842;0.842;0.821;0.827;61561.53
20250330 000000;0.827;0.836;0.814;0.83;62441.03
20250331 000000;0.83;0.975;0.826;0.875;64827.42
20250401 000000;0.875;0.88;0.83;0.844;63205.97
20250402 000000;0.844;0.85;0.814;0.816;62659.41
20250403 000000;0.816;0.816;0.764;0.805;65297.96
20250404 000000;0.805;0.81;0.787;0.803;65483.04
20250405 000000;0.803;0.811;0.795;0.803;61218.07
20250406 000000;0.803;0.803;0.742;0.743;65584.08
20250407 000000;0.743;0.744;0.672;0.694;71877.07
20250408 000000;0.694;0.696;0.667;0.677;75803
20250409 000000;0.677;0.685;0.626;0.673;86563.85
20250410 000000;0.673;0.778;0.664;0.685;130591.84
20250411 000000;0.685;0.948;0.643;0.729;104018.65
20250412 000000;0.729;0.762;0.693;0.703;108125.79
20250413 000000;0.703;0.731;0.691;0.698;109825.8
20250414 000000;0.698;1.014;0.631;0.752;108145.92
20250415 000000;0.752;0.771;0.608;0.638;80284.29
20250416 000000;0.638;0.724;0.635;0.69;94974.28
20250417 000000;0.69;0.731;0.655;0.711;107741.7
20250418 000000;0.711;0.733;0.647;0.685;95718.96
20250419 000000;0.685;0.694;0.642;0.691;109459.24
20250420 000000;0.691;0.693;0.651;0.682;116151.41
20250421 000000;0.682;0.699;0.658;0.69;120706.01
20250422 000000;0.69;0.692;0.658;0.691;109220.22
20250423 000000;0.691;0.729;0.651;0.714;80884.15
20250424 000000;0.714;0.8;0.6;0.605;87768.94
20250425 000000;0.605;0.659;0.531;0.652;94218.39
20250426 000000;0.652;0.716;0.626;0.67;79226.6
20250427 000000;0.67;0.695;0.588;0.641;79456.64
20250428 000000;0.641;0.655;0.592;0.636;93611.05
20250429 000000;0.636;0.782;0.555;0.601;94615.64
20250430 000000;0.601;0.656;0.592;0.65;92807.67
20250501 000000;0.65;0.658;0.604;0.638;90927.99
20250502 000000;0.638;0.639;0.602;0.605;100053.11
20250503 000000;0.605;0.612;0.586;0.601;101500.14
20250504 000000;0.601;0.616;0.585;0.585;103204.38
20250505 000000;0.585;0.658;0.558;0.584;106975.77
20250506 000000;0.584;0.702;0.578;0.644;90904.02
20250507 000000;0.644;0.75;0.607;0.674;92778.17
20250508 000000;0.674;0.803;0.652;0.71;97634.48
20250509 000000;0.71;0.72;0.692;0.7;86285.65
20250510 000000;0.7;0.719;0.648;0.669;84545.84
20250511 000000;0.669;0.794;0.668;0.685;91852.99
20250512 000000;0.685;0.72;0.676;0.69;91686.14
20250513 000000;0.69;0.8;0.676;0.756;98352.42
20250514 000000;0.756;0.898;0.671;0.714;80609.82
20250515 000000;0.714;0.717;0.668;0.701;93777.7
20250516 000000;0.701;0.88;0.672;0.693;89886.91
20250517 000000;0.693;0.715;0.661;0.678;89163.4
20250518 000000;0.678;0.755;0.639;0.689;90428.01
20250519 000000;0.689;0.767;0.66;0.724;86883.91
20250520 000000;0.724;0.725;0.642;0.68;81094.27
20250521 000000;0.68;0.682;0.616;0.649;89501.06
20250522 000000;0.649;0.693;0.617;0.659;93628.09
20250523 000000;0.659;0.705;0.65;0.666;120516.5
20250524 000000;0.666;0.677;0.6;0.62;169112.37
20250525 000000;0.62;0.63;0.6;0.6;216010.29
20250526 000000;0.6;0.666;0.6;0.613;201103.7
20250527 000000;0.613;0.623;0.572;0.6;202076.27
20250528 000000;0.6;0.655;0.55;0.553;193143.81
20250529 000000;0.553;0.556;0.55;0.551;228891.69
20250530 000000;0.551;0.552;0.48;0.494;242875.69
20250531 000000;0.494;0.515;0.462;0.49;233091.95
20250601 000000;0.49;0.511;0.448;0.508;218968.77
20250602 000000;0.508;0.517;0.451;0.484;216960.69
20250603 000000;0.484;0.523;0.47;0.514;208991.19
20250604 000000;0.514;0.599;0.484;0.523;199582.71
20250605 000000;0.523;0.56;0.521;0.537;221167.14
20250606 000000;0.537;0.558;0.533;0.54;252105.77
20250607 000000;0.54;0.543;0.524;0.527;231554.2
20250608 000000;0.527;0.531;0.523;0.527;220205.14
20250609 000000;0.527;0.548;0.523;0.544;248347.93
20250610 000000;0.544;0.551;0.532;0.539;220636.15
20250611 000000;0.539;0.564;0.538;0.558;259204.48
20250612 000000;0.558;0.567;0.541;0.541;241719.99
20250613 000000;0.541;0.544;0.514;0.514;276982.92
20250614 000000;0.514;0.518;0.51;0.512;284706.15
20250615 000000;0.512;0.515;0.509;0.511;283060.73
20250616 000000;0.511;0.512;0.506;0.508;302783.56
20250617 000000;0.508;0.509;0.497;0.499;283799.18
20250618 000000;0.499;0.501;0.486;0.489;251407.03
20250619 000000;0.489;0.494;0.486;0.489;303984.11
20250620 000000;0.489;0.492;0.475;0.48;302986.01
20250621 000000;0.48;0.481;0.475;0.477;235806.22
20250622 000000;0.477;0.481;0.469;0.478;197161.72
20250623 000000;0.478;0.48;0.469;0.472;194949.86
20250624 000000;0.472;0.473;0.406;0.414;218940.22
20250625 000000;0.414;0.414;0.409;0.41;234844.48
20250626 000000;0.41;0.411;0.403;0.406;171751.93
20250627 000000;0.406;0.408;0.401;0.403;177873.46
20250628 000000;0.403;0.418;0.402;0.413;182198.56
20250629 000000;0.413;0.416;0.404;0.407;174149.22
20250630 000000;0.407;0.41;0.4;0.402;176792.47
20250701 000000;0.402;0.415;0.402;0.408;185545.5
20250702 000000;0.408;0.418;0.402;0.404;196379.83
20250703 000000;0.404;0.423;0.404;0.421;183114.32
20250704 000000;0.421;0.506;0.42;0.427;188503.14
20250705 000000;0.427;0.432;0.422;0.424;204833.75
20250706 000000;0.424;0.43;0.422;0.43;445808.69
20250707 000000;0.43;0.44;0.429;0.436;406036.92
20250708 000000;0.436;0.438;0.427;0.43;463013.04
20250709 000000;0.43;0.432;0.421;0.423;361231.33
20250710 000000;0.423;0.436;0.42;0.434;326878.72
20250711 000000;0.434;0.439;0.419;0.426;325104.19
20250712 000000;0.426;0.435;0.425;0.431;505668.4
20250713 000000;0.431;0.437;0.388;0.426;470258.93
20250714 000000;0.426;0.429;0.421;0.425;348546.54
20250715 000000;0.425;0.434;0.405;0.414;353079.75
20250716 000000;0.414;0.419;0.407;0.418;244513.2
20250717 000000;0.418;0.419;0.409;0.419;216620.17
20250718 000000;0.419;0.419;0.375;0.388;214551.88
20250719 000000;0.388;0.396;0.38;0.391;211286.95
20250720 000000;0.391;0.399;0.384;0.395;202226.63
20250721 000000;0.395;0.396;0.392;0.392;183582.99
20250722 000000;0.392;0.396;0.38;0.386;222291.57
20250723 000000;0.386;0.387;0.382;0.384;199281.8
20250724 000000;0.384;0.385;0.321;0.361;259736.15
20250725 000000;0.361;0.361;0.355;0.357;212186.98
20250726 000000;0.357;0.37;0.354;0.357;236676.52
20250727 000000;0.357;0.358;0.352;0.356;194808.51
20250728 000000;0.356;0.357;0.333;0.345;228559.01
20250729 000000;0.345;0.353;0.322;0.344;209067.02
20250730 000000;0.344;0.346;0.335;0.337;187499.04
20250731 000000;0.337;0.338;0.328;0.332;197568.46
20250801 000000;0.332;0.338;0.327;0.333;198431.19
20250802 000000;0.333;0.344;0.332;0.339;203180.17
20250803 000000;0.339;0.345;0.339;0.343;181304.55
20250804 000000;0.343;0.348;0.34;0.343;198505.48
20250805 000000;0.343;0.352;0.339;0.349;185943.2
20250806 000000;0.349;0.364;0.346;0.359;195636.23
20250807 000000;0.359;0.368;0.356;0.364;169034.49
20250808 000000;0.364;0.367;0.355;0.356;160208.92
20250809 000000;0.356;0.36;0.351;0.354;159013.63
20250810 000000;0.354;0.548;0.352;0.424;167961.24
20250811 000000;0.424;0.533;0.423;0.442;146847.94
20250812 000000;0.442;0.443;0.433;0.436;133479.45
20250813 000000;0.436;0.456;0.434;0.449;143918.86
20250814 000000;0.449;0.453;0.442;0.444;126186.51
20250815 000000;0.444;0.445;0.424;0.426;143713.9
20250816 000000;0.426;0.459;0.423;0.456;149898.01
20250817 000000;0.456;0.47;0.455;0.47;140857.03
20250818 000000;0.47;0.47;0.452;0.456;142501.55
20250819 000000;0.456;0.458;0.451;0.452;139805.9
20250820 000000;0.452;0.454;0.447;0.45;141206.33
20250821 000000;0.45;0.45;0.442;0.442;140004.59
20250822 000000;0.442;0.485;0.431;0.48;136946.45
20250823 000000;0.48;0.48;0.466;0.468;126043.39
20250824 000000;0.468;0.469;0.46;0.464;130166.45
20250825 000000;0.464;0.466;0.446;0.449;136416.42
20250826 000000;0.449;0.458;0.447;0.451;142353.73
20250827 000000;0.451;0.454;0.445;0.446;142822.54
20250828 000000;0.446;0.451;0.444;0.448;130288.38
20250829 000000;0.448;0.453;0.429;0.431;141881.49
20250830 000000;0.431;0.449;0.429;0.435;153502.37
20250831 000000;0.435;0.438;0.429;0.431;146131.61
20250901 000000;0.431;0.431;0.423;0.424;144347.64
20250902 000000;0.424;0.425;0.417;0.424;144380.43
20250903 000000;0.424;0.424;0.414;0.414;151750.31
20250904 000000;0.414;0.416;0.408;0.409;202377.99
20250905 000000;0.409;0.409;0.402;0.403;206680.93
20250906 000000;0.403;0.403;0.384;0.388;173241.56
20250907 000000;0.388;0.389;0.385;0.386;156852.75
20250908 000000;0.386;0.389;0.381;0.381;156403.33
20250909 000000;0.381;0.392;0.38;0.389;156458.08
20250910 000000;0.389;0.393;0.385;0.387;151844.13
20250911 000000;0.387;0.394;0.382;0.392;152824.74
20250912 000000;0.392;0.393;0.371;0.372;160525.76
20250913 000000;0.372;0.377;0.37;0.372;167847.84
20250914 000000;0.372;0.378;0.37;0.376;167812.51
20250915 000000;0.376;0.379;0.362;0.367;172242.34
20250916 000000;0.367;0.367;0.354;0.358;169268.62
20250917 000000;0.358;0.364;0.358;0.361;179141.41
20250918 000000;0.361;0.372;0.36;0.368;169917.38
20250919 000000;0.368;0.423;0.367;0.385;186464.74
20250920 000000;0.385;0.39;0.381;0.385;155791.83
20250921 000000;0.385;0.386;0.377;0.379;163271.29
20250922 000000;0.379;0.379;0.37;0.371;157639.84
20250923 000000;0.371;0.381;0.37;0.372;176588.85
20250924 000000;0.372;0.377;0.364;0.365;171588.5
20250925 000000;0.365;0.371;0.359;0.363;172013.92
20250926 000000;0.363;0.366;0.354;0.357;171132.81
20250927 000000;0.357;0.36;0.351;0.357;169694.24
20250928 000000;0.357;0.358;0.351;0.354;161762.61
20250929 000000;0.354;0.357;0.344;0.35;166461.88
20250930 000000;0.35;0.35;0.345;0.348;171013.75
20251001 000000;0.348;0.349;0.344;0.346;172070.93
20251002 000000;0.346;0.349;0.344;0.344;181595.07
20251003 000000;0.344;0.363;0.342;0.362;177541.97
20251004 000000;0.362;0.38;0.359;0.379;167598.12
20251005 000000;0.379;0.449;0.374;0.442;169234.59
20251006 000000;0.442;0.503;0.442;0.495;130922.43
20251007 000000;0.495;0.497;0.483;0.492;128795.76
20251008 000000;0.492;0.492;0.472;0.484;132873.94
20251009 000000;0.484;0.484;0.438;0.446;136239.86
20251010 000000;0.446;0.448;0.35;0.35;144040.11
20251011 000000;0.35;0.431;0.333;0.383;159302.94
20251012 000000;0.383;0.536;0.372;0.418;148361.5
20251013 000000;0.418;0.429;0.4;0.403;164553.46
20251014 000000;0.403;0.404;0.391;0.394;157594.93
20251015 000000;0.394;0.401;0.389;0.389;159328.58
20251016 000000;0.389;0.39;0.375;0.38;161584.24
20251017 000000;0.38;0.383;0.372;0.375;157858.9
20251018 000000;0.375;0.378;0.371;0.376;157983.17
20251019 000000;0.376;0.376;0.368;0.371;155358
20251020 000000;0.371;0.388;0.37;0.387;153926.64
20251021 000000;0.387;0.387;0.364;0.382;160990.1
20251022 000000;0.382;0.384;0.377;0.379;151367.09
20251023 000000;0.379;0.38;0.37;0.372;148193.81
20251024 000000;0.372;0.381;0.366;0.378;153212.06
20251025 000000;0.378;0.391;0.376;0.379;154015.48
20251026 000000;0.379;0.384;0.372;0.374;162552
20251027 000000;0.374;0.376;0.363;0.364;166696.62
20251028 000000;0.364;0.378;0.363;0.372;174335.31
20251029 000000;0.372;0.38;0.369;0.375;180302.04
20251030 000000;0.375;0.38;0.366;0.367;156649.94
20251031 000000;0.367;0.367;0.359;0.362;156236.83
20251101 000000;0.362;0.365;0.355;0.358;152852.43
20251102 000000;0.358;0.363;0.357;0.36;149210.09
20251103 000000;0.36;0.36;0.351;0.353;169054.24
20251104 000000;0.353;0.354;0.349;0.351;158804.55
20251105 000000;0.351;0.352;0.343;0.348;162535.79
20251106 000000;0.348;0.348;0.338;0.341;159501.36
20251107 000000;0.341;0.342;0.334;0.336;162815.67
20251108 000000;0.336;0.338;0.326;0.326;165360.63
20251109 000000;0.326;0.334;0.324;0.328;175121.89
20251110 000000;0.328;0.329;0.321;0.323;179931.13
20251111 000000;0.323;0.324;0.311;0.313;185934.99
20251112 000000;0.313;0.315;0.306;0.31;182574.87
20251113 000000;0.31;0.31;0.295;0.304;186819.82
20251114 000000;0.304;0.305;0.29;0.293;190530.27
20251115 000000;0.293;0.293;0.266;0.281;197938.15
20251116 000000;0.281;0.284;0.278;0.279;199060.97
20251117 000000;0.279;0.28;0.274;0.275;199376.23
20251118 000000;0.275;0.277;0.272;0.273;194045.23
20251119 000000;0.273;0.277;0.269;0.273;204122.2
20251120 000000;0.273;0.277;0.267;0.268;203195.19
20251121 000000;0.268;0.269;0.256;0.258;228701.69
20251122 000000;0.258;0.259;0.248;0.25;221519.65
20251123 000000;0.25;0.253;0.201;0.216;230005.17
20251124 000000;0.216;0.224;0.198;0.201;248009.22
20251125 000000;0.201;0.203;0.185;0.189;292174.66
20251126 000000;0.189;0.19;0.185;0.188;292959.8
20251127 000000;0.188;0.191;0.185;0.187;296995.83
20251128 000000;0.187;0.192;0.183;0.192;294057.75
20251129 000000;0.192;0.2;0.188;0.19;299462.58
20251130 000000;0.19;0.194;0.19;0.192;280423.53
20251201 000000;0.192;0.193;0.19;0.19;273741.14
20251202 000000;0.19;0.192;0.189;0.189;288450.17
20251203 000000;0.189;0.192;0.187;0.189;287249.99
20251204 000000;0.189;0.19;0.186;0.188;282281.88
20251205 000000;0.188;0.191;0.187;0.19;280461.22
20251206 000000;0.19;0.193;0.189;0.192;279394.01
20251207 000000;0.192;0.194;0.191;0.192;274855.89
20251208 000000;0.192;0.193;0.187;0.189;291879.17
20251209 000000;0.189;0.189;0.185;0.185;279602.49
20251210 000000;0.185;0.187;0.184;0.186;284475.88
20251211 000000;0.186;0.186;0.182;0.182;289579.49
20251212 000000;0.182;0.185;0.179;0.181;308306.06
20251213 000000;0.181;0.183;0.18;0.182;295711.61
20251214 000000;0.182;0.182;0.123;0.171;339055.85
20251215 000000;0.171;0.1749;0.155;0.1673;105987.41
20251216 000000;0.1673;0.1673;0.165;0.1656;230868.61
20251217 000000;0.1656;0.1664;0.1633;0.1649;345318.18
20251218 000000;0.1649;0.1649;0.1615;0.1629;344452.4
20251219 000000;0.1629;0.1646;0.1621;0.1631;337815.81
20251220 000000;0.1631;0.1635;0.1623;0.1632;316594.83
20251221 000000;0.1632;0.1654;0.1629;0.1637;327206.08
20251222 000000;0.1637;0.164;0.1626;0.1636;337267.58
20251223 000000;0.1636;0.1651;0.1629;0.1636;325769.88
20251224 000000;0.1636;0.1665;0.1603;0.1619;356913.2
20251225 000000;0.1619;0.1633;0.1609;0.162;339016.76
20251226 000000;0.162;0.1623;0.12;0.1562;385585.5
20251227 000000;0.1562;0.1565;0.1554;0.1562;356662.25
20251228 000000;0.1562;0.1577;0.1562;0.1563;334259.71
20251229 000000;0.1563;0.1572;0.1547;0.1554;349027.69
20251230 000000;0.1554;0.1579;0.1244;0.1338;379259.94
20251231 000000;0.1338;0.152;0.123;0.149;372227.85
