20260101 000000;0.000000001801;0.000000001874;0.000000001772;0.000000001831;31316728652864
20260102 000000;0.000000001831;0.000000002016;0.000000001815;0.000000001986;29884017675746
20260103 000000;0.000000001986;0.000000002127;0.000000001962;0.000000002069;27759672988993
20260104 000000;0.000000002069;0.00000000208;0.000000001949;0.000000001998;27689853426819
20260105 000000;0.000000001998;0.000000002028;0.000000001878;0.000000001983;29166361131140
20260106 000000;0.000000001983;0.000000002037;0.00000000195;0.000000002026;26905948236831
20260107 000000;0.000000002026;0.000000002026;0.000000001949;0.000000001959;27566571682730
20260108 000000;0.000000001959;0.000000001962;0.000000001851;0.000000001893;27485503900408
20260109 000000;0.000000001893;0.000000001987;0.000000001892;0.000000001977;27693612102400
20260110 000000;0.000000001977;0.000000001984;0.00000000191;0.000000001921;28766129071392
20260111 000000;0.000000001921;0.000000002426;0.000000001917;0.000000002012;28566237772625
20260112 000000;0.000000002012;0.000000002054;0.000000001969;0.000000001989;26851872303172
20260113 000000;0.000000001989;0.000000002087;0.000000001949;0.000000002078;28440129849772
20260114 000000;0.000000002078;0.000000002188;0.000000001979;0.000000002101;27689712092103
20260115 000000;0.000000002101;0.000000002136;0.00000000207;0.000000002103;25467916265571
20260116 000000;0.000000002103;0.000000002118;0.00000000207;0.000000002073;27280582120913
20260117 000000;0.000000002073;0.000000002102;0.000000002069;0.000000002087;26133556334297
20260118 000000;0.000000002087;0.000000002163;0.00000000205;0.000000002092;26280644529462
20260119 000000;0.000000002092;0.000000002095;0.000000001992;0.000000002004;28192655526806
20260120 000000;0.000000002004;0.000000002015;0.000000001825;0.0000000019;30593747818777
20260121 000000;0.0000000019;0.000000001939;0.000000001825;0.000000001872;30194242054370
20260122 000000;0.000000001872;0.000000001873;0.000000001679;0.000000001696;33925110033072
20260123 000000;0.000000001696;0.000000001705;0.000000001629;0.000000001667;33988352806172
20260124 000000;0.000000001667;0.00000000169;0.000000001621;0.000000001645;33488362717414
20260125 000000;0.000000001645;0.000000001681;0.000000001556;0.000000001563;34453347253248
20260126 000000;0.000000001563;0.000000001637;0.000000001555;0.000000001633;34971072752703
20260127 000000;0.000000001633;0.000000001761;0.000000001596;0.000000001695;33328701517346
20260128 000000;0.000000001695;0.000000001889;0.000000001638;0.000000001716;32825725238790
20260129 000000;0.000000001716;0.000000002345;0.000000001686;0.000000001938;35857147394207
20260130 000000;0.000000001938;0.000000002667;0.000000001532;0.000000001595;39066147657832
20260131 000000;0.000000001595;0.000000001601;0.000000001361;0.000000001424;40281457272831
20260201 000000;0.000000001424;0.000000001458;0.000000001329;0.000000001332;39749619732347
20260202 000000;0.000000001332;0.000000001381;0.000000001269;0.000000001352;41185809030489
20260203 000000;0.000000001352;0.000000001767;0.00000000131;0.000000001439;55283248939048
20260204 000000;0.000000001439;0.000000001898;0.000000001266;0.000000001301;56574786194918
20260205 000000;0.000000001301;0.000000001304;0.0000000011;0.000000001104;47961442324041
20260206 000000;0.000000001104;0.00000000131;0.0000000011;0.000000001286;51452287757890
20260207 000000;0.000000001286;0.000000001331;0.000000001258;0.000000001311;43522120838964
20260208 000000;0.000000001311;0.000000001339;0.000000001281;0.000000001293;42189793729648
20260209 000000;0.000000001293;0.000000001569;0.000000001286;0.000000001536;38986663405580
20260210 000000;0.000000001536;0.000000001546;0.000000001432;0.000000001452;36358224441228
20260211 000000;0.000000001452;0.000000001486;0.000000001291;0.000000001334;42387969151521
20260212 000000;0.000000001334;0.000000001377;0.000000001287;0.000000001317;42979789241540
20260213 000000;0.000000001317;0.000000001424;0.000000001305;0.000000001396;43162233757827
20260214 000000;0.000000001396;0.000000001684;0.000000001389;0.000000001506;40374597288142
20260215 000000;0.000000001506;0.000000001572;0.000000001361;0.000000001383;39048069958749
20260216 000000;0.000000001383;0.000000001415;0.00000000135;0.000000001384;40594924873226
20260217 000000;0.000000001384;0.000000001433;0.000000001358;0.000000001398;41105179405849
20260218 000000;0.000000001398;0.000000001479;0.000000001339;0.000000001343;40663532959461
20260219 000000;0.000000001343;0.000000001412;0.000000001306;0.000000001311;44774028378252
20260220 000000;0.000000001311;0.000000001388;0.000000001296;0.000000001372;42078783329041
20260221 000000;0.000000001372;0.000000001456;0.000000001326;0.000000001372;41248738995944
20260222 000000;0.000000001372;0.000000001372;0.000000001317;0.00000000132;40351064112745
20260223 000000;0.00000000132;0.000000001718;0.00000000125;0.000000001634;42721460518159
20260224 000000;0.000000001634;0.00000000208;0.000000001129;0.000000001351;50838978410800
20260225 000000;0.000000001351;0.000000001524;0.00000000129;0.00000000143;44448247027893
20260226 000000;0.00000000143;0.000000001456;0.000000001374;0.000000001382;40508632645099
20260227 000000;0.000000001382;0.000000001386;0.00000000129;0.000000001328;42730792590587
20260228 000000;0.000000001328;0.000000001339;0.000000001232;0.000000001328;42744830503073
20260301 000000;0.000000001328;0.000000001352;0.000000001279;0.000000001299;44150636491359
20260302 000000;0.000000001299;0.000000001374;0.000000001286;0.00000000134;43117362493706
20260303 000000;0.00000000134;0.000000001357;0.0000000013;0.000000001338;41307216244330
20260304 000000;0.000000001338;0.000000001368;0.000000001234;0.000000001308;40909956110243
20260305 000000;0.000000001308;0.000000001352;0.000000001266;0.000000001284;44007332337830
20260306 000000;0.000000001284;0.000000001308;0.0000000012;0.000000001205;41355264445446
20260307 000000;0.000000001205;0.00000000123;0.000000001183;0.000000001213;44728227649744
20260308 000000;0.000000001213;0.000000001224;0.00000000118;0.000000001199;46822185136227
20260309 000000;0.000000001199;0.000000001248;0.000000001188;0.000000001245;45076105536043
20260310 000000;0.000000001245;0.000000001261;0.000000001207;0.000000001232;41834803583917
20260311 000000;0.000000001232;0.000000001267;0.000000001213;0.000000001262;44434238747947
20260312 000000;0.000000001262;0.000000001267;0.000000001216;0.000000001242;45769011928438
20260313 000000;0.000000001242;0.000000001283;0.000000001216;0.000000001225;45281590230081
20260314 000000;0.000000001225;0.000000001233;0.000000001201;0.000000001209;43140629354724
20260315 000000;0.000000001209;0.000000001258;0.000000001201;0.000000001258;44998164152496
20260316 000000;0.000000001258;0.000000001414;0.000000001225;0.000000001413;44198631340535
20260317 000000;0.000000001413;0.000000001477;0.000000001364;0.000000001465;40896400854019
20260318 000000;0.000000001465;0.000000001482;0.000000001393;0.000000001396;38413569333196
20260319 000000;0.000000001396;0.00000000141;0.000000001234;0.000000001274;41123551878396
20260320 000000;0.000000001274;0.000000001351;0.000000001223;0.000000001317;43618061074338
20260321 000000;0.000000001317;0.000000001344;0.000000001255;0.000000001317;41940672448792
20260322 000000;0.000000001317;0.000000001344;0.000000001289;0.000000001335;42343448346422
20260323 000000;0.000000001335;0.000000001484;0.000000001305;0.00000000146;40242407753839
20260324 000000;0.00000000146;0.000000001476;0.000000001382;0.000000001407;39686800559987
20260325 000000;0.000000001407;0.000000001443;0.000000001374;0.000000001378;39091862122939
20260326 000000;0.000000001378;0.000000001501;0.000000001367;0.000000001371;40285711028621
20260327 000000;0.000000001371;0.000000001382;0.000000001303;0.00000000136;39460776646594
20260328 000000;0.00000000136;0.000000001471;0.000000001348;0.000000001411;41971110292775
20260329 000000;0.000000001411;0.000000001428;0.000000001316;0.000000001325;40998619075884
20260330 000000;0.000000001325;0.000000001387;0.000000001171;0.000000001233;43174793340805
20260331 000000;0.000000001233;0.000000001331;0.000000001228;0.000000001313;43533466036934
20260401 000000;0.000000001313;0.000000001352;0.000000001283;0.000000001329;40921912786175
20260402 000000;0.000000001329;0.000000001351;0.000000001293;0.000000001299;40281532656441
20260403 000000;0.000000001299;0.000000001333;0.000000001286;0.000000001295;43065666771384
20260404 000000;0.000000001295;0.000000001331;0.000000001278;0.000000001307;43388050046607
20260405 000000;0.000000001307;0.000000001315;0.000000001214;0.000000001258;43424473747905
20260406 000000;0.000000001258;0.000000001303;0.000000001256;0.000000001266;44596822866283
20260407 000000;0.000000001266;0.000000001329;0.000000001188;0.000000001318;43405357719356
20260408 000000;0.000000001318;0.000000001335;0.00000000126;0.000000001274;43450332912555
20260409 000000;0.000000001274;0.000000001281;0.000000001215;0.000000001232;44975812974936
20260410 000000;0.000000001232;0.00000000138;0.000000001227;0.000000001304;43519554055592
20260411 000000;0.000000001304;0.000000001433;0.000000001284;0.000000001345;46173581263811
20260412 000000;0.000000001345;0.000000001346;0.000000001208;0.000000001246;44546081676807
20260413 000000;0.000000001246;0.000000001363;0.000000001218;0.000000001343;47450433318267
20260414 000000;0.000000001343;0.000000001502;0.000000001331;0.000000001413;40780762524024
20260415 000000;0.000000001413;0.000000001451;0.000000001377;0.000000001407;38730314931809
20260416 000000;0.000000001407;0.000000001482;0.000000001404;0.000000001443;39038407800173
20260417 000000;0.000000001443;0.000000001624;0.000000001416;0.000000001599;35771709709091
20260418 000000;0.000000001599;0.000000001774;0.000000001513;0.00000000177;34318729993436
20260419 000000;0.00000000177;0.000000003476;0.000000001664;0.000000003151;35019766576766
20260420 000000;0.000000003151;0.000000008499;0.000000002679;0.000000003975;35556799817734
20260421 000000;0.000000003975;0.000000004757;0.000000003095;0.000000003271;24520459662621
20260422 000000;0.000000003271;0.000000006;0.000000003198;0.000000004663;20967072674300
20260423 000000;0.000000004663;0.00000000495;0.0000000035;0.000000003588;17235769536923
20260424 000000;0.000000003588;0.000000004169;0.000000003283;0.000000003375;18870907182797
20260425 000000;0.000000003375;0.000000003922;0.000000003167;0.000000003616;18708712724711
20260426 000000;0.000000003616;0.000000003999;0.00000000331;0.000000003483;18649387938239
20260427 000000;0.000000003483;0.000000003549;0.000000003058;0.000000003077;18396527744771
20260428 000000;0.000000003077;0.000000003095;0.0000000028;0.000000002848;20916412185121
20260429 000000;0.000000002848;0.000000003009;0.000000002788;0.00000000291;20007412134245
20260430 000000;0.00000000291;0.000000002962;0.000000002785;0.000000002861;19950543920101
20260501 000000;0.000000002861;0.000000004379;0.000000002786;0.000000003674;21855951526659
20260502 000000;0.000000003674;0.000000003741;0.000000003197;0.000000003299;17218910815492
20260503 000000;0.000000003299;0.000000005102;0.000000003199;0.000000004268;23411328579444
20260504 000000;0.000000004268;0.000000004732;0.000000003553;0.00000000369;19594490132055
20260505 000000;0.00000000369;0.00000000404;0.000000003682;0.000000003818;16513218846913
20260506 000000;0.000000003818;0.000000003916;0.000000003111;0.00000000324;17753439483697
20260507 000000;0.00000000324;0.000000003301;0.000000002885;0.000000002932;19623246151993
20260508 000000;0.000000002932;0.000000003147;0.000000002871;0.000000003137;20125758846723
20260509 000000;0.000000003137;0.000000003163;0.000000003041;0.000000003059;19289472089709
20260510 000000;0.000000003059;0.00000000495;0.000000003025;0.000000003974;24297800981531
20260511 000000;0.000000003974;0.000000004199;0.0000000032;0.000000003517;19441944020209
20260512 000000;0.000000003517;0.00000000359;0.000000002712;0.000000002819;23932303490021
20260513 000000;0.000000002819;0.000000003076;0.000000002726;0.000000002791;22205197731701
20260514 000000;0.000000002791;0.00000000379;0.000000002702;0.000000003105;22777319209105
20260515 000000;0.000000003105;0.000000003307;0.000000002912;0.000000003027;21174704697811
20260516 000000;0.000000003027;0.000000003081;0.000000002907;0.000000002909;19394645206871
20260517 000000;0.000000002909;0.000000003086;0.000000002755;0.000000002763;21757089798333
20260518 000000;0.000000002763;0.000000002815;0.000000002625;0.000000002685;21174623019067
20260519 000000;0.000000002685;0.000000002777;0.0000000026;0.000000002614;21221999617257
20260520 000000;0.000000002614;0.000000002629;0.000000002438;0.000000002512;23608327752618
20260521 000000;0.000000002512;0.00000000282;0.000000002502;0.000000002663;21975186161349
20260522 000000;0.000000002663;0.000000002735;0.000000002529;0.000000002547;22117596022915
20260523 000000;0.000000002547;0.000000002553;0.000000002255;0.000000002403;23984558762399
20260524 000000;0.000000002403;0.000000002617;0.000000002303;0.000000002519;24510263586047
20260525 000000;0.000000002519;0.000000002819;0.000000002459;0.000000002623;21646712136620
20260526 000000;0.000000002623;0.00000000282;0.00000000254;0.000000002574;22988055925254
20260527 000000;0.000000002574;0.000000002589;0.000000002281;0.000000002324;23900980075120
20260528 000000;0.000000002324;0.000000002361;0.000000002146;0.000000002191;25076261651524
20260529 000000;0.000000002191;0.000000002326;0.00000000217;0.000000002246;25690810766780
20260530 000000;0.000000002246;0.00000000245;0.000000002197;0.000000002227;25439177953422
20260531 000000;0.000000002227;0.000000002244;0.000000002186;0.000000002191;25331722125539
20260601 000000;0.000000002191;0.000000002198;0.000000002014;0.000000002065;27854774833061
20260602 000000;0.000000002065;0.0000000021;0.00000000186;0.000000001886;28385932634170
20260603 000000;0.000000001886;0.00000000205;0.000000001883;0.00000000201;28587751147467
20260604 000000;0.00000000201;0.000000002023;0.0000000019;0.000000001902;29419446831758
20260605 000000;0.000000001902;0.000000001934;0.000000001691;0.000000001776;33254937729302
20260606 000000;0.000000001776;0.000000001889;0.000000001694;0.000000001886;31001856884689
20260607 000000;0.000000001886;0.000000001995;0.000000001858;0.000000001991;28636751575544
20260608 000000;0.000000001991;0.000000002066;0.000000001881;0.000000001971;29319370677947
20260609 000000;0.000000001971;0.000000001981;0.000000001859;0.000000001898;29496389492997
20260610 000000;0.000000001898;0.0000000019;0.000000001826;0.000000001835;29233243053532
20260611 000000;0.000000001835;0.000000001867;0.000000001775;0.000000001849;30429182696924
20260612 000000;0.000000001849;0.000000001859;0.000000001703;0.000000001743;30319614879685
20260613 000000;0.000000001743;0.000000001822;0.000000001742;0.000000001815;32113009395617
20260614 000000;0.000000001815;0.000000001836;0.000000001705;0.00000000182;32355780577994
20260615 000000;0.00000000182;0.000000002019;0.000000001787;0.000000001896;31228587641696
20260616 000000;0.000000001896;0.000000001913;0.00000000182;0.000000001856;29890328924245
20260617 000000;0.000000001856;0.000000001902;0.00000000179;0.000000001803;30999754851196
20260618 000000;0.000000001803;0.000000001827;0.000000001744;0.000000001776;32316489705158
20260619 000000;0.000000001776;0.000000001824;0.00000000173;0.000000001779;32341677390386
20260620 000000;0.000000001779;0.00000000208;0.000000001773;0.000000001992;25422517055613
