20240116 000000;0.00000004;0.00000013383;0.00000004;0.00000011223;7550098143046
20240117 000000;0.00000011223;0.0000001339;0.00000006662;0.00000007562;28263709972460
20240118 000000;0.00000007562;0.00000011298;0.000000069;0.00000009099;16923979061964
20240119 000000;0.00000009099;0.00000011463;0.00000007655;0.00000008978;14310957446528
20240120 000000;0.00000008978;0.0000001;0.00000007959;0.00000008242;7927392838794
20240121 000000;0.00000008242;0.00000008439;0.0000000413;0.00000004428;26094106251556
20240122 000000;0.00000004428;0.00000005624;0.0000000365;0.00000004182;32651202740451
20240123 000000;0.00000004182;0.00000005485;0.00000003847;0.00000004851;18838528606245
20240124 000000;0.00000004851;0.00000005872;0.00000004463;0.00000004898;12026012914020
20240125 000000;0.00000004898;0.00000005163;0.00000003777;0.00000004206;10198182493752
20240126 000000;0.00000004206;0.00000004623;0.000000036;0.00000004141;9896214710275
20240127 000000;0.00000004141;0.00000004224;0.00000002991;0.0000000315;10196062294506
20240128 000000;0.0000000315;0.00000003292;0.00000002545;0.00000002579;13775183845151
20240129 000000;0.00000002579;0.00000005135;0.00000002511;0.00000004018;23767281025821
20240130 000000;0.00000004018;0.00000004478;0.00000003237;0.00000003265;13975352321207
20240131 000000;0.00000003265;0.00000003265;0.00000001595;0.00000001809;58503359066337
20240201 000000;0.00000001809;0.00000002129;0.00000001366;0.00000001425;20628068424892
20240202 000000;0.00000001425;0.0000000162;0.00000001354;0.0000000144;19773753961179
20240203 000000;0.0000000144;0.0000000186;0.00000001378;0.00000001463;16370302222793
20240204 000000;0.00000001463;0.00000001957;0.00000001388;0.00000001687;16803636465360
20240205 000000;0.00000001687;0.00000002373;0.000000016;0.00000002161;27810114950934
20240206 000000;0.00000002161;0.00000002531;0.0000000201;0.00000002217;21916178276286
20240207 000000;0.00000002217;0.00000002239;0.00000001691;0.00000001949;18644267854228
20240208 000000;0.00000001949;0.00000001953;0.00000001701;0.00000001721;14027584987010
20240209 000000;0.00000001721;0.00000001839;0.00000001561;0.00000001629;10567145042552
20240210 000000;0.00000001629;0.00000002064;0.00000001559;0.000000019;11884692848153
20240211 000000;0.000000019;0.00000003103;0.00000001818;0.00000002502;21672027934958
20240212 000000;0.00000002502;0.0000000322;0.0000000232;0.00000002723;26140900741609
20240213 000000;0.00000002723;0.00000003037;0.00000002519;0.00000002606;9259501336281
20240214 000000;0.00000002606;0.00000007135;0.00000002579;0.00000006816;42165356571016
20240215 000000;0.00000006816;0.00000007;0.00000004664;0.00000005031;22161280657493
20240216 000000;0.00000005031;0.00000006187;0.00000004442;0.00000005293;17753677292311
20240217 000000;0.00000005293;0.00000005395;0.00000004216;0.00000004467;16332404857801
20240218 000000;0.00000004467;0.00000004936;0.00000004088;0.00000004715;10018614852862
20240219 000000;0.00000004715;0.000000057;0.00000004258;0.00000004288;8799045274941
20240220 000000;0.00000004288;0.00000004596;0.00000003615;0.00000004051;8655329981341
20240221 000000;0.00000004051;0.00000004082;0.00000003417;0.0000000366;6585755223292
20240222 000000;0.0000000366;0.00000004482;0.00000003333;0.00000004088;11635467812635
20240223 000000;0.00000004088;0.00000006835;0.00000004037;0.00000004647;25817469969325
20240224 000000;0.00000004647;0.00000005577;0.00000004625;0.00000004949;7420710152059
20240225 000000;0.00000004949;0.00000005226;0.00000004708;0.00000004948;5548827962012
20240226 000000;0.00000004948;0.00000005104;0.000000044;0.00000004802;3978072454462
20240227 000000;0.00000004802;0.00000006292;0.00000004713;0.00000005361;11229906440057
20240228 000000;0.00000005361;0.00000006237;0.00000005129;0.00000005521;9715114125863
20240229 000000;0.00000005521;0.00000006744;0.00000005228;0.00000005624;12754049354841
20240301 000000;0.00000005624;0.00000006015;0.00000005231;0.000000059;6491616859465
20240302 000000;0.000000059;0.00000011;0.000000057;0.0000000925;29067327708143
20240303 000000;0.0000000925;0.00000011;0.00000008637;0.00000009823;13670999499779
20240304 000000;0.00000009823;0.00000009987;0.00000007671;0.00000008474;17723166878518
20240305 000000;0.00000008474;0.00000008775;0.000000057;0.00000006355;15432848167438
20240306 000000;0.00000006355;0.00000007749;0.0000000523;0.00000006803;15850568031108
20240307 000000;0.00000006803;0.00000007634;0.00000006418;0.00000006819;7047363017523
20240308 000000;0.00000006819;0.00000007866;0.00000006716;0.0000000729;8078366956425
20240309 000000;0.0000000729;0.00000007679;0.00000006468;0.00000006908;7532643372499
20240310 000000;0.00000006908;0.00000007313;0.00000005522;0.00000005947;10030775776708
20240311 000000;0.00000005947;0.00000007382;0.00000005675;0.00000006616;9751665834235
20240312 000000;0.00000006616;0.00000007;0.0000000588;0.00000006309;7212570672169
20240313 000000;0.00000006309;0.00000006461;0.000000055;0.00000005832;6189471783964
20240314 000000;0.00000005832;0.00000006257;0.00000005196;0.00000005446;9980120896704
20240315 000000;0.00000005446;0.00000006855;0.0000000505;0.00000005361;10354111072022
20240316 000000;0.00000005361;0.00000005408;0.00000003342;0.00000003526;21427792341847
20240317 000000;0.00000003526;0.00000005638;0.00000003397;0.00000004215;14705454684787
20240318 000000;0.00000004215;0.00000004361;0.00000003396;0.00000003531;7261591668104
20240319 000000;0.00000003531;0.00000003851;0.00000002854;0.00000003056;12217539033452
20240320 000000;0.00000003056;0.00000003861;0.00000002807;0.00000003622;8150744168945
20240321 000000;0.00000003622;0.00000003832;0.00000003338;0.00000003448;6088972157815
20240322 000000;0.00000003448;0.00000003719;0.00000003086;0.00000003144;6552080119079
20240323 000000;0.00000003144;0.00000003783;0.00000003142;0.00000003593;4598342197235
20240324 000000;0.00000003593;0.000000049;0.00000003317;0.00000004413;12709699560296
20240325 000000;0.00000004413;0.00000004773;0.000000039;0.00000004082;7587491310451
20240326 000000;0.00000004082;0.00000004233;0.00000003763;0.0000000399;4282861755819
20240327 000000;0.0000000399;0.000000042;0.00000003565;0.00000003663;5155030237424
20240328 000000;0.00000003663;0.00000004;0.00000003585;0.00000003828;4410023698927
20240329 000000;0.00000003828;0.00000003832;0.00000003241;0.0000000336;3408517969563
20240330 000000;0.0000000336;0.00000003734;0.00000003242;0.00000003455;5122440569028
20240331 000000;0.00000003455;0.000000039;0.00000003312;0.00000003463;5136407014244
20240401 000000;0.00000003463;0.00000003535;0.00000003057;0.00000003123;3240097601977
20240402 000000;0.00000003123;0.00000003207;0.0000000282;0.00000003111;4803830638550
20240403 000000;0.00000003111;0.00000003335;0.00000002864;0.00000002944;5414447016494
20240404 000000;0.00000002944;0.0000000329;0.00000002826;0.00000002947;5007302798595
20240405 000000;0.00000002947;0.00000003257;0.00000002833;0.00000003127;3676941523837
20240406 000000;0.00000003127;0.00000003216;0.00000002942;0.00000003135;2393463988601
20240407 000000;0.00000003135;0.00000003216;0.0000000299;0.0000000301;2620607672053
20240408 000000;0.0000000301;0.00000003395;0.00000002907;0.000000033;5040016976260
20240409 000000;0.000000033;0.00000004366;0.00000003214;0.00000004039;11697470150241
20240410 000000;0.00000004039;0.0000000428;0.00000003233;0.00000003528;4762831867605
20240411 000000;0.00000003528;0.00000003732;0.0000000329;0.00000003311;2554909954091
20240412 000000;0.00000003311;0.000000034;0.00000002617;0.00000002712;4073901347877
20240413 000000;0.00000002712;0.00000002967;0.00000002219;0.00000002419;6203596336334
20240414 000000;0.00000002419;0.00000002588;0.00000002219;0.00000002554;5508823987165
20240415 000000;0.00000002554;0.00000002866;0.00000002405;0.00000002425;5628366723553
20240416 000000;0.00000002425;0.00000002461;0.00000002205;0.00000002431;4366146457141
20240417 000000;0.00000002431;0.00000002603;0.00000002215;0.0000000237;5234458448336
20240418 000000;0.0000000237;0.00000002472;0.00000002262;0.00000002385;4627560370839
20240419 000000;0.00000002385;0.00000002446;0.00000002143;0.00000002307;4255577588351
20240420 000000;0.00000002307;0.00000002695;0.00000002255;0.00000002594;4959344412387
20240421 000000;0.00000002594;0.00000002681;0.00000002399;0.00000002444;2952426329531
20240422 000000;0.00000002444;0.00000002765;0.00000002437;0.00000002678;3263369298696
20240423 000000;0.00000002678;0.0000000295;0.00000002501;0.00000002791;3011360862891
20240424 000000;0.00000002791;0.00000002895;0.0000000252;0.00000002559;3950719898768
20240425 000000;0.00000002559;0.00000002595;0.000000023;0.00000002422;3162241735502
20240426 000000;0.00000002422;0.00000002477;0.00000002302;0.00000002313;2739538547349
20240427 000000;0.00000002313;0.00000002759;0.00000002189;0.00000002726;4111384901115
20240428 000000;0.00000002726;0.00000002797;0.00000002333;0.00000002366;3604254442236
20240429 000000;0.00000002366;0.00000002684;0.00000002265;0.00000002401;3543736936421
20240430 000000;0.00000002401;0.00000002417;0.00000002041;0.0000000214;2706306541377
20240501 000000;0.0000000214;0.00000002184;0.00000001923;0.00000002135;3114637032252
20240502 000000;0.00000002135;0.00000002159;0.00000002015;0.00000002133;2030210484678
20240503 000000;0.00000002133;0.00000002295;0.000000021;0.0000000228;3440563056428
20240504 000000;0.0000000228;0.00000002391;0.00000002232;0.00000002311;2037959801720
20240505 000000;0.00000002311;0.00000002323;0.00000002034;0.00000002139;3103331524456
20240506 000000;0.00000002139;0.0000000241;0.00000002011;0.00000002041;3254856295990
20240507 000000;0.00000002041;0.00000002137;0.00000001992;0.00000002009;3616012621996
20240508 000000;0.00000002009;0.00000002018;0.00000001794;0.0000000193;4059883400241
20240509 000000;0.0000000193;0.00000001981;0.000000018;0.00000001889;2847947874882
20240510 000000;0.00000001889;0.00000001949;0.00000001658;0.00000001725;4456748662933
20240511 000000;0.00000001725;0.00000001825;0.00000001669;0.00000001761;3134380215533
20240512 000000;0.00000001761;0.00000001865;0.00000001722;0.00000001737;2327478539855
20240513 000000;0.00000001737;0.00000002109;0.00000001715;0.0000000187;11287064847696
20240514 000000;0.0000000187;0.00000002037;0.00000001788;0.0000000191;2761582782177
20240515 000000;0.0000000191;0.00000002387;0.000000019;0.00000002252;5062987599952
20240516 000000;0.00000002252;0.00000002783;0.000000021;0.00000002135;5315888749566
20240517 000000;0.00000002135;0.00000002244;0.00000001941;0.00000002179;3307007744283
20240518 000000;0.00000002179;0.00000002722;0.00000002106;0.00000002417;3455427465565
20240519 000000;0.00000002417;0.00000002785;0.0000000234;0.0000000237;5130210075806
20240520 000000;0.0000000237;0.00000003458;0.0000000231;0.00000003211;5138192281719
20240521 000000;0.00000003211;0.0000000345;0.00000002897;0.00000003243;5341676711831
20240522 000000;0.00000003243;0.00000003244;0.00000002805;0.00000003025;2431442492300
20240523 000000;0.00000003025;0.00000003961;0.00000002945;0.00000003895;4089815933630
20240524 000000;0.00000003895;0.000000048;0.00000003622;0.00000004088;5558909918367
20240525 000000;0.00000004088;0.00000004193;0.00000003518;0.000000037;2477568078606
20240526 000000;0.000000037;0.00000004254;0.00000003401;0.00000003598;3018648389135
20240527 000000;0.00000003598;0.000000039;0.00000003296;0.00000003792;3455465683434
20240528 000000;0.00000003792;0.00000003837;0.00000003184;0.00000003371;2579669653928
20240529 000000;0.00000003371;0.00000003933;0.00000003286;0.00000003648;4464596346718
20240530 000000;0.00000003648;0.00000003738;0.00000003101;0.00000003261;6804543771354
20240531 000000;0.00000003261;0.00000003263;0.00000002887;0.00000002887;3324177879981
20240601 000000;0.00000002887;0.00000003202;0.00000002733;0.00000002922;3945840911924
20240602 000000;0.00000002922;0.0000000328;0.00000002605;0.00000002822;5635736809422
20240603 000000;0.00000002822;0.00000003188;0.00000002734;0.00000003163;4110537567753
20240604 000000;0.00000003163;0.00000003534;0.00000002941;0.0000000326;5150468817288
20240605 000000;0.0000000326;0.00000003654;0.00000003095;0.00000003416;4743964314592
20240606 000000;0.00000003416;0.00000003599;0.00000003094;0.00000003167;2454327727588
20240607 000000;0.00000003167;0.00000003203;0.00000002663;0.00000002739;5323317418083
20240608 000000;0.00000002739;0.00000002739;0.00000002528;0.00000002651;3354238657602
20240609 000000;0.00000002651;0.00000002887;0.00000002562;0.00000002805;2728464346753
20240610 000000;0.00000002805;0.00000002807;0.0000000244;0.00000002532;3565144258525
20240611 000000;0.00000002532;0.00000002536;0.00000002289;0.00000002411;3185398648998
20240612 000000;0.00000002411;0.00000002614;0.00000002349;0.00000002443;2241703185794
20240613 000000;0.00000002443;0.00000002559;0.0000000228;0.00000002304;3218439960020
20240614 000000;0.00000002304;0.0000000245;0.00000002195;0.00000002239;3010264886048
20240615 000000;0.00000002239;0.00000002334;0.00000002201;0.00000002225;2139254431642
20240616 000000;0.00000002225;0.00000002418;0.00000002217;0.00000002361;2293624104149
20240617 000000;0.00000002361;0.00000002383;0.00000002119;0.00000002236;2320046184680
20240618 000000;0.00000002236;0.00000002255;0.00000001953;0.00000002045;2940815378261
20240619 000000;0.00000002045;0.00000002226;0.00000002038;0.00000002163;1965203655909
20240620 000000;0.00000002163;0.00000002224;0.00000001998;0.00000002021;2157261623411
20240621 000000;0.00000002021;0.00000002051;0.00000001958;0.00000002015;1790883287344
20240622 000000;0.00000002015;0.00000002154;0.00000001942;0.00000002092;2754210414922
20240623 000000;0.00000002092;0.00000002328;0.00000001983;0.00000001998;2521157372011
20240624 000000;0.00000001998;0.00000002384;0.00000001922;0.00000002233;3042242450597
20240625 000000;0.00000002233;0.00000002357;0.0000000218;0.000000022;2646217914463
20240626 000000;0.000000022;0.00000002202;0.00000001941;0.00000001973;2108604756101
20240627 000000;0.00000001973;0.00000002108;0.000000019;0.00000002023;1828420305068
20240628 000000;0.00000002023;0.00000002104;0.00000001934;0.00000001938;2501041201609
20240629 000000;0.00000001938;0.00000002075;0.00000001913;0.00000001974;2107352358111
20240630 000000;0.00000001974;0.00000002026;0.00000001919;0.00000001999;2004692301452
20240701 000000;0.00000001999;0.0000000212;0.0000000198;0.00000002031;2644981391693
20240702 000000;0.00000002031;0.00000002076;0.000000019;0.00000001999;2141402623370
20240703 000000;0.00000001999;0.00000001999;0.00000001876;0.00000001927;1765912712601
20240704 000000;0.00000001927;0.00000001942;0.0000000159;0.00000001639;5290234926191
20240705 000000;0.00000001639;0.00000001658;0.00000001459;0.00000001633;3963776290769
20240706 000000;0.00000001633;0.00000001772;0.00000001597;0.00000001703;3299770524856
20240707 000000;0.00000001703;0.00000001703;0.00000001598;0.000000016;2260870084426
20240708 000000;0.000000016;0.00000001654;0.000000015;0.00000001562;2485658039793
20240709 000000;0.00000001562;0.00000001625;0.00000001533;0.00000001567;2037554773031
20240710 000000;0.00000001567;0.00000001689;0.0000000155;0.00000001657;2394433633513
20240711 000000;0.00000001657;0.00000001707;0.000000016;0.00000001604;1985251362248
20240712 000000;0.00000001604;0.00000001686;0.00000001523;0.00000001597;2194988046452
20240713 000000;0.00000001597;0.00000001693;0.00000001591;0.00000001622;2019088320472
20240714 000000;0.00000001622;0.00000001747;0.0000000158;0.00000001614;2027819319958
20240715 000000;0.00000001614;0.00000002;0.00000001589;0.00000001958;3871930746263
20240716 000000;0.00000001958;0.00000001978;0.00000001674;0.00000001781;3297174222391
20240717 000000;0.00000001781;0.00000001885;0.00000001651;0.00000001682;3098649368576
20240718 000000;0.00000001682;0.00000001737;0.00000001607;0.00000001616;2725251278782
20240719 000000;0.00000001616;0.00000001675;0.00000001521;0.00000001642;2839740527422
20240720 000000;0.00000001642;0.00000001711;0.00000001559;0.00000001651;2480060478368
20240721 000000;0.00000001651;0.00000001759;0.00000001557;0.00000001633;3414262758644
20240722 000000;0.00000001633;0.00000001643;0.00000001528;0.00000001575;2157263424913
20240723 000000;0.00000001575;0.00000001885;0.00000001563;0.0000000166;5627425366342
20240724 000000;0.0000000166;0.0000000169;0.00000001508;0.00000001554;2876409706436
20240725 000000;0.00000001554;0.00000001575;0.00000001387;0.00000001398;3089949695598
20240726 000000;0.00000001398;0.00000001589;0.00000001387;0.00000001512;3514671364032
20240727 000000;0.00000001512;0.00000001526;0.00000001431;0.00000001467;2851073485218
20240728 000000;0.00000001467;0.00000001467;0.0000000135;0.00000001373;2337242824155
20240729 000000;0.00000001373;0.00000001411;0.00000001316;0.00000001337;2807123427461
20240730 000000;0.00000001337;0.00000001339;0.00000001186;0.00000001195;2949953097191
20240731 000000;0.00000001195;0.00000001237;0.00000001131;0.00000001222;4493231763941
20240801 000000;0.00000001222;0.00000001225;0.00000001131;0.00000001189;3312968653950
20240802 000000;0.00000001189;0.00000001191;0.0000000105;0.00000001066;3093348869160
20240803 000000;0.00000001066;0.00000001071;0.00000000965;0.00000000987;3962391158279
20240804 000000;0.00000000987;0.00000001005;0.00000000869;0.00000000943;7020406284585
20240805 000000;0.00000000943;0.00000000981;0.0000000081;0.00000000944;7201569903583
20240806 000000;0.00000000944;0.00000001077;0.0000000094;0.00000000968;5640152739579
20240807 000000;0.00000000968;0.0000000106;0.000000009;0.00000000904;6022754577824
20240808 000000;0.00000000904;0.00000001037;0.00000000885;0.00000001031;5489903529158
20240809 000000;0.00000001031;0.0000000104;0.00000000943;0.00000000945;3837906392593
20240810 000000;0.00000000945;0.00000001;0.00000000917;0.00000000976;3731553331896
20240811 000000;0.00000000976;0.00000001132;0.0000000095;0.00000000972;4167044547143
20240812 000000;0.00000000972;0.00000001069;0.00000000921;0.0000000104;4595822538848
20240813 000000;0.0000000104;0.0000000111;0.00000000973;0.00000001005;4279202950020
20240814 000000;0.00000001005;0.00000001058;0.00000000972;0.00000001026;4885107945481
20240815 000000;0.00000001026;0.00000001027;0.00000000941;0.00000000972;3664129506252
20240816 000000;0.00000000972;0.0000000104;0.00000000951;0.00000000992;4124620883945
20240817 000000;0.00000000992;0.00000000993;0.00000000876;0.00000000932;4498910064422
20240818 000000;0.00000000932;0.00000000972;0.00000000888;0.00000000897;3790294038377
20240819 000000;0.00000000897;0.00000000958;0.00000000841;0.00000000922;4841802553258
20240820 000000;0.00000000922;0.00000000967;0.00000000819;0.00000000865;4940003092133
20240821 000000;0.00000000865;0.00000000961;0.00000000858;0.0000000089;5307528029543
20240822 000000;0.0000000089;0.00000001055;0.00000000866;0.00000001049;5335374052145
20240823 000000;0.00000001049;0.00000001269;0.00000001013;0.00000001239;4578215724832
20240824 000000;0.00000001239;0.00000001499;0.00000001209;0.00000001382;5567094498095
20240825 000000;0.00000001382;0.00000001614;0.00000001243;0.00000001335;5288952402848
20240826 000000;0.00000001335;0.00000001337;0.00000001122;0.00000001127;4664815348794
20240827 000000;0.00000001127;0.00000001332;0.00000001024;0.00000001049;7726795881867
20240828 000000;0.00000001049;0.00000001201;0.00000001031;0.00000001156;4558755867025
20240829 000000;0.00000001156;0.00000001288;0.00000001154;0.00000001196;4459555272264
20240830 000000;0.00000001196;0.00000001198;0.00000001102;0.00000001134;2767904100137
20240831 000000;0.00000001134;0.00000001158;0.00000001114;0.00000001119;2540575901078
20240901 000000;0.00000001119;0.00000001131;0.0000000104;0.00000001047;2877819631508
20240902 000000;0.00000001047;0.00000001085;0.00000001012;0.00000001084;3005956925874
20240903 000000;0.00000001084;0.00000001117;0.00000000995;0.00000001001;1707289481867
20240904 000000;0.00000001001;0.00000001003;0.00000000927;0.00000000949;1217072635973
20240905 000000;0.00000000949;0.0000000097;0.00000000905;0.00000000905;1106102944782
20240906 000000;0.00000000905;0.0000000093;0.00000000854;0.00000000884;2096089069031
20240907 000000;0.00000000884;0.000000009634;0.00000000882;0.000000009605;1467808346691
20240908 000000;0.000000009605;0.000000013402;0.000000009602;0.00000001205;5352796184090
20240909 000000;0.00000001205;0.000000013814;0.000000011038;0.000000012807;3623549340289
20240910 000000;0.000000012807;0.000000017431;0.000000012406;0.000000016894;6315668005959
20240911 000000;0.000000016894;0.000000017352;0.000000014303;0.000000015268;5189151667707
20240912 000000;0.000000015268;0.000000017315;0.000000012542;0.00000001303;4561381900870
20240913 000000;0.00000001303;0.000000014693;0.000000012989;0.00000001423;2287283992102
20240914 000000;0.00000001423;0.000000014793;0.000000013028;0.000000013143;3020646406604
20240915 000000;0.000000013143;0.000000014;0.000000012265;0.000000012911;2932876452203
20240916 000000;0.000000012911;0.00000001656;0.000000011436;0.000000013684;4256616643426
20240917 000000;0.000000013684;0.00000001606;0.000000012971;0.000000014856;6533780671098
20240918 000000;0.000000014856;0.000000016021;0.000000013722;0.000000015445;3750986670721
20240919 000000;0.000000015445;0.000000020172;0.000000014642;0.00000001822;4746886546893
20240920 000000;0.00000001822;0.000000018961;0.000000015967;0.000000016963;2313967198003
20240921 000000;0.000000016963;0.000000017712;0.000000015862;0.000000017108;1552684950678
20240922 000000;0.000000017108;0.000000018057;0.000000015757;0.000000016535;811145692949
20240923 000000;0.000000016535;0.000000016764;0.000000015;0.000000015738;1743847276845
20240924 000000;0.000000015738;0.000000017637;0.000000015001;0.00000001635;1836067099797
20240925 000000;0.00000001635;0.000000016604;0.000000014502;0.000000015173;2643345508681
20240926 000000;0.000000015173;0.000000016212;0.000000014354;0.000000015562;2150740862434
20240927 000000;0.000000015562;0.000000016382;0.00000001534;0.000000016157;1666912554655
20240928 000000;0.000000016157;0.000000017274;0.000000015455;0.000000016038;2029516942845
20240929 000000;0.000000016038;0.000000017586;0.00000001532;0.000000015919;2048035732671
20240930 000000;0.000000015919;0.000000018085;0.000000015082;0.000000016767;4669173324475
20241001 000000;0.000000016767;0.000000019424;0.000000014145;0.000000015121;4635990325466
20241002 000000;0.000000015121;0.000000015832;0.000000013869;0.000000014104;2069653824321
20241003 000000;0.000000014104;0.000000014236;0.000000012629;0.000000013883;1396841688945
20241004 000000;0.000000013883;0.000000015044;0.000000013;0.000000014712;3102248133404
20241005 000000;0.000000014712;0.000000014865;0.00000001371;0.000000014074;1376396266015
20241006 000000;0.000000014074;0.00000001424;0.000000012979;0.000000013338;2670939536370
20241007 000000;0.000000013338;0.000000014651;0.000000013027;0.000000013351;3740016914830
20241008 000000;0.000000013351;0.000000015637;0.000000013256;0.000000014618;4523519063233
20241009 000000;0.000000014618;0.000000016467;0.000000014434;0.000000014782;3077491445837
20241010 000000;0.000000014782;0.000000015671;0.000000014233;0.000000014902;2849692530851
20241011 000000;0.000000014902;0.000000017163;0.000000014893;0.000000016011;1840395236622
20241012 000000;0.000000016011;0.000000019192;0.000000015859;0.000000017252;4225071741048
20241013 000000;0.000000017252;0.000000017277;0.000000015343;0.000000015951;1442715997520
20241014 000000;0.000000015951;0.000000030939;0.000000015773;0.000000024532;10996277543512
20241015 000000;0.000000024532;0.000000030329;0.000000023466;0.000000025077;6202414339025
20241016 000000;0.000000025077;0.000000025932;0.00000002;0.000000021071;5820953116707
20241017 000000;0.000000021071;0.000000023224;0.000000019353;0.000000020053;4465473731919
20241018 000000;0.000000020053;0.000000024773;0.000000019303;0.000000024041;6738135834396
20241019 000000;0.000000024041;0.00000002412;0.000000021935;0.000000022972;3206434766932
20241020 000000;0.000000022972;0.000000024976;0.000000019462;0.000000021372;4028215652110
20241021 000000;0.000000021372;0.000000022486;0.000000019855;0.000000020229;3813641472534
20241022 000000;0.000000020229;0.000000020291;0.000000018429;0.000000019538;4296549754584
20241023 000000;0.000000019538;0.000000021001;0.000000017024;0.0000000184;5212513940794
20241024 000000;0.0000000184;0.000000019999;0.000000017621;0.000000018665;4294126568546
20241025 000000;0.000000018665;0.000000019184;0.000000016105;0.000000016674;5385907705923
20241026 000000;0.000000016674;0.000000017732;0.000000015819;0.000000016866;4726860578870
20241027 000000;0.000000016866;0.000000018036;0.000000016223;0.000000017416;4656259650687
20241028 000000;0.000000017416;0.000000019561;0.000000016879;0.000000019126;5352489610062
20241029 000000;0.000000019126;0.000000020305;0.000000018441;0.000000018752;5137494449592
20241030 000000;0.000000018752;0.000000018947;0.000000016846;0.000000017821;4506644080904
20241031 000000;0.000000017821;0.000000018504;0.000000016001;0.00000001647;4531989269352
20241101 000000;0.00000001647;0.000000017339;0.000000015406;0.000000016123;5342486390967
20241102 000000;0.000000016123;0.000000017168;0.000000015421;0.000000015845;4856537656857
20241103 000000;0.000000015845;0.000000016099;0.000000014701;0.000000015226;4530584572124
20241104 000000;0.000000015226;0.000000016381;0.000000015153;0.000000015287;4390885914372
20241105 000000;0.000000015287;0.000000016111;0.000000015179;0.000000015908;4729821445724
20241106 000000;0.000000015908;0.000000018457;0.000000015732;0.000000017904;5801886909185
20241107 000000;0.000000017904;0.000000018711;0.000000017057;0.000000018209;4970205317252
20241108 000000;0.000000018209;0.00000001845;0.000000016122;0.000000017436;4436271756855
20241109 000000;0.000000017436;0.000000017753;0.000000016;0.000000017121;5263446390440
20241110 000000;0.000000017121;0.000000019246;0.00000001613;0.000000016973;6664244739537
20241111 000000;0.000000016973;0.00000002196;0.00000001693;0.00000002139;9128155246074
20241112 000000;0.00000002139;0.000000024509;0.000000018728;0.000000019856;7188922405003
20241113 000000;0.000000019856;0.00000002417;0.000000019844;0.000000022243;7702137724080
20241114 000000;0.000000022243;0.000000035787;0.000000021714;0.000000027058;11901589044150
20241115 000000;0.000000027058;0.000000028983;0.000000023049;0.00000002639;5784698948496
20241116 000000;0.00000002639;0.0000000301;0.000000024181;0.000000025137;5379113493376
20241117 000000;0.000000025137;0.000000025876;0.000000023112;0.000000024913;4249549398125
20241118 000000;0.000000024913;0.000000025264;0.000000021448;0.000000022633;4547508287381
20241119 000000;0.000000022633;0.000000022769;0.000000019348;0.000000020006;4286776316933
20241120 000000;0.000000020006;0.000000023351;0.000000019888;0.000000020128;4628574808333
20241121 000000;0.000000020128;0.000000024077;0.00000001966;0.00000002238;4927404980981
20241122 000000;0.00000002238;0.00000002252;0.00000001918;0.000000020111;4114125296118
20241123 000000;0.000000020111;0.000000027105;0.000000019474;0.000000023054;5538328784185
20241124 000000;0.000000023054;0.000000027593;0.00000002173;0.000000023827;7074698558395
20241125 000000;0.000000023827;0.000000026533;0.000000022002;0.000000022731;4138463997780
20241126 000000;0.000000022731;0.000000024365;0.000000019571;0.000000020368;4449483428397
20241127 000000;0.000000020368;0.000000021217;0.000000019112;0.000000020929;4215224172452
20241128 000000;0.000000020929;0.000000022486;0.000000019209;0.000000020266;3994715196393
20241129 000000;0.000000020266;0.000000021221;0.000000019378;0.000000020106;4540807341623
20241130 000000;0.000000020106;0.000000023;0.000000019446;0.000000020927;4263196343314
20241201 000000;0.000000020927;0.000000023188;0.000000020139;0.000000022462;4304931281904
20241202 000000;0.000000022462;0.00000002263;0.000000020045;0.000000020621;3717655652234
20241203 000000;0.000000020621;0.000000022029;0.00000002;0.000000021165;4632048404727
20241204 000000;0.000000021165;0.000000022838;0.000000020537;0.000000021681;4889506695544
20241205 000000;0.000000021681;0.00000002622;0.0000000197;0.000000020824;8366630493151
20241206 000000;0.000000020824;0.000000021688;0.00000002;0.000000021115;3880575662425
20241207 000000;0.000000021115;0.000000023964;0.000000020763;0.000000023165;3871603500349
20241208 000000;0.000000023165;0.000000024265;0.000000020728;0.000000021629;4219565507681
20241209 000000;0.000000021629;0.000000022362;0.000000019248;0.000000021292;7223003664644
20241210 000000;0.000000021292;0.000000021304;0.000000016835;0.000000018017;6174626691680
20241211 000000;0.000000018017;0.000000019874;0.000000016613;0.000000019142;5075395395138
20241212 000000;0.000000019142;0.000000020059;0.000000018295;0.00000001887;4818773563716
20241213 000000;0.00000001887;0.0000000205;0.000000016903;0.000000017418;5558830810608
20241214 000000;0.000000017418;0.000000019263;0.000000017348;0.000000018649;4516014681531
20241215 000000;0.000000018649;0.000000018708;0.000000016904;0.000000018115;3830019529667
20241216 000000;0.000000018115;0.00000001834;0.000000016161;0.000000017531;4807346067388
20241217 000000;0.000000017531;0.000000017795;0.000000016177;0.000000016177;4084862445342
20241218 000000;0.000000016177;0.0000000175;0.00000001502;0.000000015095;4658410542418
20241219 000000;0.000000015095;0.0000000151;0.000000013152;0.000000013399;5154055098863
20241220 000000;0.000000013399;0.000000013541;0.000000010725;0.00000001257;13831424808233
20241221 000000;0.00000001257;0.000000016338;0.000000012174;0.00000001259;7668510652190
20241222 000000;0.00000001259;0.000000012914;0.000000011216;0.000000011334;5751781225951
20241223 000000;0.000000011334;0.000000012483;0.000000010927;0.000000012298;6612738044746
20241224 000000;0.000000012298;0.000000013401;0.000000011747;0.000000012345;5713728919184
20241225 000000;0.000000012345;0.000000012858;0.000000011542;0.000000012307;6157794479398
20241226 000000;0.000000012307;0.000000012847;0.000000011194;0.000000011855;6670884212339
20241227 000000;0.000000011855;0.000000012356;0.000000011261;0.000000011609;6167747743234
20241228 000000;0.000000011609;0.000000012983;0.000000011233;0.000000012929;6169876982197
20241229 000000;0.000000012929;0.000000013069;0.000000011417;0.000000011558;5196893998882
20241230 000000;0.000000011558;0.000000011856;0.000000011416;0.000000011708;5737956783376
20241231 000000;0.000000011708;0.000000012483;0.000000011511;0.000000011621;6549019704068
