20260101 000000;0.00000001772;0.00000002084;0.00000001672;0.00000001966;3048413333909
20260102 000000;0.00000001966;0.00000002209;0.00000001721;0.0000000193;3068231438624
20260103 000000;0.0000000193;0.0000000196;0.00000001816;0.00000001922;2872509709599
20260104 000000;0.00000001922;0.00000002052;0.0000000185;0.00000001959;2817773882387
20260105 000000;0.00000001959;0.00000002145;0.0000000193;0.00000002009;2787577732109
20260106 000000;0.00000002009;0.0000000214;0.00000001929;0.00000002036;2773940559246
20260107 000000;0.00000002036;0.0000000214;0.0000000191;0.00000001914;2660153464041
20260108 000000;0.00000001914;0.00000001991;0.00000001667;0.00000001744;3054584314889
20260109 000000;0.00000001744;0.00000002944;0.00000001744;0.00000002065;3447038402927
20260110 000000;0.00000002065;0.00000002698;0.00000001977;0.00000002316;2768084808691
20260111 000000;0.00000002316;0.00000002325;0.00000002116;0.00000002256;2439491945037
20260112 000000;0.00000002256;0.00000002314;0.0000000196;0.00000002065;2743746110239
20260113 000000;0.00000002065;0.00000002113;0.000000018;0.00000001906;2801772300984
20260114 000000;0.00000001906;0.00000002274;0.000000019;0.00000002199;2871304484830
20260115 000000;0.00000002199;0.00000002303;0.00000002;0.00000002275;2792936428087
20260116 000000;0.00000002275;0.0000000251;0.00000002168;0.00000002491;2574416550381
20260117 000000;0.00000002491;0.00000002562;0.000000019;0.00000002398;2620810313496
20260118 000000;0.00000002398;0.000000024;0.0000000214;0.00000002142;2567023605438
20260119 000000;0.00000002142;0.000000022;0.00000001944;0.00000002139;3697338698179
20260120 000000;0.00000002139;0.00000002179;0.000000018;0.0000000182;2880305472209
20260121 000000;0.0000000182;0.00000002013;0.00000001818;0.00000001968;2943414412917
20260122 000000;0.00000001968;0.0000000201;0.00000001885;0.0000000201;2853134925513
20260123 000000;0.0000000201;0.00000002267;0.00000001996;0.00000002137;2938408305144
20260124 000000;0.00000002137;0.00000002321;0.00000002101;0.00000002216;2570578356023
20260125 000000;0.00000002216;0.00000002241;0.00000001763;0.00000002057;2835966313040
20260126 000000;0.00000002057;0.0000000218;0.00000001946;0.00000002116;2617240107872
20260127 000000;0.00000002116;0.0000000249;0.00000002013;0.00000002372;2612933559642
20260128 000000;0.00000002372;0.00000002373;0.00000002121;0.00000002254;2511349450694
20260129 000000;0.00000002254;0.00000002254;0.00000002057;0.00000002162;2532044522328
20260130 000000;0.00000002162;0.00000002163;0.000000019;0.0000000208;2672663844258
20260131 000000;0.0000000208;0.00000002139;0.00000001902;0.00000001964;2645559568716
20260201 000000;0.00000001964;0.00000002;0.0000000187;0.00000001971;2752529782812
20260202 000000;0.00000001971;0.00000002079;0.0000000187;0.00000001901;2921577255970
20260203 000000;0.00000001901;0.00000002016;0.00000001817;0.00000001902;2881561164744
20260204 000000;0.00000001902;0.00000001974;0.00000001722;0.00000001809;3126091785702
20260205 000000;0.00000001809;0.00000001828;0.0000000148;0.00000001533;3562442515469
20260206 000000;0.00000001533;0.00000002034;0.000000015;0.00000001984;3319914970442
20260207 000000;0.00000001984;0.00000002056;0.00000001828;0.00000001941;2900055402811
20260208 000000;0.00000001941;0.00000001945;0.0000000172;0.00000001751;2878946839119
20260209 000000;0.00000001751;0.00000001776;0.00000001609;0.00000001751;3366041824551
20260210 000000;0.00000001751;0.00000001906;0.00000001693;0.00000001734;3059522828864
20260211 000000;0.00000001734;0.0000000195;0.00000001719;0.00000001729;2913997867304
20260212 000000;0.00000001729;0.00000001968;0.00000001606;0.00000001955;3206064792040
20260213 000000;0.00000001955;0.00000002146;0.00000001852;0.00000002097;2721289441298
20260214 000000;0.00000002097;0.00000002139;0.00000002017;0.00000002136;2747806997799
20260215 000000;0.00000002136;0.00000002137;0.00000001976;0.00000001984;2759231266157
20260216 000000;0.00000001984;0.00000002018;0.00000001826;0.00000001919;2913384226320
20260217 000000;0.00000001919;0.00000001945;0.00000001785;0.00000001942;2906387875554
20260218 000000;0.00000001942;0.00000001977;0.00000001892;0.00000001897;2908158380418
20260219 000000;0.00000001897;0.000000019;0.00000001825;0.0000000189;2910618758257
20260220 000000;0.0000000189;0.00000001891;0.00000001801;0.00000001836;3036160446790
20260221 000000;0.00000001836;0.00000001892;0.00000001829;0.00000001855;3005646246501
20260222 000000;0.00000001855;0.00000001871;0.00000001757;0.00000001798;3013171869381
20260223 000000;0.00000001798;0.00000001805;0.00000001625;0.00000001691;3096034530280
20260224 000000;0.00000001691;0.00000001728;0.00000001628;0.00000001688;3159012959431
20260225 000000;0.00000001688;0.00000001871;0.00000001687;0.00000001817;3161144382269
20260226 000000;0.00000001817;0.00000001871;0.00000001793;0.00000001805;3022797984613
20260227 000000;0.00000001805;0.00000001899;0.00000001762;0.00000001764;2975428000743
20260228 000000;0.00000001764;0.00000001792;0.00000001762;0.0000000177;2991983293092
20260301 000000;0.0000000177;0.00000001915;0.0000000177;0.00000001828;2910605044278
20260302 000000;0.00000001828;0.00000001837;0.0000000179;0.000000018;3009192664255
20260303 000000;0.000000018;0.00000001865;0.00000001757;0.00000001762;2999551908317
20260304 000000;0.00000001762;0.00000002062;0.00000001736;0.00000001955;2850856100423
20260305 000000;0.00000001955;0.00000002014;0.00000001869;0.00000001982;2649588415795
20260306 000000;0.00000001982;0.00000002015;0.00000001875;0.00000001918;2752934051661
20260307 000000;0.00000001918;0.00000002364;0.00000001833;0.0000000191;2992889001533
20260308 000000;0.0000000191;0.00000001913;0.0000000184;0.00000001846;2907798338158
20260309 000000;0.00000001846;0.00000001862;0.0000000184;0.00000001845;2793803174288
20260310 000000;0.00000001845;0.00000001988;0.00000001845;0.00000001946;2996441986399
20260311 000000;0.00000001946;0.00000001956;0.000000017;0.00000001849;2981652326708
20260312 000000;0.00000001849;0.00000001892;0.00000001735;0.00000001847;2964931042149
20260313 000000;0.00000001847;0.00000002065;0.00000001828;0.00000001917;2942115955015
20260314 000000;0.00000001917;0.00000001926;0.00000001765;0.00000001883;2883915708347
20260315 000000;0.00000001883;0.00000002025;0.00000001847;0.00000002018;3049147051970
20260316 000000;0.00000002018;0.00000002291;0.00000001923;0.00000002171;2603208301762
20260317 000000;0.00000002171;0.0000000225;0.00000002081;0.00000002118;2616619592411
20260318 000000;0.00000002118;0.00000002377;0.00000001986;0.00000002001;2655035836585
20260319 000000;0.00000002001;0.00000002036;0.00000001901;0.00000001915;2734307030515
20260320 000000;0.00000001915;0.00000002099;0.00000001901;0.00000001961;2912218316982
20260321 000000;0.00000001961;0.00000002014;0.0000000196;0.00000001972;2780130738271
20260322 000000;0.00000001972;0.00000002;0.000000019;0.00000001925;2932969597609
20260323 000000;0.00000001925;0.00000002105;0.00000001887;0.00000001944;2967603901799
20260324 000000;0.00000001944;0.00000002036;0.00000001908;0.0000000198;2923347228616
20260325 000000;0.0000000198;0.00000002077;0.0000000185;0.00000002074;2734477639784
20260326 000000;0.00000002074;0.00000002112;0.00000001891;0.00000001989;2708166351998
20260327 000000;0.00000001989;0.00000001998;0.00000001861;0.00000001878;2809609086182
20260328 000000;0.00000001878;0.00000001906;0.0000000186;0.00000001884;2932440252670
20260329 000000;0.00000001884;0.00000001906;0.00000001793;0.0000000183;2969366746121
20260330 000000;0.0000000183;0.00000001921;0.00000001525;0.00000001705;3047882200452
20260331 000000;0.00000001705;0.00000002218;0.00000001642;0.00000001935;3107232187244
20260401 000000;0.00000001935;0.0000000208;0.00000001925;0.00000001974;2726344526150
20260402 000000;0.00000001974;0.00000001977;0.00000001849;0.0000000192;2833853486480
20260403 000000;0.0000000192;0.00000001943;0.0000000183;0.00000001901;2886903465170
20260404 000000;0.00000001901;0.00000001921;0.0000000189;0.00000001898;2849627069832
20260405 000000;0.00000001898;0.0000000192;0.00000001778;0.00000001842;2990658155857
20260406 000000;0.00000001842;0.00000002;0.00000001751;0.0000000177;3109833598356
20260407 000000;0.0000000177;0.00000002;0.000000017;0.00000001706;3115172644157
20260408 000000;0.00000001706;0.00000001894;0.0000000169;0.00000001828;3095937026917
20260409 000000;0.00000001828;0.00000001879;0.00000001734;0.00000001873;2985089678649
20260410 000000;0.00000001873;0.00000001949;0.00000001776;0.00000001857;2994259534903
20260411 000000;0.00000001857;0.00000001874;0.00000001813;0.0000000182;2970254210362
20260412 000000;0.0000000182;0.00000001823;0.00000001768;0.00000001773;3036014122050
20260413 000000;0.00000001773;0.00000001815;0.00000001705;0.00000001803;3189936976665
20260414 000000;0.00000001803;0.00000001831;0.0000000168;0.00000001684;3219412059723
20260415 000000;0.00000001684;0.00000001772;0.00000001676;0.00000001692;3234275728507
20260416 000000;0.00000001692;0.0000000198;0.00000001641;0.00000001706;3296183247622
20260417 000000;0.00000001706;0.0000000181;0.00000001678;0.00000001782;3228237000991
20260418 000000;0.00000001782;0.00000001791;0.0000000164;0.00000001704;3153472640284
20260419 000000;0.00000001704;0.00000001767;0.00000001642;0.00000001676;3240503460654
20260420 000000;0.00000001676;0.0000000185;0.0000000165;0.00000001767;3362595755745
20260421 000000;0.00000001767;0.00000001802;0.000000017;0.00000001743;3024829470389
20260422 000000;0.00000001743;0.00000001768;0.0000000167;0.00000001727;3328046871267
20260423 000000;0.00000001727;0.00000001733;0.0000000164;0.00000001675;3441930492965
20260424 000000;0.00000001675;0.00000001742;0.0000000164;0.00000001741;3227868516633
20260425 000000;0.00000001741;0.00000001742;0.00000001641;0.0000000165;3107891676288
20260426 000000;0.0000000165;0.00000001659;0.00000001609;0.00000001656;3257061109712
20260427 000000;0.00000001656;0.0000000174;0.0000000161;0.00000001623;3275854468963
20260428 000000;0.00000001623;0.0000000173;0.0000000161;0.00000001721;3371720739511
20260429 000000;0.00000001721;0.00000001731;0.00000001602;0.00000001615;3178285955338
20260430 000000;0.00000001615;0.00000001844;0.00000001603;0.00000001614;3314107919483
20260501 000000;0.00000001614;0.0000000171;0.00000001608;0.0000000164;3286376645165
20260502 000000;0.0000000164;0.00000001648;0.00000001634;0.00000001641;3461365723531
20260503 000000;0.00000001641;0.00000001698;0.00000001608;0.00000001623;3269944224602
20260504 000000;0.00000001623;0.00000001704;0.000000015;0.00000001545;3633575185333
20260505 000000;0.00000001545;0.00000001603;0.00000001265;0.0000000137;3693824679854
20260506 000000;0.0000000137;0.00000001514;0.0000000121;0.00000001442;3994872046090
20260507 000000;0.00000001442;0.00000001487;0.000000014;0.00000001412;3538396030861
20260508 000000;0.00000001412;0.00000001423;0.00000001348;0.00000001396;3968154744617
20260509 000000;0.00000001396;0.00000001429;0.00000001271;0.00000001349;4165913155690
20260510 000000;0.00000001349;0.00000001456;0.00000001293;0.00000001326;4185495187785
20260511 000000;0.00000001326;0.00000001453;0.0000000131;0.00000001409;3962322725537
20260512 000000;0.00000001409;0.00000001499;0.00000001351;0.00000001358;4040798166141
20260513 000000;0.00000001358;0.000000015;0.00000001352;0.00000001407;4093083208352
20260514 000000;0.00000001407;0.0000000149;0.00000001361;0.00000001489;3812622584435
20260515 000000;0.00000001489;0.00000001707;0.00000001488;0.00000001543;3349072264831
20260516 000000;0.00000001543;0.0000000155;0.00000001364;0.00000001405;3631613338909
20260517 000000;0.00000001405;0.00000001407;0.00000001281;0.0000000129;4165109202663
20260518 000000;0.0000000129;0.00000001327;0.0000000121;0.00000001282;4261588565656
20260519 000000;0.00000001282;0.0000000169;0.00000001246;0.0000000133;4216827731937
20260520 000000;0.0000000133;0.00000001523;0.00000001321;0.00000001456;4023104769250
20260521 000000;0.00000001456;0.00000001472;0.00000001375;0.00000001401;3459923447613
20260522 000000;0.00000001401;0.00000001549;0.000000013;0.00000001314;4084038729407
20260523 000000;0.00000001314;0.0000000133;0.00000001249;0.00000001266;4284842208471
20260524 000000;0.00000001266;0.00000001283;0.00000001226;0.00000001228;4278716742865
20260525 000000;0.00000001228;0.00000001281;0.00000001176;0.00000001199;4226502548860
20260526 000000;0.00000001199;0.00000001339;0.0000000115;0.00000001213;4689683916248
20260527 000000;0.00000001213;0.0000000122;0.00000001167;0.00000001169;4408383863619
20260528 000000;0.00000001169;0.0000000125;0.00000001156;0.00000001243;4586053155586
20260529 000000;0.00000001243;0.000000013;0.00000001107;0.00000001203;4489937211134
20260530 000000;0.00000001203;0.00000001213;0.00000001107;0.00000001212;4647156234708
20260531 000000;0.00000001212;0.00000001216;0.00000001133;0.00000001138;4512117808556
20260601 000000;0.00000001138;0.00000001349;0.00000001134;0.00000001309;4573753430476
20260602 000000;0.00000001309;0.00000001489;0.00000001273;0.00000001275;4135763640318
20260603 000000;0.00000001275;0.00000001299;0.00000001115;0.00000001141;4554482650246
20260604 000000;0.00000001141;0.0000000117;0.00000001055;0.00000001108;5164120189738
20260605 000000;0.00000001108;0.00000001111;0.00000000955;0.00000001056;5361779867545
20260606 000000;0.00000001056;0.00000001136;0.00000001029;0.00000001114;4987152393587
20260607 000000;0.00000001114;0.00000001211;0.00000001109;0.00000001196;4595029553263
20260608 000000;0.00000001196;0.00000001211;0.00000001174;0.00000001179;4593324862581
20260609 000000;0.00000001179;0.00000001183;0.00000001116;0.0000000115;4455204788358
20260610 000000;0.0000000115;0.00000001151;0.00000001018;0.00000001033;5009459418054
20260611 000000;0.00000001033;0.00000001169;0.00000001015;0.00000001099;5210179418276
20260612 000000;0.00000001099;0.00000001109;0.00000000843;0.00000001106;5321718277108
20260613 000000;0.00000001106;0.00000001108;0.00000001037;0.00000001041;5203483222372
20260614 000000;0.00000001041;0.00000001127;0.00000000965;0.00000001117;5304764997387
20260615 000000;0.00000001117;0.00000001127;0.00000001007;0.00000001034;5206018441185
20260616 000000;0.00000001034;0.00000001114;0.00000001006;0.00000001044;5048762053234
20260617 000000;0.00000001044;0.00000001094;0.00000001033;0.00000001061;5112774105493
20260618 000000;0.00000001061;0.000000011;0.000000009;0.00000000953;5481909854961
20260619 000000;0.00000000953;0.00000001;0.00000000882;0.00000000914;5952425317862
20260620 000000;0.00000000914;0.0000000096;0.00000000897;0.00000000958;4666265874548
