20250101 000000;0.00000008621;0.00000009026;0.00000008106;0.00000008513;681286446914
20250102 000000;0.00000008513;0.00000008863;0.000000082;0.00000008411;620405167250
20250103 000000;0.00000008411;0.00000009145;0.00000007949;0.00000008501;908599150739
20250104 000000;0.00000008501;0.00000008501;0.00000006742;0.0000000822;903178053498
20250105 000000;0.0000000822;0.00000010045;0.0000000822;0.00000009315;860480913952
20250106 000000;0.00000009315;0.00000009763;0.0000000873;0.00000009337;807446042515
20250107 000000;0.00000009337;0.00000009622;0.0000000852;0.00000008602;307710401228
20250108 000000;0.00000008602;0.00000009009;0.00000006684;0.00000007448;333826929466
20250109 000000;0.00000007448;0.00000007871;0.0000000669;0.00000007081;223390078800
20250110 000000;0.00000007081;0.00000008489;0.00000006689;0.00000007249;311905726992
20250111 000000;0.00000007249;0.00000008516;0.00000007245;0.00000008344;191177771432
20250112 000000;0.00000008344;0.00000008509;0.00000007727;0.0000000811;185142375933
20250113 000000;0.0000000811;0.00000008291;0.00000006689;0.00000007014;331348277146
20250114 000000;0.00000007014;0.00000007531;0.00000006555;0.00000007068;189854906005
20250115 000000;0.00000007068;0.0000000757;0.000000063;0.00000007165;584358035231
20250116 000000;0.00000007165;0.00000008;0.0000000655;0.00000007228;908714302853
20250117 000000;0.00000007228;0.00000009722;0.00000006905;0.00000008142;1057334782364
20250118 000000;0.00000008142;0.0000000815;0.00000006011;0.00000006841;1322087017021
20250119 000000;0.00000006841;0.00000007507;0.000000059;0.000000059;1338229672492
20250120 000000;0.000000059;0.00000007373;0.00000005151;0.00000006223;1603497799249
20250121 000000;0.00000006223;0.00000006328;0.000000055;0.00000005666;1223323111879
20250122 000000;0.00000005666;0.00000006255;0.00000005458;0.00000005913;1152255459215
20250123 000000;0.00000005913;0.00000006346;0.00000005425;0.00000005668;1108140744095
20250124 000000;0.00000005668;0.0000000659;0.0000000528;0.00000005783;1184150377033
20250125 000000;0.00000005783;0.00000006072;0.000000049;0.00000005163;1536317108129
20250126 000000;0.00000005163;0.00000005827;0.00000005156;0.00000005272;1309923829760
20250127 000000;0.00000005272;0.00000006793;0.000000049;0.00000005855;1558660957591
20250128 000000;0.00000005855;0.000000097;0.00000005635;0.00000006607;1635789178993
20250129 000000;0.00000006607;0.00000007862;0.00000006086;0.00000006409;1081775972437
20250130 000000;0.00000006409;0.00000006598;0.00000005314;0.00000005458;1352472021174
20250131 000000;0.00000005458;0.000000056;0.00000004808;0.00000005056;1745900083917
20250201 000000;0.00000005056;0.00000006;0.00000004649;0.00000004859;1744991930885
20250202 000000;0.00000004859;0.00000005515;0.00000004539;0.00000004863;1358458755899
20250203 000000;0.00000004863;0.00000005299;0.00000004182;0.00000004987;1595684491596
20250204 000000;0.00000004987;0.00000005074;0.0000000425;0.00000004425;1432922178041
20250205 000000;0.00000004425;0.00000004683;0.00000004061;0.00000004464;1656603562562
20250206 000000;0.00000004464;0.00000004752;0.00000003834;0.00000004638;1569416365949
20250207 000000;0.00000004638;0.00000006043;0.00000004638;0.00000005332;1588137816753
20250208 000000;0.00000005332;0.00000007046;0.00000005323;0.00000006257;1317745953998
20250209 000000;0.00000006257;0.00000006257;0.00000004827;0.00000005197;1298156808604
20250210 000000;0.00000005197;0.00000005262;0.00000004565;0.00000004684;1295759343669
20250211 000000;0.00000004684;0.00000004931;0.00000004455;0.00000004473;1350191990586
20250212 000000;0.00000004473;0.00000004729;0.00000004185;0.00000004593;1741387841259
20250213 000000;0.00000004593;0.000000055;0.00000004269;0.00000004781;1692956696372
20250214 000000;0.00000004781;0.00000004809;0.00000004068;0.00000004435;1603497890623
20250215 000000;0.00000004435;0.00000004658;0.00000004153;0.00000004319;1393065469284
20250216 000000;0.00000004319;0.00000004374;0.00000004;0.00000004209;1482153992401
20250217 000000;0.00000004209;0.00000004808;0.00000004138;0.00000004386;1481617619482
20250218 000000;0.00000004386;0.00000004859;0.00000004152;0.0000000428;1482764440021
20250219 000000;0.0000000428;0.00000004499;0.000000041;0.00000004238;1387093394254
20250220 000000;0.00000004238;0.00000004402;0.00000004;0.00000004237;1445907289076
20250221 000000;0.00000004237;0.00000004841;0.00000004119;0.00000004342;1431433942512
20250222 000000;0.00000004342;0.00000004556;0.000000043;0.0000000442;1340923669486
20250223 000000;0.0000000442;0.00000004833;0.00000004367;0.00000004638;1284642699241
20250224 000000;0.00000004638;0.00000004852;0.00000004374;0.00000004377;1355666416605
20250225 000000;0.00000004377;0.0000000527;0.00000004147;0.00000004751;1572631938879
20250226 000000;0.00000004751;0.00000005278;0.00000004746;0.00000005126;1224881018591
20250227 000000;0.00000005126;0.00000005227;0.0000000475;0.00000004994;1156754447488
20250228 000000;0.00000004994;0.00000006086;0.00000004541;0.00000005717;1257530839646
20250301 000000;0.00000005717;0.00000006452;0.00000005102;0.00000005665;1095241256681
20250302 000000;0.00000005665;0.00000007029;0.00000005038;0.0000000635;1363295219410
20250303 000000;0.0000000635;0.00000006613;0.0000000475;0.00000004986;1151867845960
20250304 000000;0.00000004986;0.00000005192;0.00000004408;0.00000005135;1312357265353
20250305 000000;0.00000005135;0.00000005196;0.00000004794;0.00000005134;1261880102730
20250306 000000;0.00000005134;0.000000053;0.00000004803;0.00000004803;1215217696441
20250307 000000;0.00000004803;0.00000005149;0.0000000446;0.00000005058;1209369003925
20250308 000000;0.00000005058;0.00000005197;0.00000004604;0.00000004795;1236898719296
20250309 000000;0.00000004795;0.00000005011;0.00000004;0.00000004361;1430919978623
20250310 000000;0.00000004361;0.00000004468;0.00000004061;0.00000004164;1334679637461
20250311 000000;0.00000004164;0.00000004588;0.000000039;0.00000004582;1372079637496
20250312 000000;0.00000004582;0.0000000499;0.00000004538;0.0000000481;1256590244581
20250313 000000;0.0000000481;0.00000004835;0.00000004461;0.00000004807;1219631488072
20250314 000000;0.00000004807;0.00000005136;0.00000004805;0.00000005127;1180469037998
20250315 000000;0.00000005127;0.00000005576;0.00000005072;0.00000005383;1094051662833
20250316 000000;0.00000005383;0.00000005425;0.00000005072;0.00000005316;1073601482098
20250317 000000;0.00000005316;0.00000006211;0.00000004328;0.00000004574;1337055097405
20250318 000000;0.00000004574;0.00000004757;0.000000039;0.0000000411;1957912973100
20250319 000000;0.0000000411;0.0000000499;0.000000039;0.00000004562;1628224711288
20250320 000000;0.00000004562;0.00000004564;0.00000004122;0.00000004125;1357911774272
20250321 000000;0.00000004125;0.00000004148;0.0000000394;0.00000004029;1425808785852
20250322 000000;0.00000004029;0.00000004301;0.00000004024;0.00000004109;1411048260493
20250323 000000;0.00000004109;0.00000004161;0.00000004019;0.00000004147;1405720106488
20250324 000000;0.00000004147;0.00000004989;0.00000004067;0.00000004816;1325716797226
20250325 000000;0.00000004816;0.00000005529;0.00000004816;0.00000005296;1300775715159
20250326 000000;0.00000005296;0.00000005529;0.00000004977;0.00000005026;1108549949723
20250327 000000;0.00000005026;0.00000005282;0.00000004963;0.00000005081;1207075749302
20250328 000000;0.00000005081;0.00000005142;0.00000004745;0.0000000477;1119048883893
20250329 000000;0.0000000477;0.00000004858;0.000000042;0.00000004579;1245092689567
20250330 000000;0.00000004579;0.00000004947;0.000000043;0.00000004676;1325117030369
20250331 000000;0.00000004676;0.0000000532;0.00000004501;0.00000004972;1690167096830
20250401 000000;0.00000004972;0.000000054;0.00000004781;0.00000005193;1113646112227
20250402 000000;0.00000005193;0.00000005387;0.00000004623;0.00000004763;1210586903279
20250403 000000;0.00000004763;0.00000004862;0.00000004433;0.00000004754;1168872616880
20250404 000000;0.00000004754;0.00000004754;0.00000004402;0.00000004565;1241223622937
20250405 000000;0.00000004565;0.00000004827;0.00000004286;0.00000004289;1262266921536
20250406 000000;0.00000004289;0.00000004305;0.00000003497;0.0000000351;1444555089664
20250407 000000;0.0000000351;0.0000000405;0.00000003262;0.00000003977;1590693480252
20250408 000000;0.00000003977;0.00000004019;0.00000003399;0.00000003526;1425749350097
20250409 000000;0.00000003526;0.00000004471;0.000000033;0.00000004023;1620462460167
20250410 000000;0.00000004023;0.00000004307;0.00000003453;0.00000003527;1623726949771
20250411 000000;0.00000003527;0.00000004036;0.00000003523;0.0000000394;1674326811501
20250412 000000;0.0000000394;0.000000042;0.000000038;0.00000004106;1364527897751
20250413 000000;0.00000004106;0.00000004194;0.0000000345;0.0000000354;1475012748140
20250414 000000;0.0000000354;0.00000004122;0.0000000352;0.00000003609;1637126289305
20250415 000000;0.00000003609;0.0000000383;0.00000003548;0.00000003622;1598496835854
20250416 000000;0.00000003622;0.00000003677;0.00000003401;0.00000003404;1656421604038
20250417 000000;0.00000003404;0.0000000354;0.000000034;0.0000000344;1642909598000
20250418 000000;0.0000000344;0.00000003567;0.0000000335;0.00000003423;1584137744395
20250419 000000;0.00000003423;0.00000003657;0.00000003026;0.00000003591;1869568996791
20250420 000000;0.00000003591;0.00000003956;0.00000003402;0.00000003555;1840703432549
20250421 000000;0.00000003555;0.00000003847;0.00000003311;0.00000003377;1663134141536
20250422 000000;0.00000003377;0.000000035;0.000000031;0.00000003433;1845472997843
20250423 000000;0.00000003433;0.00000004048;0.00000003376;0.00000003807;1868960324496
20250424 000000;0.00000003807;0.00000003809;0.00000003292;0.000000035;1651726278701
20250425 000000;0.000000035;0.00000003651;0.00000003225;0.00000003471;1711080830251
20250426 000000;0.00000003471;0.00000003576;0.00000003389;0.00000003488;1643968013141
20250427 000000;0.00000003488;0.00000003538;0.00000003249;0.00000003275;1663117870688
20250428 000000;0.00000003275;0.00000003389;0.0000000321;0.00000003364;1751917350988
20250429 000000;0.00000003364;0.00000003452;0.00000003167;0.00000003169;1790596710137
20250430 000000;0.00000003169;0.00000003367;0.00000002962;0.00000003244;1987993853254
20250501 000000;0.00000003244;0.000000035;0.00000003157;0.00000003241;1901650259890
20250502 000000;0.00000003241;0.00000003301;0.00000003006;0.0000000316;1870022649908
20250503 000000;0.0000000316;0.00000003252;0.00000003126;0.00000003132;1777720127185
20250504 000000;0.00000003132;0.0000000328;0.00000003062;0.00000003117;1855907820572
20250505 000000;0.00000003117;0.0000000317;0.0000000305;0.00000003132;1861631331117
20250506 000000;0.00000003132;0.00000003243;0.0000000297;0.00000003003;1816673085846
20250507 000000;0.00000003003;0.000000032;0.00000002526;0.00000002684;2020334889506
20250508 000000;0.00000002684;0.000000033;0.00000002564;0.00000002882;2093902794950
20250509 000000;0.00000002882;0.000000034;0.00000002874;0.00000003016;2125741186475
20250510 000000;0.00000003016;0.00000003543;0.0000000292;0.00000003354;1881321681524
20250511 000000;0.00000003354;0.00000003359;0.00000003018;0.00000003051;1948426731329
20250512 000000;0.00000003051;0.00000003219;0.00000002984;0.00000003076;2037587795392
20250513 000000;0.00000003076;0.00000003281;0.0000000291;0.00000003234;1855438068366
20250514 000000;0.00000003234;0.0000000331;0.00000002906;0.000000031;1825523135889
20250515 000000;0.000000031;0.00000003127;0.00000003011;0.00000003027;1879181075458
20250516 000000;0.00000003027;0.00000003192;0.00000002751;0.00000002764;2016184796343
20250517 000000;0.00000002764;0.00000002766;0.00000002645;0.00000002682;2138566644955
20250518 000000;0.00000002682;0.00000002899;0.00000002569;0.00000002688;2218464946566
20250519 000000;0.00000002688;0.00000002956;0.00000002605;0.00000002751;2170511430571
20250520 000000;0.00000002751;0.00000002778;0.00000002525;0.00000002654;2239504988021
20250521 000000;0.00000002654;0.00000002745;0.00000002525;0.0000000262;2189629805473
20250522 000000;0.0000000262;0.00000002973;0.00000002619;0.00000002743;2093905375401
20250523 000000;0.00000002743;0.0000000293;0.00000002634;0.00000002662;2047831961639
20250524 000000;0.00000002662;0.00000002767;0.00000002515;0.00000002616;2006188996698
20250525 000000;0.00000002616;0.00000002646;0.00000002383;0.00000002478;2230632255589
20250526 000000;0.00000002478;0.00000002645;0.00000002477;0.00000002564;2204844790495
20250527 000000;0.00000002564;0.00000002595;0.00000002465;0.00000002495;2144159556619
20250528 000000;0.00000002495;0.00000002827;0.0000000237;0.00000002538;2452110020989
20250529 000000;0.00000002538;0.00000002539;0.00000002263;0.00000002358;2278234287948
20250530 000000;0.00000002358;0.00000002423;0.00000002277;0.00000002301;2568039117893
20250531 000000;0.00000002301;0.00000002301;0.00000002015;0.00000002231;2624149100967
20250601 000000;0.00000002231;0.00000002334;0.00000002091;0.00000002175;2728158877822
20250602 000000;0.00000002175;0.0000000221;0.00000001899;0.00000002208;3055363889803
20250603 000000;0.00000002208;0.00000002277;0.00000001884;0.00000002052;2864461277405
20250604 000000;0.00000002052;0.00000002252;0.0000000198;0.0000000201;2712326735050
20250605 000000;0.0000000201;0.00000002179;0.00000001894;0.00000002139;2883144143106
20250606 000000;0.00000002139;0.0000000238;0.00000002139;0.000000022;2553511845422
20250607 000000;0.000000022;0.0000000224;0.0000000211;0.00000002177;2754776198126
20250608 000000;0.00000002177;0.00000002194;0.00000002023;0.00000002167;2688598373270
20250609 000000;0.00000002167;0.00000002317;0.00000002087;0.00000002305;2697989583104
20250610 000000;0.00000002305;0.00000002363;0.00000002216;0.00000002243;2419206281412
20250611 000000;0.00000002243;0.00000002263;0.00000002101;0.0000000222;2508262662883
20250612 000000;0.0000000222;0.00000002383;0.0000000203;0.00000002074;2599629499054
20250613 000000;0.00000002074;0.00000002223;0.00000001965;0.00000002096;2758348820538
20250614 000000;0.00000002096;0.00000002106;0.0000000202;0.00000002065;2776479155381
20250615 000000;0.00000002065;0.0000000235;0.00000002;0.00000002103;2845496501344
20250616 000000;0.00000002103;0.00000002297;0.00000002043;0.00000002174;2596598225019
20250617 000000;0.00000002174;0.00000002176;0.00000002;0.00000002058;2755799293924
20250618 000000;0.00000002058;0.00000002484;0.00000002055;0.00000002446;2614111328812
20250619 000000;0.00000002446;0.00000002868;0.00000002403;0.00000002785;2223657913766
20250620 000000;0.00000002785;0.00000002872;0.00000002667;0.00000002708;1995762154581
20250621 000000;0.00000002708;0.00000002974;0.00000002537;0.00000002615;2150803859362
20250622 000000;0.00000002615;0.00000002715;0.0000000241;0.00000002547;2158544672950
20250623 000000;0.00000002547;0.00000002832;0.00000002535;0.00000002762;2109940825737
20250624 000000;0.00000002762;0.00000006386;0.00000002599;0.00000002894;2592514662158
20250625 000000;0.00000002894;0.00000003108;0.00000002619;0.00000002846;2011208992197
20250626 000000;0.00000002846;0.00000002916;0.00000002794;0.00000002845;1949823398433
20250627 000000;0.00000002845;0.00000003847;0.00000002708;0.00000002872;2134638088521
20250628 000000;0.00000002872;0.00000003238;0.0000000272;0.00000002942;2021519318878
20250629 000000;0.00000002942;0.00000003689;0.00000002783;0.00000003023;2196275937667
20250630 000000;0.00000003023;0.00000003999;0.000000029;0.00000003931;1742622652627
20250701 000000;0.00000003931;0.00000004286;0.00000003586;0.00000003869;1501531041120
20250702 000000;0.00000003869;0.00000005603;0.00000003834;0.00000005005;1341237080747
20250703 000000;0.00000005005;0.00000005404;0.00000003764;0.00000004421;1309391902180
20250704 000000;0.00000004421;0.00000004527;0.000000034;0.00000004326;1477049339377
20250705 000000;0.00000004326;0.000000053;0.00000004295;0.00000005298;1296551016073
20250706 000000;0.00000005298;0.00000005317;0.0000000442;0.00000004837;1207410694588
20250707 000000;0.00000004837;0.00000004947;0.00000003423;0.00000004475;1382198907374
20250708 000000;0.00000004475;0.00000005068;0.00000004474;0.00000004755;1166871569499
20250709 000000;0.00000004755;0.00000005145;0.00000004644;0.00000005009;1164805635156
20250710 000000;0.00000005009;0.00000005613;0.00000004829;0.00000005175;1141822177419
20250711 000000;0.00000005175;0.00000005607;0.0000000498;0.00000005083;1060579542500
20250712 000000;0.00000005083;0.00000006159;0.00000005061;0.00000005408;1117046652119
20250713 000000;0.00000005408;0.0000000555;0.000000052;0.00000005324;1058648276799
20250714 000000;0.00000005324;0.00000005984;0.00000005218;0.00000005586;1049205005132
20250715 000000;0.00000005586;0.00000006268;0.00000005274;0.00000006014;977012636862
20250716 000000;0.00000006014;0.00000006736;0.00000005736;0.00000006213;933338828055
20250717 000000;0.00000006213;0.00000008715;0.00000006;0.00000008035;871769665935
20250718 000000;0.00000008035;0.000000096;0.00000008035;0.00000008427;830197769576
20250719 000000;0.00000008427;0.000000095;0.00000008267;0.00000009075;675284437131
20250720 000000;0.00000009075;0.00000010131;0.00000008;0.00000009787;682096695309
20250721 000000;0.00000009787;0.0000001;0.00000009;0.00000009387;627230976292
20250722 000000;0.00000009387;0.000000099;0.00000009005;0.00000009569;621206973327
20250723 000000;0.00000009569;0.000000099;0.00000008726;0.00000009096;665538493361
20250724 000000;0.00000009096;0.00000009595;0.00000008464;0.00000009387;623475449929
20250725 000000;0.00000009387;0.000000096;0.00000008727;0.00000009586;640857925556
20250726 000000;0.00000009586;0.000000096;0.00000009007;0.00000009536;608454922948
20250727 000000;0.00000009536;0.00000009599;0.0000000845;0.00000009147;723199909395
20250728 000000;0.00000009147;0.000000096;0.000000085;0.00000008636;624430972001
20250729 000000;0.00000008636;0.00000009364;0.000000084;0.00000008857;635960144351
20250730 000000;0.00000008857;0.00000008872;0.0000000772;0.00000008007;685220753819
20250731 000000;0.00000008007;0.00000008042;0.00000006814;0.00000006975;735406463792
20250801 000000;0.00000006975;0.00000006975;0.0000000607;0.00000006503;867577184680
20250802 000000;0.00000006503;0.00000006874;0.00000006049;0.00000006052;863423316511
20250803 000000;0.00000006052;0.00000006824;0.00000006051;0.0000000658;862697012018
20250804 000000;0.0000000658;0.00000007033;0.00000006148;0.00000006596;831344635250
20250805 000000;0.00000006596;0.00000006954;0.00000006199;0.00000006407;871437233503
20250806 000000;0.00000006407;0.00000006684;0.0000000626;0.00000006681;895518057495
20250807 000000;0.00000006681;0.00000007181;0.0000000633;0.00000006937;833970571758
20250808 000000;0.00000006937;0.00000007683;0.0000000669;0.00000007389;792456540781
20250809 000000;0.00000007389;0.0000000763;0.00000006978;0.00000007483;733748185420
20250810 000000;0.00000007483;0.00000007703;0.00000007112;0.00000007474;724200295761
20250811 000000;0.00000007474;0.00000007476;0.0000000677;0.0000000689;782214110369
20250812 000000;0.0000000689;0.00000007307;0.00000006631;0.00000007307;804526334040
20250813 000000;0.00000007307;0.0000000775;0.00000007049;0.00000007336;781452144500
20250814 000000;0.00000007336;0.0000000756;0.00000006904;0.00000007006;740976595855
20250815 000000;0.00000007006;0.00000007076;0.00000006492;0.00000006505;783244431770
20250816 000000;0.00000006505;0.00000006699;0.00000006258;0.00000006611;851170321045
20250817 000000;0.00000006611;0.00000006719;0.00000005075;0.00000005701;967638902402
20250818 000000;0.00000005701;0.0000000605;0.000000052;0.00000005642;1074517172508
20250819 000000;0.00000005642;0.00000005645;0.00000004351;0.00000004654;1076813322958
20250820 000000;0.00000004654;0.00000005301;0.00000004312;0.00000005183;1212067505793
20250821 000000;0.00000005183;0.00000005212;0.0000000463;0.00000004807;1140118295696
20250822 000000;0.00000004807;0.0000000622;0.00000004677;0.00000006075;1034084078249
20250823 000000;0.00000006075;0.00000006521;0.00000005426;0.0000000599;933850404941
20250824 000000;0.0000000599;0.00000007751;0.00000005964;0.00000006173;905181965144
20250825 000000;0.00000006173;0.00000006224;0.00000004727;0.00000004855;989405178014
20250826 000000;0.00000004855;0.00000005131;0.00000004613;0.00000005128;1109952974605
20250827 000000;0.00000005128;0.00000005137;0.00000004555;0.00000004754;1140915775158
20250828 000000;0.00000004754;0.0000000513;0.00000004731;0.00000004839;1201017616010
20250829 000000;0.00000004839;0.00000004849;0.0000000382;0.00000003919;1350762477736
20250830 000000;0.00000003919;0.00000004918;0.00000003888;0.00000004248;1293584430084
20250831 000000;0.00000004248;0.00000005115;0.00000004227;0.00000004313;1203312266201
20250901 000000;0.00000004313;0.000000047;0.00000003417;0.00000003658;1689909187780
20250902 000000;0.00000003658;0.00000004463;0.00000003658;0.00000004194;1321636946884
20250903 000000;0.00000004194;0.0000000487;0.00000003975;0.00000004797;1252721676968
20250904 000000;0.00000004797;0.00000004809;0.0000000416;0.00000004248;1341868823566
20250905 000000;0.00000004248;0.00000004446;0.00000004052;0.00000004276;1244065105330
20250906 000000;0.00000004276;0.000000044;0.00000003875;0.00000004132;1427486902533
20250907 000000;0.00000004132;0.00000004333;0.00000004024;0.00000004117;1314174669166
20250908 000000;0.00000004117;0.00000004332;0.00000003916;0.00000004054;1378293344112
20250909 000000;0.00000004054;0.000000049;0.00000003845;0.00000004458;1413193160045
20250910 000000;0.00000004458;0.00000004979;0.000000042;0.00000004201;1173873633107
20250911 000000;0.00000004201;0.00000004296;0.00000004059;0.0000000422;1330294451835
20250912 000000;0.0000000422;0.00000004622;0.000000042;0.00000004523;1216085309117
20250913 000000;0.00000004523;0.00000004841;0.00000004493;0.0000000458;1189351082570
20250914 000000;0.0000000458;0.00000004649;0.00000004305;0.00000004399;1239191278254
20250915 000000;0.00000004399;0.00000004402;0.00000003925;0.00000003961;1356314446490
20250916 000000;0.00000003961;0.00000004222;0.0000000374;0.00000003793;1391424597145
20250917 000000;0.00000003793;0.00000003929;0.00000003544;0.00000003816;1516869910663
20250918 000000;0.00000003816;0.0000000454;0.00000002772;0.00000004094;1713231985640
20250919 000000;0.00000004094;0.00000004239;0.00000003945;0.00000004155;1335484984138
20250920 000000;0.00000004155;0.00000004156;0.0000000377;0.00000003774;1355445474796
20250921 000000;0.00000003774;0.00000003775;0.0000000331;0.00000003555;1641545326752
20250922 000000;0.00000003555;0.00000003556;0.000000031;0.00000003374;1689725462741
20250923 000000;0.00000003374;0.00000003636;0.00000003337;0.00000003365;1580845557296
20250924 000000;0.00000003365;0.00000003548;0.00000002547;0.00000003306;2317468789954
20250925 000000;0.00000003306;0.00000003549;0.00000003135;0.00000003276;1738859324422
20250926 000000;0.00000003276;0.00000003421;0.00000003159;0.0000000342;1732628732215
20250927 000000;0.0000000342;0.00000003421;0.00000003272;0.00000003355;1612148176463
20250928 000000;0.00000003355;0.00000003662;0.0000000333;0.00000003518;1616481037253
20250929 000000;0.00000003518;0.00000003689;0.0000000336;0.00000003561;1490124393993
20250930 000000;0.00000003561;0.00000003707;0.00000003349;0.00000003536;1549025368734
20251001 000000;0.00000003536;0.0000000395;0.00000003534;0.00000003799;1485079545766
20251002 000000;0.00000003799;0.00000004038;0.00000003626;0.00000003747;1561128737630
20251003 000000;0.00000003747;0.00000004148;0.00000003576;0.00000003919;1477652384202
20251004 000000;0.00000003919;0.00000004265;0.0000000375;0.00000004042;1429907511760
20251005 000000;0.00000004042;0.00000004499;0.0000000395;0.0000000399;1354167957968
20251006 000000;0.0000000399;0.00000004114;0.00000003636;0.00000003946;1363374550138
20251007 000000;0.00000003946;0.0000000449;0.00000003404;0.00000003793;1588251339364
20251008 000000;0.00000003793;0.00000004083;0.00000003793;0.00000003963;1495747970365
20251009 000000;0.00000003963;0.00000003996;0.00000003601;0.00000003758;1489899797979
20251010 000000;0.00000003758;0.00000003898;0.00000003174;0.00000003295;1527224686257
20251011 000000;0.00000003295;0.000000034;0.00000002968;0.00000003088;1738944776745
20251012 000000;0.00000003088;0.00000003266;0.00000002855;0.00000003249;1768931239572
20251013 000000;0.00000003249;0.00000003706;0.00000003245;0.00000003403;1611093365915
20251014 000000;0.00000003403;0.00000003536;0.00000002975;0.00000003168;1726466565908
20251015 000000;0.00000003168;0.00000003215;0.00000002976;0.00000003096;1841376351065
20251016 000000;0.00000003096;0.00000003148;0.000000029;0.00000002961;1747461069189
20251017 000000;0.00000002961;0.00000003051;0.00000002821;0.0000000294;1890514356904
20251018 000000;0.0000000294;0.00000003108;0.00000002707;0.00000003106;2035923099316
20251019 000000;0.00000003106;0.000000036;0.00000002952;0.00000003401;1749326328817
20251020 000000;0.00000003401;0.00000003939;0.00000002901;0.00000003929;1681407951855
20251021 000000;0.00000003929;0.00000003934;0.00000003641;0.0000000376;1479715561700
20251022 000000;0.0000000376;0.00000003957;0.00000003637;0.00000003643;1483147289606
20251023 000000;0.00000003643;0.00000003872;0.00000002927;0.00000003578;1593564628458
20251024 000000;0.00000003578;0.00000003914;0.00000003535;0.00000003838;1454198017261
20251025 000000;0.00000003838;0.00000003997;0.00000003373;0.00000003994;1421073054026
20251026 000000;0.00000003994;0.00000004238;0.0000000378;0.00000004134;1391218610536
20251027 000000;0.00000004134;0.00000004377;0.000000041;0.00000004233;1319862350955
20251028 000000;0.00000004233;0.00000004234;0.000000039;0.00000003952;1416057093215
20251029 000000;0.00000003952;0.00000005489;0.00000003887;0.00000004066;1576616426562
20251030 000000;0.00000004066;0.00000004093;0.00000003781;0.00000003853;1412793109535
20251031 000000;0.00000003853;0.00000003949;0.00000003627;0.00000003832;1460039577078
20251101 000000;0.00000003832;0.00000003885;0.00000003195;0.00000003495;1574931346630
20251102 000000;0.00000003495;0.00000003534;0.00000002812;0.0000000305;1852678671602
20251103 000000;0.0000000305;0.0000000305;0.00000002796;0.00000002977;1956426564850
20251104 000000;0.00000002977;0.00000003147;0.00000002594;0.00000002673;2016641632048
20251105 000000;0.00000002673;0.00000003254;0.00000002635;0.00000002903;1926411516290
20251106 000000;0.00000002903;0.00000002904;0.00000002713;0.00000002734;1892814682821
20251107 000000;0.00000002734;0.00000003025;0.00000002732;0.0000000281;1965053692969
20251108 000000;0.0000000281;0.00000002974;0.00000002501;0.00000002653;2057928947473
20251109 000000;0.00000002653;0.0000000281;0.00000002607;0.00000002758;2060915026418
20251110 000000;0.00000002758;0.00000002969;0.00000002741;0.00000002898;1930115192568
20251111 000000;0.00000002898;0.00000002951;0.00000002604;0.00000002659;1927169634434
20251112 000000;0.00000002659;0.00000002959;0.00000002587;0.00000002688;2051786656271
20251113 000000;0.00000002688;0.00000002847;0.00000002423;0.00000002423;2118304329061
20251114 000000;0.00000002423;0.00000002514;0.00000002312;0.00000002399;2542543816279
20251115 000000;0.00000002399;0.00000002492;0.00000002301;0.0000000236;2230588157385
20251116 000000;0.0000000236;0.000000025;0.00000002215;0.00000002258;2273126251687
20251117 000000;0.00000002258;0.0000000242;0.00000002116;0.00000002196;2574099866431
20251118 000000;0.00000002196;0.00000002382;0.00000001862;0.00000002381;2738683613725
20251119 000000;0.00000002381;0.00000002501;0.000000019;0.00000002172;2540187267940
20251120 000000;0.00000002172;0.00000002368;0.000000018;0.00000002124;2808336144848
20251121 000000;0.00000002124;0.00000002124;0.00000001642;0.00000002047;2969888881777
20251122 000000;0.00000002047;0.0000000214;0.00000001801;0.00000002005;2815966649579
20251123 000000;0.00000002005;0.00000002207;0.00000001848;0.00000002196;2785961931646
20251124 000000;0.00000002196;0.0000000239;0.00000002086;0.00000002171;2507561701072
20251125 000000;0.00000002171;0.00000002263;0.00000002092;0.00000002233;2625299861681
20251126 000000;0.00000002233;0.00000002408;0.00000002156;0.00000002325;2385365267425
20251127 000000;0.00000002325;0.00000002508;0.00000002184;0.00000002335;2333130574061
20251128 000000;0.00000002335;0.00000002357;0.00000001962;0.00000002168;2463045610847
20251129 000000;0.00000002168;0.00000002172;0.00000001979;0.0000000206;2679019108129
20251130 000000;0.0000000206;0.00000002226;0.00000002041;0.00000002129;2563241074756
20251201 000000;0.00000002129;0.0000000214;0.00000001912;0.00000002107;2734291386909
20251202 000000;0.00000002107;0.00000002121;0.00000001801;0.00000001806;2834651668277
20251203 000000;0.00000001806;0.00000002022;0.00000001801;0.00000001874;2855938745398
20251204 000000;0.00000001874;0.00000002;0.00000001801;0.00000001953;2932344972422
20251205 000000;0.00000001953;0.00000002015;0.00000001892;0.00000001911;2878562205101
20251206 000000;0.00000001911;0.00000001913;0.00000001627;0.00000001666;3020052027034
20251207 000000;0.00000001666;0.0000000188;0.00000001661;0.00000001868;3165986410853
20251208 000000;0.00000001868;0.0000000235;0.00000001702;0.0000000189;2743100138155
20251209 000000;0.0000000189;0.00000002195;0.0000000181;0.00000002056;2746050620709
20251210 000000;0.00000002056;0.00000002117;0.00000001718;0.00000001887;2670088595041
20251211 000000;0.00000001887;0.00000002101;0.00000001834;0.00000002099;2829603635634
20251212 000000;0.00000002099;0.00000002101;0.00000001777;0.00000001956;2776395606172
20251213 000000;0.00000001956;0.00000002021;0.00000001855;0.00000001884;2879585336240
20251214 000000;0.00000001884;0.0000000216;0.00000001848;0.00000002067;2826528844292
20251215 000000;0.00000002067;0.0000000227;0.00000001867;0.00000001912;2795792679843
20251216 000000;0.00000001912;0.00000001962;0.00000001866;0.00000001899;2843675686038
20251217 000000;0.00000001899;0.00000001979;0.00000001795;0.00000001899;2886601723091
20251218 000000;0.00000001899;0.000000021;0.00000001774;0.00000001886;2862282186704
20251219 000000;0.00000001886;0.00000001995;0.00000001844;0.00000001906;2850872047967
20251220 000000;0.00000001906;0.00000002111;0.00000001858;0.00000001899;2795095551400
20251221 000000;0.00000001899;0.00000001995;0.00000001787;0.00000001991;2892284938285
20251222 000000;0.00000001991;0.00000002656;0.000000019;0.00000002121;2777403486692
20251223 000000;0.00000002121;0.0000000225;0.00000001958;0.0000000209;2603990791370
20251224 000000;0.0000000209;0.00000002159;0.00000001819;0.00000001865;2824635430421
20251225 000000;0.00000001865;0.00000001954;0.00000001846;0.00000001917;3035516715754
20251226 000000;0.00000001917;0.000000022;0.00000001874;0.00000001968;2775712464870
20251227 000000;0.00000001968;0.000000022;0.00000001958;0.00000001999;2700955468773
20251228 000000;0.00000001999;0.00000002119;0.00000001899;0.00000001929;2990955739382
20251229 000000;0.00000001929;0.000000021;0.00000001859;0.00000001864;2723765843023
20251230 000000;0.00000001864;0.00000001994;0.00000001846;0.00000001889;3009911536073
20251231 000000;0.00000001889;0.00000001891;0.0000000155;0.00000001772;3030194218291
