20260101 000000;0.004528;0.004555;0.004511;0.004538;30547663.01
20260102 000000;0.004538;0.004555;0.004525;0.004535;30305592.25
20260103 000000;0.004535;0.004687;0.004533;0.004681;30254608.82
20260104 000000;0.004681;0.004691;0.004655;0.004683;32169939.46
20260105 000000;0.004683;0.00469;0.004665;0.004685;32265799.2
20260106 000000;0.004685;0.00469;0.004633;0.004637;31139893.2
20260107 000000;0.004637;0.004744;0.004635;0.004731;33175751.05
20260108 000000;0.004731;0.004743;0.004692;0.004698;30327775.7
20260109 000000;0.004698;0.004723;0.004594;0.004702;32670583.28
20260110 000000;0.004702;0.004724;0.004675;0.004715;33665380.35
20260111 000000;0.004715;0.004724;0.004698;0.00472;32300136.29
20260112 000000;0.00472;0.004724;0.0047;0.004704;29619311.58
20260113 000000;0.004704;0.004724;0.004684;0.004712;32002860.39
20260114 000000;0.004712;0.004724;0.004705;0.004721;33768834.84
20260115 000000;0.004721;0.004724;0.004706;0.004718;33991621.28
20260116 000000;0.004718;0.004723;0.004713;0.004721;26379204.5
20260117 000000;0.004721;0.004849;0.004714;0.00483;29141199.69
20260118 000000;0.00483;0.004848;0.00477;0.004796;23148154.64
20260119 000000;0.004796;0.004803;0.004672;0.004713;23828659.86
20260120 000000;0.004713;0.004736;0.004484;0.004501;14576165.99
20260121 000000;0.004501;0.004542;0.004432;0.004532;8794240.02
20260122 000000;0.004532;0.004668;0.004505;0.004617;10085123.38
20260123 000000;0.004617;0.004705;0.004415;0.004496;8838179.29
20260124 000000;0.004496;0.004514;0.00444;0.004478;8556084.96
20260125 000000;0.004478;0.004524;0.004454;0.004462;8340799.09
20260126 000000;0.004462;0.004501;0.004458;0.004489;9277391.94
20260127 000000;0.004489;0.004495;0.004438;0.004462;8700534.63
20260128 000000;0.004462;0.004471;0.004404;0.004469;8862005.86
20260129 000000;0.004469;0.004474;0.004387;0.004457;9572694.69
20260130 000000;0.004457;0.00447;0.004365;0.004445;9103313.69
20260131 000000;0.004445;0.004452;0.004293;0.00431;9346948.07
20260201 000000;0.00431;0.00434;0.004286;0.004299;8981060.95
20260202 000000;0.004299;0.00431;0.004252;0.004274;9661484.19
20260203 000000;0.004274;0.004327;0.004247;0.004324;9321303.32
20260204 000000;0.004324;0.004338;0.004259;0.004271;9462113.72
20260205 000000;0.004271;0.004289;0.004069;0.004084;9256921.51
20260206 000000;0.004084;0.004128;0.00404;0.004113;16644555.56
20260207 000000;0.004113;0.004169;0.004113;0.004163;32792538
20260208 000000;0.004163;0.00417;0.004146;0.004159;34161033.7
20260209 000000;0.004159;0.004197;0.00415;0.004193;32327052.86
20260210 000000;0.004193;0.004215;0.004139;0.004176;31165867.76
20260211 000000;0.004176;0.004182;0.004096;0.004148;34056677.85
20260212 000000;0.004148;0.004191;0.00413;0.004189;30247975.3
20260213 000000;0.004189;0.004208;0.004139;0.004182;27461678.33
20260214 000000;0.004182;0.00421;0.004173;0.004206;30399215.58
20260215 000000;0.004206;0.00421;0.00418;0.004189;33902470.75
20260216 000000;0.004189;0.004259;0.004167;0.004259;28108963.51
20260217 000000;0.004259;0.004271;0.004182;0.004222;23750252.71
20260218 000000;0.004222;0.004237;0.00416;0.004173;22480541.39
20260219 000000;0.004173;0.004268;0.004166;0.004256;27389344.03
20260220 000000;0.004256;0.004298;0.004228;0.004268;22598826.66
20260221 000000;0.004268;0.004337;0.004256;0.004323;23928019.81
20260222 000000;0.004323;0.004358;0.004301;0.004353;20339469.09
20260223 000000;0.004353;0.004355;0.004199;0.004233;20970730.49
20260224 000000;0.004233;0.004253;0.004192;0.004249;31072502.46
20260225 000000;0.004249;0.004308;0.004245;0.00427;21233116.07
20260226 000000;0.00427;0.004307;0.004262;0.004281;23374421.56
20260227 000000;0.004281;0.004284;0.004216;0.004235;18151032.86
20260228 000000;0.004235;0.004249;0.004167;0.004214;20065473.36
20260301 000000;0.004214;0.00424;0.004183;0.004189;20934908.72
20260302 000000;0.004189;0.004232;0.004188;0.004221;14303448.39
20260303 000000;0.004221;0.004237;0.004182;0.004188;13377261.57
20260304 000000;0.004188;0.004306;0.004169;0.004306;14078647.17
20260305 000000;0.004306;0.004307;0.00422;0.004253;13737374.46
20260306 000000;0.004253;0.004291;0.004246;0.004253;11248470.44
20260307 000000;0.004253;0.004356;0.00423;0.004282;13946738.09
20260308 000000;0.004282;0.004327;0.004269;0.004323;13284799.28
20260309 000000;0.004323;0.004351;0.004249;0.004275;11056502.92
20260310 000000;0.004275;0.004285;0.004236;0.004265;11724707.17
20260311 000000;0.004265;0.004356;0.004256;0.004345;9798941.68
20260312 000000;0.004345;0.004361;0.00431;0.004323;8370999.74
20260313 000000;0.004323;0.004385;0.00431;0.004385;10717212.13
20260314 000000;0.004385;0.004486;0.004378;0.004406;9796677.28
20260315 000000;0.004406;0.004466;0.004404;0.004463;9658132.43
20260316 000000;0.004463;0.004476;0.004432;0.004439;9187595.54
20260317 000000;0.004439;0.004591;0.004431;0.004581;11611727.9
20260318 000000;0.004581;0.004622;0.004476;0.004483;11445018.3
20260319 000000;0.004483;0.004483;0.004224;0.004368;7097606.79
20260320 000000;0.004368;0.00446;0.004339;0.00446;3160217.59
20260321 000000;0.00446;0.004485;0.004436;0.004463;2999884.56
20260322 000000;0.004463;0.004605;0.004438;0.004499;2332948.77
20260323 000000;0.004499;0.004548;0.004347;0.00445;2473731.78
20260324 000000;0.00445;0.004548;0.004416;0.004436;3316915.98
20260325 000000;0.004436;0.004576;0.004417;0.004545;3120200.06
20260326 000000;0.004545;0.004569;0.004464;0.004502;3634214.3
20260327 000000;0.004502;0.004583;0.004449;0.00449;3370045.88
20260328 000000;0.00449;0.0046;0.004482;0.004576;2485819.49
20260329 000000;0.004576;0.004697;0.00452;0.004661;3044299.7
20260330 000000;0.004661;0.004685;0.004573;0.004621;2839532.15
20260331 000000;0.004621;0.004645;0.004493;0.004534;2514257.01
20260401 000000;0.004534;0.004575;0.004526;0.004565;2262168.8
20260402 000000;0.004565;0.004574;0.004529;0.004555;1987694.95
20260403 000000;0.004555;0.00456;0.004503;0.004557;2396968.97
20260404 000000;0.004557;0.0046;0.004547;0.004584;3170721.56
20260405 000000;0.004584;0.004623;0.004565;0.004613;3155645.75
20260406 000000;0.004613;0.004624;0.00456;0.004561;3126137.16
20260407 000000;0.004561;0.004587;0.00453;0.004551;3085215.03
20260408 000000;0.004551;0.004599;0.004539;0.004581;2806132.11
20260409 000000;0.004581;0.004624;0.004566;0.004613;3443345.48
20260410 000000;0.004613;0.004631;0.004572;0.004602;4124544.18
20260411 000000;0.004602;0.004608;0.004554;0.004595;5020448.1
20260412 000000;0.004595;0.004645;0.004588;0.004604;5719886.18
20260413 000000;0.004604;0.004623;0.004575;0.004598;5829367.7
20260414 000000;0.004598;0.004641;0.004588;0.004637;5779083.66
20260415 000000;0.004637;0.0047;0.004617;0.004687;5801471.57
20260416 000000;0.004687;0.004688;0.004651;0.004686;5646192.93
20260417 000000;0.004686;0.004694;0.004635;0.004691;5223918.92
20260418 000000;0.004691;0.004745;0.004666;0.004711;4715207.38
20260419 000000;0.004711;0.004812;0.004662;0.004715;5236644.49
20260420 000000;0.004715;0.004773;0.004697;0.004721;4996749.77
20260421 000000;0.004721;0.004795;0.004699;0.004791;5267103.74
20260422 000000;0.004791;0.004796;0.004693;0.004716;4986330.8
20260423 000000;0.004716;0.004726;0.004689;0.004711;5314556.99
20260424 000000;0.004711;0.004719;0.004608;0.004655;5547687.48
20260425 000000;0.004655;0.004657;0.004616;0.004636;5292065.77
20260426 000000;0.004636;0.004647;0.004579;0.004624;5991356.78
20260427 000000;0.004624;0.004674;0.00458;0.004643;5611553.34
20260428 000000;0.004643;0.004648;0.004585;0.004604;5668277.23
20260429 000000;0.004604;0.00462;0.004584;0.004601;5281827.92
20260430 000000;0.004601;0.004653;0.004599;0.004641;5737282.37
20260501 000000;0.004641;0.004647;0.004631;0.00464;5797347.28
20260502 000000;0.00464;0.004744;0.004629;0.004702;5296770.16
20260503 000000;0.004702;0.004875;0.004691;0.004826;5225596.89
20260504 000000;0.004826;0.00484;0.00481;0.00484;5241093.05
20260505 000000;0.00484;0.0049;0.004812;0.004891;5083460.61
20260506 000000;0.004891;0.004965;0.004866;0.00493;4862884.91
20260507 000000;0.00493;0.004967;0.004878;0.004961;5044677.91
20260508 000000;0.004961;0.004997;0.004917;0.004993;4866567.07
20260509 000000;0.004993;0.00501;0.004975;0.004987;4710890.83
20260510 000000;0.004987;0.005005;0.004962;0.00499;4886987.73
20260511 000000;0.00499;0.005021;0.004971;0.004993;4776609.21
20260512 000000;0.004993;0.005005;0.004936;0.004991;6563260.4
20260513 000000;0.004991;0.005018;0.00494;0.004942;7023599.88
20260514 000000;0.004942;0.005021;0.004913;0.004954;7159514.91
20260515 000000;0.004954;0.00496;0.004899;0.004929;7301641.41
20260516 000000;0.004929;0.004969;0.00488;0.004966;7094875.64
20260517 000000;0.004966;0.004999;0.00492;0.004947;6984381.11
20260518 000000;0.004947;0.005008;0.004938;0.004973;7134704.82
20260519 000000;0.004973;0.005007;0.004937;0.004979;7132482.94
20260520 000000;0.004979;0.005038;0.00495;0.00502;6192347.77
20260521 000000;0.00502;0.005102;0.005012;0.005101;6330714.88
20260522 000000;0.005101;0.005118;0.005003;0.005052;7010302.03
20260523 000000;0.005052;0.005072;0.004991;0.005064;6681102.1
20260524 000000;0.005064;0.005135;0.005034;0.005105;6988580.29
20260525 000000;0.005105;0.005268;0.005066;0.005192;7129120.76
20260526 000000;0.005192;0.005256;0.005168;0.005241;7123736.87
20260527 000000;0.005241;0.005241;0.005033;0.005113;7700779.86
20260528 000000;0.005113;0.005116;0.004676;0.004901;8476321.18
20260529 000000;0.004901;0.004901;0.004725;0.004783;8897301.22
20260530 000000;0.004783;0.004851;0.004734;0.004822;8514140.19
20260531 000000;0.004822;0.004864;0.004786;0.004863;8451202.23
20260601 000000;0.004863;0.004881;0.004758;0.00476;8259281.85
20260602 000000;0.00476;0.004768;0.004603;0.004611;8597177.01
20260603 000000;0.004611;0.004645;0.004562;0.004618;9092995.38
20260604 000000;0.004618;0.004633;0.004525;0.004602;9220448.11
20260605 000000;0.004602;0.004608;0.004429;0.004439;9469133.56
20260606 000000;0.004439;0.004493;0.004414;0.004493;9054773.96
20260607 000000;0.004493;0.004571;0.004451;0.004532;8819457.04
20260608 000000;0.004532;0.004551;0.004496;0.00453;8626442.77
20260609 000000;0.00453;0.004533;0.004404;0.004468;9064154.27
20260610 000000;0.004468;0.004472;0.004385;0.004423;8972643.06
20260611 000000;0.004423;0.004463;0.004311;0.004374;9425787.12
20260612 000000;0.004374;0.004378;0.004316;0.004365;9616092.03
20260613 000000;0.004365;0.004401;0.004333;0.004386;9609124.69
20260614 000000;0.004386;0.004426;0.004363;0.004425;9440779.58
20260615 000000;0.004425;0.00445;0.004348;0.004362;9117317.59
20260616 000000;0.004362;0.004364;0.004316;0.00432;7091049.86
20260617 000000;0.00432;0.004392;0.004259;0.004386;6975709.77
20260618 000000;0.004386;0.004393;0.004271;0.004307;7026480.36
20260619 000000;0.004307;0.004349;0.004289;0.004343;5880664.17
20260620 000000;0.004343;0.004389;0.004326;0.004381;4599216.51
