20230622 000000;0.6309;0.6533;0.5928;0.5962;31957.02
20230623 000000;0.5962;0.6068;0.5809;0.6031;32686.28
20230624 000000;0.6031;0.6108;0.58;0.589;34470.36
20230625 000000;0.589;0.6023;0.5813;0.5854;29237.56
20230626 000000;0.5854;1.0425;0.58;0.5957;79244.48
20230627 000000;0.5957;0.611;0.5836;0.593;43926.88
20230628 000000;0.593;0.612;0.5621;0.5904;42473.08
20230629 000000;0.5904;0.6004;0.5809;0.5878;32335.71
20230630 000000;0.5878;0.8428;0.583;0.6014;49318.27
20230701 000000;0.6014;0.6568;0.5866;0.6297;46587.97
20230702 000000;0.6297;0.6391;0.6124;0.614;31349.74
20230703 000000;0.614;0.6323;0.6124;0.6276;29771.47
20230704 000000;0.6276;0.632;0.62;0.6212;32717.6
20230705 000000;0.6212;0.6235;0.6;0.6084;30719.39
20230706 000000;0.6084;0.614;0.603;0.6127;29897.01
20230707 000000;0.6127;0.6386;0.5979;0.6139;30168.93
20230708 000000;0.6139;0.8033;0.6094;0.6923;66339.42
20230709 000000;0.6923;0.8258;0.6731;0.6919;73608.11
20230710 000000;0.6919;0.7581;0.6692;0.674;40078.42
20230711 000000;0.674;0.6921;0.6432;0.6491;26920.22
20230712 000000;0.6491;0.68;0.6402;0.6548;32651.47
20230713 000000;0.6548;0.6638;0.6372;0.65;28807.93
20230714 000000;0.65;0.6702;0.6369;0.644;26718.18
20230715 000000;0.644;0.6679;0.6376;0.6524;29305.89
20230716 000000;0.6524;0.654;0.6343;0.6431;25625.5
20230717 000000;0.6431;0.6455;0.6255;0.6296;26033.72
20230718 000000;0.6296;0.649;0.6074;0.6265;30817.65
20230719 000000;0.6265;0.6506;0.6134;0.6266;36978.98
20230720 000000;0.6266;0.6347;0.6227;0.6309;26355.96
20230721 000000;0.6309;0.6472;0.6275;0.6433;25988.22
20230722 000000;0.6433;0.6636;0.6322;0.6555;26149.16
20230723 000000;0.6555;0.7034;0.64;0.6553;30603.46
20230724 000000;0.6553;0.7234;0.6407;0.6696;88599.82
20230725 000000;0.6696;1.1614;0.6622;0.7371;70237.56
20230726 000000;0.7371;0.7803;0.6835;0.7044;33728.86
20230727 000000;0.7044;0.7561;0.6904;0.7172;26477.21
20230728 000000;0.7172;0.8345;0.7;0.7739;70718.44
20230729 000000;0.7739;0.8348;0.7574;0.7638;25622.42
20230730 000000;0.7638;0.8045;0.7381;0.7643;26475.4
20230731 000000;0.7643;0.8105;0.7489;0.7708;25204.13
20230801 000000;0.7708;0.7883;0.7475;0.7546;23728.78
20230802 000000;0.7546;0.7776;0.7392;0.7611;23534.64
20230803 000000;0.7611;0.8515;0.7532;0.8153;34003.67
20230804 000000;0.8153;0.8296;0.792;0.7978;22939.03
20230805 000000;0.7978;0.8071;0.7663;0.7754;22653.19
20230806 000000;0.7754;0.8;0.7651;0.7903;24139.4
20230807 000000;0.7903;0.8045;0.7659;0.7789;23714.26
20230808 000000;0.7789;1.0741;0.7709;0.8246;38239.34
20230809 000000;0.8246;0.8519;0.7958;0.8122;24917.88
20230810 000000;0.8122;0.8497;0.8053;0.8262;25463.1
20230811 000000;0.8262;0.9292;0.8137;0.8986;27388.62
20230812 000000;0.8986;0.9999;0.855;0.922;45773.84
20230813 000000;0.922;0.9321;0.8515;0.8803;23840.46
20230814 000000;0.8803;0.9127;0.8603;0.8794;22029.27
20230815 000000;0.8794;0.9374;0.8627;0.8701;21986.02
20230816 000000;0.8701;0.9079;0.8568;0.8712;19965.22
20230817 000000;0.8712;0.9302;0.8451;0.8556;27406.44
20230818 000000;0.8556;0.8948;0.8309;0.8517;21853.23
20230819 000000;0.8517;0.8751;0.8438;0.8683;21134.36
20230820 000000;0.8683;0.8859;0.8514;0.8731;20836.45
20230821 000000;0.8731;0.8836;0.8252;0.8382;20901.1
20230822 000000;0.8382;0.8909;0.8176;0.8523;25388.39
20230823 000000;0.8523;0.8882;0.8337;0.8461;22235.21
20230824 000000;0.8461;0.9001;0.8421;0.8712;22886.27
20230825 000000;0.8712;0.8788;0.8487;0.8548;20109.4
20230826 000000;0.8548;0.8846;0.8532;0.855;16642.4
20230827 000000;0.855;0.993;0.855;0.9087;25448.17
20230828 000000;0.9087;0.9432;0.8826;0.9112;26488.48
20230829 000000;0.9112;0.9125;0.86;0.894;23266.59
20230830 000000;0.894;0.919;0.8793;0.8898;19802.91
20230831 000000;0.8898;0.9007;0.8503;0.8576;19528.84
20230901 000000;0.8576;0.8637;0.8352;0.8396;20456.06
20230902 000000;0.8396;0.8638;0.8339;0.853;20391.16
20230903 000000;0.853;0.8753;0.8433;0.8484;20823.36
20230904 000000;0.8484;0.8886;0.846;0.8667;20219.4
20230905 000000;0.8667;0.8694;0.8504;0.8586;19549.5
20230906 000000;0.8586;0.8652;0.8026;0.8214;27925.63
20230907 000000;0.8214;0.8425;0.8122;0.8197;21761.88
20230908 000000;0.8197;0.8375;0.8005;0.811;26245.37
20230909 000000;0.811;0.8224;0.7839;0.8;22520.36
20230910 000000;0.8;0.8122;0.758;0.7695;26027.83
20230911 000000;0.7695;0.8246;0.732;0.7337;32069.47
20230912 000000;0.7337;0.7561;0.7281;0.7346;23524.47
20230913 000000;0.7346;0.7492;0.7284;0.7398;23043.29
20230914 000000;0.7398;0.7575;0.7281;0.7341;22617.03
20230915 000000;0.7341;0.7522;0.73;0.7363;22336.49
20230916 000000;0.7363;0.749;0.7291;0.7348;23225.89
20230917 000000;0.7348;0.7522;0.7281;0.7299;24697.02
20230918 000000;0.7299;0.7423;0.7017;0.7212;25899.84
20230919 000000;0.7212;0.7411;0.7087;0.7279;24212.56
20230920 000000;0.7279;0.729;0.7149;0.7216;23747.14
20230921 000000;0.7216;0.7293;0.6941;0.7122;24949.77
20230922 000000;0.7122;0.7262;0.6926;0.7152;34529.92
20230923 000000;0.7152;0.7269;0.7036;0.7237;37709.12
20230924 000000;0.7237;0.7265;0.7027;0.7123;37281.65
20230925 000000;0.7123;0.7197;0.6963;0.6989;38371.43
20230926 000000;0.6989;0.7071;0.675;0.6981;39544.22
20230927 000000;0.6981;0.7042;0.6799;0.6825;38124.78
20230928 000000;0.6825;0.7071;0.6766;0.699;38278.87
20230929 000000;0.699;0.7114;0.6894;0.691;37708.39
20230930 000000;0.691;0.7111;0.6813;0.6841;39223.75
20231001 000000;0.6841;0.6994;0.6796;0.6885;38297.01
20231002 000000;0.6885;0.7207;0.6819;0.6908;79913.4
20231003 000000;0.6908;0.8499;0.6726;0.7025;177227.11
20231004 000000;0.7025;0.7777;0.6846;0.6928;43508.21
20231005 000000;0.6928;0.7216;0.6894;0.6917;38722.96
20231006 000000;0.6917;0.7062;0.6881;0.6991;38815.78
20231007 000000;0.6991;0.8241;0.6901;0.7351;46922.42
20231008 000000;0.7351;0.7819;0.71;0.7579;68863.89
20231009 000000;0.7579;0.8196;0.7252;0.729;47893.15
20231010 000000;0.729;0.7734;0.7255;0.7301;42913.72
20231011 000000;0.7301;0.7653;0.7261;0.7413;40650.52
20231012 000000;0.7413;0.7516;0.7032;0.7145;41079.45
20231013 000000;0.7145;0.7246;0.7033;0.7042;37899.62
20231014 000000;0.7042;0.7263;0.7001;0.7092;38815.07
20231015 000000;0.7092;0.7136;0.6938;0.6992;38099.78
20231016 000000;0.6992;0.8999;0.6838;0.6904;54739.01
20231017 000000;0.6904;0.7116;0.6855;0.6948;38704.62
20231018 000000;0.6948;0.7275;0.6894;0.7124;41007.73
20231019 000000;0.7124;0.7158;0.6951;0.7017;37871.7
20231020 000000;0.7017;0.7095;0.6902;0.7055;57678.56
20231021 000000;0.7055;0.7086;0.689;0.6933;68068.9
20231022 000000;0.6933;0.7083;0.6885;0.6956;56775.7
20231023 000000;0.6956;0.7365;0.6934;0.7001;43805.13
20231024 000000;0.7001;0.7385;0.6951;0.7033;58482.31
20231025 000000;0.7033;0.7241;0.6959;0.7052;56844.02
20231026 000000;0.7052;0.7154;0.6753;0.7061;47475.73
20231027 000000;0.7061;0.7631;0.7016;0.7168;71329.97
20231028 000000;0.7168;0.95;0.7136;0.8313;110733.89
20231029 000000;0.8313;0.8764;0.7593;0.776;38278.21
20231030 000000;0.776;0.8063;0.759;0.767;34536.67
20231031 000000;0.767;0.7884;0.7484;0.7715;36500.9
20231101 000000;0.7715;0.7942;0.7298;0.7689;34724.33
20231102 000000;0.7689;0.7885;0.747;0.7651;35938.31
20231103 000000;0.7651;0.8049;0.7441;0.7746;35999.58
20231104 000000;0.7746;0.7929;0.7681;0.7855;34893.99
20231105 000000;0.7855;0.8018;0.7607;0.7864;36643.38
20231106 000000;0.7864;0.8201;0.7576;0.7927;35829.47
20231107 000000;0.7927;0.8014;0.7775;0.7871;33588.22
20231108 000000;0.7871;0.816;0.7813;0.7941;33564.02
20231109 000000;0.7941;0.8199;0.7734;0.8049;33852.72
20231110 000000;0.8049;0.8149;0.7822;0.7981;32853.91
20231111 000000;0.7981;0.8205;0.7844;0.8146;32914.07
20231112 000000;0.8146;0.883;0.7934;0.8493;36217.53
20231113 000000;0.8493;0.8673;0.8174;0.8266;31571.09
20231114 000000;0.8266;0.8383;0.7962;0.8179;32559.59
20231115 000000;0.8179;0.8606;0.813;0.8315;34711.06
20231116 000000;0.8315;0.8753;0.7954;0.8154;40585.9
20231117 000000;0.8154;0.8258;0.7904;0.8026;33113.24
20231118 000000;0.8026;0.8098;0.7725;0.7778;33903.72
20231119 000000;0.7778;0.8062;0.772;0.7892;35753.87
20231120 000000;0.7892;0.8358;0.7885;0.8139;43249.81
20231121 000000;0.8139;0.8254;0.7765;0.7772;35617.77
20231122 000000;0.7772;0.7905;0.7577;0.7809;36133.27
20231123 000000;0.7809;0.8066;0.78;0.789;37320.32
20231124 000000;0.789;0.7915;0.7634;0.7815;41546.42
20231125 000000;0.7815;0.7931;0.7776;0.7906;33916.3
20231126 000000;0.7906;0.7965;0.7524;0.7717;34501.42
20231127 000000;0.7717;0.7771;0.76;0.7636;34919.26
20231128 000000;0.7636;0.7797;0.7602;0.7723;35902.3
20231129 000000;0.7723;0.782;0.7655;0.7716;36459.22
20231130 000000;0.7716;0.8298;0.7614;0.7856;44525.4
20231201 000000;0.7856;0.7909;0.7712;0.7762;34842.37
20231202 000000;0.7762;0.8111;0.7711;0.7835;37226.15
20231203 000000;0.7835;0.8051;0.7722;0.7814;33969.67
20231204 000000;0.7814;0.8049;0.7669;0.774;36231.05
20231205 000000;0.774;0.8038;0.7516;0.7993;37088.06
20231206 000000;0.7993;0.8117;0.7537;0.7884;34918.03
20231207 000000;0.7884;0.8073;0.7731;0.7886;37452.42
20231208 000000;0.7886;0.8076;0.7627;0.7865;35619.58
20231209 000000;0.7865;0.8577;0.7815;0.8178;36455.76
20231210 000000;0.8178;0.8403;0.7924;0.8062;32859.27
20231211 000000;0.8062;0.8676;0.7582;0.8083;39353.05
20231212 000000;0.8083;0.8443;0.7808;0.804;43417.19
20231213 000000;0.804;0.8234;0.7881;0.8105;34215.62
20231214 000000;0.8105;0.8281;0.7929;0.8091;33091.35
20231215 000000;0.8091;0.8636;0.7986;0.823;35368.03
20231216 000000;0.823;0.871;0.8079;0.8343;33732.29
20231217 000000;0.8343;0.9988;0.8228;0.858;45625.22
20231218 000000;0.858;0.8789;0.8279;0.8422;31275.03
20231219 000000;0.8422;0.883;0.8422;0.8549;32032.85
20231220 000000;0.8549;0.9448;0.8525;0.8823;38145.89
20231221 000000;0.8823;0.9199;0.8747;0.8937;31515.23
20231222 000000;0.8937;0.9711;0.8836;0.8952;55534.8
20231223 000000;0.8952;0.9359;0.8887;0.9195;29980.87
20231224 000000;0.9195;0.9397;0.8893;0.9045;30521.9
20231225 000000;0.9045;1.0164;0.8896;0.9653;49570.87
20231226 000000;0.9653;1.0165;0.9316;0.9778;51775.45
20231227 000000;0.9778;1.1501;0.9666;1.0961;40347.55
20231228 000000;1.0961;1.1448;0.9801;0.9843;44654.69
20231229 000000;0.9843;1.114;0.9801;1.0779;34193.73
20231230 000000;1.0779;1.1279;1.0345;1.0487;29369.36
20231231 000000;1.0487;1.0961;1.0256;1.028;50532.14
