20260101 000000;0.01373;0.01424;0.01371;0.01418;4031513.43
20260102 000000;0.01418;0.01482;0.01412;0.01474;4007439.9
20260103 000000;0.01474;0.01807;0.01474;0.01724;4965772.79
20260104 000000;0.01724;0.0199;0.01684;0.01715;5172491.43
20260105 000000;0.01715;0.01947;0.01714;0.01935;4162085.07
20260106 000000;0.01935;0.0255;0.01839;0.02225;7613651.97
20260107 000000;0.02225;0.02334;0.01933;0.01956;3778846.65
20260108 000000;0.01956;0.02229;0.01932;0.02131;3705872.31
20260109 000000;0.02131;0.02228;0.02036;0.02045;3238225.95
20260110 000000;0.02045;0.02053;0.0188;0.01882;3021384.76
20260111 000000;0.01882;0.01986;0.01874;0.01923;3413403.94
20260112 000000;0.01923;0.01948;0.01863;0.01871;3522718.46
20260113 000000;0.01871;0.0195;0.01818;0.01942;3083627.64
20260114 000000;0.01942;0.01967;0.01863;0.01864;3389030.79
20260115 000000;0.01864;0.01866;0.01764;0.01765;3395029.91
20260116 000000;0.01765;0.0184;0.01758;0.0181;3264092.91
20260117 000000;0.0181;0.01842;0.01783;0.01804;3265970
20260118 000000;0.01804;0.01938;0.01776;0.01779;3388696.18
20260119 000000;0.01779;0.01779;0.01647;0.01698;4513460.89
20260120 000000;0.01698;0.01736;0.01638;0.01644;3834387.43
20260121 000000;0.01644;0.01695;0.01557;0.01622;4499618.98
20260122 000000;0.01622;0.01713;0.01557;0.01578;5397475.42
20260123 000000;0.01578;0.01646;0.01566;0.01599;3454787.21
20260124 000000;0.01599;0.01758;0.01594;0.01662;3458148.77
20260125 000000;0.01662;0.01665;0.01466;0.01473;3833582.57
20260126 000000;0.01473;0.0157;0.01464;0.01528;3950940.1
20260127 000000;0.01528;0.01563;0.01479;0.01535;3928488.62
20260128 000000;0.01535;0.01948;0.01495;0.01728;4853228.31
20260129 000000;0.01728;0.01744;0.0152;0.01528;4034526.98
20260130 000000;0.01528;0.01571;0.01432;0.01518;3997594.43
20260131 000000;0.01518;0.01521;0.012;0.01284;4549479.32
20260201 000000;0.01284;0.0135;0.01268;0.01305;4287910.94
20260202 000000;0.01305;0.01318;0.01246;0.01299;4605381.43
20260203 000000;0.01299;0.01362;0.01262;0.01294;4603228.35
20260204 000000;0.01294;0.01317;0.01254;0.01277;3961678.04
20260205 000000;0.01277;0.01281;0.01043;0.01059;5150979.85
20260206 000000;0.01059;0.01272;0.01009;0.01254;5118370.61
20260207 000000;0.01254;0.01292;0.01176;0.01213;4395165.53
20260208 000000;0.01213;0.01254;0.01186;0.0119;4413433.3
20260209 000000;0.0119;0.01212;0.01154;0.01179;4817590.98
20260210 000000;0.01179;0.01181;0.01155;0.01162;4747523.3
20260211 000000;0.01162;0.01169;0.0112;0.01147;4783739.49
20260212 000000;0.01147;0.01224;0.01138;0.01159;4992772.48
20260213 000000;0.01159;0.01271;0.01152;0.01192;4805384.38
20260214 000000;0.01192;0.01269;0.01191;0.01243;4959544.3
20260215 000000;0.01243;0.01273;0.01183;0.01189;4362821.19
20260216 000000;0.01189;0.01195;0.01167;0.0117;4544607.56
20260217 000000;0.0117;0.01176;0.01136;0.0115;4822244.31
20260218 000000;0.0115;0.01193;0.01116;0.01123;5119467.89
20260219 000000;0.01123;0.01151;0.01078;0.01104;4869150.2
20260220 000000;0.01104;0.01193;0.01096;0.01139;5109937.69
20260221 000000;0.01139;0.01166;0.01133;0.01149;4682412.68
20260222 000000;0.01149;0.01234;0.01133;0.01135;5301903.16
20260223 000000;0.01135;0.01143;0.0107;0.01079;5238663.91
20260224 000000;0.01079;0.011;0.01064;0.01073;4941572.72
20260225 000000;0.01073;0.012;0.01072;0.01151;4938137.3
20260226 000000;0.01151;0.0116;0.01105;0.01118;4788071.11
20260227 000000;0.01118;0.0116;0.01092;0.01102;4782127.27
20260228 000000;0.01102;0.01115;0.01046;0.01105;5399941.57
20260301 000000;0.01105;0.01132;0.01084;0.011;4824524.23
20260302 000000;0.011;0.0112;0.01074;0.01095;5044990.72
20260303 000000;0.01095;0.01104;0.01049;0.01085;4968419.4
20260304 000000;0.01085;0.01478;0.0107;0.0133;5663233.96
20260305 000000;0.0133;0.0133;0.01179;0.01182;4893334.03
20260306 000000;0.01182;0.01287;0.01127;0.01178;5324019.21
20260307 000000;0.01178;0.01195;0.01128;0.01128;4746661.52
20260308 000000;0.01128;0.01179;0.01119;0.01138;4910179.37
20260309 000000;0.01138;0.01234;0.0113;0.01163;5029046.33
20260310 000000;0.01163;0.01226;0.01151;0.01153;4945568.4
20260311 000000;0.01153;0.01183;0.01133;0.01159;4703257.69
20260312 000000;0.01159;0.01201;0.01138;0.0116;5226874.23
20260313 000000;0.0116;0.01199;0.01141;0.01155;4642499.83
20260314 000000;0.01155;0.01178;0.01129;0.0115;4910343.87
20260315 000000;0.0115;0.01198;0.01148;0.01181;4663026.11
20260316 000000;0.01181;0.01339;0.0117;0.01273;4865292.67
20260317 000000;0.01273;0.01449;0.01218;0.01402;4841059.66
20260318 000000;0.01402;0.01403;0.0123;0.01237;4589145.3
20260319 000000;0.01237;0.01244;0.01173;0.0122;4889894.05
20260320 000000;0.0122;0.01383;0.01215;0.01266;5507581.66
20260321 000000;0.01266;0.01356;0.01228;0.01244;4803788.96
20260322 000000;0.01244;0.01247;0.01193;0.0121;4240826.94
20260323 000000;0.0121;0.01252;0.01156;0.01201;4800087.47
20260324 000000;0.01201;0.01233;0.0118;0.01208;4813019.46
20260325 000000;0.01208;0.01236;0.01199;0.01232;4492858.48
20260326 000000;0.01232;0.01242;0.01147;0.01164;5055900.75
20260327 000000;0.01164;0.01172;0.0112;0.01124;4898461.06
20260328 000000;0.01124;0.01133;0.01105;0.01115;4990673.72
20260329 000000;0.01115;0.01187;0.01103;0.0111;4995262.28
20260330 000000;0.0111;0.01145;0.01077;0.01085;4660184.44
20260331 000000;0.01085;0.01125;0.01082;0.01094;5089446.16
20260401 000000;0.01094;0.01128;0.01073;0.01076;4952445.49
20260402 000000;0.01076;0.01086;0.0105;0.01071;5115208.5
20260403 000000;0.01071;0.01139;0.01059;0.01061;5189847.83
20260404 000000;0.01061;0.01083;0.01051;0.01064;5205905.1
20260405 000000;0.01064;0.01106;0.01045;0.01072;4821965.43
20260406 000000;0.01072;0.01119;0.01058;0.01065;4909838.84
20260407 000000;0.01065;0.01124;0.0106;0.01121;5478775.11
20260408 000000;0.01121;0.01154;0.01101;0.01104;5002154.79
20260409 000000;0.01104;0.01158;0.0109;0.01141;4671869.01
20260410 000000;0.01141;0.01184;0.01125;0.01149;4761892.52
20260411 000000;0.01149;0.01179;0.01133;0.01135;4779716.08
20260412 000000;0.01135;0.01146;0.01095;0.01098;4991069.04
20260413 000000;0.01098;0.0115;0.01085;0.01145;4883592.65
20260414 000000;0.01145;0.01155;0.01095;0.01104;4961442.96
20260415 000000;0.01104;0.01121;0.01086;0.01098;4979038.93
20260416 000000;0.01098;0.01162;0.01095;0.0115;5139024.47
20260417 000000;0.0115;0.01198;0.01129;0.01145;4789880.79
20260418 000000;0.01145;0.01154;0.011;0.01106;4877388.26
20260419 000000;0.01106;0.0111;0.01051;0.01057;5173417.13
20260420 000000;0.01057;0.0116;0.01051;0.01096;5304284.67
20260421 000000;0.01096;0.01107;0.0107;0.01085;4676495.69
20260422 000000;0.01085;0.01116;0.01081;0.01087;5068923.9
20260423 000000;0.01087;0.01099;0.01076;0.0109;5048770.61
20260424 000000;0.0109;0.01095;0.0108;0.0109;5040223.2
20260425 000000;0.0109;0.01097;0.01068;0.01074;4913037.95
20260426 000000;0.01074;0.01091;0.0107;0.01081;5303125.63
20260427 000000;0.01081;0.0109;0.01033;0.01046;4924621.8
20260428 000000;0.01046;0.01053;0.01037;0.01041;5054019.41
20260429 000000;0.01041;0.01069;0.00999;0.01013;5276246.72
20260430 000000;0.01013;0.01023;0.01005;0.01011;5267753.08
20260501 000000;0.01011;0.01037;0.01001;0.01002;5285937.29
20260502 000000;0.01002;0.01058;0.01;0.01057;5356427.22
20260503 000000;0.01057;0.01082;0.01023;0.01033;5109480.47
20260504 000000;0.01033;0.01049;0.01011;0.01019;5251684.62
20260505 000000;0.01019;0.01062;0.01015;0.01035;6909875.69
20260506 000000;0.01035;0.01069;0.01018;0.01032;6419799.2
20260507 000000;0.01032;0.01068;0.0102;0.01031;5461181.53
20260508 000000;0.01031;0.01073;0.01018;0.01023;5472859.91
20260509 000000;0.01023;0.01046;0.0101;0.01013;5257684.17
20260510 000000;0.01013;0.01049;0.0101;0.01036;5827893.85
20260511 000000;0.01036;0.01039;0.01021;0.01028;5352393.39
20260512 000000;0.01028;0.01035;0.00986;0.00996;6675251.47
20260513 000000;0.00996;0.00996;0.0093;0.00942;5744008.86
20260514 000000;0.00942;0.00951;0.00904;0.00915;5942986.69
20260515 000000;0.00915;0.00938;0.00857;0.00873;6509457.25
20260516 000000;0.00873;0.00887;0.00816;0.00829;6744863.79
20260517 000000;0.00829;0.00835;0.00722;0.00735;6799979.42
20260518 000000;0.00735;0.00772;0.00728;0.00739;7699204.26
20260519 000000;0.00739;0.00757;0.00719;0.007239;7412569.97
20260520 000000;0.007239;0.007359;0.007054;0.007318;7612722.48
20260521 000000;0.007318;0.00875;0.007307;0.007818;8926873.97
20260522 000000;0.007818;0.00925;0.007611;0.007644;9031137.03
20260523 000000;0.007644;0.008174;0.00739;0.007936;8024663.66
20260524 000000;0.007936;0.00804;0.007683;0.007731;7359445.43
20260525 000000;0.007731;0.007813;0.007521;0.007561;7505995.81
20260526 000000;0.007561;0.00912;0.007377;0.008251;9097011.91
20260527 000000;0.008251;0.008266;0.00759;0.007597;8252178.86
20260528 000000;0.007597;0.007695;0.007279;0.007588;7487432.05
20260529 000000;0.007588;0.007852;0.007372;0.007683;7933664.56
20260530 000000;0.007683;0.008022;0.007466;0.00766;7557957.08
20260531 000000;0.00766;0.007759;0.007358;0.007514;7691065.07
20260601 000000;0.007514;0.00828;0.007427;0.007764;7717465.24
20260602 000000;0.007764;0.007829;0.006684;0.006797;8283609.02
20260603 000000;0.006797;0.007157;0.006626;0.006698;8699596.25
20260604 000000;0.006698;0.006713;0.005941;0.006061;9526484.31
20260605 000000;0.006061;0.006098;0.005282;0.00538;11018235.47
20260606 000000;0.00538;0.005488;0.004931;0.0053;11318150.58
20260607 000000;0.0053;0.005653;0.005038;0.00522;11627066.94
20260608 000000;0.00522;0.005655;0.0051;0.005133;10855714.31
20260609 000000;0.005133;0.005318;0.005022;0.005093;11888590.55
20260610 000000;0.005093;0.005244;0.004991;0.005036;10705115.4
20260611 000000;0.005036;0.005469;0.005019;0.005375;10669509.85
20260612 000000;0.005375;0.00544;0.005252;0.005313;10617242.56
20260613 000000;0.005313;0.005509;0.005271;0.005481;10212891.53
20260614 000000;0.005481;0.005828;0.005353;0.005752;9710714.88
20260615 000000;0.005752;0.006136;0.005596;0.005711;10626344.87
20260616 000000;0.005711;0.005928;0.005631;0.005846;10569169.86
20260617 000000;0.005846;0.006524;0.005714;0.005749;10188638.22
20260618 000000;0.005749;0.006124;0.005536;0.005874;10738384.58
20260619 000000;0.005874;0.005998;0.005482;0.005611;10351548.66
20260620 000000;0.005611;0.005713;0.005478;0.005547;8259659.03
