20230622 000000;0.07483;0.07494;0.06896;0.0706;336007.68
20230623 000000;0.0706;0.07435;0.06512;0.06666;378649.23
20230624 000000;0.06666;0.07384;0.06523;0.06532;296443.04
20230625 000000;0.06532;0.07068;0.06517;0.06641;358901.27
20230626 000000;0.06641;0.0756;0.06323;0.06725;343477.73
20230627 000000;0.06725;0.08822;0.06547;0.06936;582002.27
20230628 000000;0.06936;0.0711;0.06014;0.06175;489127.22
20230629 000000;0.06175;0.06777;0.0603;0.06527;834575.83
20230630 000000;0.06527;0.06628;0.05846;0.05986;482296.27
20230701 000000;0.05986;0.06579;0.0552;0.05902;549463.83
20230702 000000;0.05902;0.06378;0.05694;0.05824;394140.86
20230703 000000;0.05824;0.05926;0.05259;0.05279;465674.5
20230704 000000;0.05279;0.05772;0.05213;0.05685;538385.81
20230705 000000;0.05685;0.0691;0.05565;0.05839;611940.54
20230706 000000;0.05839;0.0691;0.05779;0.0609;493312.74
20230707 000000;0.0609;0.06311;0.05723;0.05957;559181.56
20230708 000000;0.05957;0.06304;0.05701;0.05792;565137.61
20230709 000000;0.05792;0.06571;0.05745;0.05873;564638.4
20230710 000000;0.05873;0.06018;0.05853;0.0593;898845.51
20230711 000000;0.0593;0.05963;0.05492;0.05616;559194.75
20230712 000000;0.05616;0.05806;0.05503;0.05692;1416573.39
20230713 000000;0.05692;0.05709;0.04715;0.04913;1913229.78
20230714 000000;0.04913;0.05445;0.0456;0.04781;2166060.75
20230715 000000;0.04781;0.06059;0.04769;0.05704;635084.55
20230716 000000;0.05704;0.0632;0.05501;0.05907;846337.62
20230717 000000;0.05907;0.05923;0.05267;0.05307;629725.49
20230718 000000;0.05307;0.05317;0.0503;0.05085;1088056.64
20230719 000000;0.05085;0.05185;0.04786;0.04818;1085989.89
20230720 000000;0.04818;0.04952;0.04681;0.04764;463740.69
20230721 000000;0.04764;0.04989;0.04609;0.04651;872567.49
20230722 000000;0.04651;0.04695;0.0456;0.04599;478714.68
20230723 000000;0.04599;0.062;0.04137;0.0437;881643.02
20230724 000000;0.0437;0.06338;0.04122;0.04175;2361138.77
20230725 000000;0.04175;0.04458;0.0394;0.04172;361155.96
20230726 000000;0.04172;0.04771;0.04149;0.04392;2415900.4
20230727 000000;0.04392;0.04838;0.04177;0.04506;1016594.4
20230728 000000;0.04506;0.05094;0.04456;0.04878;625291.29
20230729 000000;0.04878;0.08649;0.04154;0.04524;891925.7
20230730 000000;0.04524;0.04696;0.0443;0.0468;1129137.62
20230731 000000;0.0468;0.05536;0.04657;0.04823;460750.38
20230801 000000;0.04823;0.065;0.0473;0.0554;3062213.73
20230802 000000;0.0554;0.075;0.046;0.05453;787652.79
20230803 000000;0.05453;0.05843;0.05007;0.0541;1055266.01
20230804 000000;0.0541;0.06;0.0531;0.0535;2519896.3
20230805 000000;0.0535;0.05608;0.05338;0.0539;463472.93
20230806 000000;0.0539;0.0572;0.05261;0.055;633297.57
20230807 000000;0.055;0.05712;0.05265;0.05623;407034.03
20230808 000000;0.05623;0.05664;0.05024;0.05335;382886.81
20230809 000000;0.05335;0.0544;0.05172;0.05224;666057.31
20230810 000000;0.05224;0.05994;0.05184;0.05484;1179860.54
20230811 000000;0.05484;0.06;0.05427;0.05663;979183.09
20230812 000000;0.05663;0.06;0.0553;0.05919;461131.79
20230813 000000;0.05919;0.0595;0.05524;0.05682;816094.98
20230814 000000;0.05682;0.05833;0.056;0.05756;711107.46
20230815 000000;0.05756;0.05827;0.05255;0.05434;862080.27
20230816 000000;0.05434;0.05478;0.05002;0.05132;2403501.4
20230817 000000;0.05132;0.0518;0.0462;0.04919;1299605.64
20230818 000000;0.04919;0.05173;0.04222;0.04425;858098.25
20230819 000000;0.04425;0.0459;0.04393;0.04508;5000171.8
20230820 000000;0.04508;0.04589;0.0446;0.04505;3016863.63
20230821 000000;0.04505;0.04516;0.0424;0.04366;411490.23
20230822 000000;0.04366;0.04439;0.0421;0.043;891141.56
20230823 000000;0.043;0.04322;0.041;0.04239;364974.64
20230824 000000;0.04239;0.04334;0.04112;0.04152;281198.06
20230825 000000;0.04152;0.0425;0.041;0.04171;367467.23
20230826 000000;0.04171;0.04197;0.04126;0.0414;302284.62
20230827 000000;0.0414;0.04162;0.04107;0.04118;1635169.21
20230828 000000;0.04118;0.04128;0.0408;0.04117;357722.38
20230829 000000;0.04117;0.04146;0.04085;0.04141;855150.35
20230830 000000;0.04141;0.04221;0.0411;0.04173;2198089.32
20230831 000000;0.04173;0.04206;0.04123;0.0413;327953.6
20230901 000000;0.0413;0.04727;0.041;0.0434;4949099.04
20230902 000000;0.0434;0.048;0.04275;0.04398;1618887.06
20230903 000000;0.04398;0.05129;0.04393;0.04828;404047.16
20230904 000000;0.04828;0.05597;0.04761;0.05488;2023494.68
20230905 000000;0.05488;0.135;0.05483;0.11464;6247905.88
20230906 000000;0.11464;0.11492;0.08078;0.09393;1846307.94
20230907 000000;0.09393;0.09412;0.06229;0.06668;1767841.47
20230908 000000;0.06668;0.075;0.06483;0.06701;1145947.33
20230909 000000;0.06701;0.07561;0.06351;0.07561;2275073.23
20230910 000000;0.07561;0.08232;0.06091;0.06478;2345703.84
20230911 000000;0.06478;0.07135;0.05536;0.0584;3440065.59
20230912 000000;0.0584;0.06;0.05299;0.0536;1557407.98
20230913 000000;0.0536;0.054;0.045;0.05369;1332931.74
20230914 000000;0.05369;0.05552;0.0486;0.05196;1457316.71
20230915 000000;0.05196;0.05559;0.04958;0.05148;696137.39
20230916 000000;0.05148;0.05631;0.04951;0.05484;739841.59
20230917 000000;0.05484;0.05599;0.05059;0.05435;689831.06
20230918 000000;0.05435;0.056;0.04959;0.0519;659150.85
20230919 000000;0.0519;0.05261;0.05;0.05063;840634.69
20230920 000000;0.05063;0.05067;0.0453;0.04783;594820.55
20230921 000000;0.04783;0.04825;0.04548;0.04709;623963.07
20230922 000000;0.04709;0.05;0.0441;0.04629;906018.98
20230923 000000;0.04629;0.04782;0.04512;0.04609;637452.53
20230924 000000;0.04609;0.04677;0.04;0.04052;884185.41
20230925 000000;0.04052;0.04294;0.03914;0.04033;904310.46
20230926 000000;0.04033;0.04294;0.03499;0.03885;726856.74
20230927 000000;0.03885;0.03889;0.03012;0.03176;1038483.1
20230928 000000;0.03176;0.03226;0.02806;0.02812;764360.82
20230929 000000;0.02812;0.02964;0.02775;0.02855;654688.42
20230930 000000;0.02855;0.03326;0.0278;0.02911;1069569.43
20231001 000000;0.02911;0.02922;0.02842;0.02863;575274.44
20231002 000000;0.02863;0.03199;0.02748;0.02958;1259138
20231003 000000;0.02958;0.03199;0.0286;0.02885;1980905.07
20231004 000000;0.02885;0.02927;0.02614;0.02727;4631476.85
20231005 000000;0.02727;0.02728;0.0253;0.02692;1375660.61
20231006 000000;0.02692;0.02696;0.02501;0.02658;570198.99
20231007 000000;0.02658;0.04199;0.02648;0.04077;3167976.75
20231008 000000;0.04077;0.04209;0.0255;0.02591;4180769.28
20231009 000000;0.02591;0.02593;0.02;0.02039;2301561.52
20231010 000000;0.02039;0.02388;0.019;0.01935;1012829.87
20231011 000000;0.01935;0.02;0.0165;0.0167;2354034.81
20231012 000000;0.0167;0.023;0.01598;0.01921;3276191.76
20231013 000000;0.01921;0.01949;0.01652;0.01687;1214959.37
20231014 000000;0.01687;0.01792;0.01657;0.01671;642771.77
20231015 000000;0.01671;0.01678;0.0158;0.01636;731602.7
20231016 000000;0.01636;0.01652;0.01529;0.01604;3819134.1
20231017 000000;0.01604;0.01605;0.014;0.01422;1595315.23
20231018 000000;0.01422;0.01434;0.01324;0.01377;977532.43
20231019 000000;0.01377;0.01378;0.01216;0.01244;3570059.07
20231020 000000;0.01244;0.01328;0.01201;0.01266;4560691.26
20231021 000000;0.01266;0.01368;0.0123;0.01295;2571346.54
20231022 000000;0.01295;0.015;0.01291;0.01308;5449917.02
20231023 000000;0.01308;0.01412;0.01272;0.01325;1232557.83
20231024 000000;0.01325;0.01634;0.01307;0.01397;1005642.78
20231025 000000;0.01397;0.01519;0.01329;0.0136;1209756.63
20231026 000000;0.0136;0.01418;0.01283;0.01297;1575915.27
20231027 000000;0.01297;0.01338;0.01203;0.01285;5087945.41
20231028 000000;0.01285;0.01595;0.01274;0.01494;1490637.78
20231029 000000;0.01494;0.01706;0.01365;0.01488;2133773.97
20231030 000000;0.01488;0.017;0.01433;0.01556;1550706.38
20231031 000000;0.01556;0.01581;0.01401;0.01409;2366534.5
20231101 000000;0.01409;0.01449;0.01378;0.01423;1019002.18
20231102 000000;0.01423;0.01799;0.01377;0.01449;1586271.97
20231103 000000;0.01449;0.017;0.013;0.01513;1367081.69
20231104 000000;0.01513;0.01562;0.0147;0.015;1049609.38
20231105 000000;0.015;0.01849;0.0148;0.01641;1185742.05
20231106 000000;0.01641;0.0215;0.01615;0.01749;5805171.63
20231107 000000;0.01749;0.0225;0.01745;0.01921;2418041.89
20231108 000000;0.01921;0.02035;0.01706;0.01822;1721234.52
20231109 000000;0.01822;0.0192;0.0165;0.0173;2017672.73
20231110 000000;0.0173;0.0175;0.016;0.01672;1590484.17
20231111 000000;0.01672;0.01838;0.01671;0.01742;1650787.63
20231112 000000;0.01742;0.021;0.01705;0.01792;2002832.64
20231113 000000;0.01792;0.01794;0.016;0.01685;3671498.51
20231114 000000;0.01685;0.01742;0.0162;0.01662;939328.76
20231115 000000;0.01662;0.029;0.01659;0.02688;7394229.59
20231116 000000;0.02688;0.041;0.024;0.03305;18729342.81
20231117 000000;0.03305;0.03445;0.026;0.03065;11820002.17
20231118 000000;0.03065;0.041;0.02726;0.02949;24204224.19
20231119 000000;0.02949;0.039;0.0247;0.03147;12426843.14
20231120 000000;0.03147;0.0389;0.02774;0.0289;21495865.97
20231121 000000;0.0289;0.02927;0.0218;0.0218;12600060.66
20231122 000000;0.0218;0.02783;0.0218;0.02563;7780438.03
20231123 000000;0.02563;0.02878;0.0233;0.0256;17395998.27
20231124 000000;0.0256;0.037;0.024;0.03126;36790881.58
20231125 000000;0.03126;0.0318;0.02616;0.02943;22100308.76
20231126 000000;0.02943;0.031;0.0266;0.02729;13161199.23
20231127 000000;0.02729;0.02883;0.02288;0.02485;14333139.71
20231128 000000;0.02485;0.02872;0.02371;0.02719;9113839.41
20231129 000000;0.02719;0.0285;0.02451;0.02647;6657102.12
20231130 000000;0.02647;0.02902;0.02458;0.02644;7600915.62
20231201 000000;0.02644;0.02921;0.026;0.02829;7912632.91
20231202 000000;0.02829;0.03122;0.02722;0.02886;7204612.39
20231203 000000;0.02886;0.02959;0.0258;0.02837;9263929
20231204 000000;0.02837;0.0325;0.02712;0.02799;11906170.3
20231205 000000;0.02799;0.02805;0.02457;0.0259;10481224.23
20231206 000000;0.0259;0.028;0.02401;0.02599;8685326.99
20231207 000000;0.02599;0.02829;0.02431;0.02596;9856133.5
20231208 000000;0.02596;0.03047;0.02488;0.02997;8168435.16
20231209 000000;0.02997;0.0382;0.02956;0.03754;15287583.88
20231210 000000;0.03754;0.0398;0.03167;0.03499;8644063.54
20231211 000000;0.03499;0.0375;0.02646;0.03038;12149950.42
20231212 000000;0.03038;0.03557;0.0292;0.03358;5955806.63
20231213 000000;0.03358;0.03488;0.02941;0.03394;7192620.11
20231214 000000;0.03394;0.04787;0.03271;0.04216;12953354.99
20231215 000000;0.04216;0.04886;0.03818;0.04009;10847197.5
20231216 000000;0.04009;0.058;0.03952;0.04785;14575434.13
20231217 000000;0.04785;0.057;0.04198;0.04796;7671177.08
20231218 000000;0.04796;0.05496;0.0393;0.04829;5830598.74
20231219 000000;0.04829;0.05554;0.04147;0.04597;6263792.56
20231220 000000;0.04597;0.07;0.04421;0.06281;17775366.26
20231221 000000;0.06281;0.06562;0.054;0.05809;6345726.11
20231222 000000;0.05809;0.074;0.055;0.06858;6865183.33
20231223 000000;0.06858;0.06954;0.061;0.06233;4536397.95
20231224 000000;0.06233;0.06563;0.0559;0.05986;5492659.16
20231225 000000;0.05986;0.0875;0.05955;0.065;9738686.09
20231226 000000;0.065;0.06742;0.05313;0.05951;5468159.03
20231227 000000;0.05951;0.06091;0.05556;0.05792;3658022.25
20231228 000000;0.05792;0.05809;0.04562;0.04978;7086293.86
20231229 000000;0.04978;0.06;0.04661;0.05053;5639898.48
20231230 000000;0.05053;0.0536;0.04786;0.04943;3169431.3
20231231 000000;0.04943;0.05612;0.04667;0.05257;3064312.35
