20250101 000000;0.13781;0.14293;0.13355;0.14224;730213.51
20250102 000000;0.14224;0.15231;0.14132;0.14805;744846.09
20250103 000000;0.14805;0.15697;0.14441;0.15659;627180.16
20250104 000000;0.15659;0.15711;0.15048;0.15268;890980.8
20250105 000000;0.15268;0.15856;0.14802;0.1574;677851.66
20250106 000000;0.1574;0.17617;0.15262;0.17;2461942.7
20250107 000000;0.17;0.17086;0.14842;0.14939;1627512.67
20250108 000000;0.14939;0.15426;0.13344;0.1411;1501205.72
20250109 000000;0.1411;0.1547;0.13163;0.13568;1082118.2
20250110 000000;0.13568;0.14025;0.13386;0.13984;660272.06
20250111 000000;0.13984;0.14013;0.1336;0.13612;735822.63
20250112 000000;0.13612;0.13727;0.13278;0.13458;378321.54
20250113 000000;0.13458;0.13731;0.11847;0.1266;1473143.01
20250114 000000;0.1266;0.133;0.12642;0.13135;1482892.23
20250115 000000;0.13135;0.149;0.12461;0.14169;1856056.62
20250116 000000;0.14169;0.14283;0.13521;0.13861;732361.69
20250117 000000;0.13861;0.15501;0.1383;0.14901;745866.48
20250118 000000;0.14901;0.15416;0.13291;0.13659;1453323.57
20250119 000000;0.13659;0.14016;0.12;0.12202;1939799.75
20250120 000000;0.12202;0.13101;0.11787;0.12199;1216793.39
20250121 000000;0.12199;0.13202;0.1166;0.13013;639779.71
20250122 000000;0.13013;0.14266;0.1274;0.13579;1014857.03
20250123 000000;0.13579;0.13875;0.126;0.13535;807231.86
20250124 000000;0.13535;0.14313;0.12865;0.13312;566939.28
20250125 000000;0.13312;0.13872;0.13082;0.13494;447130.04
20250126 000000;0.13494;0.1375;0.12654;0.12717;459583.79
20250127 000000;0.12717;0.17567;0.11669;0.1372;3528776.65
20250128 000000;0.1372;0.14108;0.12187;0.12288;1034800.86
20250129 000000;0.12288;0.13188;0.12149;0.1266;746382.52
20250130 000000;0.1266;0.12994;0.1243;0.12497;958770.46
20250131 000000;0.12497;0.13134;0.12122;0.12343;372131.88
20250201 000000;0.12343;0.12525;0.11465;0.11598;368351.92
20250202 000000;0.11598;0.11755;0.0926;0.09894;1942274.5
20250203 000000;0.09894;0.10385;0.07557;0.10372;2041152.48
20250204 000000;0.10372;0.10454;0.09217;0.09524;594306.15
20250205 000000;0.09524;0.09845;0.09155;0.09155;889541.7
20250206 000000;0.09155;0.09678;0.08635;0.08697;683493.05
20250207 000000;0.08697;0.09629;0.08697;0.08975;748702.28
20250208 000000;0.08975;0.09082;0.08736;0.0903;812210.23
20250209 000000;0.0903;0.09285;0.08619;0.08889;562353.95
20250210 000000;0.08889;0.09311;0.08599;0.09111;622069.82
20250211 000000;0.09111;0.09528;0.0888;0.09075;901518.83
20250212 000000;0.09075;0.09709;0.0876;0.09669;1510240.9
20250213 000000;0.09669;0.09671;0.0894;0.09221;921250.13
20250214 000000;0.09221;0.09673;0.09218;0.09385;587047.73
20250215 000000;0.09385;0.09521;0.0911;0.09263;796344.1
20250216 000000;0.09263;0.09283;0.08956;0.09025;596387.62
20250217 000000;0.09025;0.09361;0.0884;0.08888;3529143.86
20250218 000000;0.08888;0.08953;0.08105;0.0839;2004978.71
20250219 000000;0.0839;0.08738;0.0821;0.08648;856976.44
20250220 000000;0.08648;0.09202;0.08576;0.0887;1686982.38
20250221 000000;0.0887;0.09284;0.08173;0.0823;1104439.57
20250222 000000;0.0823;0.0856;0.08192;0.08517;561558.01
20250223 000000;0.08517;0.0864;0.08176;0.08403;3397869.7
20250224 000000;0.08403;0.0848;0.0675;0.06907;1610281.68
20250225 000000;0.06907;0.0739;0.06555;0.07192;1998820.01
20250226 000000;0.07192;0.07864;0.06977;0.07204;1786837.6
20250227 000000;0.07204;0.07366;0.06942;0.07072;709547.63
20250228 000000;0.07072;0.07073;0.06297;0.06833;1325851.78
20250301 000000;0.06833;0.06978;0.06682;0.0681;3395180.79
20250302 000000;0.0681;0.07169;0.06666;0.0709;1616489.62
20250303 000000;0.0709;0.07325;0.05993;0.05995;1147258.09
20250304 000000;0.05995;0.06041;0.05207;0.05686;1534848.7
20250305 000000;0.05686;0.05845;0.05493;0.05743;524568.06
20250306 000000;0.05743;0.05847;0.05573;0.05616;1943036.65
20250307 000000;0.05616;0.06012;0.05322;0.0556;2233824.25
20250308 000000;0.0556;0.05758;0.05513;0.05625;2046976.9
20250309 000000;0.05625;0.05639;0.04867;0.04911;1109702.61
20250310 000000;0.04911;0.05126;0.0447;0.04555;2869088.48
20250311 000000;0.04555;0.05036;0.04148;0.04822;2298648.17
20250312 000000;0.04822;0.05159;0.04699;0.0489;1883838.47
20250313 000000;0.0489;0.05007;0.04746;0.04904;2092720.08
20250314 000000;0.04904;0.05334;0.04902;0.05167;1643865.9
20250315 000000;0.05167;0.05212;0.05017;0.05075;4493099.72
20250316 000000;0.05075;0.05084;0.0481;0.04859;7372511.81
20250317 000000;0.04859;0.05289;0.04859;0.05148;20957218.85
20250318 000000;0.05148;0.05282;0.04824;0.05148;16212316.4
20250319 000000;0.05148;0.07011;0.04992;0.06439;31405469.52
20250320 000000;0.06439;0.07174;0.0604;0.06188;21178136.58
20250321 000000;0.06188;0.07171;0.06058;0.07021;14116052.63
20250322 000000;0.07021;0.07631;0.06734;0.06774;21472220.26
20250323 000000;0.06774;0.06783;0.06195;0.06254;11935873.97
20250324 000000;0.06254;0.07047;0.06044;0.06654;17406269.42
20250325 000000;0.06654;0.06894;0.06549;0.06771;6559808.09
20250326 000000;0.06771;0.07883;0.06575;0.07559;65660023.81
20250327 000000;0.07559;0.08398;0.07449;0.0761;135423852.27
20250328 000000;0.0761;0.07657;0.06455;0.06694;101157525.19
20250329 000000;0.06694;0.06783;0.06144;0.06335;89769284.19
20250330 000000;0.06335;0.06856;0.06258;0.06458;112959321.23
20250331 000000;0.06458;0.06747;0.05972;0.06265;99599052.33
20250401 000000;0.06265;0.06778;0.06255;0.06529;18744017.79
20250402 000000;0.06529;0.06673;0.05727;0.05839;25691074.05
20250403 000000;0.05839;0.06168;0.05774;0.06006;8378399.38
20250404 000000;0.06006;0.06299;0.05952;0.06131;16716128.18
20250405 000000;0.06131;0.06164;0.05773;0.05849;19118025.98
20250406 000000;0.05849;0.05858;0.05001;0.05099;21717166.7
20250407 000000;0.05099;0.05594;0.04623;0.05252;32603247.88
20250408 000000;0.05252;0.0568;0.05241;0.05277;17128243.52
20250409 000000;0.05277;0.059;0.05132;0.0573;15356366.1
20250410 000000;0.0573;0.05782;0.05388;0.05494;10322814.91
20250411 000000;0.05494;0.0587;0.05451;0.05806;7557560.35
20250412 000000;0.05806;0.05998;0.05607;0.05887;4871838.17
20250413 000000;0.05887;0.06105;0.05447;0.05523;11526245.16
20250414 000000;0.05523;0.05758;0.05343;0.05431;9844804.47
20250415 000000;0.05431;0.05583;0.05237;0.0524;1929144.13
20250416 000000;0.0524;0.0595;0.0501;0.0531;6055415.78
20250417 000000;0.0531;0.05482;0.05187;0.05232;3927248.25
20250418 000000;0.05232;0.05511;0.05147;0.0536;2906988.78
20250419 000000;0.0536;0.0552;0.05353;0.05424;2140701.34
20250420 000000;0.05424;0.05716;0.05254;0.05411;3213888
20250421 000000;0.05411;0.05674;0.05407;0.05523;2906223.52
20250422 000000;0.05523;0.05855;0.05379;0.05829;2766008.71
20250423 000000;0.05829;0.07268;0.05813;0.0696;5786784.58
20250424 000000;0.0696;0.0697;0.06151;0.06488;2793693.12
20250425 000000;0.06488;0.07072;0.0635;0.0685;5940995.4
20250426 000000;0.0685;0.07481;0.06817;0.07418;5591730.79
20250427 000000;0.07418;0.07418;0.06526;0.06555;4142349.15
20250428 000000;0.06555;0.06976;0.0631;0.06764;4854252.07
20250429 000000;0.06764;0.07184;0.0659;0.06716;4139241.41
20250430 000000;0.06716;0.06897;0.06359;0.0672;3398474.35
20250501 000000;0.0672;0.06956;0.06672;0.0675;1399592.47
20250502 000000;0.0675;0.06855;0.06364;0.06569;2064856.64
20250503 000000;0.06569;0.06625;0.06285;0.0631;1791761.1
20250504 000000;0.0631;0.06331;0.05982;0.06003;1417590.11
20250505 000000;0.06003;0.0647;0.05973;0.06142;3032208.35
20250506 000000;0.06142;0.06315;0.0593;0.06223;3271478.69
20250507 000000;0.06223;0.06348;0.05959;0.06113;1528830.2
20250508 000000;0.06113;0.06831;0.06025;0.06798;4191179.76
20250509 000000;0.06798;0.07319;0.06738;0.07299;3545665.65
20250510 000000;0.07299;0.07499;0.07051;0.07493;2426536.03
20250511 000000;0.07493;0.07976;0.06802;0.07179;3044884.67
20250512 000000;0.07179;0.0779;0.07106;0.07466;4570997.14
20250513 000000;0.07466;0.07754;0.06933;0.07499;3122007.08
20250514 000000;0.07499;0.07659;0.07122;0.07356;3238956.53
20250515 000000;0.07356;0.07507;0.067;0.06886;3889192.97
20250516 000000;0.06886;0.07096;0.0675;0.06752;1939316.75
20250517 000000;0.06752;0.06752;0.06413;0.06443;1369329.47
20250518 000000;0.06443;0.06856;0.0636;0.06669;2610928.26
20250519 000000;0.06669;0.06699;0.06169;0.0642;3044622.18
20250520 000000;0.0642;0.06531;0.06322;0.06496;1335418.37
20250521 000000;0.06496;0.0685;0.06377;0.0665;1714151.14
20250522 000000;0.0665;0.07658;0.06648;0.07256;3241046.68
20250523 000000;0.07256;0.07404;0.06531;0.06553;3352247.16
20250524 000000;0.06553;0.06873;0.0655;0.06614;913384.6
20250525 000000;0.06614;0.06714;0.06402;0.06697;1915203.31
20250526 000000;0.06697;0.06824;0.06508;0.06598;1013749.59
20250527 000000;0.06598;0.06754;0.06471;0.06666;663510.69
20250528 000000;0.06666;0.06783;0.0647;0.06611;725588.38
20250529 000000;0.06611;0.06737;0.06406;0.06452;1939903.19
20250530 000000;0.06452;0.06454;0.05816;0.0584;1886265.07
20250531 000000;0.0584;0.05917;0.05559;0.05828;505818.05
20250601 000000;0.05828;0.05915;0.05629;0.05888;508779.32
20250602 000000;0.05888;0.05888;0.05606;0.05808;661149.03
20250603 000000;0.05808;0.05992;0.0579;0.05842;1610224.74
20250604 000000;0.05842;0.05899;0.05559;0.05584;866628.67
20250605 000000;0.05584;0.0569;0.0524;0.0531;3010517.76
20250606 000000;0.0531;0.05487;0.05242;0.05315;1673730.7
20250607 000000;0.05315;0.05493;0.05299;0.05468;1388903.88
20250608 000000;0.05468;0.05592;0.05424;0.0544;1029385.52
20250609 000000;0.0544;0.05779;0.05304;0.05713;2548917.98
20250610 000000;0.05713;0.06056;0.05631;0.06032;1303300.79
20250611 000000;0.06032;0.06034;0.05648;0.05686;1637381.8
20250612 000000;0.05686;0.05688;0.05264;0.05296;2612049.84
20250613 000000;0.05296;0.05299;0.04912;0.0515;2767195.28
20250614 000000;0.0515;0.05193;0.04981;0.05074;858651.75
20250615 000000;0.05074;0.05109;0.04901;0.05003;902333.26
20250616 000000;0.05003;0.05182;0.04881;0.04882;3170054.95
20250617 000000;0.04882;0.0495;0.0465;0.04751;3096213.47
20250618 000000;0.04751;0.04812;0.04491;0.04674;1962433.51
20250619 000000;0.04674;0.04754;0.04523;0.04556;2021360.23
20250620 000000;0.04556;0.04801;0.04468;0.04505;3433680.97
20250621 000000;0.04505;0.04667;0.0407;0.04267;2660836.49
20250622 000000;0.04267;0.04296;0.03797;0.04101;4066125.58
20250623 000000;0.04101;0.04536;0.04078;0.04441;2248757.36
20250624 000000;0.04441;0.04645;0.04407;0.04486;1695806.87
20250625 000000;0.04486;0.04525;0.04343;0.04346;1472104.48
20250626 000000;0.04346;0.04498;0.0421;0.0423;1997742.4
20250627 000000;0.0423;0.04339;0.04179;0.04277;2811813.27
20250628 000000;0.04277;0.04478;0.0425;0.04405;2836795.39
20250629 000000;0.04405;0.04548;0.04384;0.04534;1575464.34
20250630 000000;0.04534;0.04544;0.04372;0.04382;1097188.3
20250701 000000;0.04382;0.04416;0.04228;0.04249;905282.19
20250702 000000;0.04249;0.0475;0.04245;0.04604;999641.44
20250703 000000;0.04604;0.0476;0.04566;0.04754;1366504.25
20250704 000000;0.04754;0.04972;0.04534;0.04617;2729155.51
20250705 000000;0.04617;0.05408;0.04538;0.05304;5815527.18
20250706 000000;0.05304;0.05634;0.04939;0.04948;4203457.59
20250707 000000;0.04948;0.05049;0.04802;0.04851;1320514.69
20250708 000000;0.04851;0.04939;0.04752;0.04931;948491.22
20250709 000000;0.04931;0.05138;0.04864;0.05092;1893667.31
20250710 000000;0.05092;0.0552;0.04996;0.05414;1645048.23
20250711 000000;0.05414;0.05505;0.05156;0.05156;3151099.2
20250712 000000;0.05156;0.06;0.04849;0.05486;11887158.16
20250713 000000;0.05486;0.05698;0.05375;0.05487;2396402.39
20250714 000000;0.05487;0.0586;0.05389;0.05434;2588962.89
20250715 000000;0.05434;0.05713;0.05242;0.05711;1785840.77
20250716 000000;0.05711;0.05791;0.05528;0.05679;1643546.03
20250717 000000;0.05679;0.05694;0.05369;0.05488;3948863.59
20250718 000000;0.05488;0.06595;0.05453;0.0609;7904638.3
20250719 000000;0.0609;0.06116;0.0571;0.05892;4524060.09
20250720 000000;0.05892;0.0705;0.0584;0.06756;4770350.94
20250721 000000;0.06756;0.06972;0.06498;0.06658;2721690.02
20250722 000000;0.06658;0.0723;0.06313;0.07137;3736412.19
20250723 000000;0.07137;0.0744;0.06363;0.06511;6258495.88
20250724 000000;0.06511;0.06675;0.06205;0.06264;5824877.02
20250725 000000;0.06264;0.0638;0.06004;0.0638;4031274.79
20250726 000000;0.0638;0.06582;0.06203;0.06264;2232108.55
20250727 000000;0.06264;0.06508;0.06246;0.06462;1487385.34
20250728 000000;0.06462;0.06481;0.05938;0.05959;2387530.97
20250729 000000;0.05959;0.06057;0.05496;0.05605;2345232
20250730 000000;0.05605;0.05677;0.05403;0.05675;1816261.26
20250731 000000;0.05675;0.05866;0.0527;0.05303;2279480.64
20250801 000000;0.05303;0.05328;0.05026;0.05109;2443317.73
20250802 000000;0.05109;0.05205;0.04722;0.0488;2005285.04
20250803 000000;0.0488;0.05082;0.04842;0.05057;1201413.48
20250804 000000;0.05057;0.05292;0.05056;0.05232;2663252.35
20250805 000000;0.05232;0.05236;0.04934;0.05036;1460816.12
20250806 000000;0.05036;0.05106;0.04871;0.05093;1016429.15
20250807 000000;0.05093;0.05448;0.05026;0.05375;1450872.33
20250808 000000;0.05375;0.05413;0.05259;0.05318;1979015.58
20250809 000000;0.05318;0.05555;0.05295;0.05489;2269085.43
20250810 000000;0.05489;0.05566;0.05273;0.05397;2305135.72
20250811 000000;0.05397;0.05494;0.05103;0.05117;2428991.45
20250812 000000;0.05117;0.05303;0.0497;0.05208;2105913.83
20250813 000000;0.05208;0.054;0.05087;0.05383;2898336.12
20250814 000000;0.05383;0.05523;0.04918;0.05021;3389974.86
20250815 000000;0.05021;0.05107;0.04851;0.04932;2085607.07
20250816 000000;0.04932;0.05002;0.04909;0.04933;1076862.99
20250817 000000;0.04933;0.05089;0.0492;0.04991;1322565.97
20250818 000000;0.04991;0.05;0.04706;0.0473;2117863.8
20250819 000000;0.0473;0.05033;0.0453;0.04642;4837392.33
20250820 000000;0.04642;0.04836;0.04575;0.04802;1593465.81
20250821 000000;0.04802;0.04886;0.04676;0.04681;2408143.23
20250822 000000;0.04681;0.05119;0.0443;0.05089;6632613.77
20250823 000000;0.05089;0.05092;0.04786;0.04861;1710736.4
20250824 000000;0.04861;0.0492;0.04509;0.04596;4849706.3
20250825 000000;0.04596;0.04613;0.04212;0.04294;2321192.85
20250826 000000;0.04294;0.04487;0.04262;0.04461;1858095.9
20250827 000000;0.04461;0.04579;0.04438;0.04464;3344571.45
20250828 000000;0.04464;0.0468;0.04429;0.04557;3202380.51
20250829 000000;0.04557;0.04563;0.04298;0.04394;3776340.5
20250830 000000;0.04394;0.04407;0.04268;0.0435;1586209.72
20250831 000000;0.0435;0.04401;0.04247;0.04252;1263173.03
20250901 000000;0.04252;0.04329;0.04066;0.04169;3720183.73
20250902 000000;0.04169;0.04352;0.04149;0.04302;2824545.28
20250903 000000;0.04302;0.04393;0.04259;0.04329;1404302.31
20250904 000000;0.04329;0.04333;0.04171;0.04193;1386378.09
20250905 000000;0.04193;0.04277;0.04185;0.04244;1619346.56
20250906 000000;0.04244;0.04257;0.04197;0.04211;886913.1
20250907 000000;0.04211;0.04689;0.04211;0.04399;4125698.4
20250908 000000;0.04399;0.0535;0.04365;0.05196;6902820.13
20250909 000000;0.05196;0.06132;0.0519;0.05598;7549676.45
20250910 000000;0.05598;0.0572;0.0538;0.05413;3710532.63
20250911 000000;0.05413;0.05646;0.05203;0.0546;5210495.34
20250912 000000;0.0546;0.05568;0.05286;0.05497;2389653.71
20250913 000000;0.05497;0.05632;0.0541;0.0548;2526910.41
20250914 000000;0.0548;0.05485;0.05206;0.05222;1296992.72
20250915 000000;0.05222;0.05285;0.04776;0.04972;2175505.18
20250916 000000;0.04972;0.05019;0.04858;0.04899;1340508.4
20250917 000000;0.04899;0.05093;0.04815;0.0507;1084888.94
20250918 000000;0.0507;0.05221;0.04994;0.05011;2379040.48
20250919 000000;0.05011;0.05088;0.04864;0.04907;1714870.18
20250920 000000;0.04907;0.04915;0.04809;0.04851;1411546.3
20250921 000000;0.04851;0.04889;0.04576;0.04576;2021172.06
20250922 000000;0.04576;0.04587;0.04254;0.04464;4206868.61
20250923 000000;0.04464;0.04484;0.04247;0.04292;2176083.16
20250924 000000;0.04292;0.04494;0.04199;0.04414;2186201.34
20250925 000000;0.04414;0.04432;0.04145;0.04208;2677630.25
20250926 000000;0.04208;0.04272;0.0414;0.04245;2303747.25
20250927 000000;0.04245;0.04352;0.04228;0.04293;1212263.3
20250928 000000;0.04293;0.04345;0.04175;0.04327;844621.94
20250929 000000;0.04327;0.04416;0.04232;0.04298;1563872
20250930 000000;0.04298;0.04328;0.04193;0.0432;1626069.93
20251001 000000;0.0432;0.04482;0.04251;0.04481;1469776.25
20251002 000000;0.04481;0.04634;0.04434;0.04528;1984752.17
20251003 000000;0.04528;0.0458;0.04418;0.04462;1734469.33
20251004 000000;0.04462;0.04518;0.04355;0.04392;1726777.02
20251005 000000;0.04392;0.04519;0.04382;0.04428;1522747.11
20251006 000000;0.04428;0.04466;0.0436;0.04414;2170354.82
20251007 000000;0.04414;0.0446;0.04183;0.04218;1791250.85
20251008 000000;0.04218;0.04297;0.04133;0.04285;1816219.59
20251009 000000;0.04285;0.04302;0.04096;0.0416;2052175.32
20251010 000000;0.0416;0.04274;0.02165;0.03205;4113443.17
20251011 000000;0.03205;0.03413;0.03149;0.03223;2444304.04
20251012 000000;0.03223;0.03476;0.03136;0.03411;1756978.95
20251013 000000;0.03411;0.0364;0.03367;0.03555;2305346.69
20251014 000000;0.03555;0.03571;0.03258;0.03371;2283887.38
20251015 000000;0.03371;0.03462;0.03171;0.03214;2117119.17
20251016 000000;0.03214;0.03288;0.02958;0.02978;2437383.06
20251017 000000;0.02978;0.03014;0.0277;0.02941;3150864.21
20251018 000000;0.02941;0.03026;0.02904;0.02978;3007624.99
20251019 000000;0.02978;0.03082;0.02937;0.03009;2230856.28
20251020 000000;0.03009;0.03113;0.02945;0.02957;2188690.47
20251021 000000;0.02957;0.03097;0.02861;0.02905;2577254.27
20251022 000000;0.02905;0.02968;0.0283;0.0287;2718725.57
20251023 000000;0.0287;0.02905;0.02807;0.02886;2395658.01
20251024 000000;0.02886;0.02903;0.02828;0.02888;2184105.52
20251025 000000;0.02888;0.02933;0.02841;0.02899;1995973.21
20251026 000000;0.02899;0.03001;0.02878;0.0299;2105811.79
20251027 000000;0.0299;0.03063;0.02911;0.02924;2433633.18
20251028 000000;0.02924;0.03474;0.0287;0.03055;3312976.69
20251029 000000;0.03055;0.03223;0.02985;0.03015;2435086.12
20251030 000000;0.03015;0.03064;0.02828;0.02899;2118510.6
20251031 000000;0.02899;0.02967;0.0283;0.02883;2187057.76
20251101 000000;0.02883;0.03084;0.02861;0.03041;2211422.22
20251102 000000;0.03041;0.03283;0.02918;0.02971;2325430.99
20251103 000000;0.02971;0.0299;0.02503;0.02539;2562753.08
20251104 000000;0.02539;0.02582;0.02318;0.0238;3104613.36
20251105 000000;0.0238;0.02524;0.02255;0.02491;3691436.54
20251106 000000;0.02491;0.02494;0.02353;0.02366;2704644.03
20251107 000000;0.02366;0.0292;0.02365;0.02841;2496548.27
20251108 000000;0.02841;0.0295;0.02666;0.02755;2364410.35
20251109 000000;0.02755;0.02763;0.02593;0.0271;2395954.72
20251110 000000;0.0271;0.029;0.02685;0.02818;2243859.55
20251111 000000;0.02818;0.02883;0.02574;0.02589;2421445.97
20251112 000000;0.02589;0.02639;0.02484;0.025;2387455.66
20251113 000000;0.025;0.02589;0.02322;0.02375;2521405.49
20251114 000000;0.02375;0.02388;0.02164;0.0219;2658775.74
20251115 000000;0.0219;0.02278;0.02188;0.02227;2817329.26
20251116 000000;0.02227;0.02276;0.02111;0.02149;2727173.28
20251117 000000;0.02149;0.02371;0.02005;0.02072;4005939.58
20251118 000000;0.02072;0.02086;0.01984;0.02059;3568980.32
20251119 000000;0.02059;0.02059;0.01803;0.01901;3846015.08
20251120 000000;0.01901;0.01975;0.0183;0.01865;4558018.05
20251121 000000;0.01865;0.01896;0.01671;0.01797;4477355.32
20251122 000000;0.01797;0.01935;0.01794;0.01879;4236697.28
20251123 000000;0.01879;0.01991;0.01858;0.01869;3376351.03
20251124 000000;0.01869;0.01944;0.01796;0.01895;5692001.43
20251125 000000;0.01895;0.019;0.01814;0.01844;4832366.05
20251126 000000;0.01844;0.01908;0.01815;0.019;3341271.54
20251127 000000;0.019;0.02056;0.01897;0.02056;5388949.53
20251128 000000;0.02056;0.02056;0.01921;0.01947;5093950.99
20251129 000000;0.01947;0.01997;0.01898;0.01938;3288953.48
20251130 000000;0.01938;0.02051;0.01906;0.01953;3389238.51
20251201 000000;0.01953;0.01953;0.01758;0.01779;3482589.16
20251202 000000;0.01779;0.01903;0.01712;0.01857;3724602.75
20251203 000000;0.01857;0.01929;0.01827;0.01863;3419458.13
20251204 000000;0.01863;0.01889;0.01832;0.01844;3212871.58
20251205 000000;0.01844;0.01871;0.01731;0.01753;3667468.47
20251206 000000;0.01753;0.01765;0.01733;0.0174;3211471.2
20251207 000000;0.0174;0.01779;0.01687;0.01699;3258755.14
20251208 000000;0.01699;0.01732;0.0169;0.01702;3300241.79
20251209 000000;0.01702;0.01763;0.01665;0.01751;3670199.46
20251210 000000;0.01751;0.01751;0.01672;0.01681;3493987.79
20251211 000000;0.01681;0.01686;0.01627;0.01663;3568487.02
20251212 000000;0.01663;0.01668;0.01581;0.01593;3565414.1
20251213 000000;0.01593;0.01645;0.01585;0.01598;4992221.56
20251214 000000;0.01598;0.01598;0.01534;0.01541;3534314.67
20251215 000000;0.01541;0.01557;0.01398;0.01403;3799835.24
20251216 000000;0.01403;0.01406;0.01308;0.01338;4786663.96
20251217 000000;0.01338;0.01392;0.01242;0.01256;4345541.48
20251218 000000;0.01256;0.01299;0.01194;0.01218;4785113.65
20251219 000000;0.01218;0.01686;0.01196;0.01442;6275798.73
20251220 000000;0.01442;0.01578;0.01364;0.01382;4637531.95
20251221 000000;0.01382;0.01392;0.013;0.01314;4243715.31
20251222 000000;0.01314;0.01377;0.01312;0.01331;4975237.29
20251223 000000;0.01331;0.01352;0.01293;0.01314;4150429.44
20251224 000000;0.01314;0.01367;0.01306;0.01352;4313092.58
20251225 000000;0.01352;0.0138;0.0132;0.01322;4626504.72
20251226 000000;0.01322;0.01413;0.01318;0.01336;4397997.99
20251227 000000;0.01336;0.01376;0.01317;0.0137;4325886.33
20251228 000000;0.0137;0.01395;0.01348;0.01376;4288837.95
20251229 000000;0.01376;0.0147;0.01361;0.01437;5305767.59
20251230 000000;0.01437;0.01486;0.01394;0.01396;4555646.88
20251231 000000;0.01396;0.01403;0.01369;0.01373;4183606.73
