20250101 000000;0.0000000737;0.00000007653;0.00000007177;0.00000007502;418779726574
20250102 000000;0.00000007502;0.00000008016;0.00000007435;0.00000007861;573555508743
20250103 000000;0.00000007861;0.00000008304;0.00000007549;0.00000008294;495822509810
20250104 000000;0.00000008294;0.00000008345;0.00000008034;0.00000008168;361704467039
20250105 000000;0.00000008168;0.00000008911;0.00000007526;0.00000007945;534169651807
20250106 000000;0.00000007945;0.00000008389;0.00000007548;0.00000008043;661110081263
20250107 000000;0.00000008043;0.00000008258;0.000000072;0.00000007284;787423683932
20250108 000000;0.00000007284;0.00000007456;0.00000006582;0.0000000694;819738999472
20250109 000000;0.0000000694;0.00000007363;0.000000063;0.00000006388;878323179574
20250110 000000;0.00000006388;0.00000006917;0.00000006296;0.00000006888;586406388294
20250111 000000;0.00000006888;0.00000007415;0.0000000667;0.00000006836;585755093194
20250112 000000;0.00000006836;0.00000007117;0.00000006661;0.00000006945;310284780866
20250113 000000;0.00000006945;0.00000007106;0.00000005864;0.00000006327;767657109921
20250114 000000;0.00000006327;0.0000000672;0.00000006264;0.00000006696;417288132290
20250115 000000;0.00000006696;0.0000000726;0.00000006524;0.0000000714;446250658108
20250116 000000;0.0000000714;0.00000007172;0.00000006663;0.00000006682;434852818029
20250117 000000;0.00000006682;0.00000007527;0.00000006682;0.0000000743;582755469391
20250118 000000;0.0000000743;0.00000009758;0.00000006152;0.00000007018;3397745260665
20250119 000000;0.00000007018;0.00000010333;0.00000006696;0.00000007209;15692426533531
20250120 000000;0.00000007209;0.00000007269;0.00000006101;0.00000006421;5692075237415
20250121 000000;0.00000006421;0.00000007016;0.00000005924;0.00000006444;2771373837286
20250122 000000;0.00000006444;0.000000067;0.00000006204;0.00000006381;986586457473
20250123 000000;0.00000006381;0.00000009;0.00000006162;0.00000006704;1965594648618
20250124 000000;0.00000006704;0.0000000821;0.00000006524;0.00000007017;2783683851288
20250125 000000;0.00000007017;0.00000007469;0.00000006717;0.00000006811;1279117444327
20250126 000000;0.00000006811;0.000000072;0.00000006721;0.00000006721;793322925926
20250127 000000;0.00000006721;0.00000006721;0.00000005681;0.00000006107;2018863932867
20250128 000000;0.00000006107;0.00000006211;0.00000005407;0.000000055;670978536438
20250129 000000;0.000000055;0.00000005964;0.000000055;0.00000005792;455039820068
20250130 000000;0.00000005792;0.000000062;0.00000005778;0.00000005948;897352502470
20250131 000000;0.00000005948;0.00000006592;0.00000005839;0.00000006085;880330420948
20250201 000000;0.00000006085;0.00000006141;0.00000005147;0.00000005284;954222845105
20250202 000000;0.00000005284;0.0000000553;0.00000004413;0.00000004591;1292217520908
20250203 000000;0.00000004591;0.00000005183;0.00000003067;0.00000004855;3652093717434
20250204 000000;0.00000004855;0.00000004863;0.00000004331;0.0000000458;800229115813
20250205 000000;0.0000000458;0.00000004829;0.00000004453;0.00000004584;820717223710
20250206 000000;0.00000004584;0.00000004818;0.00000004377;0.0000000443;664965518505
20250207 000000;0.0000000443;0.0000000487;0.000000042;0.00000004528;696078984034
20250208 000000;0.00000004528;0.00000004625;0.00000004411;0.00000004601;563557284795
20250209 000000;0.00000004601;0.00000004894;0.00000004313;0.00000004552;913317328422
20250210 000000;0.00000004552;0.00000004651;0.00000004428;0.00000004544;649982006017
20250211 000000;0.00000004544;0.00000004835;0.00000004516;0.0000000474;731627122064
20250212 000000;0.0000000474;0.000000049;0.00000004462;0.0000000486;787483447322
20250213 000000;0.0000000486;0.00000005021;0.00000004644;0.00000004799;827827062718
20250214 000000;0.00000004799;0.00000005318;0.00000004738;0.00000004803;787681538659
20250215 000000;0.00000004803;0.00000004823;0.00000004652;0.00000004746;561142893596
20250216 000000;0.00000004746;0.00000004845;0.00000004647;0.00000004691;348098566054
20250217 000000;0.00000004691;0.00000004958;0.00000004603;0.00000004889;539124252679
20250218 000000;0.00000004889;0.00000004894;0.00000004466;0.00000004593;586246802077
20250219 000000;0.00000004593;0.00000004728;0.00000004249;0.00000004613;1511957646879
20250220 000000;0.00000004613;0.00000004636;0.00000003919;0.00000004132;1891678858360
20250221 000000;0.00000004132;0.00000004182;0.00000003233;0.00000003511;5082051634355
20250222 000000;0.00000003511;0.00000004004;0.0000000343;0.00000003858;1061854887957
20250223 000000;0.00000003858;0.00000004093;0.00000003794;0.00000003922;1022004353400
20250224 000000;0.00000003922;0.00000003957;0.00000003355;0.00000003424;1175100785650
20250225 000000;0.00000003424;0.00000003913;0.00000003376;0.00000003773;1929306120229
20250226 000000;0.00000003773;0.00000003839;0.00000003543;0.00000003686;735262774687
20250227 000000;0.00000003686;0.00000003913;0.00000003639;0.00000003712;1159825497133
20250228 000000;0.00000003712;0.00000003763;0.00000003378;0.00000003723;661478009421
20250301 000000;0.00000003723;0.0000000394;0.00000003467;0.00000003678;639136826653
20250302 000000;0.00000003678;0.00000004081;0.00000003629;0.00000004073;777570419697
20250303 000000;0.00000004073;0.00000004074;0.00000003309;0.0000000348;860703061031
20250304 000000;0.0000000348;0.00000003596;0.00000003213;0.00000003479;1020273538240
20250305 000000;0.00000003479;0.00000003749;0.0000000344;0.00000003661;563787723090
20250306 000000;0.00000003661;0.0000000388;0.00000003636;0.00000003831;455396386562
20250307 000000;0.00000003831;0.00000003958;0.00000003588;0.00000003613;880247505943
20250308 000000;0.00000003613;0.00000003732;0.00000003498;0.00000003521;842200011237
20250309 000000;0.00000003521;0.00000003524;0.0000000284;0.00000002975;1313212174861
20250310 000000;0.00000002975;0.00000003218;0.00000002764;0.00000002836;810542508166
20250311 000000;0.00000002836;0.00000002895;0.00000002562;0.00000002837;1377805575819
20250312 000000;0.00000002837;0.00000002926;0.00000002744;0.00000002852;563760469313
20250313 000000;0.00000002852;0.00000003117;0.00000002833;0.00000002991;695184362218
20250314 000000;0.00000002991;0.00000003292;0.00000002985;0.00000003094;529918836175
20250315 000000;0.00000003094;0.00000003201;0.00000003023;0.00000003094;663964230865
20250316 000000;0.00000003094;0.00000003116;0.00000002902;0.00000003011;961060257695
20250317 000000;0.00000003011;0.00000003196;0.00000003;0.00000003071;905232315630
20250318 000000;0.00000003071;0.00000005043;0.00000002902;0.00000003886;24758977647631
20250319 000000;0.00000003886;0.00000004459;0.00000003729;0.00000003971;8268647823785
20250320 000000;0.00000003971;0.00000003986;0.00000003677;0.00000003772;3169954827448
20250321 000000;0.00000003772;0.00000004464;0.000000037;0.0000000391;7168426201829
20250322 000000;0.0000000391;0.00000004095;0.00000003884;0.00000003945;2428967388723
20250323 000000;0.00000003945;0.00000004252;0.00000003851;0.00000004046;2534249122098
20250324 000000;0.00000004046;0.00000004244;0.00000003975;0.00000004019;2447959560322
20250325 000000;0.00000004019;0.000000047;0.00000003855;0.00000003877;5553163795997
20250326 000000;0.00000003877;0.00000003946;0.00000003543;0.00000003782;3880151757948
20250327 000000;0.00000003782;0.00000003843;0.00000003526;0.00000003607;1654695664761
20250328 000000;0.00000003607;0.00000003659;0.00000003369;0.00000003532;2079909043581
20250329 000000;0.00000003532;0.00000003594;0.00000003282;0.00000003341;2661429936766
20250330 000000;0.00000003341;0.00000003605;0.00000003308;0.00000003511;1994393811889
20250331 000000;0.00000003511;0.00000003609;0.00000003363;0.00000003441;3104715259194
20250401 000000;0.00000003441;0.00000003577;0.00000003393;0.00000003501;1263909633046
20250402 000000;0.00000003501;0.00000003505;0.00000003138;0.00000003155;3928425476098
20250403 000000;0.00000003155;0.00000003304;0.00000003064;0.00000003178;2747524168402
20250404 000000;0.00000003178;0.00000003307;0.00000003129;0.00000003294;2353428083643
20250405 000000;0.00000003294;0.00000003401;0.00000003213;0.00000003214;1406036386187
20250406 000000;0.00000003214;0.00000003272;0.00000002852;0.0000000293;3795528289216
20250407 000000;0.0000000293;0.00000003079;0.00000002666;0.0000000297;7435401824944
20250408 000000;0.0000000297;0.00000003078;0.00000002905;0.00000002922;1829571439162
20250409 000000;0.00000002922;0.00000003235;0.00000002864;0.00000003183;4163266112107
20250410 000000;0.00000003183;0.00000003262;0.0000000307;0.00000003126;1923461359225
20250411 000000;0.00000003126;0.00000003274;0.00000003122;0.00000003215;1720350448017
20250412 000000;0.00000003215;0.00000005791;0.00000003185;0.00000004292;60362189457195
20250413 000000;0.00000004292;0.00000004345;0.00000003519;0.00000003611;13684925319585
20250414 000000;0.00000003611;0.00000003745;0.00000003521;0.00000003582;5545273654731
20250415 000000;0.00000003582;0.0000000364;0.00000003324;0.00000003344;5106998254217
20250416 000000;0.00000003344;0.0000000352;0.00000003323;0.00000003455;2298169490550
20250417 000000;0.00000003455;0.00000004;0.00000003408;0.00000003595;3657123944166
20250418 000000;0.00000003595;0.00000003622;0.00000003415;0.00000003477;1837843327445
20250419 000000;0.00000003477;0.00000003525;0.00000003362;0.00000003484;1443477643075
20250420 000000;0.00000003484;0.00000003577;0.00000003331;0.0000000344;1407731541240
20250421 000000;0.0000000344;0.00000003811;0.00000003439;0.00000003511;2318955361227
20250422 000000;0.00000003511;0.0000000401;0.00000003453;0.00000003905;3293972006966
20250423 000000;0.00000003905;0.00000004277;0.00000003815;0.00000003891;2948310553593
20250424 000000;0.00000003891;0.00000004035;0.00000003788;0.0000000397;1910985878209
20250425 000000;0.0000000397;0.00000004257;0.00000003942;0.00000004163;1667531927201
20250426 000000;0.00000004163;0.00000005121;0.000000041;0.00000004601;4665107445802
20250427 000000;0.00000004601;0.00000004682;0.00000004194;0.00000004234;1351277611927
20250428 000000;0.00000004234;0.00000004636;0.00000004026;0.00000004547;1740602069905
20250429 000000;0.00000004547;0.00000005203;0.00000004443;0.00000004537;5785972123069
20250430 000000;0.00000004537;0.00000004771;0.00000004255;0.00000004494;2661934879689
20250501 000000;0.00000004494;0.00000004844;0.00000004362;0.00000004594;1731310745347
20250502 000000;0.00000004594;0.00000005271;0.00000004594;0.00000004986;2433779836613
20250503 000000;0.00000004986;0.0000000539;0.00000004667;0.00000004852;1742064131850
20250504 000000;0.00000004852;0.00000005122;0.00000004531;0.00000004634;2226032961911
20250505 000000;0.00000004634;0.00000004727;0.00000004415;0.00000004535;1606433351966
20250506 000000;0.00000004535;0.0000000458;0.00000004243;0.00000004432;1602207178516
20250507 000000;0.00000004432;0.00000004506;0.00000004215;0.00000004292;1621213907442
20250508 000000;0.00000004292;0.00000005499;0.00000004289;0.00000005369;3256188098888
20250509 000000;0.00000005369;0.00000006459;0.00000005128;0.00000006355;7121569307981
20250510 000000;0.00000006355;0.000000072;0.0000000574;0.00000006592;7258861655224
20250511 000000;0.00000006592;0.00000006592;0.00000005906;0.00000006103;2894538501815
20250512 000000;0.00000006103;0.00000006814;0.00000005508;0.00000005989;4281632463930
20250513 000000;0.00000005989;0.00000006543;0.00000005619;0.00000006255;1244970640598
20250514 000000;0.00000006255;0.00000006332;0.0000000573;0.00000005825;1789043362732
20250515 000000;0.00000005825;0.0000000587;0.00000005042;0.00000005232;3499411170440
20250516 000000;0.00000005232;0.00000005631;0.0000000502;0.00000005084;3471348116486
20250517 000000;0.00000005084;0.00000005224;0.00000004897;0.00000005105;1603516278484
20250518 000000;0.00000005105;0.00000005775;0.00000005087;0.00000005502;2192799154828
20250519 000000;0.00000005502;0.00000005512;0.00000005008;0.00000005331;1413203351606
20250520 000000;0.00000005331;0.00000005583;0.00000005101;0.00000005432;1696098875066
20250521 000000;0.00000005432;0.00000005983;0.00000005354;0.00000005681;2062560232653
20250522 000000;0.00000005681;0.00000006133;0.00000005678;0.00000005835;1418825348550
20250523 000000;0.00000005835;0.00000006152;0.00000004999;0.00000005049;2336956457909
20250524 000000;0.00000005049;0.00000005178;0.00000004829;0.00000004879;1349091229250
20250525 000000;0.00000004879;0.00000005223;0.000000047;0.00000005203;2011061297267
20250526 000000;0.00000005203;0.0000000549;0.00000005152;0.00000005385;1369965010636
20250527 000000;0.00000005385;0.00000005409;0.00000005;0.00000005079;1953197428968
20250528 000000;0.00000005079;0.00000005132;0.00000004797;0.00000005003;1786464736459
20250529 000000;0.00000005003;0.00000005338;0.00000004966;0.00000005014;2059166371736
20250530 000000;0.00000005014;0.00000005063;0.00000004098;0.00000004281;4324991262479
20250531 000000;0.00000004281;0.00000004601;0.00000004022;0.00000004522;2548020449515
20250601 000000;0.00000004522;0.00000004578;0.00000004309;0.00000004538;1365465030782
20250602 000000;0.00000004538;0.00000004585;0.00000004254;0.00000004564;1476637841557
20250603 000000;0.00000004564;0.00000004662;0.00000004485;0.00000004536;958640763238
20250604 000000;0.00000004536;0.00000004626;0.00000004288;0.00000004313;1503631033243
20250605 000000;0.00000004313;0.00000004411;0.00000003932;0.00000004035;1964650542610
20250606 000000;0.00000004035;0.00000004275;0.00000003987;0.00000004167;940596862786
20250607 000000;0.00000004167;0.000000043;0.00000004152;0.00000004283;836327130663
20250608 000000;0.00000004283;0.00000004285;0.00000004149;0.0000000418;800544349557
20250609 000000;0.0000000418;0.0000000448;0.00000004;0.00000004477;960006615149
20250610 000000;0.00000004477;0.00000004784;0.00000004427;0.00000004722;1478753569625
20250611 000000;0.00000004722;0.00000004726;0.00000004491;0.000000046;1396941177881
20250612 000000;0.000000046;0.000000046;0.00000004246;0.00000004281;1177042490529
20250613 000000;0.00000004281;0.00000004281;0.0000000392;0.00000004129;2273434887783
20250614 000000;0.00000004129;0.00000005519;0.00000004107;0.00000004844;18301288023273
20250615 000000;0.00000004844;0.00000005115;0.00000004424;0.0000000457;5932716983294
20250616 000000;0.0000000457;0.00000004655;0.00000004334;0.00000004344;5428885047333
20250617 000000;0.00000004344;0.00000004452;0.00000004055;0.00000004126;5088106841379
20250618 000000;0.00000004126;0.00000004205;0.00000003902;0.00000004095;4416985418125
20250619 000000;0.00000004095;0.0000000418;0.00000003985;0.0000000405;1650169372038
20250620 000000;0.0000000405;0.00000004131;0.00000003795;0.00000003861;1940311560736
20250621 000000;0.00000003861;0.00000003878;0.0000000357;0.00000003688;1281774668016
20250622 000000;0.00000003688;0.00000003753;0.0000000328;0.00000003555;3032190514111
20250623 000000;0.00000003555;0.00000003957;0.00000003553;0.00000003924;4833844767003
20250624 000000;0.00000003924;0.00000003982;0.00000003823;0.00000003912;5283486301616
20250625 000000;0.00000003912;0.00000003965;0.00000003683;0.00000003752;3353525621773
20250626 000000;0.00000003752;0.00000003833;0.0000000359;0.00000003637;2499398304275
20250627 000000;0.00000003637;0.00000003707;0.00000003588;0.00000003659;2711429436366
20250628 000000;0.00000003659;0.0000000381;0.00000003638;0.00000003782;1834109061000
20250629 000000;0.00000003782;0.0000000393;0.00000003731;0.00000003888;2377065912878
20250630 000000;0.00000003888;0.00000003894;0.00000003693;0.00000003757;1384787711435
20250701 000000;0.00000003757;0.00000003764;0.00000003599;0.00000003618;2152291438211
20250702 000000;0.00000003618;0.0000000391;0.00000003607;0.00000003842;1355389952446
20250703 000000;0.00000003842;0.00000003983;0.000000038;0.00000003854;1236679501280
20250704 000000;0.00000003854;0.00000003854;0.00000003653;0.00000003737;687961235406
20250705 000000;0.00000003737;0.00000003799;0.00000003605;0.00000003651;935031179285
20250706 000000;0.00000003651;0.00000003785;0.00000003566;0.00000003726;778385312095
20250707 000000;0.00000003726;0.00000003726;0.0000000357;0.00000003596;646170547485
20250708 000000;0.00000003596;0.00000003761;0.00000003567;0.00000003688;755005730575
20250709 000000;0.00000003688;0.00000003924;0.00000003645;0.00000003899;1467467783775
20250710 000000;0.00000003899;0.00000004197;0.00000003781;0.00000004148;1764147132524
20250711 000000;0.00000004148;0.00000004268;0.00000003936;0.00000004034;2451879503944
20250712 000000;0.00000004034;0.00000004123;0.00000003733;0.00000003846;1590426857811
20250713 000000;0.00000003846;0.00000004044;0.00000003758;0.00000003821;2177936037265
20250714 000000;0.00000003821;0.00000004083;0.0000000372;0.00000003836;2156012907962
20250715 000000;0.00000003836;0.00000003985;0.00000003622;0.00000003981;1131928603061
20250716 000000;0.00000003981;0.00000004271;0.00000003746;0.00000004086;4136434607279
20250717 000000;0.00000004086;0.00000004466;0.00000003881;0.00000004286;4091398698633
20250718 000000;0.00000004286;0.00000004353;0.00000003851;0.00000003977;5542108385323
20250719 000000;0.00000003977;0.00000004082;0.00000003874;0.00000004014;1172090621047
20250720 000000;0.00000004014;0.00000004306;0.0000000399;0.00000004145;1645859051762
20250721 000000;0.00000004145;0.00000004411;0.0000000402;0.00000004382;2492571594972
20250722 000000;0.00000004382;0.00000004428;0.000000042;0.00000004335;2058731403746
20250723 000000;0.00000004335;0.00000004446;0.0000000384;0.00000003968;3310021658831
20250724 000000;0.00000003968;0.00000004057;0.00000003671;0.00000003831;2661983911324
20250725 000000;0.00000003831;0.00000004279;0.00000003708;0.00000003943;4468422336866
20250726 000000;0.00000003943;0.00000004007;0.00000003712;0.00000003789;2569773948758
20250727 000000;0.00000003789;0.00000004039;0.00000003739;0.00000003764;1658226104129
20250728 000000;0.00000003764;0.00000003896;0.00000003659;0.00000003677;2393463582499
20250729 000000;0.00000003677;0.00000003789;0.00000003616;0.00000003684;1667038961836
20250730 000000;0.00000003684;0.00000003751;0.00000003387;0.0000000357;2306357311438
20250731 000000;0.0000000357;0.00000003727;0.00000003383;0.00000003387;1361165013233
20250801 000000;0.00000003387;0.00000003476;0.00000003105;0.00000003177;3384763289785
20250802 000000;0.00000003177;0.00000003253;0.00000002968;0.00000003033;2005564966723
20250803 000000;0.00000003033;0.00000003195;0.00000002997;0.00000003158;1688619918155
20250804 000000;0.00000003158;0.00000003268;0.00000003139;0.00000003254;1076333339656
20250805 000000;0.00000003254;0.00000003254;0.0000000307;0.00000003118;1157443177499
20250806 000000;0.00000003118;0.00000003276;0.00000003077;0.00000003269;647412190559
20250807 000000;0.00000003269;0.00000003293;0.00000003118;0.00000003291;1017751641757
20250808 000000;0.00000003291;0.00000003307;0.00000003115;0.00000003256;1231092467915
20250809 000000;0.00000003256;0.00000003376;0.00000003244;0.00000003297;2294030903728
20250810 000000;0.00000003297;0.00000003353;0.00000003173;0.00000003213;2191247693520
20250811 000000;0.00000003213;0.00000003258;0.00000002978;0.00000003048;1939588947976
20250812 000000;0.00000003048;0.00000003375;0.00000003005;0.00000003349;1688542011756
20250813 000000;0.00000003349;0.00000003446;0.00000003271;0.00000003357;1521905948742
20250814 000000;0.00000003357;0.00000003392;0.0000000305;0.0000000314;1843603109088
20250815 000000;0.0000000314;0.00000003205;0.00000003023;0.00000003136;859901686562
20250816 000000;0.00000003136;0.00000003174;0.00000003087;0.0000000315;577418235451
20250817 000000;0.0000000315;0.00000003298;0.00000003122;0.00000003172;1021184610897
20250818 000000;0.00000003172;0.0000000324;0.0000000302;0.00000003182;986190398048
20250819 000000;0.00000003182;0.00000003224;0.00000002977;0.00000002983;1066865692409
20250820 000000;0.00000002983;0.0000000309;0.00000002897;0.00000003068;1716937301332
20250821 000000;0.00000003068;0.00000003085;0.00000002971;0.00000002985;737002238322
20250822 000000;0.00000002985;0.00000003313;0.00000002898;0.00000003293;2595665839351
20250823 000000;0.00000003293;0.00000003293;0.00000003146;0.00000003261;667537319537
20250824 000000;0.00000003261;0.00000003292;0.00000003104;0.00000003149;1029412154075
20250825 000000;0.00000003149;0.00000003149;0.00000002837;0.00000002924;1363944015100
20250826 000000;0.00000002924;0.00000003069;0.00000002875;0.00000003049;1225887762931
20250827 000000;0.00000003049;0.00000003092;0.00000002963;0.00000002982;1264423052647
20250828 000000;0.00000002982;0.00000003134;0.00000002981;0.00000003114;1374626067687
20250829 000000;0.00000003114;0.00000003173;0.00000002823;0.00000002916;2168119765628
20250830 000000;0.00000002916;0.00000002962;0.0000000286;0.00000002953;766478568714
20250831 000000;0.00000002953;0.0000000302;0.00000002948;0.00000002948;429990682639
20250901 000000;0.00000002948;0.00000002957;0.00000002775;0.00000002837;1146542754625
20250902 000000;0.00000002837;0.00000002915;0.00000002819;0.00000002888;841332656224
20250903 000000;0.00000002888;0.00000003152;0.00000002874;0.00000003089;2259212901701
20250904 000000;0.00000003089;0.00000003115;0.00000002957;0.00000003008;2010959806284
20250905 000000;0.00000003008;0.00000003265;0.00000003006;0.00000003132;1524505039050
20250906 000000;0.00000003132;0.00000003148;0.00000003011;0.00000003044;655549001795
20250907 000000;0.00000003044;0.00000003114;0.00000003044;0.00000003087;543162851285
20250908 000000;0.00000003087;0.00000003147;0.00000003044;0.00000003109;753559306374
20250909 000000;0.00000003109;0.00000003239;0.00000003034;0.00000003153;1048934523366
20250910 000000;0.00000003153;0.00000003278;0.00000003037;0.00000003133;1214780865666
20250911 000000;0.00000003133;0.00000003151;0.00000003027;0.00000003068;1074627642980
20250912 000000;0.00000003068;0.00000003281;0.00000003064;0.00000003218;1226131540421
20250913 000000;0.00000003218;0.00000003293;0.0000000317;0.0000000322;1414759434385
20250914 000000;0.0000000322;0.00000003278;0.00000003077;0.00000003103;2353616645989
20250915 000000;0.00000003103;0.00000003196;0.00000002949;0.00000002997;1883146039180
20250916 000000;0.00000002997;0.00000003079;0.00000002966;0.00000003015;839754934241
20250917 000000;0.00000003015;0.00000003203;0.00000003001;0.00000003155;1059267238274
20250918 000000;0.00000003155;0.00000003225;0.00000003095;0.00000003131;789548902125
20250919 000000;0.00000003131;0.00000003164;0.00000002953;0.00000002975;885749285232
20250920 000000;0.00000002975;0.00000002987;0.000000029;0.00000002923;838071035322
20250921 000000;0.00000002923;0.00000002984;0.00000002921;0.00000002975;726697121063
20250922 000000;0.00000002975;0.00000002982;0.00000002484;0.00000002603;3861351524445
20250923 000000;0.00000002603;0.00000002703;0.00000002567;0.00000002674;1180977343651
20250924 000000;0.00000002674;0.00000002707;0.00000002588;0.00000002638;663280074839
20250925 000000;0.00000002638;0.00000002649;0.00000002359;0.00000002418;1243759696796
20250926 000000;0.00000002418;0.00000002607;0.00000002418;0.00000002605;742985569182
20250927 000000;0.00000002605;0.00000002746;0.00000002599;0.00000002728;1776569447821
20250928 000000;0.00000002728;0.00000002846;0.00000002662;0.00000002832;1021715121706
20250929 000000;0.00000002832;0.00000002873;0.00000002699;0.00000002793;897933903376
20250930 000000;0.00000002793;0.000000028;0.00000002602;0.00000002637;1990943621649
20251001 000000;0.00000002637;0.00000002759;0.00000002265;0.0000000234;4682815461278
20251002 000000;0.0000000234;0.00000002503;0.00000002333;0.00000002362;3677370458476
20251003 000000;0.00000002362;0.00000002521;0.00000002341;0.00000002463;2501961513300
20251004 000000;0.00000002463;0.00000002485;0.00000002306;0.00000002366;3165081784650
20251005 000000;0.00000002366;0.00000002399;0.00000002205;0.00000002255;3336171087906
20251006 000000;0.00000002255;0.00000002309;0.00000002078;0.00000002177;5802921061946
20251007 000000;0.00000002177;0.00000002204;0.00000002015;0.00000002045;5244276954368
20251008 000000;0.00000002045;0.0000000226;0.00000002023;0.00000002179;3688585602401
20251009 000000;0.00000002179;0.00000002203;0.00000002052;0.00000002137;3349396107922
20251010 000000;0.00000002137;0.00000002176;0.00000001485;0.0000000195;4812141034794
20251011 000000;0.0000000195;0.00000001954;0.00000001606;0.00000001762;4397649619410
20251012 000000;0.00000001762;0.00000002078;0.00000001751;0.00000002019;3649866853165
20251013 000000;0.00000002019;0.00000002182;0.00000001952;0.00000002118;3543952001922
20251014 000000;0.00000002118;0.00000002121;0.00000001924;0.00000002052;3162185865887
20251015 000000;0.00000002052;0.00000002083;0.00000001922;0.00000001953;3075013136671
20251016 000000;0.00000001953;0.00000002008;0.00000001855;0.00000001895;3485437181989
20251017 000000;0.00000001895;0.00000001938;0.00000001766;0.00000001885;3330957899180
20251018 000000;0.00000001885;0.00000002201;0.00000001837;0.00000001975;3319649288756
20251019 000000;0.00000001975;0.00000002146;0.00000001951;0.00000001998;3155543147246
20251020 000000;0.00000001998;0.0000000211;0.0000000196;0.00000001981;3222955316309
20251021 000000;0.00000001981;0.00000002029;0.00000001891;0.00000001898;3054975105035
20251022 000000;0.00000001898;0.00000001955;0.00000001743;0.00000001799;3389476893162
20251023 000000;0.00000001799;0.0000000197;0.00000001792;0.00000001821;3149095504768
20251024 000000;0.00000001821;0.0000000191;0.0000000181;0.00000001829;3204403145965
20251025 000000;0.00000001829;0.00000001904;0.00000001811;0.00000001854;3003942042113
20251026 000000;0.00000001854;0.00000001943;0.00000001826;0.00000001927;2969727427703
20251027 000000;0.00000001927;0.00000001999;0.00000001869;0.00000001888;3186598251674
20251028 000000;0.00000001888;0.00000001906;0.00000001791;0.00000001806;3095629333557
20251029 000000;0.00000001806;0.00000001871;0.0000000178;0.000000018;3565507438348
20251030 000000;0.000000018;0.00000001823;0.00000001669;0.00000001732;3452535755516
20251031 000000;0.00000001732;0.00000001773;0.00000001677;0.00000001724;3359411232599
20251101 000000;0.00000001724;0.00000001767;0.00000001627;0.00000001742;3547941199053
20251102 000000;0.00000001742;0.00000001751;0.00000001643;0.00000001717;3586088834755
20251103 000000;0.00000001717;0.00000001727;0.00000001385;0.00000001453;4576805632782
20251104 000000;0.00000001453;0.00000001507;0.00000001286;0.00000001343;5222492156507
20251105 000000;0.00000001343;0.00000001524;0.00000001315;0.00000001488;3987874550548
20251106 000000;0.00000001488;0.00000001502;0.00000001385;0.00000001407;3958003122957
20251107 000000;0.00000001407;0.00000001536;0.00000001396;0.00000001484;4188215964814
20251108 000000;0.00000001484;0.00000001501;0.00000001448;0.00000001462;4031605314561
20251109 000000;0.00000001462;0.00000001498;0.00000001402;0.00000001435;4155707489536
20251110 000000;0.00000001435;0.00000001462;0.00000001375;0.00000001395;4302842532013
20251111 000000;0.00000001395;0.0000000145;0.00000001385;0.00000001398;4118793458209
20251112 000000;0.00000001398;0.00000001409;0.00000001324;0.00000001369;4139236707134
20251113 000000;0.00000001369;0.00000001473;0.00000001326;0.0000000135;4267895401363
20251114 000000;0.0000000135;0.0000000137;0.0000000119;0.00000001218;4742266037941
20251115 000000;0.00000001218;0.00000001289;0.00000001204;0.00000001251;4611099389737
20251116 000000;0.00000001251;0.00000001396;0.00000001182;0.00000001205;4685746864531
20251117 000000;0.00000001205;0.00000001258;0.00000001118;0.00000001157;5028511409144
20251118 000000;0.00000001157;0.00000001237;0.00000001152;0.00000001204;4926630663450
20251119 000000;0.00000001204;0.00000001267;0.00000001093;0.0000000117;5371256631875
20251120 000000;0.0000000117;0.00000001182;0.000000011;0.00000001121;5280509255607
20251121 000000;0.00000001121;0.00000001145;0.00000001041;0.00000001112;5582718768799
20251122 000000;0.00000001112;0.00000001144;0.00000001064;0.00000001117;4904835039144
20251123 000000;0.00000001117;0.0000000123;0.00000001106;0.00000001179;4763082463335
20251124 000000;0.00000001179;0.00000001272;0.00000001162;0.00000001235;4844613885952
20251125 000000;0.00000001235;0.00000001256;0.00000001189;0.00000001222;5070918901079
20251126 000000;0.00000001222;0.00000001255;0.00000001186;0.00000001241;4759605760685
20251127 000000;0.00000001241;0.00000001283;0.000000012;0.00000001237;4630135602320
20251128 000000;0.00000001237;0.00000001377;0.000000012;0.00000001334;4661382910686
20251129 000000;0.00000001334;0.00000002232;0.00000001334;0.00000001786;6819034471825
20251130 000000;0.00000001786;0.00000001808;0.00000001108;0.00000001272;8763002934218
20251201 000000;0.00000001272;0.0000000128;0.00000001089;0.00000001116;6038256073118
20251202 000000;0.00000001116;0.00000001327;0.00000001098;0.00000001266;5519418760542
20251203 000000;0.00000001266;0.00000001266;0.00000001139;0.00000001199;5306806503922
20251204 000000;0.00000001199;0.00000001293;0.00000001146;0.00000001176;6007904448566
20251205 000000;0.00000001176;0.00000001211;0.00000001128;0.00000001169;10260476722892
20251206 000000;0.00000001169;0.0000000117;0.00000001115;0.00000001137;34161301850306
20251207 000000;0.00000001137;0.00000001187;0.00000001089;0.00000001153;4873417892313
20251208 000000;0.00000001153;0.00000001218;0.00000001129;0.00000001206;4801039418345
20251209 000000;0.00000001206;0.00000001234;0.00000001139;0.00000001144;4997756785897
20251210 000000;0.00000001144;0.0000000117;0.00000001119;0.00000001128;4802071889919
20251211 000000;0.00000001128;0.00000001128;0.00000000969;0.00000001074;7362775454011
20251212 000000;0.00000001074;0.00000001094;0.00000001003;0.00000001024;5357336141326
20251213 000000;0.00000001024;0.00000001067;0.00000001022;0.00000001047;5308365694662
20251214 000000;0.00000001047;0.00000001075;0.0000000102;0.00000001025;5109128120585
20251215 000000;0.00000001025;0.00000001072;0.00000000925;0.0000000094;7780130142904
20251216 000000;0.0000000094;0.000000009714;0.000000008853;0.000000009427;6103231113205
20251217 000000;0.000000009427;0.000000009911;0.000000009174;0.000000009256;5771826609889
20251218 000000;0.000000009256;0.000000009693;0.000000009138;0.000000009384;5970451510328
20251219 000000;0.000000009384;0.000000013458;0.000000009358;0.000000010951;6455641935101
20251220 000000;0.000000010951;0.000000011089;0.000000010426;0.000000010478;5241199821698
20251221 000000;0.000000010478;0.000000010736;0.000000010271;0.000000010372;5394522366327
20251222 000000;0.000000010372;0.000000010775;0.000000009929;0.000000010015;5517048699633
20251223 000000;0.000000010015;0.000000010558;0.000000009416;0.000000009724;10597943579548
20251224 000000;0.000000009724;0.000000009787;0.000000008503;0.000000008549;8980135241302
20251225 000000;0.000000008549;0.00000000883;0.000000008442;0.000000008486;8542933677995
20251226 000000;0.000000008486;0.000000008764;0.000000008117;0.000000008256;13215001495059
20251227 000000;0.000000008256;0.000000008811;0.000000008162;0.000000008306;6794282759794
20251228 000000;0.000000008306;0.000000008617;0.00000000801;0.000000008259;7148405163390
20251229 000000;0.000000008259;0.000000009157;0.000000007867;0.000000007979;7805460661456
20251230 000000;0.000000007979;0.000000008453;0.000000007769;0.000000007969;7011119708297
20251231 000000;0.000000007969;0.00000000837;0.00000000795;0.000000008264;7190747290950
