20260101 000000;0.000000008264;0.000000010246;0.000000008111;0.000000009757;8268003087451
20260102 000000;0.000000009757;0.000000010441;0.00000000923;0.000000009706;8063122381210
20260103 000000;0.000000009706;0.000000009879;0.00000000937;0.000000009476;6688843104351
20260104 000000;0.000000009476;0.000000010917;0.000000009317;0.00000001088;7477140450146
20260105 000000;0.00000001088;0.000000013599;0.000000010188;0.000000012588;7911265408389
20260106 000000;0.000000012588;0.000000014566;0.000000012281;0.000000013091;6212900797187
20260107 000000;0.000000013091;0.000000013414;0.00000001168;0.000000011837;4786936807441
20260108 000000;0.000000011837;0.000000012915;0.000000011233;0.000000011604;5355241520872
20260109 000000;0.000000011604;0.000000012563;0.000000011296;0.000000011914;4952283438184
20260110 000000;0.000000011914;0.000000012559;0.000000011366;0.000000011559;5172490634464
20260111 000000;0.000000011559;0.000000011931;0.000000011394;0.00000001155;5302150842249
20260112 000000;0.00000001155;0.000000011969;0.000000010867;0.000000010988;5509550252091
20260113 000000;0.000000010988;0.000000012118;0.000000010634;0.000000012092;6078273329071
20260114 000000;0.000000012092;0.000000012296;0.000000011649;0.000000011838;4993571074593
20260115 000000;0.000000011838;0.000000012102;0.000000011056;0.000000011278;5863883048862
20260116 000000;0.000000011278;0.000000011996;0.000000011001;0.00000001105;5449523931941
20260117 000000;0.00000001105;0.00000001148;0.000000011014;0.000000011338;5237479792481
20260118 000000;0.000000011338;0.00000001147;0.00000001119;0.000000011212;5051723590669
20260119 000000;0.000000011212;0.000000011358;0.000000010368;0.000000010949;6328242004325
20260120 000000;0.000000010949;0.000000010998;0.000000009901;0.000000009981;5870838687639
20260121 000000;0.000000009981;0.000000010631;0.000000009816;0.00000001042;5851622007466
20260122 000000;0.00000001042;0.000000010743;0.000000009907;0.000000010293;5917263197938
20260123 000000;0.000000010293;0.000000010728;0.000000010194;0.000000010403;5667004529834
20260124 000000;0.000000010403;0.000000010439;0.000000009652;0.000000009769;6077934229398
20260125 000000;0.000000009769;0.00000000986;0.000000008898;0.000000009027;6484842174108
20260126 000000;0.000000009027;0.000000009713;0.000000008994;0.000000009528;5869069020592
20260127 000000;0.000000009528;0.000000009935;0.000000009276;0.000000009543;6148898727668
20260128 000000;0.000000009543;0.00000000969;0.00000000935;0.000000009381;6018592419528
20260129 000000;0.000000009381;0.000000009519;0.000000008664;0.000000009095;6190943689069
20260130 000000;0.000000009095;0.000000009131;0.000000008603;0.00000000867;6549364719927
20260131 000000;0.00000000867;0.000000009138;0.000000007594;0.000000008048;7745105387760
20260201 000000;0.000000008048;0.000000008258;0.000000007488;0.000000007573;7433208267685
20260202 000000;0.000000007573;0.000000008531;0.00000000737;0.000000008099;7603600978612
20260203 000000;0.000000008099;0.000000008184;0.000000007515;0.000000007676;7615689835845
20260204 000000;0.000000007676;0.000000008146;0.0000000074;0.000000007444;7172163267947
20260205 000000;0.000000007444;0.00000000763;0.000000006287;0.000000006467;9378850072013
20260206 000000;0.000000006467;0.000000007447;0.00000000618;0.000000007375;9692068582204
20260207 000000;0.000000007375;0.000000007566;0.000000007101;0.000000007461;7742193422637
20260208 000000;0.000000007461;0.000000007489;0.000000007176;0.000000007229;7370787249748
20260209 000000;0.000000007229;0.000000007629;0.000000006719;0.000000006825;8353221061255
20260210 000000;0.000000006825;0.000000007033;0.000000006556;0.000000006876;8737979510631
20260211 000000;0.000000006876;0.000000007249;0.000000006757;0.000000006922;8873314113849
20260212 000000;0.000000006922;0.00000000705;0.000000006555;0.00000000682;9035506749462
20260213 000000;0.00000000682;0.000000007495;0.000000006553;0.000000007231;8293394422093
20260214 000000;0.000000007231;0.000000008955;0.000000007211;0.000000008576;8869637427368
20260215 000000;0.000000008576;0.000000009748;0.000000007999;0.000000008086;7875328728490
20260216 000000;0.000000008086;0.000000008465;0.000000008043;0.000000008228;6829818444480
20260217 000000;0.000000008228;0.00000000904;0.000000008123;0.000000008758;6884873193706
20260218 000000;0.000000008758;0.000000012996;0.000000008491;0.00000001107;8863106459102
20260219 000000;0.00000001107;0.000000011086;0.000000009675;0.000000010003;6079353192938
20260220 000000;0.000000010003;0.000000010104;0.000000008739;0.000000009037;5709710616732
20260221 000000;0.000000009037;0.000000009795;0.000000008824;0.000000009113;6271314143339
20260222 000000;0.000000009113;0.000000010279;0.000000008335;0.000000008504;8194431949878
20260223 000000;0.000000008504;0.0000000086;0.000000007812;0.000000008114;6957212405549
20260224 000000;0.000000008114;0.000000008249;0.000000007337;0.000000007854;8474956337917
20260225 000000;0.000000007854;0.000000009401;0.000000007821;0.000000009104;7154974614390
20260226 000000;0.000000009104;0.000000009934;0.000000008564;0.000000009122;6804197740350
20260227 000000;0.000000009122;0.000000009523;0.000000008609;0.000000008943;6310692352140
20260228 000000;0.000000008943;0.000000009233;0.000000008074;0.000000008647;6565975547150
20260301 000000;0.000000008647;0.000000009057;0.000000008403;0.000000008541;6559540981047
20260302 000000;0.000000008541;0.000000009231;0.000000008503;0.000000009021;6537044173629
20260303 000000;0.000000009021;0.000000009032;0.000000008374;0.00000000872;6394619932745
20260304 000000;0.00000000872;0.0000000124;0.000000008508;0.000000009733;6551833193418
20260305 000000;0.000000009733;0.000000011965;0.000000009487;0.000000010034;6584381809169
20260306 000000;0.000000010034;0.000000010153;0.000000008999;0.000000009243;6517354062991
20260307 000000;0.000000009243;0.000000009321;0.000000008858;0.000000009024;6266795762283
20260308 000000;0.000000009024;0.000000009792;0.000000008799;0.000000009072;6265841242114
20260309 000000;0.000000009072;0.000000010081;0.000000009031;0.000000009815;6621615508117
20260310 000000;0.000000009815;0.000000010021;0.000000009402;0.000000009779;5978967117564
20260311 000000;0.000000009779;0.000000009791;0.000000009341;0.000000009561;6091540603866
20260312 000000;0.000000009561;0.000000010326;0.000000009359;0.000000009684;5987251884831
20260313 000000;0.000000009684;0.000000009889;0.000000009001;0.000000009135;6081335296774
20260314 000000;0.000000009135;0.000000012001;0.000000008952;0.000000009596;6625210046014
20260315 000000;0.000000009596;0.000000010062;0.000000009525;0.000000010002;5660366163089
20260316 000000;0.000000010002;0.000000010836;0.000000009959;0.000000010784;5748545877341
20260317 000000;0.000000010784;0.000000010875;0.00000001014;0.00000001059;6117642146972
20260318 000000;0.00000001059;0.000000010857;0.000000009732;0.000000010079;5924265596642
20260319 000000;0.000000010079;0.000000010331;0.000000009492;0.00000000965;6133627313901
20260320 000000;0.00000000965;0.000000010436;0.000000009627;0.000000009969;5774878455606
20260321 000000;0.000000009969;0.00000001021;0.000000009565;0.000000009578;6244574925199
20260322 000000;0.000000009578;0.00000000974;0.00000000935;0.000000009618;6189916311167
20260323 000000;0.000000009618;0.000000011;0.000000009491;0.000000010448;6105442953953
20260324 000000;0.000000010448;0.000000011195;0.000000009943;0.000000010284;5896504352210
20260325 000000;0.000000010284;0.000000010589;0.000000010003;0.000000010476;5594361600628
20260326 000000;0.000000010476;0.000000010488;0.000000009441;0.000000009689;6360939009880
20260327 000000;0.000000009689;0.000000009773;0.000000008977;0.000000009286;6062731512449
20260328 000000;0.000000009286;0.000000009643;0.000000009286;0.000000009563;5850114741922
20260329 000000;0.000000009563;0.000000010663;0.000000009502;0.000000010147;6067338487861
20260330 000000;0.000000010147;0.000000010549;0.000000009822;0.000000009957;5416774784937
20260331 000000;0.000000009957;0.000000010233;0.000000009209;0.000000009704;6525048568302
20260401 000000;0.000000009704;0.000000010299;0.000000009613;0.000000009773;6150680077061
20260402 000000;0.000000009773;0.000000009812;0.000000009192;0.000000009327;6142555017729
20260403 000000;0.000000009327;0.000000010341;0.000000009291;0.000000009777;5796144856243
20260404 000000;0.000000009777;0.000000010355;0.000000009711;0.000000009985;5944581335808
20260405 000000;0.000000009985;0.000000010344;0.000000009655;0.000000010023;5476354158158
20260406 000000;0.000000010023;0.000000010453;0.000000009942;0.000000009953;5767713660576
20260407 000000;0.000000009953;0.000000010674;0.000000009649;0.000000010514;5537898697430
20260408 000000;0.000000010514;0.000000010582;0.00000001015;0.000000010153;5468028930108
20260409 000000;0.000000010153;0.000000010393;0.000000009974;0.00000001019;5588999205154
20260410 000000;0.00000001019;0.000000010701;0.000000009512;0.000000010413;5905653695184
20260411 000000;0.000000010413;0.000000012677;0.000000010207;0.000000011328;5728207555842
20260412 000000;0.000000011328;0.000000011361;0.000000010316;0.000000010789;5694739166834
20260413 000000;0.000000010789;0.000000012134;0.000000010604;0.000000011937;6081331006940
20260414 000000;0.000000011937;0.000000012181;0.000000011005;0.000000011256;4899653410621
20260415 000000;0.000000011256;0.00000001198;0.000000010076;0.000000010863;5778692889263
20260416 000000;0.000000010863;0.000000011123;0.000000010492;0.000000010905;5829122855777
20260417 000000;0.000000010905;0.000000011888;0.000000010609;0.000000011197;5787910226396
20260418 000000;0.000000011197;0.000000012194;0.000000011;0.000000011317;5607123308275
20260419 000000;0.000000011317;0.00000001239;0.000000010831;0.000000011;5892219226015
20260420 000000;0.000000011;0.000000011523;0.000000010877;0.000000011171;6007907896018
20260421 000000;0.000000011171;0.000000011339;0.000000010938;0.000000010991;5300611445981
20260422 000000;0.000000010991;0.000000011637;0.000000010931;0.000000011144;5555228384692
20260423 000000;0.000000011144;0.000000011191;0.000000010848;0.000000010927;5489068985939
20260424 000000;0.000000010927;0.000000011165;0.00000001082;0.000000010874;5621945739191
20260425 000000;0.000000010874;0.000000010936;0.00000001074;0.000000010847;5298454251553
20260426 000000;0.000000010847;0.000000011079;0.000000010694;0.000000010742;5242312462837
20260427 000000;0.000000010742;0.000000010911;0.000000010038;0.00000001018;5794789537558
20260428 000000;0.00000001018;0.000000010345;0.0000000096;0.000000010023;6055140760223
20260429 000000;0.000000010023;0.000000010825;0.000000009867;0.000000009941;6009142548226
20260430 000000;0.000000009941;0.000000010392;0.000000009819;0.000000009971;5997482268565
20260501 000000;0.000000009971;0.000000010277;0.000000009924;0.000000010133;5460204827847
20260502 000000;0.000000010133;0.000000010218;0.000000009988;0.00000001008;5833824544777
20260503 000000;0.00000001008;0.000000010123;0.000000009603;0.000000009824;5964827334895
20260504 000000;0.000000009824;0.000000010059;0.000000009615;0.000000009795;6266459917660
20260505 000000;0.000000009795;0.000000010009;0.000000009455;0.000000009617;6357863119619
20260506 000000;0.000000009617;0.000000009866;0.0000000093;0.000000009653;6299065564327
20260507 000000;0.000000009653;0.000000009776;0.00000000924;0.000000009511;6610161987574
20260508 000000;0.000000009511;0.000000010638;0.000000009331;0.000000009618;6999493349523
20260509 000000;0.000000009618;0.000000009953;0.00000000948;0.000000009953;6030047849102
20260510 000000;0.000000009953;0.000000010417;0.000000009694;0.000000009847;6852003358898
20260511 000000;0.000000009847;0.000000010056;0.000000009709;0.0000000099;6301572734567
20260512 000000;0.0000000099;0.000000010045;0.000000009483;0.000000009585;6006949207632
20260513 000000;0.000000009585;0.000000009892;0.000000009431;0.000000009493;6404331619000
20260514 000000;0.000000009493;0.000000009814;0.00000000946;0.000000009614;6435983825810
20260515 000000;0.000000009614;0.000000009989;0.00000000934;0.00000000943;6136595582594
20260516 000000;0.00000000943;0.0000000095;0.000000008869;0.000000009156;6069287910233
20260517 000000;0.000000009156;0.000000009184;0.00000000877;0.000000008828;6841652435300
20260518 000000;0.000000008828;0.000000009146;0.000000008704;0.000000008816;6884768397929
20260519 000000;0.000000008816;0.000000008911;0.000000008448;0.000000008555;6737142606624
20260520 000000;0.000000008555;0.000000008768;0.000000008463;0.000000008627;6590747884782
20260521 000000;0.000000008627;0.000000008791;0.000000008523;0.000000008729;6614359646946
20260522 000000;0.000000008729;0.000000009061;0.000000008348;0.000000008521;6902374446651
20260523 000000;0.000000008521;0.000000008779;0.000000008282;0.000000008674;6845227838024
20260524 000000;0.000000008674;0.000000008991;0.000000008531;0.000000008557;6730933813799
20260525 000000;0.000000008557;0.000000008919;0.000000008505;0.000000008575;6532848961759
20260526 000000;0.000000008575;0.000000008662;0.000000008026;0.00000000827;7031497785375
20260527 000000;0.00000000827;0.0000000084;0.000000007953;0.000000008131;7163999658645
20260528 000000;0.000000008131;0.000000008313;0.00000000764;0.000000008157;8129731861925
20260529 000000;0.000000008157;0.00000000836;0.000000008078;0.000000008103;6738251218054
20260530 000000;0.000000008103;0.000000008509;0.000000007998;0.00000000821;6861563383550
20260531 000000;0.00000000821;0.000000008464;0.000000007798;0.000000007986;7220713828993
20260601 000000;0.000000007986;0.000000008423;0.000000007927;0.000000007963;7375171386835
20260602 000000;0.000000007963;0.00000000805;0.000000007086;0.000000007145;7898422376901
20260603 000000;0.000000007145;0.00000000742;0.0000000066;0.000000006695;8906977153928
20260604 000000;0.000000006695;0.000000007101;0.000000006436;0.000000006538;9479418173312
20260605 000000;0.000000006538;0.000000006627;0.000000005547;0.000000005728;10581951595048
20260606 000000;0.000000005728;0.000000006014;0.000000005485;0.000000005953;10427578467208
20260607 000000;0.000000005953;0.000000006607;0.000000005818;0.000000006392;9301990648766
20260608 000000;0.000000006392;0.000000007095;0.000000006197;0.000000006521;9141274571818
20260609 000000;0.000000006521;0.000000006751;0.000000006225;0.000000006258;8641381771099
20260610 000000;0.000000006258;0.000000006278;0.000000005759;0.000000005773;9395335888909
20260611 000000;0.000000005773;0.000000006377;0.00000000577;0.000000006183;9388339945709
20260612 000000;0.000000006183;0.000000006235;0.000000005818;0.000000005908;9149094438781
20260613 000000;0.000000005908;0.000000006187;0.000000005798;0.000000006137;9739658427196
20260614 000000;0.000000006137;0.00000000637;0.000000005828;0.000000006344;9676517127835
20260615 000000;0.000000006344;0.000000007423;0.00000000624;0.000000006736;9043544265451
20260616 000000;0.000000006736;0.000000007047;0.000000006591;0.000000006692;8853991758028
20260617 000000;0.000000006692;0.000000006752;0.000000006138;0.000000006213;9410314725663
20260618 000000;0.000000006213;0.000000006573;0.000000006113;0.000000006311;9046471010007
20260619 000000;0.000000006311;0.000000007484;0.000000006222;0.000000006332;9376507951698
20260620 000000;0.000000006332;0.000000006536;0.0000000062;0.000000006435;7087412922850
