20230622 000000;0.00006765;0.0000711;0.00006653;0.00006897;369950972.44
20230623 000000;0.00006897;0.00007092;0.00006843;0.00006995;472716602.32
20230624 000000;0.00006995;0.00007;0.00006819;0.00006894;301087753.32
20230625 000000;0.00006894;0.00007049;0.00006846;0.00006856;254962847.03
20230626 000000;0.00006856;0.00006966;0.00006741;0.00006781;279365060.31
20230627 000000;0.00006781;0.00006857;0.00006739;0.00006777;310492661.73
20230628 000000;0.00006777;0.00006778;0.00006532;0.00006622;288879497.67
20230629 000000;0.00006622;0.00006651;0.00006526;0.00006554;308552098.08
20230630 000000;0.00006554;0.00006815;0.0000652;0.00006768;330758064.41
20230701 000000;0.00006768;0.00006985;0.00006707;0.00006894;304579731.49
20230702 000000;0.00006894;0.00007488;0.0000679;0.0000701;354706033.91
20230703 000000;0.0000701;0.00007299;0.00006993;0.00007135;400965675.1
20230704 000000;0.00007135;0.0000744;0.000071;0.00007184;315892268.21
20230705 000000;0.00007184;0.00007812;0.00007137;0.00007419;636726779.92
20230706 000000;0.00007419;0.00007569;0.00007112;0.00007124;1018740025.46
20230707 000000;0.00007124;0.00007208;0.00006973;0.00007079;966652406.39
20230708 000000;0.00007079;0.00007145;0.00007007;0.00007068;245672624.35
20230709 000000;0.00007068;0.00007115;0.00007013;0.00007037;250203494.9
20230710 000000;0.00007037;0.00007081;0.00006899;0.00006958;509999174.46
20230711 000000;0.00006958;0.00007536;0.0000686;0.00007158;324889077.33
20230712 000000;0.00007158;0.00007165;0.00006921;0.00006983;310852464.36
20230713 000000;0.00006983;0.00007206;0.0000688;0.000072;396624174.45
20230714 000000;0.000072;0.00007349;0.00007;0.00007103;305832847.56
20230715 000000;0.00007103;0.00007243;0.0000706;0.00007124;271095142.34
20230716 000000;0.00007124;0.00007274;0.00006999;0.00007039;268171872.33
20230717 000000;0.00007039;0.00007104;0.00006919;0.00007049;302479752.7
20230718 000000;0.00007049;0.00007052;0.000068;0.00006884;268736717.32
20230719 000000;0.00006884;0.0000696;0.00006817;0.00006864;271119576.41
20230720 000000;0.00006864;0.00007025;0.00006831;0.00006893;274318109.55
20230721 000000;0.00006893;0.00006927;0.00006828;0.00006879;264495850.39
20230722 000000;0.00006879;0.00007344;0.0000684;0.00006999;431357567.87
20230723 000000;0.00006999;0.0000711;0.00006986;0.00007021;271786008.98
20230724 000000;0.00007021;0.0000703;0.000067;0.00006753;272347491.06
20230725 000000;0.00006753;0.00006888;0.00006669;0.00006799;296221908.8
20230726 000000;0.00006799;0.00006854;0.00006721;0.00006815;284289031.15
20230727 000000;0.00006815;0.00007142;0.0000678;0.00007079;338503893.67
20230728 000000;0.00007079;0.00007475;0.00007055;0.00007126;441223308.12
20230729 000000;0.00007126;0.00007198;0.00007098;0.00007176;283638603.59
20230730 000000;0.00007176;0.00007207;0.00006912;0.00006957;289583142.71
20230731 000000;0.00006957;0.00007;0.000068;0.00006834;310954624.08
20230801 000000;0.00006834;0.00006848;0.00006734;0.00006839;271483377.44
20230802 000000;0.00006839;0.00006898;0.00006669;0.00006703;269630851.18
20230803 000000;0.00006703;0.00006818;0.00006671;0.00006716;1464795551.67
20230804 000000;0.00006716;0.00006838;0.00006679;0.00006745;423368430.46
20230805 000000;0.00006745;0.00006793;0.00006676;0.00006775;365327158.99
20230806 000000;0.00006775;0.00006842;0.00006654;0.00006688;325544889.65
20230807 000000;0.00006688;0.00006742;0.00006571;0.00006633;455603397.86
20230808 000000;0.00006633;0.00006725;0.00006575;0.0000671;319234357.28
20230809 000000;0.0000671;0.00006723;0.00006608;0.00006684;346602848.89
20230810 000000;0.00006684;0.00006768;0.0000666;0.00006718;255217170.24
20230811 000000;0.00006718;0.00006743;0.00006667;0.00006691;259576645.43
20230812 000000;0.00006691;0.00006763;0.00006669;0.00006722;275943951.24
20230813 000000;0.00006722;0.0000677;0.00006672;0.00006686;281343184.83
20230814 000000;0.00006686;0.00006862;0.00006686;0.000068;275296893.98
20230815 000000;0.000068;0.00006852;0.00006692;0.00006705;588164786
20230816 000000;0.00006705;0.00006733;0.0000635;0.00006391;281639099.08
20230817 000000;0.00006391;0.00006449;0.0000612;0.00006199;370186283.5
20230818 000000;0.00006199;0.00006288;0.0000615;0.00006186;313525914.17
20230819 000000;0.00006186;0.0000632;0.00006176;0.0000628;271137248.61
20230820 000000;0.0000628;0.00006413;0.00006276;0.00006391;314276255.5
20230821 000000;0.00006391;0.00006406;0.00006167;0.00006243;297584334.12
20230822 000000;0.00006243;0.00006263;0.00006155;0.00006235;349311218.07
20230823 000000;0.00006235;0.00006415;0.00006235;0.00006325;1536923936.98
20230824 000000;0.00006325;0.00006393;0.00006202;0.00006222;539603138.28
20230825 000000;0.00006222;0.00006229;0.00006144;0.00006203;589735646.92
20230826 000000;0.00006203;0.00006349;0.00006176;0.00006177;989256221.69
20230827 000000;0.00006177;0.00006287;0.00006177;0.00006256;349207395.23
20230828 000000;0.00006256;0.00006286;0.00006188;0.00006244;329223102.75
20230829 000000;0.00006244;0.00006388;0.00006176;0.00006342;347265308.51
20230830 000000;0.00006342;0.00006352;0.00006188;0.00006203;281483366.01
20230831 000000;0.00006203;0.00006266;0.00006117;0.00006219;285843740.97
20230901 000000;0.00006219;0.00006266;0.00006076;0.00006097;288153844.14
20230902 000000;0.00006097;0.00006188;0.00006073;0.00006136;461934550.51
20230903 000000;0.00006136;0.00006161;0.00006076;0.00006097;323784211.54
20230904 000000;0.00006097;0.00006149;0.00006055;0.0000608;6546938057.78
20230905 000000;0.0000608;0.00006149;0.00006068;0.00006135;8482304632.83
20230906 000000;0.00006135;0.00006189;0.00006076;0.00006164;9263789399.37
20230907 000000;0.00006164;0.00006238;0.00006125;0.00006219;8940341432.1
20230908 000000;0.00006219;0.00006285;0.00006114;0.00006178;8497995510.68
20230909 000000;0.00006178;0.00006286;0.00006154;0.00006265;9244293512.83
20230910 000000;0.00006265;0.00006287;0.00006078;0.0000612;8361725071.58
20230911 000000;0.0000612;0.00006139;0.00005955;0.00006012;7927281737.45
20230912 000000;0.00006012;0.00006314;0.00005964;0.00005993;8900098250.73
20230913 000000;0.00005993;0.00006075;0.00005962;0.00006051;8690083034.1
20230914 000000;0.00006051;0.00006123;0.00005978;0.00006095;7649973317.32
20230915 000000;0.00006095;0.00006138;0.0000603;0.00006131;8558286944.36
20230916 000000;0.00006131;0.00006202;0.00006095;0.00006141;8346027328.52
20230917 000000;0.00006141;0.00006157;0.00006028;0.00006073;8362705013.68
20230918 000000;0.00006073;0.00006237;0.00006028;0.00006152;8895769075.62
20230919 000000;0.00006152;0.00006337;0.0000615;0.00006276;8973594715.94
20230920 000000;0.00006276;0.00006322;0.00006176;0.00006201;8192760718.92
20230921 000000;0.00006201;0.00006226;0.00006025;0.00006055;7749405112.25
20230922 000000;0.00006055;0.00006167;0.00006012;0.00006099;9249395792.14
20230923 000000;0.00006099;0.00006253;0.00006023;0.00006142;9480188258.79
20230924 000000;0.00006142;0.00006176;0.00006061;0.00006072;10087470553.89
20230925 000000;0.00006072;0.00006137;0.0000604;0.00006077;8601967542.78
20230926 000000;0.00006077;0.00006168;0.00006028;0.00006142;8496534652.31
20230927 000000;0.00006142;0.00006198;0.00006043;0.00006093;8018721569.65
20230928 000000;0.00006093;0.00006173;0.00006051;0.00006148;9934520093.27
20230929 000000;0.00006148;0.00006412;0.00006122;0.00006319;9382750847.16
20230930 000000;0.00006319;0.00006319;0.00006212;0.00006247;10878872463.8
20231001 000000;0.00006247;0.00006427;0.00006238;0.00006412;8948328074.15
20231002 000000;0.00006412;0.00006459;0.00006235;0.00006251;8381902805.04
20231003 000000;0.00006251;0.00006391;0.00006183;0.00006365;6920578540.86
20231004 000000;0.00006365;0.00006372;0.00006236;0.00006288;8564292606.93
20231005 000000;0.00006288;0.0000634;0.00006212;0.00006222;7145057981.67
20231006 000000;0.00006222;0.00006258;0.00006105;0.00006193;9169011053.5
20231007 000000;0.00006193;0.00006247;0.00006156;0.00006201;8588651775.67
20231008 000000;0.00006201;0.00006272;0.00006164;0.00006181;6625494102.03
20231009 000000;0.00006181;0.00006204;0.00005893;0.00005955;8514847112.14
20231010 000000;0.00005955;0.00006029;0.00005899;0.00005933;8069521498.24
20231011 000000;0.00005933;0.00005998;0.00005858;0.00005952;8257066953.76
20231012 000000;0.00005952;0.00005992;0.00005861;0.00005872;9373908849.78
20231013 000000;0.00005872;0.00006111;0.00005861;0.00006084;8468328542.04
20231014 000000;0.00006084;0.00006092;0.000059;0.00005957;8507150553.01
20231015 000000;0.00005957;0.00006048;0.00005895;0.00006013;8496442677.28
20231016 000000;0.00006013;0.00006274;0.00005974;0.00006233;8387648072.04
20231017 000000;0.00006233;0.00006298;0.00006114;0.00006159;6426877576.22
20231018 000000;0.00006159;0.00008463;0.00006113;0.00006584;8696870063.41
20231019 000000;0.00006584;0.00006903;0.0000615;0.00006262;8614296474.38
20231020 000000;0.00006262;0.00006376;0.00006193;0.00006228;7301695791.27
20231021 000000;0.00006228;0.00006496;0.00006185;0.00006393;7502583508.52
20231022 000000;0.00006393;0.00006873;0.00006271;0.00006436;7467525662.37
20231023 000000;0.00006436;0.00006729;0.00006371;0.00006648;7289971872.39
20231024 000000;0.00006648;0.00007165;0.00006625;0.00006807;7088189315.47
20231025 000000;0.00006807;0.00006964;0.00006706;0.00006786;7794418108.11
20231026 000000;0.00006786;0.00006996;0.00006682;0.00006783;7987032604.98
20231027 000000;0.00006783;0.00006805;0.00006652;0.00006787;7228984779.13
20231028 000000;0.00006787;0.00007277;0.00006772;0.0000701;7642185689.11
20231029 000000;0.0000701;0.00007214;0.00006943;0.00007079;7485666905.99
20231030 000000;0.00007079;0.00007256;0.00006989;0.00007176;8757419598.72
20231031 000000;0.00007176;0.00007234;0.00006901;0.00007061;13505614386.12
20231101 000000;0.00007061;0.00007214;0.00006956;0.00007177;13512640099.77
20231102 000000;0.00007177;0.00007308;0.00007078;0.00007157;16995937150.25
20231103 000000;0.00007157;0.00007197;0.00006969;0.00007059;13622313656.32
20231104 000000;0.00007059;0.00007215;0.00007032;0.00007117;14543294089.81
20231105 000000;0.00007117;0.00007298;0.00007079;0.00007258;13558108593.32
20231106 000000;0.00007258;0.00007493;0.00007177;0.00007464;13483625853.86
20231107 000000;0.00007464;0.00007465;0.00007198;0.00007286;12530366056.37
20231108 000000;0.00007286;0.00007553;0.00007264;0.00007474;11009846176.91
20231109 000000;0.00007474;0.00007718;0.00007263;0.00007455;11884766377.45
20231110 000000;0.00007455;0.00007978;0.00006948;0.00007435;13156738103.72
20231111 000000;0.00007435;0.00007514;0.00007241;0.00007412;9321535153.04
20231112 000000;0.00007412;0.00007492;0.00007303;0.0000739;11808899276.12
20231113 000000;0.0000739;0.00007499;0.00007119;0.00007138;12107696337.89
20231114 000000;0.00007138;0.00007224;0.00006817;0.00006966;13629710046.42
20231115 000000;0.00006966;0.00007255;0.00006932;0.00007246;12556524946.08
20231116 000000;0.00007246;0.00007321;0.00006966;0.00007017;11428543369.53
20231117 000000;0.00007017;0.00007147;0.00006885;0.00007039;11690655780.88
20231118 000000;0.00007039;0.00007047;0.0000681;0.00006898;11298974268.63
20231119 000000;0.00006898;0.00007063;0.00006821;0.00007021;9359399367.57
20231120 000000;0.00007021;0.00007088;0.00006781;0.00006848;12216341539.75
20231121 000000;0.00006848;0.00006963;0.0000641;0.00006458;12123559441.19
20231122 000000;0.00006458;0.000068;0.00006431;0.00006737;7561829935.76
20231123 000000;0.00006737;0.00006806;0.00006666;0.00006764;8672921919.21
20231124 000000;0.00006764;0.00007036;0.00006753;0.00006972;8378183387.75
20231125 000000;0.00006972;0.00007138;0.00006909;0.00007119;7837317382.52
20231126 000000;0.00007119;0.00007156;0.00006904;0.00006999;8603054185.67
20231127 000000;0.00006999;0.00007052;0.00006731;0.00006791;8965236649.44
20231128 000000;0.00006791;0.00007149;0.00006709;0.00006937;9308491549.88
20231129 000000;0.00006937;0.00007032;0.00006842;0.00006927;8270737100.17
20231130 000000;0.00006927;0.00007146;0.00006803;0.00007051;8921500662.91
20231201 000000;0.00007051;0.00007062;0.00006839;0.00006979;9322800762.91
20231202 000000;0.00006979;0.00007179;0.00006962;0.00007116;6729150781.25
20231203 000000;0.00007116;0.0000945;0.00007063;0.00008258;11089433383
20231204 000000;0.00008258;0.00008685;0.00007723;0.00007902;10261028514.62
20231205 000000;0.00007902;0.00008016;0.00007656;0.00007887;8319310485.66
20231206 000000;0.00007887;0.00011155;0.00007715;0.00009299;11457538844.29
20231207 000000;0.00009299;0.00009645;0.00008515;0.00008612;7707796763.05
20231208 000000;0.00008612;0.00011026;0.00008592;0.00010573;10035913201.27
20231209 000000;0.00010573;0.00010603;0.00009731;0.00009835;6974411144.3
20231210 000000;0.00009835;0.00011081;0.00009828;0.00010153;7850040812.34
20231211 000000;0.00010153;0.00010203;0.00009074;0.00009496;7974696437.68
20231212 000000;0.00009496;0.00009799;0.00009036;0.00009385;7337143863.35
20231213 000000;0.00009385;0.00009387;0.00008775;0.00009251;6747684754.12
20231214 000000;0.00009251;0.00010041;0.00009236;0.00009412;6333727127.7
20231215 000000;0.00009412;0.00009437;0.00008929;0.00008949;6619125931.03
20231216 000000;0.00008949;0.00009543;0.000089;0.00009223;7591194153.41
20231217 000000;0.00009223;0.00009288;0.00008781;0.00008813;7632223282.15
20231218 000000;0.00008813;0.00008871;0.00008307;0.0000869;6239866864.9
20231219 000000;0.0000869;0.00009057;0.00008641;0.00008686;8543337842.19
20231220 000000;0.00008686;0.00009248;0.00008667;0.0000902;10260520898.23
20231221 000000;0.0000902;0.00009466;0.00008884;0.00009286;7539028179.43
20231222 000000;0.00009286;0.00009363;0.00008994;0.00009261;8368293720.46
20231223 000000;0.00009261;0.00009443;0.00009072;0.00009366;7924895618.46
20231224 000000;0.00009366;0.00010518;0.00009225;0.0000968;8639795705.86
20231225 000000;0.0000968;0.00010231;0.00009668;0.00009946;5281846640.99
20231226 000000;0.00009946;0.00009974;0.00009357;0.0000961;7000588587.45
20231227 000000;0.0000961;0.00009913;0.00009415;0.00009862;7239901229.55
20231228 000000;0.00009862;0.00010339;0.00009635;0.00009773;7082775845.63
20231229 000000;0.00009773;0.000102;0.00009505;0.00009818;6573632818.68
20231230 000000;0.00009818;0.00010069;0.00009636;0.00009722;6989080227.6
20231231 000000;0.00009722;0.00010059;0.00009626;0.00009701;7221080261.59
