20250101 000000;0.003666;0.003782;0.003479;0.003716;35649385.19
20250102 000000;0.003716;0.00461;0.003711;0.003904;59308613.49
20250103 000000;0.003904;0.004261;0.00378;0.00416;33929404.27
20250104 000000;0.00416;0.004285;0.004036;0.004101;28692852.57
20250105 000000;0.004101;0.004297;0.003923;0.003966;27965764.25
20250106 000000;0.003966;0.004478;0.003921;0.004323;36550119.29
20250107 000000;0.004323;0.004374;0.003783;0.003816;26275287.69
20250108 000000;0.003816;0.003857;0.003384;0.003581;25401397.4
20250109 000000;0.003581;0.003687;0.00338;0.003509;29327256.08
20250110 000000;0.003509;0.00399;0.003402;0.003586;41143385.47
20250111 000000;0.003586;0.003601;0.003351;0.003466;18631420.54
20250112 000000;0.003466;0.003522;0.003163;0.003231;28595905.24
20250113 000000;0.003231;0.00333;0.002923;0.003141;33406157.25
20250114 000000;0.003141;0.003302;0.0031;0.003158;13227798.12
20250115 000000;0.003158;0.003451;0.003035;0.003383;25918573.65
20250116 000000;0.003383;0.003452;0.003163;0.003212;34351807.64
20250117 000000;0.003212;0.003397;0.003114;0.00331;47061342.32
20250118 000000;0.00331;0.003333;0.002616;0.002795;77642380.12
20250119 000000;0.002795;0.003357;0.002506;0.002691;135283029.73
20250120 000000;0.002691;0.002757;0.002375;0.002539;69746573.21
20250121 000000;0.002539;0.003072;0.002417;0.002761;40237703.7
20250122 000000;0.002761;0.002982;0.002672;0.002773;42081983.22
20250123 000000;0.002773;0.00342;0.00275;0.003339;97889131.33
20250124 000000;0.003339;0.004869;0.003182;0.003204;103804266.25
20250125 000000;0.003204;0.003216;0.002986;0.002997;34292098.14
20250126 000000;0.002997;0.003052;0.002628;0.002669;64445711.57
20250127 000000;0.002669;0.002773;0.002415;0.002627;44784744.46
20250128 000000;0.002627;0.002928;0.002626;0.002675;45148232.92
20250129 000000;0.002675;0.002892;0.002588;0.002713;45660631.42
20250130 000000;0.002713;0.003057;0.002662;0.002763;40548890.04
20250131 000000;0.002763;0.00286;0.002571;0.002606;40370536.15
20250201 000000;0.002606;0.002634;0.002219;0.002239;40258309.96
20250202 000000;0.002239;0.002329;0.001806;0.001952;66204493.04
20250203 000000;0.001952;0.002193;0.00161;0.00216;85339420.92
20250204 000000;0.00216;0.002175;0.001924;0.001986;44231036.91
20250205 000000;0.001986;0.002061;0.001898;0.001906;47528646.41
20250206 000000;0.001906;0.002007;0.001775;0.0018;54048190.41
20250207 000000;0.0018;0.002017;0.001745;0.001817;46890135.91
20250208 000000;0.001817;0.00199;0.001797;0.001973;46224096.89
20250209 000000;0.001973;0.002354;0.001854;0.001966;60609606.2
20250210 000000;0.001966;0.002026;0.001828;0.001881;48868938.64
20250211 000000;0.001881;0.002067;0.001809;0.002022;67277841.77
20250212 000000;0.002022;0.002076;0.001844;0.001869;57013722.68
20250213 000000;0.001869;0.003172;0.001734;0.002486;166755030.76
20250214 000000;0.002486;0.002807;0.002005;0.002054;135860794.31
20250215 000000;0.002054;0.002644;0.001988;0.00222;120229852.53
20250216 000000;0.00222;0.002265;0.002015;0.002052;62859550.47
20250217 000000;0.002052;0.002159;0.00198;0.002077;66498380.55
20250218 000000;0.002077;0.002091;0.00179;0.001943;71399272.34
20250219 000000;0.001943;0.002018;0.00185;0.001922;44799577.19
20250220 000000;0.001922;0.002078;0.001894;0.002022;48756585.77
20250221 000000;0.002022;0.00225;0.001916;0.00205;48304748.44
20250222 000000;0.00205;0.002194;0.002019;0.002095;33561594.73
20250223 000000;0.002095;0.002135;0.001984;0.002046;34659594.69
20250224 000000;0.002046;0.002068;0.001682;0.001704;47638642.28
20250225 000000;0.001704;0.001985;0.001582;0.001872;62861310.78
20250226 000000;0.001872;0.00194;0.001665;0.001763;53460009.18
20250227 000000;0.001763;0.00187;0.001693;0.001773;45457662.81
20250228 000000;0.001773;0.0019;0.001622;0.00186;48612522.2
20250301 000000;0.00186;0.00186;0.001719;0.00179;49224976.96
20250302 000000;0.00179;0.002098;0.001735;0.002094;65759222.59
20250303 000000;0.002094;0.002095;0.001684;0.00171;44644085.21
20250304 000000;0.00171;0.001739;0.001509;0.001695;55626278.75
20250305 000000;0.001695;0.001797;0.001623;0.001784;44531730.94
20250306 000000;0.001784;0.001916;0.00176;0.001789;40072474.86
20250307 000000;0.001789;0.001883;0.001694;0.001718;44064793.7
20250308 000000;0.001718;0.001742;0.001648;0.001652;37823800.95
20250309 000000;0.001652;0.001756;0.001556;0.001573;42114405.73
20250310 000000;0.001573;0.001681;0.001418;0.001436;53479408.07
20250311 000000;0.001436;0.00154;0.001344;0.001497;45645485.7
20250312 000000;0.001497;0.001536;0.001434;0.001488;46103426.53
20250313 000000;0.001488;0.001516;0.001427;0.001462;40858926.98
20250314 000000;0.001462;0.001636;0.001459;0.0016;41351418.44
20250315 000000;0.0016;0.001695;0.001592;0.001686;39246114.05
20250316 000000;0.001686;0.001697;0.001543;0.001568;43372661.93
20250317 000000;0.001568;0.001654;0.001546;0.001633;43652982.14
20250318 000000;0.001633;0.00167;0.001534;0.001601;45024463.42
20250319 000000;0.001601;0.001658;0.001429;0.001618;74862026.45
20250320 000000;0.001618;0.001628;0.001524;0.001561;60256772.86
20250321 000000;0.001561;0.00162;0.001537;0.001571;55037609.3
20250322 000000;0.001571;0.00195;0.001562;0.001653;81481178.12
20250323 000000;0.001653;0.001778;0.00163;0.001763;51158539.74
20250324 000000;0.001763;0.002034;0.001761;0.001936;45567166.84
20250325 000000;0.001936;0.002911;0.001814;0.002499;99950964.84
20250326 000000;0.002499;0.002845;0.002248;0.002454;120211334.53
20250327 000000;0.002454;0.002542;0.002115;0.002243;62029130.59
20250328 000000;0.002243;0.002251;0.001835;0.001846;44815385.54
20250329 000000;0.001846;0.001868;0.001669;0.001684;50886653.34
20250330 000000;0.001684;0.001863;0.001668;0.001773;42575697.9
20250331 000000;0.001773;0.001943;0.001721;0.001847;51917018.93
20250401 000000;0.001847;0.002245;0.001806;0.001982;65666372.4
20250402 000000;0.001982;0.002128;0.001715;0.001719;55268756.07
20250403 000000;0.001719;0.001847;0.001598;0.001806;60307712.28
20250404 000000;0.001806;0.002137;0.001697;0.002021;53130975.5
20250405 000000;0.002021;0.002226;0.001957;0.002055;36326749.01
20250406 000000;0.002055;0.002211;0.00174;0.001842;54887687.79
20250407 000000;0.001842;0.002034;0.001622;0.001941;50973441.97
20250408 000000;0.001941;0.002171;0.0018;0.001856;43018496.7
20250409 000000;0.001856;0.002121;0.00173;0.002053;41636049.9
20250410 000000;0.002053;0.002077;0.00187;0.001947;37442840.79
20250411 000000;0.001947;0.002277;0.001892;0.002157;44024261.36
20250412 000000;0.002157;0.002577;0.002096;0.002528;42535708.63
20250413 000000;0.002528;0.002591;0.002223;0.002371;43808454.1
20250414 000000;0.002371;0.0027;0.002283;0.002409;37085917.64
20250415 000000;0.002409;0.002409;0.002074;0.00213;41572179.49
20250416 000000;0.00213;0.002336;0.002065;0.002275;36362728.71
20250417 000000;0.002275;0.002328;0.002183;0.00226;30033012.68
20250418 000000;0.00226;0.002324;0.002127;0.002234;33989875.97
20250419 000000;0.002234;0.002433;0.002226;0.002291;31223811.79
20250420 000000;0.002291;0.0024;0.002097;0.002237;34037028.9
20250421 000000;0.002237;0.002415;0.001955;0.002068;49270253.07
20250422 000000;0.002068;0.002179;0.002;0.00208;47786314.01
20250423 000000;0.00208;0.002322;0.002065;0.002189;44986223.46
20250424 000000;0.002189;0.0022;0.001967;0.00202;36739955.65
20250425 000000;0.00202;0.002167;0.001968;0.002086;46381922
20250426 000000;0.002086;0.002192;0.001983;0.002026;38950310.47
20250427 000000;0.002026;0.002144;0.001911;0.002008;35335556.62
20250428 000000;0.002008;0.002199;0.00194;0.001963;45725461.25
20250429 000000;0.001963;0.001986;0.001828;0.001893;39364035.61
20250430 000000;0.001893;0.001902;0.001753;0.001865;42074561.03
20250501 000000;0.001865;0.002115;0.001835;0.001939;39473473.99
20250502 000000;0.001939;0.001951;0.001855;0.001913;36161881.14
20250503 000000;0.001913;0.002014;0.001733;0.001803;36751826.03
20250504 000000;0.001803;0.001854;0.001671;0.001714;41476425.39
20250505 000000;0.001714;0.001789;0.001682;0.001718;37466063.96
20250506 000000;0.001718;0.001749;0.001614;0.001683;41080142.82
20250507 000000;0.001683;0.001792;0.001654;0.001721;43113699.97
20250508 000000;0.001721;0.00195;0.001721;0.001894;52028653.34
20250509 000000;0.001894;0.002255;0.00181;0.002117;57315675.17
20250510 000000;0.002117;0.002244;0.002041;0.002169;42425221.3
20250511 000000;0.002169;0.002349;0.002114;0.00224;54980105.31
20250512 000000;0.00224;0.002378;0.0021;0.002185;63912659.87
20250513 000000;0.002185;0.002557;0.001924;0.002523;49184620.63
20250514 000000;0.002523;0.00255;0.002104;0.002144;43205191.89
20250515 000000;0.002144;0.002187;0.001978;0.002024;41957240.24
20250516 000000;0.002024;0.002149;0.001925;0.001954;39054158.9
20250517 000000;0.001954;0.001977;0.00174;0.001802;44060604.37
20250518 000000;0.001802;0.00197;0.001783;0.001896;41280748.08
20250519 000000;0.001896;0.001998;0.001754;0.001791;38391659.32
20250520 000000;0.001791;0.00204;0.001787;0.001949;38636655.58
20250521 000000;0.001949;0.002043;0.001832;0.002021;38624639.87
20250522 000000;0.002021;0.0025;0.001939;0.002345;67267503.63
20250523 000000;0.002345;0.002485;0.002149;0.002232;50346833.54
20250524 000000;0.002232;0.002348;0.002099;0.002192;34369278.82
20250525 000000;0.002192;0.002194;0.002068;0.00219;31438477.45
20250526 000000;0.00219;0.002683;0.002189;0.002664;55706560.39
20250527 000000;0.002664;0.002999;0.00243;0.002432;61966875.94
20250528 000000;0.002432;0.00346;0.002417;0.002538;134561943.82
20250529 000000;0.002538;0.002757;0.002254;0.002301;58268705.58
20250530 000000;0.002301;0.002394;0.001867;0.001888;50896323.94
20250531 000000;0.001888;0.002008;0.001823;0.001965;45280608.9
20250601 000000;0.001965;0.002006;0.001832;0.001915;43977353.27
20250602 000000;0.001915;0.00206;0.001804;0.002026;48857564.77
20250603 000000;0.002026;0.002244;0.00193;0.002037;43288008.69
20250604 000000;0.002037;0.002242;0.001906;0.00209;52322936.05
20250605 000000;0.00209;0.002154;0.001706;0.001821;54034969.85
20250606 000000;0.001821;0.001986;0.00179;0.001868;39736112.08
20250607 000000;0.001868;0.002035;0.001843;0.001916;39685762.3
20250608 000000;0.001916;0.00202;0.001878;0.001887;42923789.73
20250609 000000;0.001887;0.002076;0.001836;0.002012;48167670.57
20250610 000000;0.002012;0.002468;0.00189;0.001967;63311089.02
20250611 000000;0.001967;0.002071;0.001775;0.001819;75486001.15
20250612 000000;0.001819;0.001856;0.001605;0.001655;56784084.59
20250613 000000;0.001655;0.001713;0.001502;0.001642;53033377.58
20250614 000000;0.001642;0.001668;0.001491;0.001543;42478475.05
20250615 000000;0.001543;0.001722;0.00153;0.001679;51012643.77
20250616 000000;0.001679;0.001757;0.001617;0.001626;40591716.86
20250617 000000;0.001626;0.001676;0.001516;0.00156;40732142.71
20250618 000000;0.00156;0.001627;0.001499;0.001529;43782237
20250619 000000;0.001529;0.001578;0.001484;0.00156;38960374.28
20250620 000000;0.00156;0.001598;0.001481;0.00151;45627085.32
20250621 000000;0.00151;0.001542;0.001385;0.00141;41309968.16
20250622 000000;0.00141;0.001445;0.001232;0.001328;63226482.13
20250623 000000;0.001328;0.0015;0.0013;0.001474;42957240.26
20250624 000000;0.001474;0.001647;0.001443;0.001518;47543941.78
20250625 000000;0.001518;0.001576;0.001445;0.001462;41980082.94
20250626 000000;0.001462;0.001509;0.001346;0.001357;39987087.91
20250627 000000;0.001357;0.001439;0.001336;0.001391;42710043.72
20250628 000000;0.001391;0.001509;0.001379;0.001481;40496916.81
20250629 000000;0.001481;0.001685;0.001467;0.001604;44558961.13
20250630 000000;0.001604;0.001674;0.001497;0.001616;42658958.18
20250701 000000;0.001616;0.001619;0.001418;0.001453;46081605.71
20250702 000000;0.001453;0.001555;0.001437;0.001529;47592495.98
20250703 000000;0.001529;0.001566;0.001485;0.001514;39685025.02
20250704 000000;0.001514;0.001543;0.001411;0.001444;45619312.56
20250705 000000;0.001444;0.00147;0.001407;0.001423;42776273.36
20250706 000000;0.001423;0.001477;0.001382;0.001435;51589495.9
20250707 000000;0.001435;0.001446;0.001346;0.001366;42131049.78
20250708 000000;0.001366;0.001424;0.00134;0.001377;48746419.14
20250709 000000;0.001377;0.001628;0.001371;0.001511;56696660.18
20250710 000000;0.001511;0.001642;0.001481;0.001574;57066884.19
20250711 000000;0.001574;0.001779;0.001508;0.001648;61350222.34
20250712 000000;0.001648;0.001737;0.00153;0.001547;47031545.36
20250713 000000;0.001547;0.001618;0.00151;0.001592;41315705.41
20250714 000000;0.001592;0.001659;0.001527;0.001535;43626930.86
20250715 000000;0.001535;0.001564;0.001408;0.001547;45921844.86
20250716 000000;0.001547;0.001608;0.0015;0.001579;47150134.44
20250717 000000;0.001579;0.001668;0.001534;0.001614;48000121.83
20250718 000000;0.001614;0.001703;0.001534;0.001555;61526122.15
20250719 000000;0.001555;0.001598;0.001511;0.001561;44391601.05
20250720 000000;0.001561;0.001625;0.001456;0.001516;56200276.22
20250721 000000;0.001516;0.001698;0.001487;0.001665;57350161.87
20250722 000000;0.001665;0.001731;0.001612;0.00166;50923753.52
20250723 000000;0.00166;0.001718;0.001505;0.001541;46958174.9
20250724 000000;0.001541;0.0016;0.0014;0.001456;48514987.71
20250725 000000;0.001456;0.001525;0.001351;0.001493;53307911.38
20250726 000000;0.001493;0.001496;0.00142;0.001428;48560817.02
20250727 000000;0.001428;0.0015;0.001422;0.001467;45947540.08
20250728 000000;0.001467;0.001559;0.001405;0.001431;50877949.15
20250729 000000;0.001431;0.001476;0.001335;0.001392;49219012.3
20250730 000000;0.001392;0.001447;0.00132;0.001372;53271825.61
20250731 000000;0.001372;0.001634;0.001354;0.001433;59230261.05
20250801 000000;0.001433;0.001534;0.001318;0.001361;51524760.87
20250802 000000;0.001361;0.001434;0.001285;0.001314;47537723.07
20250803 000000;0.001314;0.001472;0.001297;0.001419;54127381.76
20250804 000000;0.001419;0.001586;0.00139;0.001512;51748590.09
20250805 000000;0.001512;0.001523;0.001382;0.001399;63052319.4
20250806 000000;0.001399;0.001441;0.001388;0.001408;41448851.13
20250807 000000;0.001408;0.0017;0.001377;0.001506;60361640.36
20250808 000000;0.001506;0.00158;0.001392;0.001487;44671361.18
20250809 000000;0.001487;0.001601;0.001426;0.001437;52319414.33
20250810 000000;0.001437;0.001546;0.001384;0.001531;51943594.53
20250811 000000;0.001531;0.00162;0.001384;0.001399;48130959.87
20250812 000000;0.001399;0.001564;0.001395;0.001527;49949161.6
20250813 000000;0.001527;0.00163;0.0015;0.00157;57369896.6
20250814 000000;0.00157;0.001679;0.001413;0.001455;53754130.8
20250815 000000;0.001455;0.001503;0.001301;0.001369;49201325.11
20250816 000000;0.001369;0.001451;0.001346;0.001357;42832608.49
20250817 000000;0.001357;0.001424;0.00135;0.001391;45389514.1
20250818 000000;0.001391;0.001394;0.001295;0.001306;49541745.92
20250819 000000;0.001306;0.001347;0.001262;0.001266;49582332.28
20250820 000000;0.001266;0.001399;0.001259;0.001345;47437095.1
20250821 000000;0.001345;0.001371;0.001275;0.001298;46099723.93
20250822 000000;0.001298;0.001431;0.001253;0.001404;48950323.27
20250823 000000;0.001404;0.001484;0.001358;0.00139;50084306.72
20250824 000000;0.00139;0.001456;0.00137;0.001433;55574781.14
20250825 000000;0.001433;0.001483;0.001239;0.001253;53339325.46
20250826 000000;0.001253;0.001332;0.001243;0.0013;48175775.18
20250827 000000;0.0013;0.00139;0.001278;0.001342;47986513.57
20250828 000000;0.001342;0.001477;0.001276;0.001384;52687565
20250829 000000;0.001384;0.001411;0.001272;0.001339;48556077.88
20250830 000000;0.001339;0.001385;0.001307;0.001337;42766255.82
20250831 000000;0.001337;0.001362;0.00121;0.001267;56387166.91
20250901 000000;0.001267;0.001294;0.0011;0.001133;52858623.77
20250902 000000;0.001133;0.001223;0.00112;0.001207;52995378.52
20250903 000000;0.001207;0.001244;0.001171;0.00121;51479147.84
20250904 000000;0.00121;0.001211;0.0011;0.001129;51658007.86
20250905 000000;0.001129;0.001137;0.001083;0.001098;51884159.4
20250906 000000;0.001098;0.001108;0.001076;0.001094;53498485.93
20250907 000000;0.001094;0.001142;0.001089;0.001134;52993573.89
20250908 000000;0.001134;0.001209;0.001118;0.001181;52656672.7
20250909 000000;0.001181;0.001307;0.001161;0.001252;61556374.66
20250910 000000;0.001252;0.001345;0.001234;0.001276;53521914.56
20250911 000000;0.001276;0.001362;0.001242;0.001319;53002419.69
20250912 000000;0.001319;0.001436;0.001303;0.001344;54192868.45
20250913 000000;0.001344;0.001389;0.001294;0.001334;45866449.82
20250914 000000;0.001334;0.001416;0.001294;0.001297;47691016.36
20250915 000000;0.001297;0.001349;0.00122;0.001253;54528445.05
20250916 000000;0.001253;0.00133;0.001192;0.001301;47738797.65
20250917 000000;0.001301;0.001367;0.001261;0.001341;47672266.7
20250918 000000;0.001341;0.001369;0.001309;0.001329;48019229.12
20250919 000000;0.001329;0.00137;0.001223;0.001253;53595471.26
20250920 000000;0.001253;0.001316;0.001204;0.001208;51364520.26
20250921 000000;0.001208;0.00124;0.001132;0.001171;51065406.81
20250922 000000;0.001171;0.001175;0.001069;0.001096;61728729.54
20250923 000000;0.001096;0.001111;0.001055;0.00106;57954742.7
20250924 000000;0.00106;0.001089;0.00102;0.001056;59750773.62
20250925 000000;0.001056;0.001079;0.00094;0.000959;68261131.46
20250926 000000;0.000959;0.001049;0.0009505;0.001048;60984858.32
20250927 000000;0.001048;0.001066;0.0010131;0.001041;57671361.23
20250928 000000;0.001041;0.001111;0.0010213;0.0010887;56265942.45
20250929 000000;0.0010887;0.0011336;0.0010475;0.0011205;57671178.3
20250930 000000;0.0011205;0.0011233;0.0010792;0.0010996;52572334.6
20251001 000000;0.0010996;0.001213;0.0010913;0.0011665;58347621.66
20251002 000000;0.0011665;0.0012325;0.0011573;0.0012318;50200346.04
20251003 000000;0.0012318;0.0012321;0.00115;0.0011675;51756648.51
20251004 000000;0.0011675;0.0012054;0.0011165;0.0011261;62706753.93
20251005 000000;0.0011261;0.00117;0.0011021;0.0011307;48774402.11
20251006 000000;0.0011307;0.0012378;0.0011048;0.0011929;53310478.41
20251007 000000;0.0011929;0.0012185;0.001074;0.0011154;51785571.91
20251008 000000;0.0011154;0.0011523;0.0010794;0.0011432;57375249.15
20251009 000000;0.0011432;0.0011472;0.0009953;0.0010812;62516832.72
20251010 000000;0.0010812;0.0011085;0.0007357;0.0008639;87275187.91
20251011 000000;0.0008639;0.0008897;0.0007972;0.0008286;78505399.99
20251012 000000;0.0008286;0.0008966;0.0008071;0.0008868;68886623.12
20251013 000000;0.0008868;0.0009252;0.0008545;0.0009068;66451883.75
20251014 000000;0.0009068;0.0009373;0.0008356;0.0008718;74592772.62
20251015 000000;0.0008718;0.0009085;0.0008;0.0008034;65761647.53
20251016 000000;0.0008034;0.0008464;0.0007801;0.0007854;71749366.65
20251017 000000;0.0007854;0.00083;0.000768;0.0007985;77327038.59
20251018 000000;0.0007985;0.0008309;0.0007622;0.000815;74435176.54
20251019 000000;0.000815;0.00083;0.0007915;0.0008139;72334627.69
20251020 000000;0.0008139;0.0008456;0.0008016;0.0008225;68401621.21
20251021 000000;0.0008225;0.0008511;0.0007866;0.0008018;72336985.2
20251022 000000;0.0008018;0.0008071;0.0007501;0.0007615;78547228.06
20251023 000000;0.0007615;0.0008174;0.0007577;0.0007987;72830376.94
20251024 000000;0.0007987;0.000816;0.0007806;0.0008083;71009866.19
20251025 000000;0.0008083;0.0008239;0.0007919;0.0008054;69823215.78
20251026 000000;0.0008054;0.0008464;0.0007963;0.0008442;70651712.94
20251027 000000;0.0008442;0.0012532;0.0008403;0.0009613;94441018.16
20251028 000000;0.0009613;0.0010042;0.0008888;0.0008951;67839587.84
20251029 000000;0.0008951;0.0009803;0.0008705;0.0009377;71359509.74
20251030 000000;0.0009377;0.0009607;0.0008195;0.0008379;70822702.63
20251031 000000;0.0008379;0.000961;0.0008342;0.0009231;74163090.77
20251101 000000;0.0009231;0.0009297;0.0008499;0.0008698;66286337.73
20251102 000000;0.0008698;0.0008854;0.0008259;0.0008506;68261431.8
20251103 000000;0.0008506;0.0008523;0.0007283;0.000747;72997268.11
20251104 000000;0.000747;0.0007691;0.000643;0.0006763;80510339.84
20251105 000000;0.0006763;0.000734;0.000644;0.000719;77544206.52
20251106 000000;0.000719;0.0007199;0.0006418;0.0006443;83144469.61
20251107 000000;0.0006443;0.0007138;0.0006348;0.0006981;91429919.97
20251108 000000;0.0006981;0.0007052;0.0006637;0.0006746;86888682.41
20251109 000000;0.0006746;0.00071;0.0006631;0.0006979;81135937.13
20251110 000000;0.0006979;0.000739;0.0006924;0.0007149;80933454.63
20251111 000000;0.0007149;0.0008393;0.0006882;0.0007165;84504685.77
20251112 000000;0.0007165;0.0007714;0.0007051;0.000717;73224663.2
20251113 000000;0.000717;0.0007257;0.0006451;0.0006992;79323049.43
20251114 000000;0.0006992;0.0007044;0.000649;0.0006678;82813714.12
20251115 000000;0.0006678;0.0006893;0.0006586;0.0006607;80615555.48
20251116 000000;0.0006607;0.0006847;0.0006438;0.0006702;87731836.02
20251117 000000;0.0006702;0.0006838;0.0006207;0.0006322;83418904.67
20251118 000000;0.0006322;0.0006812;0.0006219;0.000668;92923572.63
20251119 000000;0.000668;0.000672;0.000602;0.0006359;92092309.34
20251120 000000;0.0006359;0.0006894;0.000615;0.0006279;85357391.57
20251121 000000;0.0006279;0.0006592;0.0005737;0.000606;97770803.96
20251122 000000;0.000606;0.0006085;0.0005585;0.0005695;95802239.79
20251123 000000;0.0005695;0.0006095;0.0005656;0.0006029;98329818.86
20251124 000000;0.0006029;0.0006445;0.0005835;0.0006395;92317483.56
20251125 000000;0.0006395;0.0006529;0.0006212;0.0006506;90541251.75
20251126 000000;0.0006506;0.0006891;0.0006306;0.0006694;92088859.13
20251127 000000;0.0006694;0.0007254;0.0006457;0.0007028;89680870.26
20251128 000000;0.0007028;0.0008013;0.0006845;0.0007516;76990576.58
20251129 000000;0.0007516;0.0007791;0.0007018;0.0007191;85821122.74
20251130 000000;0.0007191;0.0007746;0.0007011;0.000707;84560967.39
20251201 000000;0.000707;0.0007073;0.0006398;0.0006862;93482143.36
20251202 000000;0.0006862;0.0007906;0.0006821;0.0007449;84302303.58
20251203 000000;0.0007449;0.0007954;0.0007297;0.0007805;71533087.41
20251204 000000;0.0007805;0.0008331;0.0007235;0.0007299;76933274.51
20251205 000000;0.0007299;0.0007336;0.0006704;0.0006704;83873707.44
20251206 000000;0.0006704;0.0006953;0.0006663;0.0006801;82744202.65
20251207 000000;0.0006801;0.0007089;0.0006565;0.0006814;81601361.25
20251208 000000;0.0006814;0.000736;0.0006652;0.0006668;80801255.29
20251209 000000;0.0006668;0.0007406;0.0006396;0.0006799;90883208.16
20251210 000000;0.0006799;0.0006996;0.0006495;0.0006775;85510712.4
20251211 000000;0.0006775;0.0006789;0.0006189;0.0006256;96723985.72
20251212 000000;0.0006256;0.0006508;0.0005946;0.0005981;92354844.8
20251213 000000;0.0005981;0.0006452;0.0005959;0.0006324;91190460.61
20251214 000000;0.0006324;0.0006542;0.0006127;0.0006258;89135096.88
20251215 000000;0.0006258;0.0006461;0.0005946;0.0006035;90290799.14
20251216 000000;0.0006035;0.0006496;0.0005949;0.0006218;93472379.55
20251217 000000;0.0006218;0.0006344;0.0005872;0.0006052;94519863.63
20251218 000000;0.0006052;0.0006217;0.0005713;0.0005849;99067197.45
20251219 000000;0.0005849;0.00064;0.0005808;0.0006276;95227582.19
20251220 000000;0.0006276;0.000631;0.0006082;0.0006121;90596243.35
20251221 000000;0.0006121;0.0006182;0.0005908;0.0006102;93580646.6
20251222 000000;0.0006102;0.0006307;0.0006038;0.000613;103673495.79
20251223 000000;0.000613;0.0006133;0.0005916;0.0006009;89416456.25
20251224 000000;0.0006009;0.0006104;0.0005729;0.0005826;102359626.65
20251225 000000;0.0005826;0.0005901;0.0005604;0.0005604;98529596.77
20251226 000000;0.0005604;0.0005975;0.0005549;0.0005701;105668420.2
20251227 000000;0.0005701;0.0005854;0.0005689;0.0005791;96634197.4
20251228 000000;0.0005791;0.000585;0.0005556;0.000564;105407250.14
20251229 000000;0.000564;0.0006025;0.0005511;0.0005572;101560872.58
20251230 000000;0.0005572;0.0005697;0.0005505;0.0005617;95326906.46
20251231 000000;0.0005617;0.0005697;0.0005399;0.0005582;105385588.44
