20260101 000000;0.07334;0.07553;0.07243;0.07511;776350.11
20260102 000000;0.07511;0.07666;0.07485;0.07636;748707.9
20260103 000000;0.07636;0.07769;0.07534;0.07578;788876.93
20260104 000000;0.07578;0.07919;0.07545;0.07642;776911.77
20260105 000000;0.07642;0.07731;0.07526;0.07658;750883.71
20260106 000000;0.07658;0.0806;0.07526;0.07654;882199.22
20260107 000000;0.07654;0.07762;0.07319;0.07328;742708.12
20260108 000000;0.07328;0.07398;0.0694;0.06967;827120.24
20260109 000000;0.06967;0.07211;0.06945;0.0712;859563.06
20260110 000000;0.0712;0.07139;0.06999;0.07068;783708.05
20260111 000000;0.07068;0.07083;0.06888;0.07019;910439.94
20260112 000000;0.07019;0.07058;0.06832;0.06862;901753.76
20260113 000000;0.06862;0.07065;0.06855;0.07063;817320.57
20260114 000000;0.07063;0.07153;0.06907;0.06958;845338.5
20260115 000000;0.06958;0.07001;0.06855;0.0691;940774.91
20260116 000000;0.0691;0.06988;0.06809;0.06907;824642.7
20260117 000000;0.06907;0.07015;0.06885;0.06996;799931.06
20260118 000000;0.06996;0.07001;0.0681;0.06831;791258.9
20260119 000000;0.06831;0.06831;0.06502;0.0655;1297017.33
20260120 000000;0.0655;0.0655;0.05976;0.06074;1050116.44
20260121 000000;0.06074;0.06231;0.05991;0.06134;1057555.57
20260122 000000;0.06134;0.06171;0.05888;0.06004;981202.96
20260123 000000;0.06004;0.06424;0.05979;0.06291;1014168.65
20260124 000000;0.06291;0.06593;0.06286;0.06482;949639.05
20260125 000000;0.06482;0.06546;0.0625;0.06397;867095.1
20260126 000000;0.06397;0.06463;0.06303;0.06362;901294.33
20260127 000000;0.06362;0.06411;0.06136;0.06157;918069.8
20260128 000000;0.06157;0.06207;0.05769;0.05781;1017927.32
20260129 000000;0.05781;0.05942;0.05236;0.05242;1112995.62
20260130 000000;0.05242;0.05248;0.04781;0.04801;1193034.31
20260131 000000;0.04801;0.04977;0.04283;0.04516;1448423.63
20260201 000000;0.04516;0.05129;0.04506;0.04806;1254573.79
20260202 000000;0.04806;0.04993;0.04667;0.04893;1146326.76
20260203 000000;0.04893;0.04921;0.04519;0.04588;1280500.92
20260204 000000;0.04588;0.05069;0.04269;0.05042;1449914.32
20260205 000000;0.05042;0.0511;0.03852;0.0419;1740135.73
20260206 000000;0.0419;0.04197;0.03809;0.04165;1621500.05
20260207 000000;0.04165;0.04811;0.03993;0.04411;1626253.18
20260208 000000;0.04411;0.04413;0.03829;0.04044;1632360.24
20260209 000000;0.04044;0.04093;0.03834;0.04061;1381302.73
20260210 000000;0.04061;0.04752;0.04054;0.04379;1723083.91
20260211 000000;0.04379;0.04379;0.04058;0.04196;1336653.7
20260212 000000;0.04196;0.04301;0.04016;0.04147;1358128.24
20260213 000000;0.04147;0.04205;0.04044;0.04175;1362258.61
20260214 000000;0.04175;0.04279;0.04121;0.04164;1382542.64
20260215 000000;0.04164;0.04307;0.03903;0.03931;1406111.87
20260216 000000;0.03931;0.04061;0.03915;0.03969;1366028.98
20260217 000000;0.03969;0.04043;0.03869;0.03913;1329661.63
20260218 000000;0.03913;0.03988;0.0366;0.037;1569936.59
20260219 000000;0.037;0.03737;0.0362;0.03727;1668184.89
20260220 000000;0.03727;0.03794;0.0368;0.03759;1535514.51
20260221 000000;0.03759;0.03826;0.03681;0.03695;1488730.18
20260222 000000;0.03695;0.03699;0.03595;0.0362;1512778.75
20260223 000000;0.0362;0.03632;0.0335;0.03424;1699784.32
20260224 000000;0.03424;0.03535;0.03357;0.03458;1664679.94
20260225 000000;0.03458;0.03596;0.03447;0.03509;1672926.82
20260226 000000;0.03509;0.03563;0.03427;0.03484;1610637.62
20260227 000000;0.03484;0.03523;0.03374;0.03395;1624603.31
20260228 000000;0.03395;0.03469;0.03227;0.03456;1811807.57
20260301 000000;0.03456;0.03503;0.03285;0.03313;1666949.72
20260302 000000;0.03313;0.03431;0.03173;0.03336;1677512.44
20260303 000000;0.03336;0.03364;0.03243;0.03322;1732176.05
20260304 000000;0.03322;0.03743;0.03296;0.03688;1615672.99
20260305 000000;0.03688;0.04156;0.03657;0.03781;1627807.18
20260306 000000;0.03781;0.03905;0.03676;0.03784;1469130.45
20260307 000000;0.03784;0.03865;0.03679;0.03823;1514456.67
20260308 000000;0.03823;0.0389;0.03709;0.03738;1538051.27
20260309 000000;0.03738;0.03965;0.03736;0.03904;1468927.3
20260310 000000;0.03904;0.03931;0.03757;0.03779;1411598.18
20260311 000000;0.03779;0.03849;0.03755;0.0378;1446645.78
20260312 000000;0.0378;0.03823;0.03631;0.03728;1655983.25
20260313 000000;0.03728;0.03932;0.03697;0.03768;1629178.81
20260314 000000;0.03768;0.03821;0.03733;0.03764;1529130.18
20260315 000000;0.03764;0.03886;0.03735;0.03812;1397165.01
20260316 000000;0.03812;0.04049;0.03801;0.04012;1433578.92
20260317 000000;0.04012;0.04076;0.03934;0.03989;1428451.67
20260318 000000;0.03989;0.0407;0.03813;0.03824;1479454.5
20260319 000000;0.03824;0.03834;0.0362;0.03705;1472654.6
20260320 000000;0.03705;0.03951;0.03662;0.03711;1542229.69
20260321 000000;0.03711;0.03865;0.03707;0.038;1429796.16
20260322 000000;0.038;0.03819;0.03655;0.03712;1461553.43
20260323 000000;0.03712;0.04276;0.03694;0.04128;1442438.56
20260324 000000;0.04128;0.04139;0.04065;0.04111;1380844.22
20260325 000000;0.04111;0.0413;0.03934;0.03977;1392537.48
20260326 000000;0.03977;0.04251;0.03876;0.03943;1406440.39
20260327 000000;0.03943;0.03953;0.0376;0.03807;1378981.17
20260328 000000;0.03807;0.03839;0.03729;0.03791;1491133.32
20260329 000000;0.03791;0.03809;0.0366;0.03685;1527581.17
20260330 000000;0.03685;0.03845;0.03645;0.037;1546130.16
20260331 000000;0.037;0.0375;0.03642;0.03694;1499490.77
20260401 000000;0.03694;0.03724;0.03406;0.03416;1555820.46
20260402 000000;0.03416;0.03423;0.03166;0.03191;1687612.55
20260403 000000;0.03191;0.03199;0.02989;0.02995;1750261.31
20260404 000000;0.02995;0.03108;0.02758;0.02772;1899222.49
20260405 000000;0.02772;0.02838;0.02499;0.02499;2506595.35
20260406 000000;0.02499;0.02597;0.02335;0.0242;2411272.89
20260407 000000;0.0242;0.02555;0.02008;0.02126;2719764.19
20260408 000000;0.02126;0.02267;0.02076;0.02233;3017385.39
20260409 000000;0.02233;0.02324;0.02146;0.02151;2449935.89
20260410 000000;0.02151;0.02207;0.02136;0.02178;2546130.08
20260411 000000;0.02178;0.02197;0.0214;0.02143;2510142.79
20260412 000000;0.02143;0.02203;0.02114;0.02153;2686564.8
20260413 000000;0.02153;0.02188;0.02118;0.02159;2525853.15
20260414 000000;0.02159;0.02332;0.02138;0.0221;2680789.53
20260415 000000;0.0221;0.02241;0.02201;0.02216;2630093.65
20260416 000000;0.02216;0.02254;0.02198;0.02222;2562370.83
20260417 000000;0.02222;0.02304;0.02215;0.02253;2438464.74
20260418 000000;0.02253;0.02255;0.0206;0.02062;2466073.66
20260419 000000;0.02062;0.02109;0.02039;0.02073;2723034.3
20260420 000000;0.02073;0.02119;0.02069;0.02092;2672819.72
20260421 000000;0.02092;0.02116;0.02087;0.02107;2527107.82
20260422 000000;0.02107;0.02173;0.02084;0.02149;2925265.7
20260423 000000;0.02149;0.02249;0.02133;0.02163;2861660.96
20260424 000000;0.02163;0.02169;0.02072;0.02088;2638816.12
20260425 000000;0.02088;0.02226;0.02077;0.02222;2742504.49
20260426 000000;0.02222;0.02259;0.02189;0.02237;2629618.71
20260427 000000;0.02237;0.02241;0.02151;0.02159;2546572.74
20260428 000000;0.02159;0.02169;0.02136;0.02144;2517074.56
20260429 000000;0.02144;0.02149;0.02081;0.02093;2564770.96
20260430 000000;0.02093;0.02123;0.02084;0.02104;2707988.29
20260501 000000;0.02104;0.02128;0.02098;0.02114;2602137.81
20260502 000000;0.02114;0.02146;0.02109;0.02136;2670056.36
20260503 000000;0.02136;0.02161;0.02126;0.02148;2472126.37
20260504 000000;0.02148;0.02202;0.02145;0.02198;2548361.55
20260505 000000;0.02198;0.02214;0.02133;0.02145;2468202.76
20260506 000000;0.02145;0.02158;0.01899;0.0192;3466222.49
20260507 000000;0.0192;0.02007;0.01855;0.01968;2987956.57
20260508 000000;0.01968;0.01994;0.01842;0.01857;3105178.38
20260509 000000;0.01857;0.01934;0.01847;0.0192;2909343.21
20260510 000000;0.0192;0.02058;0.01914;0.0205;2974819.01
20260511 000000;0.0205;0.02098;0.02028;0.02098;2742747.17
20260512 000000;0.02098;0.02166;0.02083;0.02126;2853454.79
20260513 000000;0.02126;0.02475;0.0212;0.02307;2717021.08
20260514 000000;0.02307;0.02358;0.0219;0.02355;2699007.97
20260515 000000;0.02355;0.02358;0.02027;0.02033;2671343.47
20260516 000000;0.02033;0.02038;0.01994;0.02016;2667055.9
20260517 000000;0.02016;0.02058;0.01982;0.01983;2855436.79
20260518 000000;0.01983;0.01987;0.01922;0.01932;2944358.29
20260519 000000;0.01932;0.01974;0.01927;0.01944;2928167.75
20260520 000000;0.01944;0.02001;0.01944;0.0199;2756438.1
20260521 000000;0.0199;0.02044;0.01967;0.0197;3017987.07
20260522 000000;0.0197;0.02033;0.01928;0.01939;2896018.05
20260523 000000;0.01939;0.01947;0.0191;0.01937;2895447.48
20260524 000000;0.01937;0.01947;0.01897;0.01902;2821516.59
20260525 000000;0.01902;0.01954;0.01896;0.01918;2802367.68
20260526 000000;0.01918;0.01926;0.01853;0.01862;3065296.3
20260527 000000;0.01862;0.01959;0.01861;0.01926;3051908.23
20260528 000000;0.01926;0.01976;0.01864;0.01903;3152885.04
20260529 000000;0.01903;0.01906;0.0178;0.01824;3312668.51
20260530 000000;0.01824;0.01855;0.0182;0.0185;3090351.45
20260531 000000;0.0185;0.01856;0.01811;0.01827;2973831.68
20260601 000000;0.01827;0.01834;0.01805;0.01816;3177169.38
20260602 000000;0.01816;0.01862;0.01766;0.01768;3109014.61
20260603 000000;0.01768;0.01785;0.01708;0.01709;3231338.87
20260604 000000;0.01709;0.01712;0.01565;0.01568;3458054.23
20260605 000000;0.01568;0.01571;0.01275;0.01293;4362671.55
20260606 000000;0.01293;0.01315;0.01282;0.01288;4455515.48
20260607 000000;0.01288;0.01339;0.01272;0.01283;4321249.91
20260608 000000;0.01283;0.01447;0.01276;0.01399;4066508.86
20260609 000000;0.01399;0.01451;0.01346;0.01357;4153234.85
20260610 000000;0.01357;0.01399;0.01351;0.01371;4159606.36
20260611 000000;0.01371;0.01398;0.01346;0.01376;4087638.76
20260612 000000;0.01376;0.01384;0.01349;0.01362;3797781.54
20260613 000000;0.01362;0.01432;0.01279;0.01312;4307360.27
20260614 000000;0.01312;0.01339;0.01298;0.01337;4440652.69
20260615 000000;0.01337;0.0137;0.01314;0.01368;4134131.16
20260616 000000;0.01368;0.01444;0.01347;0.01383;4155509.02
20260617 000000;0.01383;0.014;0.0136;0.0137;4044089.48
20260618 000000;0.0137;0.01471;0.01361;0.01433;4037862.12
20260619 000000;0.01433;0.0146;0.01405;0.01419;4109565.26
20260620 000000;0.01419;0.01443;0.01411;0.0142;3107210.17
