20250101 000000;0.2394;0.2394;0.2122;0.2276;445443.06
20250102 000000;0.2276;0.2314;0.1975;0.2015;463476.87
20250103 000000;0.2015;0.2348;0.195;0.2082;739437.32
20250104 000000;0.2082;0.2176;0.189;0.2042;713769.5
20250105 000000;0.2042;0.2119;0.1903;0.1922;677457.42
20250106 000000;0.1922;0.2361;0.1914;0.2237;910413.3
20250107 000000;0.2237;0.2396;0.1998;0.2057;972884.44
20250108 000000;0.2057;0.2122;0.1821;0.1843;844716.75
20250109 000000;0.1843;0.195;0.1635;0.1697;444859.86
20250110 000000;0.1697;0.1746;0.1561;0.1644;630495.17
20250111 000000;0.1644;0.1832;0.1562;0.1671;493746.97
20250112 000000;0.1671;0.1801;0.152;0.1545;949154.71
20250113 000000;0.1545;0.1614;0.1394;0.1559;1405401.71
20250114 000000;0.1559;0.1624;0.1468;0.1566;846568.25
20250115 000000;0.1566;0.1594;0.1301;0.1584;958171.57
20250116 000000;0.1584;0.161;0.1492;0.151;748315.38
20250117 000000;0.151;0.189;0.1508;0.1865;1024136.15
20250118 000000;0.1865;0.2243;0.1653;0.2122;2047314.66
20250119 000000;0.2122;0.2197;0.1545;0.16;1419482.21
20250120 000000;0.16;0.1683;0.1269;0.1287;1649373.62
20250121 000000;0.1287;0.1332;0.1137;0.1309;1628982.37
20250122 000000;0.1309;0.1374;0.1272;0.1299;876984.78
20250123 000000;0.1299;0.1359;0.1247;0.1357;825669.08
20250124 000000;0.1357;0.1621;0.1324;0.1479;1086104.32
20250125 000000;0.1479;0.1556;0.1451;0.1525;531174.78
20250126 000000;0.1525;0.1705;0.1395;0.1399;699566.59
20250127 000000;0.1399;0.1399;0.1219;0.1386;936036.14
20250128 000000;0.1386;0.1423;0.1293;0.1325;641295.77
20250129 000000;0.1325;0.1497;0.1321;0.1417;698520.92
20250130 000000;0.1417;0.1431;0.1379;0.1414;533371.33
20250131 000000;0.1414;0.1649;0.1411;0.1499;814960.02
20250201 000000;0.1499;0.1511;0.133;0.1336;460161.67
20250202 000000;0.1336;0.1357;0.1111;0.1161;902184.73
20250203 000000;0.1161;0.1218;0.101;0.1216;1348772.19
20250204 000000;0.1216;0.1251;0.1145;0.1161;1075235.19
20250205 000000;0.1161;0.1235;0.115;0.1214;749140.21
20250206 000000;0.1214;0.1288;0.1165;0.1177;854444.67
20250207 000000;0.1177;0.1222;0.115;0.1159;825937.52
20250208 000000;0.1159;0.1193;0.115;0.1176;660593.32
20250209 000000;0.1176;0.1197;0.1157;0.1162;543797.38
20250210 000000;0.1162;0.1176;0.111;0.1131;675488.62
20250211 000000;0.1131;0.119;0.1124;0.1126;591483.28
20250212 000000;0.1126;0.1128;0.1084;0.1105;644907.35
20250213 000000;0.1105;0.1211;0.1067;0.1115;690594.01
20250214 000000;0.1115;0.1191;0.1103;0.1103;673938.36
20250215 000000;0.1103;0.111;0.1057;0.109;716584.83
20250216 000000;0.109;0.111;0.1045;0.105;644861.99
20250217 000000;0.105;0.1064;0.0902;0.092;899494.62
20250218 000000;0.092;0.093;0.07191;0.08107;1165470.55
20250219 000000;0.08107;0.08443;0.08041;0.08123;778972
20250220 000000;0.08123;0.08169;0.07899;0.08044;806569.8
20250221 000000;0.08044;0.09433;0.07323;0.07537;966158.73
20250222 000000;0.07537;0.08743;0.07498;0.08677;926173.1
20250223 000000;0.08677;0.09137;0.08486;0.08905;698063.05
20250224 000000;0.08905;0.09128;0.07831;0.07858;793957.56
20250225 000000;0.07858;0.07947;0.06573;0.07427;1053969.79
20250226 000000;0.07427;0.07728;0.07177;0.07569;848278.65
20250227 000000;0.07569;0.07747;0.07318;0.07469;778609.98
20250228 000000;0.07469;0.07634;0.06988;0.07473;824769.2
20250301 000000;0.07473;0.07802;0.07442;0.07671;778057.64
20250302 000000;0.07671;0.08151;0.07197;0.07652;816353.21
20250303 000000;0.07652;0.07719;0.06872;0.06941;794874.19
20250304 000000;0.06941;0.07519;0.06563;0.07314;961235.5
20250305 000000;0.07314;0.08362;0.07314;0.08295;779266.7
20250306 000000;0.08295;0.09714;0.0811;0.09325;971985.85
20250307 000000;0.09325;0.10043;0.09025;0.09873;979650.4
20250308 000000;0.09873;0.10466;0.0947;0.09886;701337.44
20250309 000000;0.09886;0.09933;0.09111;0.09137;648732.91
20250310 000000;0.09137;0.09359;0.08205;0.08422;838881.99
20250311 000000;0.08422;0.08596;0.08225;0.08279;804818.39
20250312 000000;0.08279;0.08839;0.0817;0.08781;788560.93
20250313 000000;0.08781;0.08827;0.0839;0.08481;667850.14
20250314 000000;0.08481;0.0863;0.08439;0.08515;658835.01
20250315 000000;0.08515;0.08887;0.08494;0.08614;671019
20250316 000000;0.08614;0.08712;0.08294;0.08375;657048.72
20250317 000000;0.08375;0.08554;0.08096;0.08143;677650
20250318 000000;0.08143;0.08178;0.07728;0.07972;1087377.48
20250319 000000;0.07972;0.0812;0.07839;0.07957;701214.2
20250320 000000;0.07957;0.08415;0.07952;0.08244;686407.15
20250321 000000;0.08244;0.1001;0.08209;0.09014;785535
20250322 000000;0.09014;0.09368;0.08909;0.08939;631220.16
20250323 000000;0.08939;0.09023;0.08716;0.08737;671217.92
20250324 000000;0.08737;0.09149;0.08723;0.08799;668921.41
20250325 000000;0.08799;0.08932;0.08778;0.08822;636964.04
20250326 000000;0.08822;0.09604;0.08813;0.09368;670865.61
20250327 000000;0.09368;0.09707;0.09015;0.09336;703255.85
20250328 000000;0.09336;0.09338;0.08942;0.08999;615674.23
20250329 000000;0.08999;0.0911;0.08602;0.08659;639166.74
20250330 000000;0.08659;0.08794;0.08613;0.08638;630542.6
20250331 000000;0.08638;0.08743;0.08162;0.08743;816856.25
20250401 000000;0.08743;0.08953;0.08716;0.08732;671932.12
20250402 000000;0.08732;0.08911;0.08545;0.08576;697742.75
20250403 000000;0.08576;0.08669;0.08449;0.08499;669422.23
20250404 000000;0.08499;0.08581;0.084;0.08542;649329.05
20250405 000000;0.08542;0.08628;0.08322;0.08388;656887.62
20250406 000000;0.08388;0.08638;0.07254;0.07712;961031.23
20250407 000000;0.07712;0.07728;0.07043;0.07378;794081.63
20250408 000000;0.07378;0.0766;0.06988;0.07051;724644.51
20250409 000000;0.07051;0.07515;0.06971;0.07434;796206.07
20250410 000000;0.07434;0.07437;0.0703;0.07239;794950.45
20250411 000000;0.07239;0.07533;0.07209;0.07492;732011.27
20250412 000000;0.07492;0.08482;0.0737;0.0771;779655.47
20250413 000000;0.0771;0.07761;0.07044;0.07147;791225.45
20250414 000000;0.07147;0.07744;0.07007;0.07087;846957.41
20250415 000000;0.07087;0.07137;0.06918;0.07007;809550.7
20250416 000000;0.07007;0.07358;0.06891;0.06991;798005.89
20250417 000000;0.06991;0.0734;0.06836;0.07;808541.25
20250418 000000;0.07;0.07341;0.06962;0.07326;748367.18
20250419 000000;0.07326;0.07429;0.07291;0.07335;793286.24
20250420 000000;0.07335;0.07498;0.07232;0.07236;770855.54
20250421 000000;0.07236;0.07922;0.07231;0.07527;866533.7
20250422 000000;0.07527;0.07971;0.07519;0.07807;917123.38
20250423 000000;0.07807;0.08236;0.07737;0.08102;1081561.65
20250424 000000;0.08102;0.08119;0.07514;0.07853;963337.12
20250425 000000;0.07853;0.08538;0.07794;0.07817;1218144.38
20250426 000000;0.07817;0.08298;0.07796;0.08139;1324567.35
20250427 000000;0.08139;0.08218;0.07744;0.07757;861499.77
20250428 000000;0.07757;0.07958;0.07725;0.07839;930221.49
20250429 000000;0.07839;0.07907;0.07592;0.07626;970602.08
20250430 000000;0.07626;0.07748;0.0727;0.07382;914649.77
20250501 000000;0.07382;0.07559;0.07274;0.0741;927091.8
20250502 000000;0.0741;0.07683;0.07281;0.0746;937099.25
20250503 000000;0.0746;0.07484;0.07059;0.07221;1001072.57
20250504 000000;0.07221;0.07345;0.065;0.06572;1187260.72
20250505 000000;0.06572;0.06807;0.06517;0.06615;916309.88
20250506 000000;0.06615;0.06646;0.06503;0.06597;832156.61
20250507 000000;0.06597;0.06802;0.06413;0.06506;890018.8
20250508 000000;0.06506;0.0749;0.06501;0.07453;1179413.96
20250509 000000;0.07453;0.11677;0.07398;0.10988;1980651.82
20250510 000000;0.10988;0.12187;0.09862;0.10276;1051983.73
20250511 000000;0.10276;0.10304;0.09149;0.09749;907517.27
20250512 000000;0.09749;0.09995;0.09002;0.09287;850422.81
20250513 000000;0.09287;0.09701;0.08836;0.09549;772360.18
20250514 000000;0.09549;0.09657;0.08845;0.08878;930630.1
20250515 000000;0.08878;0.08967;0.08047;0.08286;1092002.35
20250516 000000;0.08286;0.08715;0.0823;0.08381;701438.29
20250517 000000;0.08381;0.08507;0.08091;0.08261;850173.15
20250518 000000;0.08261;0.0877;0.08145;0.08456;757940.89
20250519 000000;0.08456;0.08505;0.07924;0.08168;722215.64
20250520 000000;0.08168;0.08238;0.07725;0.08018;755047.05
20250521 000000;0.08018;0.08925;0.07951;0.08751;828409.81
20250522 000000;0.08751;0.09415;0.08315;0.08946;1080254.08
20250523 000000;0.08946;0.09045;0.08597;0.0861;784851.9
20250524 000000;0.0861;0.08688;0.08589;0.08597;652084.4
20250525 000000;0.08597;0.10766;0.08538;0.10293;1663053.37
20250526 000000;0.10293;0.10388;0.09253;0.09289;800606.52
20250527 000000;0.09289;0.09617;0.09113;0.09458;742733.97
20250528 000000;0.09458;0.1016;0.08892;0.08984;761177.4
20250529 000000;0.08984;0.15146;0.08899;0.15022;2070399.26
20250530 000000;0.15022;0.16086;0.11552;0.11776;1178169.06
20250531 000000;0.11776;0.13592;0.11597;0.12976;545460.81
20250601 000000;0.12976;0.13511;0.12496;0.12671;661731.95
20250602 000000;0.12671;0.14254;0.12643;0.13849;705120.82
20250603 000000;0.13849;0.14235;0.13453;0.13925;709815.18
20250604 000000;0.13925;0.14547;0.13844;0.14156;494364.49
20250605 000000;0.14156;0.14401;0.12672;0.12672;518648
20250606 000000;0.12672;0.14236;0.11272;0.12102;863106.28
20250607 000000;0.12102;0.12117;0.11589;0.11792;565565.09
20250608 000000;0.11792;0.14328;0.11558;0.12851;1167447.54
20250609 000000;0.12851;0.13099;0.11436;0.12154;701807.84
20250610 000000;0.12154;0.1323;0.11622;0.12555;987288.41
20250611 000000;0.12555;0.162;0.12404;0.14702;1238590.44
20250612 000000;0.14702;0.15344;0.14067;0.14397;702831.63
20250613 000000;0.14397;0.14397;0.12832;0.13635;878620.97
20250614 000000;0.13635;0.13672;0.12652;0.12821;621291.08
20250615 000000;0.12821;0.13815;0.12705;0.13595;656807.68
20250616 000000;0.13595;0.14263;0.13317;0.13381;823741.59
20250617 000000;0.13381;0.13469;0.12647;0.12826;459375.38
20250618 000000;0.12826;0.1293;0.1211;0.12214;546499.61
20250619 000000;0.12214;0.12241;0.11593;0.11695;594799.26
20250620 000000;0.11695;0.11967;0.11564;0.11597;502267.63
20250621 000000;0.11597;0.1174;0.11065;0.11203;514296.21
20250622 000000;0.11203;0.11644;0.10862;0.11282;531180.75
20250623 000000;0.11282;0.11455;0.1089;0.11407;501943.54
20250624 000000;0.11407;0.11572;0.11174;0.11273;568727.74
20250625 000000;0.11273;0.1131;0.10893;0.1096;502683.13
20250626 000000;0.1096;0.11028;0.10896;0.10986;514150.49
20250627 000000;0.10986;0.11191;0.10787;0.10904;530360.42
20250628 000000;0.10904;0.11159;0.1017;0.11073;599952.2
20250629 000000;0.11073;0.12068;0.10972;0.11821;999374.62
20250630 000000;0.11821;0.12613;0.11369;0.12338;684185.73
20250701 000000;0.12338;0.12387;0.11;0.11418;1120272.77
20250702 000000;0.11418;0.12149;0.11293;0.12149;548713.48
20250703 000000;0.12149;0.12607;0.10706;0.10991;574750.4
20250704 000000;0.10991;0.11024;0.10532;0.10569;574922.57
20250705 000000;0.10569;0.10611;0.10043;0.10093;601401.73
20250706 000000;0.10093;0.10121;0.09683;0.09735;561988.86
20250707 000000;0.09735;0.09783;0.09439;0.09503;556107.61
20250708 000000;0.09503;0.09543;0.08616;0.08901;916154.22
20250709 000000;0.08901;0.09051;0.08779;0.08912;673646.82
20250710 000000;0.08912;0.08997;0.08544;0.0877;695680.99
20250711 000000;0.0877;0.09439;0.08676;0.08936;703471.59
20250712 000000;0.08936;0.08961;0.08047;0.08301;807919.24
20250713 000000;0.08301;0.08485;0.078;0.07975;909738
20250714 000000;0.07975;0.0819;0.06806;0.07154;1409449.02
20250715 000000;0.07154;0.07154;0.06671;0.07069;1005463.83
20250716 000000;0.07069;0.07791;0.06984;0.07654;931659.56
20250717 000000;0.07654;0.07811;0.07278;0.0773;877662.4
20250718 000000;0.0773;0.08145;0.07508;0.07707;823998.89
20250719 000000;0.07707;0.09352;0.07633;0.09271;737596.65
20250720 000000;0.09271;0.09533;0.08718;0.08877;729531.36
20250721 000000;0.08877;0.10812;0.08784;0.09914;882636.55
20250722 000000;0.09914;0.10805;0.0952;0.09939;661152.76
20250723 000000;0.09939;0.10338;0.09553;0.09574;698638.78
20250724 000000;0.09574;0.09638;0.08801;0.08832;630167.41
20250725 000000;0.08832;0.08837;0.08504;0.08795;651065.43
20250726 000000;0.08795;0.08925;0.08692;0.08879;707408.58
20250727 000000;0.08879;0.08922;0.085;0.0872;664671.37
20250728 000000;0.0872;0.09451;0.08677;0.09301;639197.28
20250729 000000;0.09301;0.09777;0.08777;0.08854;663325.22
20250730 000000;0.08854;0.08999;0.08625;0.08901;686983.08
20250731 000000;0.08901;0.09083;0.08636;0.08676;692308.6
20250801 000000;0.08676;0.08676;0.08112;0.0819;717727.02
20250802 000000;0.0819;0.08244;0.07334;0.07543;734916.66
20250803 000000;0.07543;0.07898;0.07215;0.07882;775248.83
20250804 000000;0.07882;0.08112;0.07807;0.07973;687522.74
20250805 000000;0.07973;0.08137;0.07819;0.08009;734959.27
20250806 000000;0.08009;0.09157;0.07977;0.08873;1026951.05
20250807 000000;0.08873;0.09231;0.08869;0.09181;782066.12
20250808 000000;0.09181;0.09184;0.08713;0.08769;698500.94
20250809 000000;0.08769;0.09115;0.08761;0.08956;892863.35
20250810 000000;0.08956;0.09346;0.08724;0.08773;668018.26
20250811 000000;0.08773;0.08862;0.08097;0.08194;741172.26
20250812 000000;0.08194;0.08372;0.07958;0.08332;729475.41
20250813 000000;0.08332;0.087;0.08312;0.08508;709260.39
20250814 000000;0.08508;0.09198;0.08458;0.08705;785372.77
20250815 000000;0.08705;0.09047;0.08013;0.08161;715826.36
20250816 000000;0.08161;0.08381;0.08029;0.081;712155.7
20250817 000000;0.081;0.08411;0.07846;0.07879;751252.44
20250818 000000;0.07879;0.08012;0.0761;0.07743;951399.02
20250819 000000;0.07743;0.07767;0.07415;0.07479;955297.77
20250820 000000;0.07479;0.07796;0.07372;0.07696;768208.29
20250821 000000;0.07696;0.07738;0.07483;0.07495;742121.46
20250822 000000;0.07495;0.07873;0.07424;0.078;938267.06
20250823 000000;0.078;0.08446;0.07749;0.08234;785132.66
20250824 000000;0.08234;0.08315;0.07302;0.07445;922289.38
20250825 000000;0.07445;0.07591;0.07257;0.07428;1017462.82
20250826 000000;0.07428;0.07725;0.07338;0.07486;782115.52
20250827 000000;0.07486;0.07574;0.07177;0.07542;823018.85
20250828 000000;0.07542;0.08364;0.07397;0.07612;819303.25
20250829 000000;0.07612;0.07747;0.07419;0.07552;718525.31
20250830 000000;0.07552;0.07717;0.0755;0.07594;737243.45
20250831 000000;0.07594;0.0769;0.07515;0.07529;717379.85
20250901 000000;0.07529;0.07655;0.0748;0.07534;779257.92
20250902 000000;0.07534;0.07948;0.07509;0.07798;763739.57
20250903 000000;0.07798;0.08889;0.07775;0.08806;729928.27
20250904 000000;0.08806;0.09099;0.08385;0.08534;712099.85
20250905 000000;0.08534;0.08914;0.08112;0.08276;716757.83
20250906 000000;0.08276;0.08296;0.07734;0.07783;786085.17
20250907 000000;0.07783;0.08137;0.07783;0.08127;695322.88
20250908 000000;0.08127;0.08718;0.08092;0.0866;675837.27
20250909 000000;0.0866;0.08903;0.08331;0.08859;766535.68
20250910 000000;0.08859;0.09314;0.0881;0.08988;706908.79
20250911 000000;0.08988;0.09753;0.08848;0.09579;679361.03
20250912 000000;0.09579;0.1105;0.0957;0.10702;837821.56
20250913 000000;0.10702;0.119;0.10361;0.10704;681221.96
20250914 000000;0.10704;0.13618;0.1037;0.12352;804702.57
20250915 000000;0.12352;0.13522;0.1203;0.12489;702633.39
20250916 000000;0.12489;0.13574;0.11953;0.12039;725117.3
20250917 000000;0.12039;0.14693;0.12031;0.13688;698458.46
20250918 000000;0.13688;0.14166;0.12907;0.13261;568125.49
20250919 000000;0.13261;0.14247;0.12993;0.14045;516659.45
20250920 000000;0.14045;0.14388;0.136;0.13987;482188.01
20250921 000000;0.13987;0.1406;0.12704;0.12838;462575.17
20250922 000000;0.12838;0.13076;0.10978;0.11289;743636.69
20250923 000000;0.11289;0.11394;0.10365;0.1045;517751.57
20250924 000000;0.1045;0.11093;0.102;0.11004;676175.03
20250925 000000;0.11004;0.1125;0.10573;0.10672;618014.6
20250926 000000;0.10672;0.1095;0.10017;0.10093;649718.03
20250927 000000;0.10093;0.11048;0.10017;0.11028;531715.1
20250928 000000;0.11028;0.11208;0.10747;0.11015;550468.89
20250929 000000;0.11015;0.1145;0.10884;0.10948;551026.12
20250930 000000;0.10948;0.11977;0.10875;0.11603;596298.57
20251001 000000;0.11603;0.14182;0.11351;0.14176;909913.47
20251002 000000;0.14176;0.14683;0.13396;0.13642;714997.74
20251003 000000;0.13642;0.1411;0.12383;0.12891;715083.38
20251004 000000;0.12891;0.13201;0.12382;0.12433;525911.36
20251005 000000;0.12433;0.13371;0.12295;0.12398;529440.44
20251006 000000;0.12398;0.12686;0.11746;0.12122;602416.57
20251007 000000;0.12122;0.12793;0.11815;0.12429;536761.67
20251008 000000;0.12429;0.13561;0.12278;0.13335;539026.94
20251009 000000;0.13335;0.14108;0.12921;0.1342;538327.36
20251010 000000;0.1342;0.17805;0.10115;0.12363;1783598.19
20251011 000000;0.12363;0.15321;0.11694;0.12624;763333.71
20251012 000000;0.12624;0.16637;0.12401;0.16123;884398.69
20251013 000000;0.16123;0.1811;0.14999;0.17024;668737.47
20251014 000000;0.17024;0.17416;0.15033;0.15249;654899.7
20251015 000000;0.15249;0.15782;0.13451;0.13472;586392.92
20251016 000000;0.13472;0.15175;0.13229;0.13787;650196.51
20251017 000000;0.13787;0.13987;0.12825;0.13193;700430.32
20251018 000000;0.13193;0.16001;0.13165;0.15348;516313.49
20251019 000000;0.15348;0.16454;0.14926;0.16117;610205.91
20251020 000000;0.16117;0.18471;0.15966;0.16354;514351.54
20251021 000000;0.16354;0.16354;0.15048;0.1509;370034.83
20251022 000000;0.1509;0.15823;0.14551;0.14759;547628.11
20251023 000000;0.14759;0.14925;0.13803;0.13964;397523.22
20251024 000000;0.13964;0.14553;0.13962;0.13986;512598.58
20251025 000000;0.13986;0.14059;0.1227;0.13021;821834.14
20251026 000000;0.13021;0.13467;0.12593;0.13389;489862.98
20251027 000000;0.13389;0.13414;0.11901;0.12079;607198.63
20251028 000000;0.12079;0.13496;0.12079;0.13314;664061.28
20251029 000000;0.13314;0.13378;0.12874;0.12887;499471.86
20251030 000000;0.12887;0.13075;0.11534;0.1197;764151.11
20251031 000000;0.1197;0.12106;0.11593;0.11815;593454.31
20251101 000000;0.11815;0.11974;0.11551;0.11724;486798.65
20251102 000000;0.11724;0.1182;0.11332;0.11496;456885.45
20251103 000000;0.11496;0.1169;0.10761;0.10945;589530.94
20251104 000000;0.10945;0.11338;0.10046;0.10064;579578.54
20251105 000000;0.10064;0.10179;0.09796;0.09849;580989.41
20251106 000000;0.09849;0.09937;0.09604;0.09731;658800.25
20251107 000000;0.09731;0.10193;0.09655;0.09923;558754.96
20251108 000000;0.09923;0.10085;0.09154;0.09371;768112.61
20251109 000000;0.09371;0.1063;0.09068;0.10148;616107.84
20251110 000000;0.10148;0.10371;0.09634;0.09724;1094780.19
20251111 000000;0.09724;0.10204;0.09469;0.09503;726454.01
20251112 000000;0.09503;0.09825;0.09412;0.09757;599784.15
20251113 000000;0.09757;0.099;0.0895;0.08953;919033.59
20251114 000000;0.08953;0.08994;0.0854;0.08605;803292.55
20251115 000000;0.08605;0.08651;0.07569;0.08145;813051.28
20251116 000000;0.08145;0.0837;0.07681;0.07717;754775.52
20251117 000000;0.07717;0.0792;0.07091;0.07156;834869.27
20251118 000000;0.07156;0.07776;0.07063;0.07609;804582.47
20251119 000000;0.07609;0.08234;0.07551;0.07955;759209.12
20251120 000000;0.07955;0.0814;0.07937;0.07976;692167.21
20251121 000000;0.07976;0.08097;0.07101;0.0724;784618.61
20251122 000000;0.0724;0.07313;0.0702;0.07105;775779
20251123 000000;0.07105;0.07153;0.067;0.07084;981127.13
20251124 000000;0.07084;0.07354;0.06959;0.07125;807704.49
20251125 000000;0.07125;0.082;0.06847;0.07479;4356625
20251126 000000;0.07479;0.07716;0.07454;0.07637;1480829.98
20251127 000000;0.07637;0.07651;0.07217;0.07245;787473.06
20251128 000000;0.07245;0.07403;0.0708;0.07117;737172.11
20251129 000000;0.07117;0.07142;0.06956;0.0699;810830.87
20251130 000000;0.0699;0.0699;0.06639;0.06665;898761.46
20251201 000000;0.06665;0.06681;0.06428;0.06535;913510.11
20251202 000000;0.06535;0.07236;0.06496;0.07223;852199.03
20251203 000000;0.07223;0.08116;0.07163;0.0803;886253.33
20251204 000000;0.0803;0.09455;0.07966;0.09084;1062301.34
20251205 000000;0.09084;0.10454;0.09039;0.09551;797127.26
20251206 000000;0.09551;0.10239;0.09317;0.09904;666911.04
20251207 000000;0.09904;0.09904;0.09347;0.09577;592214.48
20251208 000000;0.09577;0.09645;0.0885;0.08893;727077.22
20251209 000000;0.08893;0.0995;0.08866;0.09536;754492.67
20251210 000000;0.09536;0.09673;0.08948;0.08995;625368.92
20251211 000000;0.08995;0.09045;0.08865;0.09001;671003.34
20251212 000000;0.09001;0.09037;0.08672;0.08744;663654.38
20251213 000000;0.08744;0.08778;0.08455;0.08537;734738.07
20251214 000000;0.08537;0.08548;0.0832;0.08372;697038
20251215 000000;0.08372;0.09174;0.08301;0.08558;1075853.32
20251216 000000;0.08558;0.0864;0.08311;0.08326;651667.92
20251217 000000;0.08326;0.08341;0.07916;0.08023;982404.89
20251218 000000;0.08023;0.0819;0.07738;0.07747;719272.44
20251219 000000;0.07747;0.08078;0.07742;0.08012;670271.65
20251220 000000;0.08012;0.08061;0.0766;0.07799;713565.71
20251221 000000;0.07799;0.07849;0.07616;0.07677;726969.14
20251222 000000;0.07677;0.07858;0.07662;0.07733;694980.9
20251223 000000;0.07733;0.078;0.07439;0.07566;776487.99
20251224 000000;0.07566;0.07658;0.07531;0.07639;726118.74
20251225 000000;0.07639;0.07856;0.07569;0.07587;887696.12
20251226 000000;0.07587;0.07721;0.07517;0.07689;733427.64
20251227 000000;0.07689;0.07778;0.07659;0.07753;716725.35
20251228 000000;0.07753;0.08002;0.07547;0.07625;806320.9
20251229 000000;0.07625;0.07788;0.07619;0.07755;729870.82
20251230 000000;0.07755;0.0776;0.07584;0.07622;729294.21
20251231 000000;0.07622;0.07622;0.07181;0.07334;859721.23
