20260101 000000;0.008624;0.009199;0.008525;0.009179;15105942.99
20260102 000000;0.009179;0.009998;0.009125;0.009952;22041341.06
20260103 000000;0.009952;0.01003;0.009554;0.010018;13574630.26
20260104 000000;0.010018;0.011256;0.009981;0.0104;40445218.54
20260105 000000;0.0104;0.012831;0.010335;0.011986;82258930
20260106 000000;0.011986;0.012107;0.011219;0.011708;34616497.15
20260107 000000;0.011708;0.011713;0.01047;0.010647;22739933.07
20260108 000000;0.010647;0.010942;0.010089;0.010577;21837385.77
20260109 000000;0.010577;0.010739;0.010205;0.010481;25177265.02
20260110 000000;0.010481;0.010621;0.010144;0.010357;14805525.3
20260111 000000;0.010357;0.010429;0.009991;0.010207;20884426.81
20260112 000000;0.010207;0.010437;0.009797;0.009848;22548138.2
20260113 000000;0.009848;0.010709;0.009621;0.010591;29455849.73
20260114 000000;0.010591;0.011036;0.01037;0.010601;29289348.86
20260115 000000;0.010601;0.010625;0.009799;0.010066;24775710.51
20260116 000000;0.010066;0.010257;0.009559;0.010035;26202297.9
20260117 000000;0.010035;0.010451;0.009941;0.00999;20464954.32
20260118 000000;0.00999;0.010219;0.009476;0.009494;22473275.54
20260119 000000;0.009494;0.009501;0.008429;0.009028;47125332.19
20260120 000000;0.009028;0.00906;0.008261;0.008297;43311121.36
20260121 000000;0.008297;0.008819;0.00817;0.00875;47583186.22
20260122 000000;0.00875;0.009646;0.008509;0.00869;63887601.45
20260123 000000;0.00869;0.009064;0.008656;0.008766;38534464.54
20260124 000000;0.008766;0.00907;0.008576;0.008819;45647075.54
20260125 000000;0.008819;0.009472;0.008204;0.008536;75390664.01
20260126 000000;0.008536;0.009178;0.008398;0.008966;46808324.51
20260127 000000;0.008966;0.009256;0.008619;0.009153;20178428.32
20260128 000000;0.009153;0.009566;0.008916;0.00939;26233998.45
20260129 000000;0.00939;0.009458;0.008211;0.008453;47375410.15
20260130 000000;0.008453;0.008499;0.007856;0.008272;48006162.58
20260131 000000;0.008272;0.008298;0.00648;0.007243;76461583.81
20260201 000000;0.007243;0.007683;0.006715;0.00686;56394486.78
20260202 000000;0.00686;0.007301;0.006547;0.00708;58903579.61
20260203 000000;0.00708;0.007164;0.006476;0.006715;45462996.65
20260204 000000;0.006715;0.006855;0.006323;0.006579;34734983.66
20260205 000000;0.006579;0.006697;0.005315;0.005393;96023916.4
20260206 000000;0.005393;0.006535;0.004808;0.006342;149302288.1
20260207 000000;0.006342;0.006343;0.005847;0.006085;40539758.59
20260208 000000;0.006085;0.006096;0.0058;0.005888;28392949.33
20260209 000000;0.005888;0.005933;0.005548;0.00576;32781152.51
20260210 000000;0.00576;0.005943;0.005578;0.00563;35407160.61
20260211 000000;0.00563;0.005824;0.00539;0.00571;48854966.82
20260212 000000;0.00571;0.006235;0.005683;0.005994;68838086.85
20260213 000000;0.005994;0.006232;0.005745;0.006094;31422862.91
20260214 000000;0.006094;0.007286;0.006094;0.006567;115040308.74
20260215 000000;0.006567;0.006567;0.006008;0.006091;35866461.08
20260216 000000;0.006091;0.006206;0.005912;0.006081;25761070.25
20260217 000000;0.006081;0.00614;0.005886;0.005987;23403305.11
20260218 000000;0.005987;0.006144;0.005668;0.005709;30064119.2
20260219 000000;0.005709;0.00581;0.00541;0.005535;32338435.45
20260220 000000;0.005535;0.005691;0.005387;0.005664;32396902.4
20260221 000000;0.005664;0.005797;0.00553;0.005574;21568963.88
20260222 000000;0.005574;0.005574;0.005267;0.005319;28919187.93
20260223 000000;0.005319;0.005328;0.004951;0.005016;32781397.84
20260224 000000;0.005016;0.005097;0.004869;0.004995;24681320.46
20260225 000000;0.004995;0.005483;0.004989;0.005292;31647931.94
20260226 000000;0.005292;0.005339;0.004934;0.00509;29949213.75
20260227 000000;0.00509;0.007197;0.005057;0.005925;166096836.21
20260228 000000;0.005925;0.007323;0.005381;0.006074;175833719.1
20260301 000000;0.006074;0.006876;0.005822;0.006301;136022969.52
20260302 000000;0.006301;0.00654;0.00592;0.006344;69776302.6
20260303 000000;0.006344;0.006563;0.006082;0.006275;65867984.52
20260304 000000;0.006275;0.006658;0.005947;0.006521;71082841.24
20260305 000000;0.006521;0.007032;0.006362;0.006702;114662035.72
20260306 000000;0.006702;0.007151;0.006388;0.006489;59179336.63
20260307 000000;0.006489;0.006492;0.005796;0.005846;40630668.88
20260308 000000;0.005846;0.006224;0.005585;0.005786;43403536.11
20260309 000000;0.005786;0.006138;0.00576;0.005839;38310878.94
20260310 000000;0.005839;0.006207;0.005766;0.006028;38357458.64
20260311 000000;0.006028;0.006123;0.005692;0.005967;31944129.55
20260312 000000;0.005967;0.005999;0.005731;0.005911;27059809.71
20260313 000000;0.005911;0.006279;0.005876;0.005998;46582477.73
20260314 000000;0.005998;0.006093;0.005745;0.00585;26933325.26
20260315 000000;0.00585;0.00688;0.005757;0.006386;106373716.71
20260316 000000;0.006386;0.006798;0.00625;0.006595;43795362.69
20260317 000000;0.006595;0.006708;0.006346;0.006413;30654360.99
20260318 000000;0.006413;0.007385;0.006289;0.006456;92476753.13
20260319 000000;0.006456;0.007096;0.006342;0.00691;72193957.52
20260320 000000;0.00691;0.008211;0.006763;0.007563;144732696.23
20260321 000000;0.007563;0.008587;0.007398;0.007946;101260901.89
20260322 000000;0.007946;0.008114;0.007316;0.007379;49584240.15
20260323 000000;0.007379;0.007703;0.006818;0.0072;70983361.38
20260324 000000;0.0072;0.007412;0.00673;0.006817;49789050.47
20260325 000000;0.006817;0.007951;0.006799;0.007603;106900394.65
20260326 000000;0.007603;0.008022;0.007301;0.007348;71643630.25
20260327 000000;0.007348;0.00791;0.00688;0.00692;63022723.54
20260328 000000;0.00692;0.007319;0.006703;0.006835;47067334.44
20260329 000000;0.006835;0.007122;0.006688;0.00687;36466704.14
20260330 000000;0.00687;0.007133;0.006765;0.006819;27281965.88
20260331 000000;0.006819;0.00725;0.006589;0.007139;28810995.8
20260401 000000;0.007139;0.007319;0.006915;0.007129;40263753.83
20260402 000000;0.007129;0.007388;0.006343;0.006476;44252980.42
20260403 000000;0.006476;0.006832;0.006271;0.006585;35125816.64
20260404 000000;0.006585;0.006925;0.006444;0.006873;31046911.68
20260405 000000;0.006873;0.006905;0.006455;0.006792;22110808.99
20260406 000000;0.006792;0.006996;0.006485;0.006551;23855232.9
20260407 000000;0.006551;0.006911;0.00632;0.006866;35736075.87
20260408 000000;0.006866;0.00695;0.006389;0.006407;32649571.94
20260409 000000;0.006407;0.006415;0.005882;0.006028;76626900.94
20260410 000000;0.006028;0.006216;0.005887;0.006064;51655188.68
20260411 000000;0.006064;0.006104;0.005825;0.005996;29678410.93
20260412 000000;0.005996;0.006009;0.005595;0.005656;25257740.68
20260413 000000;0.005656;0.0067;0.005648;0.006516;132188311.64
20260414 000000;0.006516;0.00659;0.006002;0.006057;25279707.17
20260415 000000;0.006057;0.00628;0.006046;0.006188;14961169.45
20260416 000000;0.006188;0.006341;0.006049;0.006314;14135492.44
20260417 000000;0.006314;0.006539;0.006219;0.00638;13705522.49
20260418 000000;0.00638;0.006485;0.00595;0.005958;14629630.52
20260419 000000;0.005958;0.006037;0.00569;0.005776;12388422.44
20260420 000000;0.005776;0.005978;0.005748;0.005899;11035137.85
20260421 000000;0.005899;0.005987;0.005763;0.005919;10180079
20260422 000000;0.005919;0.006135;0.005899;0.005956;12027702.78
20260423 000000;0.005956;0.00611;0.0058;0.006075;14649614.82
20260424 000000;0.006075;0.00617;0.00595;0.00604;11457277.38
20260425 000000;0.00604;0.006158;0.005965;0.00604;10009943.74
20260426 000000;0.00604;0.006131;0.005906;0.006035;10400123.76
20260427 000000;0.006035;0.006352;0.005705;0.005886;17325335.89
20260428 000000;0.005886;0.006027;0.005801;0.00592;12730857.33
20260429 000000;0.00592;0.006007;0.005631;0.005799;9512916.68
20260430 000000;0.005799;0.005988;0.005743;0.005821;10084070.36
20260501 000000;0.005821;0.005913;0.005765;0.00582;14076872.12
20260502 000000;0.00582;0.005895;0.005746;0.00589;10371147.68
20260503 000000;0.00589;0.006054;0.005762;0.005956;11965797.11
20260504 000000;0.005956;0.00629;0.005849;0.006052;14487114.4
20260505 000000;0.006052;0.006367;0.006047;0.006178;13459138.32
20260506 000000;0.006178;0.006988;0.006121;0.006657;22874929.71
20260507 000000;0.006657;0.00684;0.006369;0.006726;21326335.98
20260508 000000;0.006726;0.007168;0.006617;0.007056;16210542.99
20260509 000000;0.007056;0.007194;0.006715;0.006777;14150101.34
20260510 000000;0.006777;0.007191;0.006571;0.007021;14010774.35
20260511 000000;0.007021;0.007508;0.006864;0.007412;18771669.33
20260512 000000;0.007412;0.007429;0.006727;0.006905;16645695.45
20260513 000000;0.006905;0.007305;0.006498;0.006513;15861540.21
20260514 000000;0.006513;0.006834;0.006326;0.00666;12791760.03
20260515 000000;0.00666;0.006752;0.006083;0.006135;12476963.86
20260516 000000;0.006135;0.006188;0.005765;0.005884;12216750.26
20260517 000000;0.005884;0.006016;0.00565;0.005806;11071374.13
20260518 000000;0.005806;0.005913;0.005609;0.005904;12420456.59
20260519 000000;0.005904;0.006007;0.005762;0.005828;12400918.87
20260520 000000;0.005828;0.006202;0.005773;0.006047;15932994.07
20260521 000000;0.006047;0.006336;0.005945;0.006217;11045750.67
20260522 000000;0.006217;0.006806;0.00617;0.006231;16602649.18
20260523 000000;0.006231;0.0065;0.00582;0.006364;12781061.41
20260524 000000;0.006364;0.006466;0.006;0.006154;10305584.3
20260525 000000;0.006154;0.006323;0.006099;0.006141;17375063.52
20260526 000000;0.006141;0.00678;0.005959;0.006674;33720508.83
20260527 000000;0.006674;0.006954;0.006135;0.006244;18739385.55
20260528 000000;0.006244;0.006252;0.00567;0.005906;15530950.54
20260529 000000;0.005906;0.006114;0.005729;0.00595;13761342.53
20260530 000000;0.00595;0.006095;0.005838;0.005929;13347707.7
20260531 000000;0.005929;0.006053;0.005495;0.00598;15112324.85
20260601 000000;0.00598;0.00609;0.005683;0.006015;16185200.6
20260602 000000;0.006015;0.006018;0.005218;0.005314;13413069.1
20260603 000000;0.005314;0.005672;0.005136;0.005216;18981169.62
20260604 000000;0.005216;0.005276;0.004669;0.004766;30363828.25
20260605 000000;0.004766;0.004796;0.004085;0.004307;16739572.92
20260606 000000;0.004307;0.004377;0.004;0.00427;18018328.62
20260607 000000;0.00427;0.004593;0.004261;0.004447;13954586.31
20260608 000000;0.004447;0.004698;0.004378;0.004569;13595674.74
20260609 000000;0.004569;0.004611;0.004329;0.00446;18485409.77
20260610 000000;0.00446;0.004502;0.004208;0.004313;14099944.91
20260611 000000;0.004313;0.004534;0.004313;0.004455;15932053.54
20260612 000000;0.004455;0.004569;0.004351;0.004385;13252308.56
20260613 000000;0.004385;0.004697;0.004357;0.004671;14177992.12
20260614 000000;0.004671;0.004794;0.004473;0.004769;14278939.95
20260615 000000;0.004769;0.005202;0.004738;0.004955;13519409.82
20260616 000000;0.004955;0.005008;0.004742;0.004932;14656138.17
20260617 000000;0.004932;0.005115;0.004644;0.004777;16125032.49
20260618 000000;0.004777;0.004806;0.004484;0.004668;14840377.18
20260619 000000;0.004668;0.004952;0.004628;0.004799;11931262.78
20260620 000000;0.004799;0.004826;0.00459;0.004719;9412448.11
