20250101 000000;0.06143;0.06385;0.06022;0.06332;3362204.38
20250102 000000;0.06332;0.07038;0.0628;0.06845;9769135.31
20250103 000000;0.06845;0.07236;0.06714;0.07141;6561359.54
20250104 000000;0.07141;0.07484;0.07043;0.07404;3802217.02
20250105 000000;0.07404;0.07407;0.07085;0.0725;4572541.76
20250106 000000;0.0725;0.07707;0.07077;0.07535;6909923.45
20250107 000000;0.07535;0.07852;0.06829;0.06907;7211254.69
20250108 000000;0.06907;0.07006;0.0625;0.06697;6839174
20250109 000000;0.06697;0.06709;0.06182;0.06332;4056032.4
20250110 000000;0.06332;0.06631;0.06286;0.06524;4060705.29
20250111 000000;0.06524;0.06564;0.06334;0.06447;2323819.36
20250112 000000;0.06447;0.0646;0.06125;0.06211;2106090.92
20250113 000000;0.06211;0.06394;0.05656;0.06229;5949496.29
20250114 000000;0.06229;0.06488;0.06169;0.06407;2970814.1
20250115 000000;0.06407;0.06718;0.06205;0.06709;5229596.47
20250116 000000;0.06709;0.06711;0.06311;0.06454;4321521.09
20250117 000000;0.06454;0.06863;0.06454;0.06805;3922309.17
20250118 000000;0.06805;0.06868;0.06147;0.0629;6389605.75
20250119 000000;0.0629;0.06396;0.05681;0.05762;6131027.4
20250120 000000;0.05762;0.06334;0.05537;0.06035;6384161.52
20250121 000000;0.06035;0.06218;0.05859;0.06162;7082976.91
20250122 000000;0.06162;0.06199;0.05968;0.0601;5158691.88
20250123 000000;0.0601;0.0607;0.05658;0.0585;4308568.33
20250124 000000;0.0585;0.06008;0.05585;0.05738;3808472.42
20250125 000000;0.05738;0.05833;0.05584;0.05662;6788368.2
20250126 000000;0.05662;0.05783;0.0551;0.05511;6631007.58
20250127 000000;0.05511;0.05539;0.05042;0.05349;5092508.6
20250128 000000;0.05349;0.05397;0.04967;0.0502;3087238.89
20250129 000000;0.0502;0.05352;0.05011;0.05223;2423747.89
20250130 000000;0.05223;0.05483;0.05167;0.05388;2251486.05
20250131 000000;0.05388;0.05637;0.053;0.054;2183591.56
20250201 000000;0.054;0.05419;0.04824;0.04883;2889484.94
20250202 000000;0.04883;0.04996;0.04006;0.04201;5178364.48
20250203 000000;0.04201;0.04329;0.0275;0.04226;9531375.38
20250204 000000;0.04226;0.04272;0.03661;0.03842;3972994.24
20250205 000000;0.03842;0.03898;0.03562;0.03609;3093493.42
20250206 000000;0.03609;0.03694;0.03421;0.03457;3783746.53
20250207 000000;0.03457;0.04347;0.03432;0.03835;4382250.9
20250208 000000;0.03835;0.04256;0.03806;0.04062;4159406.41
20250209 000000;0.04062;0.04062;0.03709;0.03808;2612270.47
20250210 000000;0.03808;0.03877;0.03648;0.03771;2305422.5
20250211 000000;0.03771;0.03989;0.03738;0.03803;3338002.21
20250212 000000;0.03803;0.0399;0.03592;0.03935;4693188.61
20250213 000000;0.03935;0.03937;0.03712;0.0381;2785289.43
20250214 000000;0.0381;0.03986;0.03776;0.0387;2994989.21
20250215 000000;0.0387;0.03933;0.03732;0.03751;2272486.37
20250216 000000;0.03751;0.03821;0.03698;0.03755;2215106.79
20250217 000000;0.03755;0.03835;0.03616;0.03703;2572446.13
20250218 000000;0.03703;0.03716;0.03439;0.03538;8865702.02
20250219 000000;0.03538;0.03576;0.03459;0.0355;8204540.76
20250220 000000;0.0355;0.03702;0.03546;0.03694;11796222.42
20250221 000000;0.03694;0.03889;0.03565;0.03758;25629506.01
20250222 000000;0.03758;0.04076;0.03696;0.0389;14421783.33
20250223 000000;0.0389;0.04095;0.03718;0.03776;13520018.58
20250224 000000;0.03776;0.03798;0.03264;0.03291;18864517.33
20250225 000000;0.03291;0.03343;0.03054;0.03253;24866487.04
20250226 000000;0.03253;0.03322;0.03096;0.03271;14822072.01
20250227 000000;0.03271;0.04038;0.03262;0.03561;95759780.79
20250228 000000;0.03561;0.03989;0.03189;0.03933;73368609.75
20250301 000000;0.03933;0.04864;0.03863;0.04098;64180394.89
20250302 000000;0.04098;0.04099;0.03821;0.0406;27055875.08
20250303 000000;0.0406;0.04345;0.03284;0.03333;43270656.88
20250304 000000;0.03333;0.03686;0.03147;0.03671;44080931.95
20250305 000000;0.03671;0.03703;0.035;0.03692;12982947.55
20250306 000000;0.03692;0.03692;0.03344;0.03379;15968098
20250307 000000;0.03379;0.03589;0.03148;0.03394;20488230.9
20250308 000000;0.03394;0.04218;0.03383;0.03689;102901549.11
20250309 000000;0.03689;0.03708;0.03161;0.03198;27409113.44
20250310 000000;0.03198;0.03734;0.03092;0.03279;83807202.84
20250311 000000;0.03279;0.03498;0.03119;0.03434;54656137.64
20250312 000000;0.03434;0.03892;0.03397;0.03875;82234808.05
20250313 000000;0.03875;0.04092;0.03535;0.03637;90528847.25
20250314 000000;0.03637;0.03765;0.03512;0.03691;42101967.04
20250315 000000;0.03691;0.03804;0.03468;0.03733;32268157.14
20250316 000000;0.03733;0.03739;0.03406;0.03437;29484583.58
20250317 000000;0.03437;0.03575;0.03404;0.0352;25174596.98
20250318 000000;0.0352;0.03521;0.03275;0.03337;32512542.93
20250319 000000;0.03337;0.03438;0.03273;0.03415;27328908.72
20250320 000000;0.03415;0.03418;0.03275;0.03315;18178488.42
20250321 000000;0.03315;0.03345;0.03211;0.03284;12984335.92
20250322 000000;0.03284;0.03414;0.03283;0.03347;19969116.72
20250323 000000;0.03347;0.03623;0.03332;0.03463;45630893.52
20250324 000000;0.03463;0.03571;0.0333;0.03497;24054499.4
20250325 000000;0.03497;0.03583;0.034;0.03558;19164117.49
20250326 000000;0.03558;0.03692;0.03403;0.03433;24938814.57
20250327 000000;0.03433;0.03682;0.03413;0.03528;28524919.69
20250328 000000;0.03528;0.03658;0.03196;0.03272;34044727.32
20250329 000000;0.03272;0.03296;0.03059;0.03113;21825597.87
20250330 000000;0.03113;0.03139;0.03006;0.03051;14626137.25
20250331 000000;0.03051;0.03056;0.02867;0.02974;24961643.23
20250401 000000;0.02974;0.0309;0.02933;0.0305;25755672.75
20250402 000000;0.0305;0.03404;0.02764;0.0285;62706116.09
20250403 000000;0.0285;0.03129;0.02782;0.03059;46093450.75
20250404 000000;0.03059;0.03118;0.02879;0.02992;38330481.59
20250405 000000;0.02992;0.03106;0.02965;0.03051;26245344.64
20250406 000000;0.03051;0.03162;0.02645;0.02706;28908971.47
20250407 000000;0.02706;0.02886;0.0242;0.02731;35801193.51
20250408 000000;0.02731;0.02879;0.0268;0.02701;42540689.18
20250409 000000;0.02701;0.03047;0.02559;0.0303;51725044.29
20250410 000000;0.0303;0.03197;0.02931;0.03178;61649504.2
20250411 000000;0.03178;0.03197;0.02868;0.02991;97902436.44
20250412 000000;0.02991;0.03014;0.02836;0.02997;42638481.06
20250413 000000;0.02997;0.03102;0.0275;0.02817;50615740.45
20250414 000000;0.02817;0.02929;0.02754;0.02822;42920352.72
20250415 000000;0.02822;0.02857;0.02734;0.02745;15202359.16
20250416 000000;0.02745;0.02798;0.02626;0.02692;17534926.75
20250417 000000;0.02692;0.02713;0.02606;0.02659;10627617.18
20250418 000000;0.02659;0.02808;0.02659;0.02721;17637438.72
20250419 000000;0.02721;0.02778;0.02696;0.02772;7584608.93
20250420 000000;0.02772;0.02808;0.02674;0.02772;8993699.56
20250421 000000;0.02772;0.02862;0.02763;0.02788;10265761.95
20250422 000000;0.02788;0.02911;0.02722;0.02895;16446192.42
20250423 000000;0.02895;0.03018;0.02877;0.02959;22955686.86
20250424 000000;0.02959;0.03012;0.02815;0.02962;20869036.33
20250425 000000;0.02962;0.0301;0.02887;0.02956;17485466.06
20250426 000000;0.02956;0.03076;0.02936;0.03033;17945882.74
20250427 000000;0.03033;0.03038;0.02847;0.02856;12248634.08
20250428 000000;0.02856;0.03071;0.02766;0.02915;30872221.63
20250429 000000;0.02915;0.03124;0.02882;0.02977;30645158.04
20250430 000000;0.02977;0.03198;0.02951;0.03178;30957406.96
20250501 000000;0.03178;0.03208;0.03072;0.03136;18367183.56
20250502 000000;0.03136;0.03648;0.03136;0.03414;70050762.34
20250503 000000;0.03414;0.03415;0.03089;0.03096;22465891.02
20250504 000000;0.03096;0.03158;0.02904;0.02919;17389867.25
20250505 000000;0.02919;0.03115;0.02855;0.0311;20382006.04
20250506 000000;0.0311;0.03114;0.02858;0.02992;21550935.51
20250507 000000;0.02992;0.03206;0.02985;0.0318;24623743.8
20250508 000000;0.0318;0.0355;0.03126;0.03522;30412196.01
20250509 000000;0.03522;0.03763;0.0342;0.036;43623735.88
20250510 000000;0.036;0.04157;0.03491;0.03829;35232306.96
20250511 000000;0.03829;0.03891;0.03585;0.03824;31001111.02
20250512 000000;0.03824;0.04628;0.03674;0.04375;80643878.52
20250513 000000;0.04375;0.052;0.04103;0.04862;102219710.73
20250514 000000;0.04862;0.05193;0.04433;0.05095;120103825.6
20250515 000000;0.05095;0.05694;0.04504;0.04866;156477195.47
20250516 000000;0.04866;0.05136;0.04711;0.04777;63172775.4
20250517 000000;0.04777;0.04981;0.04634;0.04711;49594752.91
20250518 000000;0.04711;0.05459;0.04681;0.05099;57421992.61
20250519 000000;0.05099;0.051;0.04654;0.04978;23347729.09
20250520 000000;0.04978;0.05089;0.04799;0.04958;13367641.29
20250521 000000;0.04958;0.0519;0.04859;0.05079;16077264.27
20250522 000000;0.05079;0.05442;0.05005;0.05131;25675947.01
20250523 000000;0.05131;0.05266;0.04749;0.05133;41772614.46
20250524 000000;0.05133;0.05179;0.04932;0.04943;11738739.33
20250525 000000;0.04943;0.04962;0.04572;0.04905;16523824.46
20250526 000000;0.04905;0.05335;0.0482;0.05302;30113966.09
20250527 000000;0.05302;0.05502;0.0516;0.05311;33711068.64
20250528 000000;0.05311;0.05322;0.0495;0.05097;18053128.67
20250529 000000;0.05097;0.05277;0.04926;0.04965;13299540.52
20250530 000000;0.04965;0.05583;0.04765;0.05016;76271314.67
20250531 000000;0.05016;0.05209;0.04715;0.04726;58016973.03
20250601 000000;0.04726;0.04875;0.04562;0.04767;30251121.91
20250602 000000;0.04767;0.04767;0.04461;0.04648;21091058.42
20250603 000000;0.04648;0.0514;0.04469;0.04997;23906594.11
20250604 000000;0.04997;0.05192;0.04884;0.05043;18342455.43
20250605 000000;0.05043;0.05083;0.04664;0.04978;21351262.96
20250606 000000;0.04978;0.05169;0.04809;0.04888;16306728.02
20250607 000000;0.04888;0.05131;0.04873;0.05123;7389494.27
20250608 000000;0.05123;0.05132;0.04832;0.0485;11434240.7
20250609 000000;0.0485;0.05063;0.04728;0.0498;9178417.94
20250610 000000;0.0498;0.05117;0.04809;0.04986;17840485.12
20250611 000000;0.04986;0.05047;0.04809;0.0484;13596074.27
20250612 000000;0.0484;0.04911;0.04479;0.045;37968853.92
20250613 000000;0.045;0.045;0.04026;0.04263;32182040.07
20250614 000000;0.04263;0.04263;0.03908;0.03955;17721616.97
20250615 000000;0.03955;0.03976;0.03766;0.03848;11263677.79
20250616 000000;0.03848;0.0416;0.03622;0.03641;29965885
20250617 000000;0.03641;0.03727;0.03438;0.03467;30478940.07
20250618 000000;0.03467;0.03562;0.03332;0.03463;32433915.34
20250619 000000;0.03463;0.03533;0.03105;0.03241;45835204.86
20250620 000000;0.03241;0.034;0.0313;0.03394;33751282.01
20250621 000000;0.03394;0.03604;0.032;0.0329;46110043.42
20250622 000000;0.0329;0.03309;0.03003;0.03094;36398728.69
20250623 000000;0.03094;0.0322;0.02866;0.03186;85505933.14
20250624 000000;0.03186;0.0321;0.03002;0.03058;70005741.57
20250625 000000;0.03058;0.0308;0.02857;0.02909;44081430.43
20250626 000000;0.02909;0.02948;0.02754;0.0278;28020719.97
20250627 000000;0.0278;0.02905;0.02755;0.02849;16766938.34
20250628 000000;0.02849;0.02924;0.02817;0.02912;8157884.6
20250629 000000;0.02912;0.03024;0.02879;0.03012;15559379.84
20250630 000000;0.03012;0.03033;0.02835;0.02843;14592600.49
20250701 000000;0.02843;0.02861;0.02646;0.02674;30909824.51
20250702 000000;0.02674;0.02867;0.02601;0.02791;34676271.92
20250703 000000;0.02791;0.02904;0.02698;0.02764;25999832.8
20250704 000000;0.02764;0.02795;0.02511;0.02562;26838916.73
20250705 000000;0.02562;0.02669;0.0254;0.02617;14905313.34
20250706 000000;0.02617;0.02696;0.0258;0.02646;6480146.47
20250707 000000;0.02646;0.02745;0.02611;0.02647;10888035.32
20250708 000000;0.02647;0.02688;0.02593;0.02666;7198552.26
20250709 000000;0.02666;0.02753;0.02646;0.02734;32264367.52
20250710 000000;0.02734;0.0299;0.02701;0.02922;39343299.87
20250711 000000;0.02922;0.03071;0.02861;0.02955;42267415.51
20250712 000000;0.02955;0.0301;0.02735;0.02858;32884265.29
20250713 000000;0.02858;0.02989;0.02823;0.02953;18871191.68
20250714 000000;0.02953;0.03125;0.02899;0.03058;38096221.2
20250715 000000;0.03058;0.03367;0.02934;0.0334;81506128.5
20250716 000000;0.0334;0.03385;0.0321;0.03309;37446300.38
20250717 000000;0.03309;0.03354;0.03193;0.03303;27184089.42
20250718 000000;0.03303;0.03417;0.03141;0.03209;31940771.06
20250719 000000;0.03209;0.03338;0.03119;0.03289;13479063.63
20250720 000000;0.03289;0.03466;0.0325;0.0341;20581066.09
20250721 000000;0.0341;0.0354;0.03311;0.03476;21716110.26
20250722 000000;0.03476;0.03521;0.0325;0.03504;28564088.22
20250723 000000;0.03504;0.0351;0.03183;0.03321;27282693.69
20250724 000000;0.03321;0.03413;0.03;0.03373;22879040.43
20250725 000000;0.03373;0.03408;0.03183;0.03388;16982847.02
20250726 000000;0.03388;0.0352;0.03385;0.0342;14931794.68
20250727 000000;0.0342;0.03573;0.0339;0.03464;21618051.46
20250728 000000;0.03464;0.03755;0.03203;0.03455;21749890.8
20250729 000000;0.03455;0.03806;0.03338;0.03652;47634618.19
20250730 000000;0.03652;0.03664;0.03277;0.0341;29089050.24
20250731 000000;0.0341;0.03546;0.03245;0.03268;44698614.61
20250801 000000;0.03268;0.03313;0.02999;0.03071;49244553.86
20250802 000000;0.03071;0.03106;0.02833;0.02874;21000778.51
20250803 000000;0.02874;0.03195;0.02801;0.03078;37207006.9
20250804 000000;0.03078;0.03484;0.03061;0.03459;19591737.91
20250805 000000;0.03459;0.03592;0.03249;0.03305;28748690.56
20250806 000000;0.03305;0.0356;0.03168;0.03559;19339465.67
20250807 000000;0.03559;0.0376;0.03477;0.03637;21412924.98
20250808 000000;0.03637;0.0368;0.03554;0.03605;14028032.24
20250809 000000;0.03605;0.039;0.0355;0.03769;18925504.4
20250810 000000;0.03769;0.03782;0.03457;0.037;17229611.14
20250811 000000;0.037;0.03772;0.034;0.03431;20515945.15
20250812 000000;0.03431;0.03509;0.03305;0.03457;27354646.18
20250813 000000;0.03457;0.03507;0.0336;0.03481;29050904.27
20250814 000000;0.03481;0.03525;0.03169;0.03407;50844175.47
20250815 000000;0.03407;0.03481;0.0328;0.03348;31428008.46
20250816 000000;0.03348;0.03391;0.03316;0.03349;8281243.95
20250817 000000;0.03349;0.03436;0.0333;0.0336;11755735.79
20250818 000000;0.0336;0.0338;0.03216;0.03277;17321808.02
20250819 000000;0.03277;0.03338;0.03132;0.03144;15935844.63
20250820 000000;0.03144;0.03463;0.03135;0.03438;26679306.89
20250821 000000;0.03438;0.03448;0.03257;0.03263;11297525.03
20250822 000000;0.03263;0.03584;0.032;0.03566;31224657.96
20250823 000000;0.03566;0.03765;0.0342;0.03474;19531554.42
20250824 000000;0.03474;0.03561;0.03364;0.03429;20081185.56
20250825 000000;0.03429;0.03465;0.03082;0.03125;29079954.43
20250826 000000;0.03125;0.03229;0.03088;0.03195;14743234.96
20250827 000000;0.03195;0.03227;0.03141;0.03179;14311424.41
20250828 000000;0.03179;0.03325;0.03179;0.03274;36518176.52
20250829 000000;0.03274;0.03284;0.02929;0.03098;18182868.97
20250830 000000;0.03098;0.03147;0.03;0.03114;8857771.44
20250831 000000;0.03114;0.03229;0.03109;0.03115;8543942.5
20250901 000000;0.03115;0.03161;0.02958;0.0303;14976484.5
20250902 000000;0.0303;0.03113;0.03012;0.03087;12009928.1
20250903 000000;0.03087;0.03153;0.03045;0.03114;7718665.57
20250904 000000;0.03114;0.03126;0.02971;0.02989;13161167.55
20250905 000000;0.02989;0.03128;0.02985;0.03026;11662427.17
20250906 000000;0.03026;0.03049;0.02975;0.02998;5678188.45
20250907 000000;0.02998;0.03047;0.02982;0.03033;5056396.76
20250908 000000;0.03033;0.055;0.03015;0.04541;303925970.8
20250909 000000;0.04541;0.04655;0.03814;0.04643;108652304.29
20250910 000000;0.04643;0.04733;0.04249;0.04565;42413044.22
20250911 000000;0.04565;0.05365;0.0448;0.04955;79008984.73
20250912 000000;0.04955;0.06235;0.0491;0.05369;138741534.74
20250913 000000;0.05369;0.05654;0.05144;0.05472;63021841.91
20250914 000000;0.05472;0.0624;0.05157;0.06088;125128405.74
20250915 000000;0.06088;0.06584;0.055;0.06419;109750087.81
20250916 000000;0.06419;0.06647;0.05775;0.06394;90953990.67
20250917 000000;0.06394;0.06734;0.06156;0.06439;98192175.46
20250918 000000;0.06439;0.06599;0.062;0.06295;84083791.44
20250919 000000;0.06295;0.0652;0.05972;0.06192;78928170.06
20250920 000000;0.06192;0.06404;0.05952;0.06115;49153447.8
20250921 000000;0.06115;0.06125;0.05556;0.05888;29748126.45
20250922 000000;0.05888;0.06432;0.05631;0.06096;66574977.07
20250923 000000;0.06096;0.06233;0.055;0.055;28012527.76
20250924 000000;0.055;0.066;0.05372;0.06231;108199890.91
20250925 000000;0.06231;0.06496;0.05387;0.05751;67983610.62
20250926 000000;0.05751;0.06297;0.05459;0.0612;52180886.31
20250927 000000;0.0612;0.06322;0.05804;0.05852;14869509.71
20250928 000000;0.05852;0.0695;0.05721;0.0651;50011146.08
20250929 000000;0.0651;0.06754;0.05027;0.05487;109933728.64
20250930 000000;0.05487;0.05731;0.04637;0.0472;59998639.35
20251001 000000;0.0472;0.05519;0.04563;0.05191;55585968.58
20251002 000000;0.05191;0.055;0.04886;0.05161;38465878.12
20251003 000000;0.05161;0.054;0.04815;0.05281;23537309.65
20251004 000000;0.05281;0.0536;0.05155;0.0524;8360098.08
20251005 000000;0.0524;0.05698;0.05225;0.05276;17429910.6
20251006 000000;0.05276;0.05714;0.05254;0.05665;18658028.96
20251007 000000;0.05665;0.05744;0.05306;0.05413;16527662.54
20251008 000000;0.05413;0.05463;0.05186;0.05196;13349737.46
20251009 000000;0.05196;0.05432;0.049;0.05395;19268172.61
20251010 000000;0.05395;0.0582;0.03801;0.04171;79024042.66
20251011 000000;0.04171;0.04662;0.04115;0.04203;53700439.61
20251012 000000;0.04203;0.0477;0.03944;0.04568;48941309.16
20251013 000000;0.04568;0.05042;0.04421;0.04971;53646171.89
20251014 000000;0.04971;0.0498;0.0432;0.04322;71532850.72
20251015 000000;0.04322;0.04424;0.03495;0.03589;64396364.9
20251016 000000;0.03589;0.03608;0.031;0.03202;63553971.55
20251017 000000;0.03202;0.03221;0.02819;0.02939;67060634.96
20251018 000000;0.02939;0.03123;0.02776;0.02868;31258178.2
20251019 000000;0.02868;0.03128;0.027;0.02935;73139562.81
20251020 000000;0.02935;0.0302;0.0282;0.02888;30470144.06
20251021 000000;0.02888;0.03356;0.02722;0.03083;125006914.09
20251022 000000;0.03083;0.0313;0.02759;0.02821;53648575.3
20251023 000000;0.02821;0.03022;0.0279;0.02928;46749993.99
20251024 000000;0.02928;0.03029;0.02818;0.02961;29548051.63
20251025 000000;0.02961;0.02968;0.028;0.02852;22332151.79
20251026 000000;0.02852;0.0318;0.02849;0.03113;56256437.27
20251027 000000;0.03113;0.03258;0.0295;0.02998;39789501.21
20251028 000000;0.02998;0.03072;0.02785;0.02905;24438937.17
20251029 000000;0.02905;0.02905;0.02711;0.02803;26317575.54
20251030 000000;0.02803;0.02842;0.02449;0.02474;42357216.02
20251031 000000;0.02474;0.02798;0.02463;0.02747;38769327.42
20251101 000000;0.02747;0.02875;0.02712;0.02791;19700154.57
20251102 000000;0.02791;0.02979;0.02716;0.02895;29486044.59
20251103 000000;0.02895;0.02914;0.02271;0.02424;52821427.09
20251104 000000;0.02424;0.02473;0.02237;0.02369;51936238.78
20251105 000000;0.02369;0.02518;0.0225;0.02478;23254626.26
20251106 000000;0.02478;0.02479;0.02273;0.02326;21168274.8
20251107 000000;0.02326;0.02728;0.02322;0.02569;30757446.26
20251108 000000;0.02569;0.02731;0.02481;0.02579;19025651.49
20251109 000000;0.02579;0.02598;0.02418;0.02565;14364181.91
20251110 000000;0.02565;0.02701;0.02521;0.0265;17336602.54
20251111 000000;0.0265;0.02681;0.0245;0.02465;14862843.39
20251112 000000;0.02465;0.02608;0.02425;0.02472;23385949.4
20251113 000000;0.02472;0.02585;0.0221;0.02251;27361460.48
20251114 000000;0.02251;0.0227;0.02097;0.02172;34832881.99
20251115 000000;0.02172;0.02291;0.02169;0.02238;16604232.48
20251116 000000;0.02238;0.02266;0.02079;0.02156;16515636.98
20251117 000000;0.02156;0.02238;0.02011;0.02049;17626534.38
20251118 000000;0.02049;0.02243;0.01994;0.02166;17725058.17
20251119 000000;0.02166;0.02179;0.01888;0.02009;19939317.27
20251120 000000;0.02009;0.02098;0.0184;0.01873;21136203.2
20251121 000000;0.01873;0.01916;0.01551;0.01611;58528455.6
20251122 000000;0.01611;0.01616;0.01456;0.01584;33422906.11
20251123 000000;0.01584;0.01642;0.01563;0.01597;20079294.8
20251124 000000;0.01597;0.01647;0.01529;0.01627;34944557.2
20251125 000000;0.01627;0.01716;0.01602;0.01671;30169314.3
20251126 000000;0.01671;0.01687;0.01576;0.01663;16470121.48
20251127 000000;0.01663;0.01682;0.01605;0.01611;15776118.27
20251128 000000;0.01611;0.01643;0.01513;0.01552;15760371.08
20251129 000000;0.01552;0.01567;0.01483;0.01529;13324908.14
20251130 000000;0.01529;0.01576;0.0145;0.01455;18363043.44
20251201 000000;0.01455;0.01463;0.01305;0.01361;50186482.85
20251202 000000;0.01361;0.015;0.01328;0.01446;18702095.57
20251203 000000;0.01446;0.01538;0.01427;0.01477;31295724.53
20251204 000000;0.01477;0.01483;0.01386;0.01405;11306432.57
20251205 000000;0.01405;0.01415;0.01329;0.01367;13511883.32
20251206 000000;0.01367;0.01426;0.01348;0.01404;10761985.34
20251207 000000;0.01404;0.01437;0.01312;0.01346;26732397.31
20251208 000000;0.01346;0.01397;0.01331;0.01358;14938675.62
20251209 000000;0.01358;0.01413;0.01322;0.0137;19244395.37
20251210 000000;0.0137;0.01415;0.01315;0.01343;25975855.53
20251211 000000;0.01343;0.01373;0.01234;0.01273;23001249.21
20251212 000000;0.01273;0.01295;0.01171;0.01187;19903653.74
20251213 000000;0.01187;0.01189;0.01153;0.01177;13878250.87
20251214 000000;0.01177;0.01177;0.011;0.01112;12469852.53
20251215 000000;0.01112;0.01166;0.00997;0.0101;22111912.07
20251216 000000;0.0101;0.01012;0.00962;0.00988;23242657.51
20251217 000000;0.00988;0.00997;0.00897;0.00906;19388678.77
20251218 000000;0.00906;0.00951;0.00857;0.00877;19109500.98
20251219 000000;0.00877;0.009874;0.0087;0.00973;28548119.3
20251220 000000;0.00973;0.010561;0.00956;0.010107;25061845.24
20251221 000000;0.010107;0.01013;0.009375;0.009594;19502871.9
20251222 000000;0.009594;0.00976;0.00917;0.009328;30531237.38
20251223 000000;0.009328;0.0094;0.008868;0.009059;24451880.71
20251224 000000;0.009059;0.009799;0.008882;0.009548;26023187.86
20251225 000000;0.009548;0.010169;0.009186;0.009228;38655270.36
20251226 000000;0.009228;0.00999;0.009123;0.009349;21600016.67
20251227 000000;0.009349;0.009981;0.00934;0.00961;28695861.63
20251228 000000;0.00961;0.00964;0.009218;0.009389;15437096.59
20251229 000000;0.009389;0.010001;0.009236;0.009289;30533328.79
20251230 000000;0.009289;0.009351;0.008911;0.009234;20398445.03
20251231 000000;0.009234;0.009235;0.008427;0.008624;36933606.82
