20260101 000000;0.07391;0.08137;0.07333;0.08067;6695427.36
20260102 000000;0.08067;0.08364;0.07923;0.08249;13601681.17
20260103 000000;0.08249;0.0844;0.07954;0.08276;8402593.74
20260104 000000;0.08276;0.09435;0.08271;0.09154;22569719.27
20260105 000000;0.09154;0.09787;0.08932;0.09697;10116749
20260106 000000;0.09697;0.10163;0.09442;0.09769;12989369.16
20260107 000000;0.09769;0.09769;0.09111;0.0919;6898601.52
20260108 000000;0.0919;0.09222;0.08632;0.08954;11196309.66
20260109 000000;0.08954;0.09287;0.08777;0.08808;6265573.74
20260110 000000;0.08808;0.08875;0.08446;0.08491;8505127.25
20260111 000000;0.08491;0.08618;0.08227;0.0847;4953275.83
20260112 000000;0.0847;0.08664;0.08142;0.08187;6326290.4
20260113 000000;0.08187;0.09185;0.08151;0.08966;11186027.87
20260114 000000;0.08966;0.09275;0.08635;0.0868;13062778.21
20260115 000000;0.0868;0.08772;0.08026;0.08226;10608389.16
20260116 000000;0.08226;0.08276;0.07885;0.08225;5232847.92
20260117 000000;0.08225;0.08309;0.08072;0.08109;6071644.6
20260118 000000;0.08109;0.08551;0.07728;0.07746;11474756.09
20260119 000000;0.07746;0.07767;0.069;0.0767;11945104.49
20260120 000000;0.0767;0.07699;0.07054;0.07098;6525896.23
20260121 000000;0.07098;0.07586;0.06953;0.07298;9749151.7
20260122 000000;0.07298;0.075;0.07082;0.07227;5120322.12
20260123 000000;0.07227;0.07442;0.06998;0.07093;8065182.95
20260124 000000;0.07093;0.07195;0.06996;0.07034;2832445.12
20260125 000000;0.07034;0.07109;0.06516;0.06592;9293539.81
20260126 000000;0.06592;0.06897;0.06558;0.0676;6150425.25
20260127 000000;0.0676;0.06859;0.06587;0.06757;6791061.45
20260128 000000;0.06757;0.06994;0.06611;0.06869;7889738.43
20260129 000000;0.06869;0.06874;0.06002;0.06151;12544781.41
20260130 000000;0.06151;0.06227;0.05841;0.06161;11894383.75
20260131 000000;0.06161;0.06166;0.04687;0.05233;27686708.05
20260201 000000;0.05233;0.05314;0.04843;0.04985;11960745.83
20260202 000000;0.04985;0.05504;0.0483;0.05256;14713762.15
20260203 000000;0.05256;0.05334;0.04814;0.05058;12469704.19
20260204 000000;0.05058;0.05238;0.04727;0.04785;12296078.43
20260205 000000;0.04785;0.0517;0.04186;0.04225;34825165.03
20260206 000000;0.04225;0.04934;0.0378;0.04757;22072814.38
20260207 000000;0.04757;0.04764;0.04492;0.04556;12485317.81
20260208 000000;0.04556;0.04567;0.04137;0.04213;13042064.16
20260209 000000;0.04213;0.04332;0.04067;0.04116;9106467.41
20260210 000000;0.04116;0.04175;0.03946;0.04048;9420036.41
20260211 000000;0.04048;0.05081;0.03882;0.04543;26295576.45
20260212 000000;0.04543;0.05028;0.04309;0.04484;27967379.69
20260213 000000;0.04484;0.04611;0.04324;0.04597;12937181.74
20260214 000000;0.04597;0.05222;0.04534;0.05042;23039613.21
20260215 000000;0.05042;0.05146;0.04777;0.04805;14371108.74
20260216 000000;0.04805;0.0495;0.04729;0.04904;8350336.09
20260217 000000;0.04904;0.05162;0.04762;0.04867;8384520.51
20260218 000000;0.04867;0.04915;0.04379;0.04406;7643414.03
20260219 000000;0.04406;0.04446;0.04141;0.04281;10553831.97
20260220 000000;0.04281;0.04489;0.04158;0.04354;8783317.61
20260221 000000;0.04354;0.04587;0.04306;0.04309;6803223.03
20260222 000000;0.04309;0.0433;0.04111;0.04128;7634644.22
20260223 000000;0.04128;0.0414;0.03849;0.03971;11256057.64
20260224 000000;0.03971;0.04033;0.03854;0.03905;8029513.05
20260225 000000;0.03905;0.0448;0.03896;0.04264;14405337
20260226 000000;0.04264;0.04293;0.0395;0.04056;10987368.68
20260227 000000;0.04056;0.04248;0.03907;0.03991;11509061.41
20260228 000000;0.03991;0.04033;0.03667;0.04004;14571254.1
20260301 000000;0.04004;0.04197;0.03824;0.03928;10381183.29
20260302 000000;0.03928;0.04215;0.03886;0.0404;8707456.95
20260303 000000;0.0404;0.04209;0.03956;0.04111;7606419.54
20260304 000000;0.04111;0.04345;0.04028;0.04241;9696911.15
20260305 000000;0.04241;0.04307;0.04047;0.04144;6688728.17
20260306 000000;0.04144;0.04184;0.03922;0.0397;5910963.61
20260307 000000;0.0397;0.03993;0.03832;0.03864;5186693.38
20260308 000000;0.03864;0.03911;0.03762;0.03855;5825911.22
20260309 000000;0.03855;0.04127;0.03848;0.04004;6564941.79
20260310 000000;0.04004;0.04259;0.03999;0.04132;12458747.9
20260311 000000;0.04132;0.04274;0.04104;0.04182;8366513.27
20260312 000000;0.04182;0.04294;0.04099;0.04276;10358079.75
20260313 000000;0.04276;0.04439;0.04217;0.04251;15165863.39
20260314 000000;0.04251;0.04388;0.04167;0.04365;8950349.69
20260315 000000;0.04365;0.05181;0.04338;0.04644;51010121.28
20260316 000000;0.04644;0.05171;0.04625;0.04974;30854417.77
20260317 000000;0.04974;0.05017;0.04779;0.04915;11021183.97
20260318 000000;0.04915;0.04997;0.04471;0.04505;11636853.79
20260319 000000;0.04505;0.04599;0.04311;0.04455;10116877
20260320 000000;0.04455;0.04541;0.04381;0.04452;7250040.47
20260321 000000;0.04452;0.04546;0.04279;0.04307;4878858.46
20260322 000000;0.04307;0.04338;0.04129;0.04208;7989221.89
20260323 000000;0.04208;0.04453;0.04143;0.04381;9483701.65
20260324 000000;0.04381;0.04535;0.04268;0.04361;9242585.56
20260325 000000;0.04361;0.04501;0.04334;0.04347;5960946.51
20260326 000000;0.04347;0.04369;0.04142;0.04219;6397699.02
20260327 000000;0.04219;0.04273;0.03962;0.04027;7585800.62
20260328 000000;0.04027;0.04248;0.03984;0.04113;9424850.91
20260329 000000;0.04113;0.04128;0.03905;0.03987;4719992.19
20260330 000000;0.03987;0.04154;0.03981;0.04016;5820734.79
20260331 000000;0.04016;0.04148;0.04001;0.04095;5983242.66
20260401 000000;0.04095;0.04717;0.04066;0.04559;17727627.68
20260402 000000;0.04559;0.0462;0.04138;0.0418;12581696.92
20260403 000000;0.0418;0.04293;0.04142;0.04203;6040487.55
20260404 000000;0.04203;0.04205;0.04091;0.04171;6114551.95
20260405 000000;0.04171;0.04173;0.03957;0.04083;7921800.81
20260406 000000;0.04083;0.04223;0.03999;0.0403;6655248.47
20260407 000000;0.0403;0.04434;0.03931;0.04409;8439228.47
20260408 000000;0.04409;0.04514;0.04106;0.04138;13460134.45
20260409 000000;0.04138;0.04255;0.04063;0.0416;6912402.48
20260410 000000;0.0416;0.04273;0.04094;0.04225;6884860.09
20260411 000000;0.04225;0.04291;0.04158;0.04206;6813606.11
20260412 000000;0.04206;0.04209;0.04021;0.04043;8883039.44
20260413 000000;0.04043;0.04318;0.03988;0.04286;9772583.16
20260414 000000;0.04286;0.0431;0.04044;0.04092;3809964.37
20260415 000000;0.04092;0.04323;0.04074;0.04266;1875973.79
20260416 000000;0.04266;0.0465;0.04247;0.04625;3067847.14
20260417 000000;0.04625;0.04772;0.04481;0.0471;4402194.92
20260418 000000;0.0471;0.04794;0.04239;0.04276;6199784.02
20260419 000000;0.04276;0.04293;0.04111;0.04138;2535379.44
20260420 000000;0.04138;0.04407;0.0413;0.04319;2657117.28
20260421 000000;0.04319;0.04368;0.04212;0.04306;1972945.39
20260422 000000;0.04306;0.04495;0.04302;0.0434;1642544.37
20260423 000000;0.0434;0.04447;0.04262;0.04397;1634019.78
20260424 000000;0.04397;0.0476;0.04354;0.04634;1868908.57
20260425 000000;0.04634;0.04824;0.04554;0.04617;1930514.17
20260426 000000;0.04617;0.04746;0.04574;0.04675;2232771.43
20260427 000000;0.04675;0.04747;0.04451;0.04555;3484925.29
20260428 000000;0.04555;0.0483;0.0453;0.04602;3279450.63
20260429 000000;0.04602;0.048;0.04417;0.04521;2649917.18
20260430 000000;0.04521;0.0457;0.04226;0.04319;2482108.12
20260501 000000;0.04319;0.04522;0.04299;0.04411;2323937.84
20260502 000000;0.04411;0.04447;0.04304;0.04378;2268100.35
20260503 000000;0.04378;0.04474;0.04306;0.0437;2410431.66
20260504 000000;0.0437;0.04545;0.04338;0.04433;2563136.14
20260505 000000;0.04433;0.04584;0.04426;0.0453;1961848.77
20260506 000000;0.0453;0.05;0.04513;0.04884;7363999.97
20260507 000000;0.04884;0.05058;0.04756;0.04888;2413311.24
20260508 000000;0.04888;0.055;0.04842;0.05408;2866967.98
20260509 000000;0.05408;0.05423;0.05138;0.05252;4118540.02
20260510 000000;0.05252;0.05857;0.05189;0.05497;3345756.66
20260511 000000;0.05497;0.0552;0.05214;0.05303;1759475.35
20260512 000000;0.05303;0.05308;0.0493;0.05031;2050703.64
20260513 000000;0.05031;0.05219;0.04791;0.0485;3713778.28
20260514 000000;0.0485;0.05053;0.0477;0.04942;2405722.53
20260515 000000;0.04942;0.04981;0.046;0.04688;3182568.7
20260516 000000;0.04688;0.04706;0.04468;0.04553;2164694.35
20260517 000000;0.04553;0.04579;0.04258;0.04401;2228793.53
20260518 000000;0.04401;0.04484;0.04295;0.04459;1900876.76
20260519 000000;0.04459;0.04519;0.04343;0.04367;1742445.91
20260520 000000;0.04367;0.04498;0.04347;0.0446;2047054.72
20260521 000000;0.0446;0.04955;0.04457;0.0484;2645148.18
20260522 000000;0.0484;0.04984;0.04529;0.04567;2867977.16
20260523 000000;0.04567;0.04744;0.04376;0.04686;2611114.32
20260524 000000;0.04686;0.04696;0.04469;0.04536;1549274.85
20260525 000000;0.04536;0.04708;0.04509;0.0461;1591187.87
20260526 000000;0.0461;0.04687;0.04458;0.04475;1790283.91
20260527 000000;0.04475;0.04527;0.0425;0.04297;1878806.44
20260528 000000;0.04297;0.04309;0.03966;0.04039;6168342.86
20260529 000000;0.04039;0.0411;0.03916;0.04036;2264317.54
20260530 000000;0.04036;0.04142;0.03982;0.04053;2327223.68
20260531 000000;0.04053;0.04096;0.03938;0.03988;2531226.2
20260601 000000;0.03988;0.04123;0.03904;0.04041;2650961.03
20260602 000000;0.04041;0.0405;0.03642;0.03712;2141270.43
20260603 000000;0.03712;0.039;0.03651;0.03703;2326598.72
20260604 000000;0.03703;0.03733;0.03158;0.03343;3603914.25
20260605 000000;0.03343;0.03343;0.02869;0.02961;8102961.21
20260606 000000;0.02961;0.03024;0.02754;0.02947;2681093.6
20260607 000000;0.02947;0.03067;0.02861;0.02985;2864049.9
20260608 000000;0.02985;0.03055;0.02909;0.02996;3480698.4
20260609 000000;0.02996;0.03237;0.02918;0.03162;3856866.19
20260610 000000;0.03162;0.03203;0.02889;0.02943;6429506.84
20260611 000000;0.02943;0.03141;0.02942;0.03058;3777255.61
20260612 000000;0.03058;0.03141;0.03033;0.03054;3525531.09
20260613 000000;0.03054;0.03115;0.02979;0.03077;3083349.54
20260614 000000;0.03077;0.03234;0.02978;0.03226;3383784.62
20260615 000000;0.03226;0.03404;0.03196;0.03278;5736215.29
20260616 000000;0.03278;0.03393;0.03172;0.03221;3446633.04
20260617 000000;0.03221;0.03338;0.03164;0.0321;3063702.29
20260618 000000;0.0321;0.0329;0.0306;0.03283;3663069.22
20260619 000000;0.03283;0.03283;0.03031;0.03078;3107072.51
20260620 000000;0.03078;0.03086;0.02733;0.02794;4432834.75
