20241024 000000;0.000000145;0.0000003038;0.000000028;0.0000002912;8041064285423
20241025 000000;0.0000002912;0.0000003195;0.0000002796;0.0000002941;11509579254289
20241026 000000;0.0000002941;0.0000003213;0.0000002894;0.0000003189;5491046948611
20241027 000000;0.0000003189;0.0000003485;0.000000316;0.0000003263;3161673326194
20241028 000000;0.0000003263;0.000000412;0.0000003164;0.0000004108;6055416362659
20241029 000000;0.0000004108;0.0000004818;0.0000003648;0.000000365;6856319980599
20241030 000000;0.000000365;0.0000003776;0.0000003297;0.0000003542;4460053238093
20241031 000000;0.0000003542;0.0000003625;0.0000002311;0.0000002722;7879357890248
20241101 000000;0.0000002722;0.0000002993;0.0000002657;0.0000002762;7213297143726
20241102 000000;0.0000002762;0.0000002785;0.0000002382;0.0000002412;7105737310657
20241103 000000;0.0000002412;0.0000002443;0.0000002;0.0000002001;7920686223781
20241104 000000;0.0000002001;0.0000002289;0.0000001812;0.0000001818;8213905651648
20241105 000000;0.0000001818;0.0000002351;0.0000001782;0.0000002321;7866253033304
20241106 000000;0.0000002321;0.0000003163;0.0000002314;0.000000313;3022103502504
20241107 000000;0.000000313;0.000000335;0.0000002638;0.0000002802;1435803608698
20241108 000000;0.0000002802;0.0000002924;0.0000002757;0.0000002834;603563028709
20241109 000000;0.0000002834;0.0000002892;0.000000259;0.0000002672;485799271099
20241110 000000;0.0000002672;0.000000337;0.000000261;0.0000003104;1006647512475
20241111 000000;0.0000003104;0.0000003397;0.0000002846;0.0000003388;1640633309179
20241112 000000;0.0000003388;0.0000003743;0.0000003014;0.0000003589;2586630692014
20241113 000000;0.0000003589;0.0000004353;0.0000003244;0.0000004018;2225270183910
20241114 000000;0.0000004018;0.0000004983;0.0000003572;0.0000003839;2493171537720
20241115 000000;0.0000003839;0.0000004907;0.0000003817;0.0000004724;1645370600849
20241116 000000;0.0000004724;0.0000004747;0.0000003896;0.000000411;2025522135174
20241117 000000;0.000000411;0.0000004492;0.0000003996;0.000000442;1676466027336
20241118 000000;0.000000442;0.0000005541;0.0000004004;0.0000004606;3240108845803
20241119 000000;0.0000004606;0.0000009221;0.0000004508;0.0000008002;5173675939646
20241120 000000;0.0000008002;0.0000009883;0.000000614;0.0000006703;4820710891495
20241121 000000;0.0000006703;0.0000009292;0.0000006593;0.0000007831;3046328252834
20241122 000000;0.0000007831;0.0000009194;0.0000007571;0.0000008;1688703859965
20241123 000000;0.0000008;0.000001;0.0000007571;0.0000009709;1265636418600
20241124 000000;0.0000009709;0.0000011669;0.0000009525;0.000001073;974009820772
20241125 000000;0.000001073;0.0000017881;0.0000005299;0.0000006867;9409703171332
20241126 000000;0.0000006867;0.0000008449;0.0000005981;0.0000006335;2218836212694
20241127 000000;0.0000006335;0.0000007482;0.0000006204;0.000000715;1056700218906
20241128 000000;0.000000715;0.0000007572;0.0000006507;0.0000006916;402657975062
20241129 000000;0.0000006916;0.0000007224;0.0000006522;0.0000006636;333364924074
20241130 000000;0.0000006636;0.0000006967;0.0000006328;0.0000006825;272745017945
20241201 000000;0.0000006825;0.0000007135;0.00000067;0.0000006961;270126904628
20241202 000000;0.0000006961;0.0000007474;0.0000006548;0.0000007157;271895833827
20241203 000000;0.0000007157;0.0000008;0.0000006647;0.0000007779;372539033900
20241204 000000;0.0000007779;0.0000011347;0.0000007779;0.0000009427;1662163394209
20241205 000000;0.0000009427;0.0000009899;0.0000008033;0.000000826;270302394570
20241206 000000;0.000000826;0.0000008868;0.0000007995;0.0000008197;330114841202
20241207 000000;0.0000008197;0.0000008703;0.0000008031;0.0000008373;285530477986
20241208 000000;0.0000008373;0.0000009291;0.0000008305;0.0000008873;524763277617
20241209 000000;0.0000008873;0.0000009225;0.0000006836;0.0000008053;386066664061
20241210 000000;0.0000008053;0.0000009161;0.0000007377;0.000000853;176786047713
20241211 000000;0.000000853;0.0000009464;0.0000008159;0.0000009025;198918866851
20241212 000000;0.0000009025;0.000000967;0.0000007851;0.0000008026;328469146421
20241213 000000;0.0000008026;0.0000008102;0.0000007224;0.0000007378;291505299327
20241214 000000;0.0000007378;0.0000008015;0.0000007283;0.0000007901;228740820407
20241215 000000;0.0000007901;0.0000008051;0.0000007397;0.0000007979;131978031006
20241216 000000;0.0000007979;0.0000009143;0.000000761;0.0000007949;385454114626
20241217 000000;0.0000007949;0.000001;0.0000007685;0.0000009024;1111870646778
20241218 000000;0.0000009024;0.0000012403;0.0000008768;0.0000008882;1382689582568
20241219 000000;0.0000008882;0.0000010758;0.0000008706;0.0000010169;370554156641
20241220 000000;0.0000010169;0.0000011138;0.0000009;0.0000010875;389362252444
20241221 000000;0.0000010875;0.0000011691;0.000000968;0.0000009765;251027039623
20241222 000000;0.0000009765;0.0000010611;0.0000009456;0.000000985;201335804268
20241223 000000;0.000000985;0.0000011091;0.0000009421;0.0000010593;302039420114
20241224 000000;0.0000010593;0.0000012378;0.0000010021;0.0000012297;400228177493
20241225 000000;0.0000012297;0.0000012766;0.000001039;0.000001048;739436091757
20241226 000000;0.000001048;0.0000010613;0.0000008906;0.0000008906;902971649866
20241227 000000;0.0000008906;0.0000009845;0.000000834;0.0000009468;1080710377063
20241228 000000;0.0000009468;0.0000010895;0.0000008725;0.0000009262;1730156017710
20241229 000000;0.0000009262;0.0000010217;0.0000008726;0.0000009225;1210762018562
20241230 000000;0.0000009225;0.00000105;0.0000008725;0.0000009837;606153396520
20241231 000000;0.0000009837;0.0000010559;0.0000009619;0.0000010272;252825697810
