20250101 000000;0.05345;0.05886;0.048;0.05157;8529388.08
20250102 000000;0.05157;0.07814;0.04547;0.07024;17494296.39
20250103 000000;0.07024;0.09994;0.06388;0.08479;22068178.97
20250104 000000;0.08479;0.09151;0.06711;0.08168;14113677.07
20250105 000000;0.08168;0.08169;0.06511;0.07161;18276279.83
20250106 000000;0.07161;0.091;0.06765;0.08594;13867206.51
20250107 000000;0.08594;0.0967;0.078;0.08349;11204585.71
20250108 000000;0.08349;0.08713;0.06276;0.07721;8872128.01
20250109 000000;0.07721;0.08051;0.0645;0.06747;5064196.87
20250110 000000;0.06747;0.07614;0.06463;0.0711;7405384.15
20250111 000000;0.0711;0.0994;0.06644;0.09754;13095513.09
20250112 000000;0.09754;0.10248;0.08;0.08591;8036312.15
20250113 000000;0.08591;0.09001;0.06666;0.07291;16517105.17
20250114 000000;0.07291;0.0865;0.07291;0.08221;8118001.81
20250115 000000;0.08221;0.09121;0.0685;0.08641;15797269.29
20250116 000000;0.08641;0.105;0.08309;0.09677;13758657.89
20250117 000000;0.09677;0.12;0.08971;0.0984;12835611.97
20250118 000000;0.0984;0.10685;0.072;0.08518;11799307.46
20250119 000000;0.08518;0.09;0.07;0.07576;10679000.71
20250120 000000;0.07576;0.07896;0.06296;0.07231;11005537.4
20250121 000000;0.07231;0.0977;0.06583;0.0966;12053673.84
20250122 000000;0.0966;0.10715;0.08252;0.08576;13222695.16
20250123 000000;0.08576;0.09935;0.0785;0.08397;17857174.78
20250124 000000;0.08397;0.09728;0.07444;0.08918;9241954.8
20250125 000000;0.08918;0.0989;0.08503;0.08666;10273590.27
20250126 000000;0.08666;0.08942;0.0723;0.07296;11422208.09
20250127 000000;0.07296;0.07866;0.06412;0.06839;12015859.55
20250128 000000;0.06839;0.081;0.06533;0.06903;17099890.47
20250129 000000;0.06903;0.075;0.05874;0.06201;18934611.6
20250130 000000;0.06201;0.06751;0.058;0.05911;16121496.85
20250131 000000;0.05911;0.06754;0.051;0.05963;20927526.65
20250201 000000;0.05963;0.06299;0.051;0.05126;18302877.82
20250202 000000;0.05126;0.05566;0.045;0.048;15937173.68
20250203 000000;0.048;0.05575;0.03916;0.05438;16675472.21
20250204 000000;0.05438;0.05441;0.04099;0.04234;16397265.69
20250205 000000;0.04234;0.05096;0.04003;0.04301;11323548.15
20250206 000000;0.04301;0.04678;0.04005;0.04055;5984149.03
20250207 000000;0.04055;0.04609;0.0361;0.04044;7454996.8
20250208 000000;0.04044;0.042;0.04;0.04174;7564075.51
20250209 000000;0.04174;0.04242;0.03999;0.04098;5929283.36
20250210 000000;0.04098;0.04205;0.0389;0.03971;8108626.11
20250211 000000;0.03971;0.03999;0.02874;0.03064;18236262.91
20250212 000000;0.03064;0.03171;0.02418;0.02975;13498852.65
20250213 000000;0.02975;0.03829;0.02813;0.03072;9655012.01
20250214 000000;0.03072;0.03268;0.02384;0.03104;17269624.5
20250215 000000;0.03104;0.03284;0.02866;0.02994;10771978.08
20250216 000000;0.02994;0.03217;0.0274;0.02936;8940233.91
20250217 000000;0.02936;0.0349;0.02826;0.03013;10141237.23
20250218 000000;0.03013;0.03088;0.02396;0.02596;13049240.39
20250219 000000;0.02596;0.03047;0.02421;0.02587;14711702.05
20250220 000000;0.02587;0.02724;0.02286;0.02451;13643651.07
20250221 000000;0.02451;0.0269;0.02243;0.0228;11700929.28
20250222 000000;0.0228;0.02452;0.02222;0.02345;12059869.63
20250223 000000;0.02345;0.024;0.02223;0.02368;7940053.04
20250224 000000;0.02368;0.02398;0.01891;0.01893;7753209.2
20250225 000000;0.01893;0.02051;0.01709;0.01863;8316017.75
20250226 000000;0.01863;0.02;0.01439;0.01482;7957416.09
20250227 000000;0.01482;0.01591;0.0139;0.01482;8135964.67
20250228 000000;0.01482;0.01639;0.01297;0.01576;8748809.59
20250301 000000;0.01576;0.02075;0.0148;0.01698;8949972.33
20250302 000000;0.01698;0.02724;0.01698;0.0259;7274198.09
20250303 000000;0.0259;0.02604;0.01786;0.01903;7156543.47
20250304 000000;0.01903;0.02234;0.01714;0.02136;6593225.06
20250305 000000;0.02136;0.02548;0.02029;0.02333;5925875.23
20250306 000000;0.02333;0.02564;0.02205;0.02273;5379325.37
20250307 000000;0.02273;0.02273;0.01765;0.01817;6523162.98
20250308 000000;0.01817;0.01894;0.01684;0.01751;5503581.65
20250309 000000;0.01751;0.01834;0.01401;0.01435;7318784.11
20250310 000000;0.01435;0.01575;0.01016;0.0125;20729337.93
20250311 000000;0.0125;0.01374;0.01144;0.01353;7717179.63
20250312 000000;0.01353;0.01621;0.01189;0.01271;9403460.23
20250313 000000;0.01271;0.01505;0.01207;0.01283;7574479.23
20250314 000000;0.01283;0.0171;0.01267;0.01543;7744749.07
20250315 000000;0.01543;0.0178;0.01459;0.01716;5485384.17
20250316 000000;0.01716;0.01819;0.01504;0.01622;7338976.35
20250317 000000;0.01622;0.01683;0.01435;0.01604;5862068.49
20250318 000000;0.01604;0.01678;0.01421;0.01514;4942487.98
20250319 000000;0.01514;0.01705;0.01463;0.01686;6594308.44
20250320 000000;0.01686;0.01739;0.01547;0.01571;6432350.2
20250321 000000;0.01571;0.0158;0.01319;0.01361;8519558.59
20250322 000000;0.01361;0.01538;0.01349;0.01457;7927359.66
20250323 000000;0.01457;0.01458;0.01312;0.01404;9444891.48
20250324 000000;0.01404;0.01545;0.01373;0.01495;7630581.49
20250325 000000;0.01495;0.01552;0.01404;0.01459;6887340.2
20250326 000000;0.01459;0.01564;0.01414;0.01417;6667921.02
20250327 000000;0.01417;0.01582;0.0132;0.01365;7693333.95
20250328 000000;0.01365;0.01367;0.01224;0.01277;9347428.67
20250329 000000;0.01277;0.013;0.01216;0.0122;9564473.21
20250330 000000;0.0122;0.01252;0.01154;0.01191;8168656.68
20250331 000000;0.01191;0.01213;0.01055;0.01109;10477003.29
20250401 000000;0.01109;0.01261;0.01097;0.0117;8821850.2
20250402 000000;0.0117;0.012;0.01051;0.0109;10564920.63
20250403 000000;0.0109;0.01187;0.00998;0.01016;11028596.74
20250404 000000;0.01016;0.0107;0.00933;0.01002;10543044.49
20250405 000000;0.01002;0.01004;0.00914;0.00952;11431105.89
20250406 000000;0.00952;0.00962;0.00715;0.00766;11202172.19
20250407 000000;0.00766;0.0083;0.00666;0.00761;12570313.4
20250408 000000;0.00761;0.0077;0.0065;0.00657;13983400.58
20250409 000000;0.00657;0.009;0.00596;0.00634;18898521.35
20250410 000000;0.00634;0.00681;0.00589;0.00632;14951382.43
20250411 000000;0.00632;0.00673;0.00569;0.00612;19371485.19
20250412 000000;0.00612;0.0074;0.00601;0.00717;16480297.74
20250413 000000;0.00717;0.00808;0.00652;0.00674;14526891.63
20250414 000000;0.00674;0.0076;0.00644;0.00716;13845937.06
20250415 000000;0.00716;0.00827;0.007;0.00731;10944635.6
20250416 000000;0.00731;0.00774;0.007;0.00725;12578928.47
20250417 000000;0.00725;0.00888;0.007;0.0086;14786115.7
20250418 000000;0.0086;0.01014;0.0086;0.00931;11478595.5
20250419 000000;0.00931;0.01126;0.00867;0.01107;11119666.85
20250420 000000;0.01107;0.0113;0.01027;0.0109;10801815.04
20250421 000000;0.0109;0.01368;0.01088;0.01354;8619773.58
20250422 000000;0.01354;0.017;0.01284;0.01446;9500627.72
20250423 000000;0.01446;0.01484;0.01278;0.01352;6651927.36
20250424 000000;0.01352;0.01501;0.01224;0.01275;8746815.91
20250425 000000;0.01275;0.0138;0.01246;0.0131;9574902.88
20250426 000000;0.0131;0.0144;0.01218;0.0128;8764091.71
20250427 000000;0.0128;0.0136;0.01229;0.01286;9143717.18
20250428 000000;0.01286;0.01408;0.01258;0.01349;8785117.77
20250429 000000;0.01349;0.01577;0.01324;0.01327;9204015.76
20250430 000000;0.01327;0.01408;0.01245;0.01266;8496667.03
20250501 000000;0.01266;0.0143;0.012;0.01346;8989903.67
20250502 000000;0.01346;0.01348;0.01205;0.01275;8720885.57
20250503 000000;0.01275;0.01438;0.01204;0.01327;9051746.93
20250504 000000;0.01327;0.01347;0.01259;0.01287;7750574.02
20250505 000000;0.01287;0.01368;0.01245;0.01284;6604710.06
20250506 000000;0.01284;0.01284;0.01193;0.01256;6609006.88
20250507 000000;0.01256;0.01288;0.01222;0.01251;8037987.62
20250508 000000;0.01251;0.0189;0.01244;0.01679;20432734.42
20250509 000000;0.01679;0.01822;0.01566;0.01645;21932517.24
20250510 000000;0.01645;0.0171;0.01548;0.01698;23068457.76
20250511 000000;0.01698;0.0175;0.01615;0.01691;13210873.3
20250512 000000;0.01691;0.02261;0.01668;0.01988;20849041.41
20250513 000000;0.01988;0.024;0.01851;0.02364;17788355.06
20250514 000000;0.02364;0.025;0.02118;0.02204;10253390.09
20250515 000000;0.02204;0.02251;0.01916;0.01949;9470198.68
20250516 000000;0.01949;0.022;0.01941;0.0215;13949307.68
20250517 000000;0.0215;0.02151;0.01819;0.01865;12297731.99
20250518 000000;0.01865;0.02018;0.0185;0.01966;7701827.61
20250519 000000;0.01966;0.02288;0.016;0.0182;8809005
20250520 000000;0.0182;0.01934;0.01744;0.01876;7888341.09
20250521 000000;0.01876;0.01936;0.017;0.0185;7442427.12
20250522 000000;0.0185;0.02266;0.0176;0.02131;12263149.8
20250523 000000;0.02131;0.0227;0.01928;0.02026;13300392.81
20250524 000000;0.02026;0.02496;0.01923;0.02412;13860601.51
20250525 000000;0.02412;0.02424;0.02104;0.02302;11870855.84
20250526 000000;0.02302;0.02526;0.02075;0.02325;9008320.89
20250527 000000;0.02325;0.029;0.02249;0.02651;6808356.22
20250528 000000;0.02651;0.0301;0.02486;0.02822;7098499.77
20250529 000000;0.02822;0.0311;0.02644;0.02652;4731582.57
20250530 000000;0.02652;0.02688;0.02427;0.02481;6825380.67
20250531 000000;0.02481;0.029;0.02344;0.02808;5602052.44
20250601 000000;0.02808;0.02809;0.02547;0.02549;4923946.38
20250602 000000;0.02549;0.02759;0.02482;0.02603;5443400.68
20250603 000000;0.02603;0.03045;0.02567;0.02717;6192990.13
20250604 000000;0.02717;0.02774;0.02515;0.02596;4329795.14
20250605 000000;0.02596;0.02626;0.02023;0.0217;7496618.21
20250606 000000;0.0217;0.02764;0.0215;0.02428;6349547.5
20250607 000000;0.02428;0.02431;0.02114;0.02233;6789443.92
20250608 000000;0.02233;0.02319;0.0208;0.0223;6065578.53
20250609 000000;0.0223;0.02298;0.02155;0.02255;6831440.74
20250610 000000;0.02255;0.02542;0.02214;0.0241;5852874.65
20250611 000000;0.0241;0.02417;0.02133;0.022;5219867.25
20250612 000000;0.022;0.02233;0.0167;0.01848;7754996.89
20250613 000000;0.01848;0.01937;0.0158;0.01775;6813385.58
20250614 000000;0.01775;0.01793;0.01717;0.0172;6744533.39
20250615 000000;0.0172;0.0205;0.01619;0.01713;8750580.04
20250616 000000;0.01713;0.01932;0.0171;0.01855;7012493.71
20250617 000000;0.01855;0.01859;0.01637;0.01657;8030623.14
20250618 000000;0.01657;0.01756;0.01478;0.0161;7851603.57
20250619 000000;0.0161;0.01622;0.01497;0.01531;6237360.3
20250620 000000;0.01531;0.01684;0.01486;0.01494;7042544.9
20250621 000000;0.01494;0.01558;0.01411;0.0142;6951926.63
20250622 000000;0.0142;0.01454;0.01217;0.01332;10365149.24
20250623 000000;0.01332;0.01696;0.01235;0.01643;8034418.12
20250624 000000;0.01643;0.01883;0.01577;0.01833;7614538.55
20250625 000000;0.01833;0.01865;0.01509;0.01582;6594037.01
20250626 000000;0.01582;0.01707;0.01513;0.01675;7259176.98
20250627 000000;0.01675;0.01788;0.01614;0.01695;6686153.05
20250628 000000;0.01695;0.01697;0.01615;0.01652;6401783.25
20250629 000000;0.01652;0.01767;0.01587;0.01677;6530347.88
20250630 000000;0.01677;0.01689;0.01581;0.01612;6251685.97
20250701 000000;0.01612;0.01612;0.01464;0.01486;6315260.63
20250702 000000;0.01486;0.01659;0.01477;0.01573;7154477.2
20250703 000000;0.01573;0.01587;0.01524;0.01568;7192378.32
20250704 000000;0.01568;0.01617;0.01461;0.01481;6691038.09
20250705 000000;0.01481;0.01581;0.01345;0.01481;7206414.25
20250706 000000;0.01481;0.0155;0.01408;0.01493;6321934.8
20250707 000000;0.01493;0.01505;0.01425;0.01447;7718479.66
20250708 000000;0.01447;0.01448;0.01323;0.01375;8373021.97
20250709 000000;0.01375;0.01538;0.0137;0.01466;9998693.96
20250710 000000;0.01466;0.01498;0.01329;0.01488;6939410.84
20250711 000000;0.01488;0.01804;0.01454;0.01631;7725223.29
20250712 000000;0.01631;0.01643;0.01311;0.01595;7052007.74
20250713 000000;0.01595;0.01637;0.01507;0.01532;6296779.07
20250714 000000;0.01532;0.01681;0.01359;0.0136;7886881.66
20250715 000000;0.0136;0.01485;0.01282;0.01349;9715848.43
20250716 000000;0.01349;0.01701;0.01266;0.01645;11210832.37
20250717 000000;0.01645;0.02049;0.01593;0.01968;16688544.52
20250718 000000;0.01968;0.02373;0.01833;0.02268;18640914.59
20250719 000000;0.02268;0.02272;0.01944;0.02107;11438236.14
20250720 000000;0.02107;0.02409;0.02049;0.02132;6770006.71
20250721 000000;0.02132;0.0249;0.02;0.02304;7321108.07
20250722 000000;0.02304;0.02832;0.02247;0.0276;13572909.3
20250723 000000;0.0276;0.02823;0.0246;0.02477;19900785.2
20250724 000000;0.02477;0.02661;0.02256;0.0261;21408294
20250725 000000;0.0261;0.02613;0.02235;0.02439;17773755.65
20250726 000000;0.02439;0.02634;0.02414;0.02432;14532102.05
20250727 000000;0.02432;0.02454;0.02148;0.02269;9659673.86
20250728 000000;0.02269;0.02364;0.02002;0.02035;20329399.67
20250729 000000;0.02035;0.02085;0.01866;0.01918;25758161.71
20250730 000000;0.01918;0.0201;0.01833;0.0189;20738928.62
20250731 000000;0.0189;0.01971;0.01584;0.0161;10626502.4
20250801 000000;0.0161;0.01823;0.01506;0.0171;10433537.54
20250802 000000;0.0171;0.0187;0.01625;0.01783;9180871.28
20250803 000000;0.01783;0.01949;0.01656;0.01804;11521005.73
20250804 000000;0.01804;0.01859;0.01696;0.01739;10607721.32
20250805 000000;0.01739;0.0175;0.01552;0.01704;12847857.27
20250806 000000;0.01704;0.01768;0.0164;0.01686;10701981.26
20250807 000000;0.01686;0.01924;0.01597;0.01853;13876526.91
20250808 000000;0.01853;0.0192;0.018;0.01913;10668826.97
20250809 000000;0.01913;0.02101;0.01846;0.02043;10306447.63
20250810 000000;0.02043;0.02128;0.01966;0.02022;9988736.87
20250811 000000;0.02022;0.02416;0.02022;0.02201;20632743.73
20250812 000000;0.02201;0.02246;0.02073;0.02197;17823477.27
20250813 000000;0.02197;0.02271;0.02086;0.02186;14912771.56
20250814 000000;0.02186;0.02245;0.01694;0.01729;18134745.01
20250815 000000;0.01729;0.01834;0.01578;0.01656;19687242.71
20250816 000000;0.01656;0.01711;0.01596;0.01644;16872109.96
20250817 000000;0.01644;0.01758;0.0152;0.01569;16998263.81
20250818 000000;0.01569;0.01668;0.01455;0.01583;14419015.15
20250819 000000;0.01583;0.0193;0.01509;0.01656;13209198.93
20250820 000000;0.01656;0.01722;0.01605;0.01678;11069257.39
20250821 000000;0.01678;0.01758;0.01455;0.01492;12066504.62
20250822 000000;0.01492;0.01767;0.01428;0.01596;11394293.26
20250823 000000;0.01596;0.01601;0.0138;0.01499;8529086.1
20250824 000000;0.01499;0.01528;0.014;0.01478;9469243.42
20250825 000000;0.01478;0.01496;0.0128;0.01353;8419773.37
20250826 000000;0.01353;0.0145;0.01325;0.01444;9569047.8
20250827 000000;0.01444;0.01576;0.01291;0.01292;9288993.97
20250828 000000;0.01292;0.01432;0.01243;0.0131;9017830.62
20250829 000000;0.0131;0.01322;0.01229;0.01263;9575480.85
20250830 000000;0.01263;0.0132;0.01228;0.01256;8391140.91
20250831 000000;0.01256;0.01306;0.01243;0.01291;9682195.91
20250901 000000;0.01291;0.01336;0.01158;0.01331;8989887.87
20250902 000000;0.01331;0.014;0.01298;0.01342;7870046.1
20250903 000000;0.01342;0.01537;0.0125;0.0149;9602875.79
20250904 000000;0.0149;0.01497;0.0132;0.01381;8197821.41
20250905 000000;0.01381;0.0143;0.01343;0.01381;8427186.14
20250906 000000;0.01381;0.01384;0.01263;0.01288;7748622.11
20250907 000000;0.01288;0.01354;0.01245;0.01343;9592733.4
20250908 000000;0.01343;0.0136;0.01284;0.01315;8428892.09
20250909 000000;0.01315;0.0141;0.01275;0.0132;9196297.17
20250910 000000;0.0132;0.0145;0.01302;0.01329;8220275.98
20250911 000000;0.01329;0.01405;0.01299;0.01317;8301286.35
20250912 000000;0.01317;0.01363;0.01251;0.01272;8777820.84
20250913 000000;0.01272;0.01333;0.0126;0.01296;8646557.21
20250914 000000;0.01296;0.01402;0.0127;0.01277;8487357.91
20250915 000000;0.01277;0.01279;0.01032;0.01096;10710302.72
20250916 000000;0.01096;0.0116;0.01008;0.01025;10654559.13
20250917 000000;0.01025;0.01121;0.00899;0.01043;13513734.4
20250918 000000;0.01043;0.01043;0.00795;0.00824;17478858.24
20250919 000000;0.00824;0.00837;0.00752;0.00817;15139140.69
20250920 000000;0.00817;0.01035;0.00814;0.0095;18362629.1
20250921 000000;0.0095;0.01023;0.00922;0.01004;16628842.79
20250922 000000;0.01004;0.01005;0.00913;0.00935;8737802.59
20250923 000000;0.00935;0.00935;0.00868;0.00878;8889933.3
20250924 000000;0.00878;0.00894;0.00835;0.00836;8581353.26
20250925 000000;0.00836;0.00845;0.00757;0.00789;9094152.09
20250926 000000;0.00789;0.0084;0.00751;0.00811;8299961.91
20250927 000000;0.00811;0.00835;0.00701;0.00759;8907769.67
20250928 000000;0.00759;0.00779;0.00697;0.0075;10061024.66
20250929 000000;0.0075;0.00785;0.00743;0.00778;10031072.14
20250930 000000;0.00778;0.00785;0.0075;0.00762;10079644.75
20251001 000000;0.00762;0.0086;0.00724;0.00799;10821357.88
20251002 000000;0.00799;0.00899;0.00793;0.00898;9406454.02
20251003 000000;0.00898;0.00955;0.00895;0.00929;7119541.14
20251004 000000;0.00929;0.0096;0.00878;0.00956;7198138.24
20251005 000000;0.00956;0.0107;0.00781;0.00794;9152636.34
20251006 000000;0.00794;0.00851;0.00763;0.00781;10457375.03
20251007 000000;0.00781;0.00781;0.00698;0.0072;11700148.76
20251008 000000;0.0072;0.00737;0.00671;0.00682;10475728.29
20251009 000000;0.00682;0.00743;0.00631;0.00658;13449199.74
20251010 000000;0.00658;0.00671;0.004;0.00565;12477702.18
20251011 000000;0.00565;0.00608;0.00502;0.00567;13364932.6
20251012 000000;0.00567;0.00648;0.00555;0.00647;12698114.24
20251013 000000;0.00647;0.0067;0.00577;0.00649;10809704.7
20251014 000000;0.00649;0.00668;0.0061;0.00637;9811813.19
20251015 000000;0.00637;0.00662;0.0058;0.00603;11126876.48
20251016 000000;0.00603;0.00606;0.00581;0.00583;12237101.4
20251017 000000;0.00583;0.00587;0.00527;0.0053;14717535.88
20251018 000000;0.0053;0.00582;0.00517;0.0055;12428943.15
20251019 000000;0.0055;0.00579;0.00527;0.00559;10265577.36
20251020 000000;0.00559;0.00612;0.0051;0.005684;17328871.66
20251021 000000;0.005684;0.005894;0.00547;0.005653;18518755.21
20251022 000000;0.005653;0.005912;0.00525;0.005682;20797162.25
20251023 000000;0.005682;0.005866;0.00568;0.005759;18459440.85
20251024 000000;0.005759;0.005921;0.005749;0.005829;17663972.99
20251025 000000;0.005829;0.005903;0.005767;0.00583;14575177.38
20251026 000000;0.00583;0.00593;0.005713;0.00579;18379630.66
20251027 000000;0.00579;0.005911;0.005389;0.005423;15158738.36
20251028 000000;0.005423;0.005434;0.005074;0.005083;21907454.13
20251029 000000;0.005083;0.005138;0.005047;0.005052;22020165.14
20251030 000000;0.005052;0.005062;0.004559;0.004642;24347154.06
20251031 000000;0.004642;0.004646;0.004255;0.004296;27584743.46
20251101 000000;0.004296;0.004488;0.004058;0.004303;27812542.98
20251102 000000;0.004303;0.00457;0.004205;0.004476;18635536.55
20251103 000000;0.004476;0.004528;0.004013;0.004168;24775007.01
20251104 000000;0.004168;0.004186;0.003785;0.003965;30312014.19
20251105 000000;0.003965;0.003979;0.003716;0.003859;32249148.47
20251106 000000;0.003859;0.003882;0.003502;0.003575;34247418.1
20251107 000000;0.003575;0.00368;0.003506;0.003666;35718751.82
20251108 000000;0.003666;0.003679;0.003514;0.003595;31473004.51
20251109 000000;0.003595;0.003775;0.003485;0.003726;32390057
20251110 000000;0.003726;0.00391;0.003715;0.003878;28975406.79
20251111 000000;0.003878;0.003928;0.003706;0.003728;25194520.72
20251112 000000;0.003728;0.003807;0.003614;0.0037;29288613.7
20251113 000000;0.0037;0.003815;0.003425;0.003432;22448223.71
20251114 000000;0.003432;0.003441;0.003244;0.003294;18756504.24
20251115 000000;0.003294;0.003294;0.0032;0.003262;37496504.32
20251116 000000;0.003262;0.003446;0.003044;0.003182;40052676.68
20251117 000000;0.003182;0.003286;0.003091;0.003105;33578032.5
20251118 000000;0.003105;0.003286;0.003055;0.003259;42972969.46
20251119 000000;0.003259;0.003296;0.002901;0.002959;40247745.87
20251120 000000;0.002959;0.00314;0.002923;0.002947;48626139.59
20251121 000000;0.002947;0.002954;0.002666;0.002702;54350763.48
20251122 000000;0.002702;0.00342;0.002451;0.00272;62029337.88
20251123 000000;0.00272;0.003696;0.002712;0.002976;58136697.51
20251124 000000;0.002976;0.002985;0.002672;0.002778;51150492.43
20251125 000000;0.002778;0.00281;0.002652;0.002698;44265938.25
20251126 000000;0.002698;0.002998;0.002698;0.002868;36746095.85
20251127 000000;0.002868;0.003375;0.002865;0.003337;41432654.28
20251128 000000;0.003337;0.003363;0.003166;0.003213;50392216.76
20251129 000000;0.003213;0.003978;0.003123;0.003464;42899223.26
20251130 000000;0.003464;0.003603;0.003447;0.003483;25635012.45
20251201 000000;0.003483;0.003483;0.00288;0.003291;34742906.06
20251202 000000;0.003291;0.003405;0.003287;0.0034;48720077.4
20251203 000000;0.0034;0.003435;0.003357;0.003428;52657806.11
20251204 000000;0.003428;0.0035;0.003421;0.003454;43601930.65
20251205 000000;0.003454;0.003455;0.0033;0.0033;46770246.01
20251206 000000;0.0033;0.003411;0.00322;0.003321;37771184.33
20251207 000000;0.003321;0.003325;0.002977;0.002992;44886138.11
20251208 000000;0.002992;0.003013;0.002604;0.002998;51326839.53
20251209 000000;0.002998;0.003024;0.002893;0.003021;49365818.73
20251210 000000;0.003021;0.003271;0.003018;0.003163;51001716.14
20251211 000000;0.003163;0.003171;0.003;0.003036;42078307.33
20251212 000000;0.003036;0.00307;0.002959;0.002962;50554002.9
20251213 000000;0.002962;0.003071;0.002951;0.002965;52601142.54
20251214 000000;0.002965;0.002968;0.002752;0.002853;58801145.01
20251215 000000;0.002853;0.002876;0.002677;0.002758;55386216.44
20251216 000000;0.002758;0.002774;0.002706;0.002717;58442213.16
20251217 000000;0.002717;0.002755;0.002643;0.00265;60941092.26
20251218 000000;0.00265;0.002696;0.002603;0.002614;56476745.5
20251219 000000;0.002614;0.002696;0.002606;0.002662;63161417.6
20251220 000000;0.002662;0.002692;0.002647;0.002684;78177446.44
20251221 000000;0.002684;0.002701;0.002657;0.002666;64392687.89
20251222 000000;0.002666;0.002697;0.002625;0.00265;39136552.34
20251223 000000;0.00265;0.0027;0.002601;0.002607;34357192.3
20251224 000000;0.002607;0.002611;0.002548;0.002553;35903654.87
20251225 000000;0.002553;0.002607;0.002548;0.0026;32148641.84
20251226 000000;0.0026;0.002647;0.00252;0.00259;29922372.58
20251227 000000;0.00259;0.002591;0.00254;0.002591;30286168.3
20251228 000000;0.002591;0.002594;0.002521;0.002527;29073663.95
20251229 000000;0.002527;0.002549;0.002439;0.002459;36300645.48
20251230 000000;0.002459;0.002489;0.002405;0.002463;41859479.5
20251231 000000;0.002463;0.00247;0.002363;0.002386;42770692.96
