20240827 000000;0.01;0.11178;0.01;0.04036;79798197.91
20240828 000000;0.04036;0.0449;0.03149;0.03267;78739434.75
20240829 000000;0.03267;0.03575;0.02573;0.02845;88524363.76
20240830 000000;0.02845;0.03018;0.02311;0.02954;97699464.88
20240831 000000;0.02954;0.033;0.01518;0.02229;123508696.88
20240901 000000;0.02229;0.0255;0.01887;0.0234;123937182.62
20240902 000000;0.0234;0.03184;0.02278;0.02404;58557245.62
20240903 000000;0.02404;0.026;0.0211;0.0258;47583017.66
20240904 000000;0.0258;0.026;0.02139;0.02437;50664904.38
20240905 000000;0.02437;0.03443;0.02338;0.02894;92513126.41
20240906 000000;0.02894;0.03119;0.02638;0.02669;42528692.3
20240907 000000;0.02669;0.032;0.02639;0.03024;28769550.36
20240908 000000;0.03024;0.0384;0.02972;0.03299;33598717.68
20240909 000000;0.03299;0.03683;0.0298;0.03226;38236580.26
20240910 000000;0.03226;0.03681;0.03197;0.03464;25600058.35
20240911 000000;0.03464;0.04;0.03402;0.03661;14603469.53
20240912 000000;0.03661;0.03806;0.032;0.03258;23439678.12
20240913 000000;0.03258;0.03376;0.03097;0.03355;29220020.95
20240914 000000;0.03355;0.04039;0.03277;0.0328;27593724.73
20240915 000000;0.0328;0.03435;0.02638;0.02773;35931049.58
20240916 000000;0.02773;0.02788;0.02393;0.02426;41159749.43
20240917 000000;0.02426;0.02807;0.024;0.02615;43914234.4
20240918 000000;0.02615;0.02959;0.0248;0.02659;42562556.28
20240919 000000;0.02659;0.02903;0.02453;0.02695;34666696.67
20240920 000000;0.02695;0.02741;0.02166;0.02495;23806471.85
20240921 000000;0.02495;0.02745;0.02438;0.02602;35849821.15
20240922 000000;0.02602;0.02656;0.02097;0.0212;35155751.99
20240923 000000;0.0212;0.035;0.0211;0.03128;36364448.16
20240924 000000;0.03128;0.04532;0.03119;0.03668;28941903.45
20240925 000000;0.03668;0.03793;0.02775;0.03236;27189716.79
20240926 000000;0.03236;0.03388;0.02668;0.03371;26268852.06
20240927 000000;0.03371;0.03854;0.03133;0.03702;33851242.33
20240928 000000;0.03702;0.039;0.0314;0.03337;26572858.71
20240929 000000;0.03337;0.041;0.032;0.03893;38030815.66
20240930 000000;0.03893;0.045;0.0326;0.03369;49585835.04
20241001 000000;0.03369;0.03611;0.03219;0.03261;36154711.91
20241002 000000;0.03261;0.03913;0.03176;0.03412;27101206.25
20241003 000000;0.03412;0.03563;0.0292;0.03021;37770498.38
20241004 000000;0.03021;0.03263;0.027;0.03136;27490507.6
20241005 000000;0.03136;0.034;0.0271;0.02922;18792752.34
20241006 000000;0.02922;0.03255;0.02722;0.03138;30297862.37
20241007 000000;0.03138;0.03405;0.029;0.02949;27595965.05
20241008 000000;0.02949;0.03019;0.0265;0.02656;34661534.42
20241009 000000;0.02656;0.03135;0.02578;0.02948;35140261.75
20241010 000000;0.02948;0.03135;0.02812;0.03003;12632164.12
20241011 000000;0.03003;0.03135;0.02747;0.02796;777878.94
20241012 000000;0.02796;0.03005;0.02795;0.0283;843112.72
20241013 000000;0.0283;0.03;0.0275;0.0285;639761.39
20241014 000000;0.0285;0.03041;0.02687;0.02781;1518318.47
20241015 000000;0.02781;0.0293;0.02651;0.02707;1881440.69
20241016 000000;0.02707;0.02845;0.02651;0.02769;2219095.82
20241017 000000;0.02769;0.03055;0.02755;0.02879;2191295.7
20241018 000000;0.02879;0.03103;0.02709;0.02778;2135947.52
20241019 000000;0.02778;0.03026;0.02778;0.02901;2065037.69
20241020 000000;0.02901;0.037;0.02892;0.0338;2049359.03
20241021 000000;0.0338;0.03382;0.03088;0.03113;2079528.79
20241022 000000;0.03113;0.0373;0.03;0.03441;2225341.47
20241023 000000;0.03441;0.03673;0.02399;0.02487;2759895.77
20241024 000000;0.02487;0.03206;0.02486;0.02647;2802708.37
20241025 000000;0.02647;0.02993;0.026;0.02694;2456446.29
20241026 000000;0.02694;0.02808;0.02599;0.02808;10698776.33
20241027 000000;0.02808;0.02813;0.02483;0.02653;18766410.38
20241028 000000;0.02653;0.0271;0.02529;0.02669;16362288.93
20241029 000000;0.02669;0.0267;0.02284;0.02533;24063496.71
20241030 000000;0.02533;0.02658;0.02436;0.02594;17186868.9
20241031 000000;0.02594;0.02594;0.02474;0.02477;21191895.15
20241101 000000;0.02477;0.02499;0.02354;0.02374;15074581.47
20241102 000000;0.02374;0.02407;0.0218;0.02207;22684954.41
20241103 000000;0.02207;0.02216;0.0215;0.02188;21500288.54
20241104 000000;0.02188;0.02194;0.02;0.02001;29807949.62
20241105 000000;0.02001;0.02138;0.0197;0.02082;23306445.14
20241106 000000;0.02082;0.02448;0.0208;0.02448;38349288.35
20241107 000000;0.02448;0.03123;0.0242;0.02635;23942059.76
20241108 000000;0.02635;0.0265;0.02556;0.02593;18335403.99
20241109 000000;0.02593;0.02604;0.0245;0.02474;20035780.77
20241110 000000;0.02474;0.02552;0.02424;0.02497;15919769.89
20241111 000000;0.02497;0.02636;0.0236;0.02594;23813237.17
20241112 000000;0.02594;0.03304;0.02593;0.03179;13134528.25
20241113 000000;0.03179;0.03363;0.02784;0.02972;37445562.06
20241114 000000;0.02972;0.033;0.02797;0.03105;76443013.42
20241115 000000;0.03105;0.03792;0.03;0.0325;10634195.32
20241116 000000;0.0325;0.03619;0.02989;0.03159;7965024.1
20241117 000000;0.03159;0.03162;0.02852;0.02931;8148078.62
20241118 000000;0.02931;0.03003;0.02483;0.02716;12824190.11
20241119 000000;0.02716;0.02806;0.02649;0.02701;14328956.88
20241120 000000;0.02701;0.0297;0.02649;0.02833;102722298.69
20241121 000000;0.02833;0.03629;0.02682;0.03594;11442343.87
20241122 000000;0.03594;0.03788;0.03052;0.0317;6171984.74
20241123 000000;0.0317;0.036;0.02801;0.02953;5244626.97
20241124 000000;0.02953;0.0321;0.02811;0.02993;4508989.59
20241125 000000;0.02993;0.03541;0.02947;0.03222;5249850.28
20241126 000000;0.03222;0.03379;0.02819;0.03053;5098791.31
20241127 000000;0.03053;0.03718;0.0291;0.03251;8769524.69
20241128 000000;0.03251;0.045;0.03053;0.04462;25480829.46
20241129 000000;0.04462;0.053;0.0403;0.04803;13619733.98
20241130 000000;0.04803;0.05373;0.03902;0.04238;6806975.55
20241201 000000;0.04238;0.05388;0.041;0.04476;9933988.42
20241202 000000;0.04476;0.04757;0.03815;0.03945;8879068.93
20241203 000000;0.03945;0.05753;0.03945;0.05155;26331945.97
20241204 000000;0.05155;0.07968;0.05104;0.06836;19182255.43
20241205 000000;0.06836;0.09;0.058;0.06554;16441998.57
20241206 000000;0.06554;0.09;0.06011;0.07318;24927097.2
20241207 000000;0.07318;0.08081;0.0608;0.06503;15484428.15
20241208 000000;0.06503;0.06949;0.06026;0.06607;13839809.27
20241209 000000;0.06607;0.08506;0.06082;0.07903;18681245.69
20241210 000000;0.07903;0.09352;0.07201;0.08471;22111343.53
20241211 000000;0.08471;0.08696;0.07346;0.07482;8925319.35
20241212 000000;0.07482;0.0845;0.07;0.07161;9210309.01
20241213 000000;0.07161;0.07784;0.06501;0.0661;16469656.28
20241214 000000;0.0661;0.07668;0.06232;0.06787;7989879.33
20241215 000000;0.06787;0.07462;0.0636;0.06706;8507577.26
20241216 000000;0.06706;0.07395;0.05889;0.06991;12589991.4
20241217 000000;0.06991;0.07308;0.062;0.06214;9105645.35
20241218 000000;0.06214;0.06547;0.05559;0.0572;8925377.82
20241219 000000;0.0572;0.06204;0.051;0.05388;10152336.19
20241220 000000;0.05388;0.05848;0.04749;0.05465;9473577.66
20241221 000000;0.05465;0.06071;0.05272;0.05487;6318950.04
20241222 000000;0.05487;0.05634;0.052;0.0562;7910313.69
20241223 000000;0.0562;0.05717;0.05101;0.05529;6948194.22
20241224 000000;0.05529;0.067;0.05401;0.06696;9254334.26
20241225 000000;0.06696;0.06864;0.06055;0.06531;7326766.23
20241226 000000;0.06531;0.06531;0.05599;0.05779;6993874.04
20241227 000000;0.05779;0.06794;0.05611;0.06749;12774276.31
20241228 000000;0.06749;0.06906;0.06201;0.06612;10232012.69
20241229 000000;0.06612;0.07063;0.06202;0.06585;8564679.58
20241230 000000;0.06585;0.068;0.05513;0.0561;8588537.2
20241231 000000;0.0561;0.05976;0.05231;0.05345;7200795.25
