20260101 000000;0.00000034;0.0000003447;0.000000332;0.0000003371;210224014543
20260102 000000;0.0000003371;0.000000343;0.0000003237;0.0000003246;224344612223
20260103 000000;0.0000003246;0.0000003377;0.0000003225;0.0000003312;231427755743
20260104 000000;0.0000003312;0.0000003398;0.0000003236;0.0000003254;229608837102
20260105 000000;0.0000003254;0.0000003325;0.0000003175;0.0000003287;222140788691
20260106 000000;0.0000003287;0.0000003323;0.0000003058;0.0000003158;227981031670
20260107 000000;0.0000003158;0.000000316;0.0000002677;0.0000002717;253232169163
20260108 000000;0.0000002717;0.0000002742;0.0000002427;0.0000002468;298761309788
20260109 000000;0.0000002468;0.0000002496;0.000000233;0.0000002386;309696317968
20260110 000000;0.0000002386;0.0000002411;0.0000002348;0.0000002368;294410040128
20260111 000000;0.0000002368;0.000000242;0.0000002343;0.000000239;313108635622
20260112 000000;0.000000239;0.0000002456;0.0000002347;0.0000002413;330030228859
20260113 000000;0.0000002413;0.0000002692;0.0000002399;0.0000002632;325401476542
20260114 000000;0.0000002632;0.0000002738;0.0000002592;0.000000271;315089470053
20260115 000000;0.000000271;0.0000002713;0.0000002586;0.0000002637;279284723158
20260116 000000;0.0000002637;0.00000027;0.000000258;0.0000002691;312793592892
20260117 000000;0.0000002691;0.0000002725;0.000000265;0.0000002699;265818861337
20260118 000000;0.0000002699;0.0000002939;0.000000267;0.0000002872;307241243453
20260119 000000;0.0000002872;0.0000003033;0.0000002751;0.0000002999;382508054150
20260120 000000;0.0000002999;0.0000003099;0.0000002878;0.0000003092;328204937572
20260121 000000;0.0000003092;0.0000003228;0.0000003066;0.0000003134;325894882918
20260122 000000;0.0000003134;0.0000003199;0.0000003104;0.0000003158;288780764919
20260123 000000;0.0000003158;0.0000003406;0.0000002996;0.0000003106;297512943678
20260124 000000;0.0000003106;0.0000003379;0.0000003071;0.0000003346;314126327391
20260125 000000;0.0000003346;0.0000003991;0.0000002837;0.0000002916;324941879991
20260126 000000;0.0000002916;0.0000003529;0.0000002912;0.0000003148;250099324795
20260127 000000;0.0000003148;0.0000003725;0.0000002759;0.000000291;312474267096
20260128 000000;0.000000291;0.0000002984;0.0000002869;0.0000002973;251431308199
20260129 000000;0.0000002973;0.0000002978;0.0000002687;0.0000002765;273936149106
20260130 000000;0.0000002765;0.0000003014;0.0000002716;0.0000002986;247139244982
20260131 000000;0.0000002986;0.0000003007;0.0000002603;0.0000002757;291470671066
20260201 000000;0.0000002757;0.0000002883;0.0000002695;0.0000002788;204093842711
20260202 000000;0.0000002788;0.0000003044;0.0000002724;0.0000003021;232483342288
20260203 000000;0.0000003021;0.0000003058;0.0000002748;0.0000002897;221036701369
20260204 000000;0.0000002897;0.0000002962;0.0000002778;0.0000002905;157713790202
20260205 000000;0.0000002905;0.0000002998;0.0000002499;0.0000002705;277327728220
20260206 000000;0.0000002705;0.0000003401;0.0000002499;0.0000003326;272764850645
20260207 000000;0.0000003326;0.0000003425;0.0000003314;0.000000338;239025096063
20260208 000000;0.000000338;0.00000034;0.0000003289;0.000000333;218779261349
20260209 000000;0.000000333;0.00000034;0.0000003292;0.000000339;228367707959
20260210 000000;0.000000339;0.00000035;0.0000003278;0.0000003473;236560913518
20260211 000000;0.0000003473;0.00000035;0.0000003373;0.000000347;201356606074
20260212 000000;0.000000347;0.00000035;0.0000003381;0.0000003404;240775022759
20260213 000000;0.0000003404;0.000000345;0.000000336;0.0000003446;204971509296
20260214 000000;0.0000003446;0.0000003449;0.0000003046;0.0000003094;284528414783
20260215 000000;0.0000003094;0.0000003116;0.0000002861;0.0000003028;313922287105
20260216 000000;0.0000003028;0.00000034;0.0000002999;0.0000003398;217940988502
20260217 000000;0.0000003398;0.00000034;0.0000003154;0.0000003352;244568198647
20260218 000000;0.0000003352;0.00000034;0.0000003267;0.0000003392;238323877436
20260219 000000;0.0000003392;0.00000034;0.0000003273;0.0000003395;230213773273
20260220 000000;0.0000003395;0.000000345;0.0000003318;0.0000003443;264212736825
20260221 000000;0.0000003443;0.000000345;0.0000003325;0.0000003347;203013260306
20260222 000000;0.0000003347;0.0000003349;0.0000003002;0.0000003035;249687927682
20260223 000000;0.0000003035;0.0000003058;0.0000002815;0.0000002839;268328681866
20260224 000000;0.0000002839;0.0000002868;0.0000002701;0.0000002718;264114997555
20260225 000000;0.0000002718;0.0000002901;0.0000002619;0.000000272;295276411858
20260226 000000;0.000000272;0.0000002763;0.0000002405;0.0000002451;322745111500
20260227 000000;0.0000002451;0.0000002514;0.0000002312;0.0000002356;313220116053
20260228 000000;0.0000002356;0.0000002374;0.0000002169;0.0000002284;370052415956
20260301 000000;0.0000002284;0.0000002365;0.0000002161;0.0000002191;358879820096
20260302 000000;0.0000002191;0.0000002324;0.000000216;0.0000002231;309082531146
20260303 000000;0.0000002231;0.0000002237;0.000000211;0.0000002141;338498142533
20260304 000000;0.0000002141;0.0000002501;0.0000002107;0.0000002372;325630155216
20260305 000000;0.0000002372;0.0000002374;0.0000002234;0.0000002255;276070863268
20260306 000000;0.0000002255;0.0000002274;0.0000002153;0.0000002192;288478941635
20260307 000000;0.0000002192;0.000000221;0.000000214;0.0000002156;294614310685
20260308 000000;0.0000002156;0.0000002185;0.0000002097;0.000000214;259325277933
20260309 000000;0.000000214;0.0000002208;0.0000002132;0.0000002138;246342876122
20260310 000000;0.0000002138;0.0000002337;0.0000002133;0.0000002223;266546264127
20260311 000000;0.0000002223;0.0000002241;0.0000002159;0.0000002181;238638248516
20260312 000000;0.0000002181;0.0000002186;0.0000002117;0.0000002146;230657941038
20260313 000000;0.0000002146;0.0000002182;0.0000002032;0.0000002048;259975487802
20260314 000000;0.0000002048;0.0000002068;0.0000002008;0.0000002023;250420602999
20260315 000000;0.0000002023;0.0000002062;0.0000001986;0.000000205;222368816788
20260316 000000;0.000000205;0.0000002179;0.0000002045;0.0000002163;309654105172
20260317 000000;0.0000002163;0.0000002181;0.0000002048;0.0000002111;300501789431
20260318 000000;0.0000002111;0.0000002151;0.0000001965;0.0000001996;273172011656
20260319 000000;0.0000001996;0.0000002007;0.0000001852;0.0000001883;366247718206
20260320 000000;0.0000001883;0.0000001906;0.0000001806;0.0000001831;274362922976
20260321 000000;0.0000001831;0.0000001849;0.000000173;0.0000001738;308390429320
20260322 000000;0.0000001738;0.0000001763;0.0000001627;0.0000001663;407405353723
20260323 000000;0.0000001663;0.0000001829;0.0000001655;0.0000001812;344534157649
20260324 000000;0.0000001812;0.0000001885;0.0000001787;0.000000188;294693499618
20260325 000000;0.000000188;0.0000001953;0.0000001868;0.000000192;329318330737
20260326 000000;0.000000192;0.0000001924;0.00000018;0.0000001848;288623786471
20260327 000000;0.0000001848;0.000000187;0.0000001813;0.0000001856;361796758182
20260328 000000;0.0000001856;0.0000001985;0.0000001854;0.0000001916;291100349208
20260329 000000;0.0000001916;0.0000001968;0.0000001902;0.0000001957;254034541334
20260330 000000;0.0000001957;0.0000002;0.0000001916;0.0000001938;369278870468
20260331 000000;0.0000001938;0.0000001982;0.0000001863;0.0000001976;341171437245
20260401 000000;0.0000001976;0.0000002;0.0000001948;0.000000197;227789904524
20260402 000000;0.000000197;0.0000001982;0.0000001873;0.0000001919;357193894735
20260403 000000;0.0000001919;0.0000001999;0.0000001911;0.000000199;238191628800
20260404 000000;0.000000199;0.0000002;0.000000197;0.0000001987;271668554601
20260405 000000;0.0000001987;0.0000001998;0.0000001919;0.0000001991;341890463563
20260406 000000;0.0000001991;0.0000002038;0.000000195;0.0000001976;292623676189
20260407 000000;0.0000001976;0.0000002;0.000000197;0.0000001981;281465037255
20260408 000000;0.0000001981;0.0000002;0.0000001951;0.000000197;327860057804
20260409 000000;0.000000197;0.0000002;0.0000001948;0.0000001951;308546979145
20260410 000000;0.0000001951;0.0000001999;0.0000001939;0.0000001975;274512297890
20260411 000000;0.0000001975;0.0000001999;0.0000001942;0.0000001954;306516667976
20260412 000000;0.0000001954;0.0000001964;0.0000001916;0.0000001929;285006413129
20260413 000000;0.0000001929;0.0000002053;0.000000189;0.0000002041;282420579771
20260414 000000;0.0000002041;0.000000205;0.0000001924;0.0000001952;311929762637
20260415 000000;0.0000001952;0.0000001999;0.000000195;0.0000001971;295026921726
20260416 000000;0.0000001971;0.0000002;0.0000001941;0.0000001989;293985081821
20260417 000000;0.0000001989;0.0000002083;0.0000001922;0.0000001935;297328834703
20260418 000000;0.0000001935;0.000000206;0.0000001859;0.0000002035;434394966673
20260419 000000;0.0000002035;0.0000002081;0.0000001806;0.0000002052;382343305449
20260420 000000;0.0000002052;0.0000002077;0.0000001985;0.0000002019;335024991281
20260421 000000;0.0000002019;0.000000205;0.0000001986;0.0000002042;360617441891
20260422 000000;0.0000002042;0.000000205;0.0000001743;0.0000001747;490858836664
20260423 000000;0.0000001747;0.0000001827;0.0000001743;0.0000001795;339784744409
20260424 000000;0.0000001795;0.0000001852;0.0000001769;0.0000001784;326801499210
20260425 000000;0.0000001784;0.0000001804;0.0000001753;0.0000001777;347942625773
20260426 000000;0.0000001777;0.0000001791;0.0000001748;0.0000001764;330645704977
20260427 000000;0.0000001764;0.0000001783;0.0000001701;0.0000001728;353990990728
20260428 000000;0.0000001728;0.0000001793;0.0000001725;0.0000001764;342101890217
20260429 000000;0.0000001764;0.0000002029;0.0000001755;0.0000001963;339864851473
20260430 000000;0.0000001963;0.000000205;0.0000001958;0.0000002021;379499624395
20260501 000000;0.0000002021;0.000000205;0.0000002015;0.0000002031;352296297970
20260502 000000;0.0000002031;0.0000002049;0.000000202;0.0000002022;248435082479
20260503 000000;0.0000002022;0.0000002049;0.0000002002;0.0000002023;332328463358
20260504 000000;0.0000002023;0.0000002049;0.0000001941;0.0000001959;264014244777
20260505 000000;0.0000001959;0.000000205;0.0000001958;0.0000002028;311338122358
20260506 000000;0.0000002028;0.000000205;0.0000001967;0.0000001989;396049327600
20260507 000000;0.0000001989;0.0000001996;0.0000001919;0.0000001961;316628043562
20260508 000000;0.0000001961;0.0000002049;0.0000001933;0.000000204;371211768752
20260509 000000;0.000000204;0.000000205;0.0000002011;0.0000002035;248041116905
20260510 000000;0.0000002035;0.000000211;0.0000001997;0.0000002001;347947853384
20260511 000000;0.0000002001;0.0000002079;0.000000196;0.0000002068;218337072356
20260512 000000;0.0000002068;0.0000002137;0.0000002049;0.0000002119;386829140780
20260513 000000;0.0000002119;0.0000002127;0.0000002044;0.0000002063;271008557398
20260514 000000;0.0000002063;0.0000002127;0.0000002061;0.0000002092;368146640651
20260515 000000;0.0000002092;0.0000002127;0.0000002056;0.0000002117;325910462411
20260516 000000;0.0000002117;0.0000002119;0.0000002055;0.0000002099;298594508552
20260517 000000;0.0000002099;0.0000002127;0.0000002058;0.0000002095;281388233389
20260518 000000;0.0000002095;0.0000002119;0.0000002036;0.0000002105;336269461476
20260519 000000;0.0000002105;0.0000002128;0.0000001868;0.0000001883;299727729785
20260520 000000;0.0000001883;0.0000001884;0.0000001601;0.0000001676;465881015511
20260521 000000;0.0000001676;0.0000001783;0.0000001675;0.0000001779;309644565207
20260522 000000;0.0000001779;0.0000001871;0.0000001774;0.0000001812;437802439118
20260523 000000;0.0000001812;0.0000001895;0.000000176;0.0000001869;287886246581
20260524 000000;0.0000001869;0.0000001914;0.0000001862;0.000000191;388781217405
20260525 000000;0.000000191;0.0000001967;0.0000001898;0.0000001948;360796926203
20260526 000000;0.0000001948;0.0000002012;0.0000001919;0.000000199;334608195109
20260527 000000;0.000000199;0.0000002019;0.0000001943;0.0000001966;369368223091
20260528 000000;0.0000001966;0.0000001999;0.0000001918;0.0000001985;314770027168
20260529 000000;0.0000001985;0.0000001999;0.0000001955;0.0000001983;332682058748
20260530 000000;0.0000001983;0.0000001999;0.0000001961;0.0000001967;289357747598
20260531 000000;0.0000001967;0.0000001999;0.000000196;0.0000001992;313450329101
20260601 000000;0.0000001992;0.0000002;0.0000001945;0.0000001997;376341407808
20260602 000000;0.0000001997;0.0000001999;0.000000188;0.0000001913;294039080319
20260603 000000;0.0000001913;0.0000001988;0.0000001893;0.0000001963;340782690460
20260604 000000;0.0000001963;0.0000001986;0.0000001847;0.0000001976;404290847630
20260605 000000;0.0000001976;0.0000002;0.0000001892;0.0000001971;409436699627
20260606 000000;0.0000001971;0.0000002;0.0000001907;0.0000001998;345587755504
20260607 000000;0.0000001998;0.0000001999;0.0000001943;0.0000001994;349970772127
20260608 000000;0.0000001994;0.0000002;0.0000001945;0.0000001973;330248107111
20260609 000000;0.0000001973;0.0000001998;0.0000001899;0.0000001922;293443245528
20260610 000000;0.0000001922;0.000000198;0.0000001892;0.0000001939;323518102659
20260611 000000;0.0000001939;0.0000001999;0.0000001892;0.0000001956;320876861088
20260612 000000;0.0000001956;0.0000001999;0.0000001897;0.0000001907;274218627691
20260613 000000;0.0000001907;0.0000001999;0.0000001901;0.0000001981;291870445458
20260614 000000;0.0000001981;0.0000001999;0.0000001934;0.0000001994;287760635185
20260615 000000;0.0000001994;0.0000001999;0.0000001955;0.0000001968;310688710961
20260616 000000;0.0000001968;0.0000001999;0.0000001938;0.0000001972;288858379214
20260617 000000;0.0000001972;0.0000001999;0.0000001935;0.0000001967;307144244207
20260618 000000;0.0000001967;0.0000001986;0.0000001905;0.0000001949;295026550959
20260619 000000;0.0000001949;0.0000001958;0.0000001899;0.0000001917;311434257813
20260620 000000;0.0000001917;0.0000001936;0.0000001823;0.0000001829;130177051689
