20240722 000000;0.00000015;0.0000004083;0.00000015;0.0000003366;2044578594410
20240723 000000;0.0000003366;0.0000004018;0.0000002813;0.0000002842;2449875531862
20240724 000000;0.0000002842;0.0000003414;0.0000002733;0.0000003364;2413466952258
20240725 000000;0.0000003364;0.0000004066;0.0000003332;0.0000003991;1945465804509
20240726 000000;0.0000003991;0.0000004083;0.00000038;0.0000004039;3233309699688
20240727 000000;0.0000004039;0.0000004194;0.0000003932;0.0000003944;2721828013510
20240728 000000;0.0000003944;0.0000008334;0.000000381;0.0000005867;4131953496171
20240729 000000;0.0000005867;0.0000008916;0.0000005735;0.0000007483;3136240282504
20240730 000000;0.0000007483;0.0000011816;0.0000007339;0.0000010897;2685409248307
20240731 000000;0.0000010897;0.0000012028;0.0000009698;0.0000011217;2501854385061
20240801 000000;0.0000011217;0.0000012509;0.0000011145;0.0000011993;2037766607621
20240802 000000;0.0000011993;0.0000012;0.0000011096;0.0000011144;1977549140199
20240803 000000;0.0000011144;0.00000113;0.00000072;0.0000007383;1896913716514
20240804 000000;0.0000007383;0.0000008;0.000000655;0.0000007151;2546046288537
20240805 000000;0.0000007151;0.0000007152;0.000000565;0.0000006212;2649459292093
20240806 000000;0.0000006212;0.0000007436;0.0000006173;0.0000007291;2705641235019
20240807 000000;0.0000007291;0.0000007337;0.0000006924;0.0000007165;2760918758871
20240808 000000;0.0000007165;0.0000007488;0.00000067;0.0000007203;2738989549700
20240809 000000;0.0000007203;0.0000008622;0.0000006901;0.0000008323;2401433109571
20240810 000000;0.0000008323;0.0000008475;0.0000006458;0.0000007109;1849925886148
20240811 000000;0.0000007109;0.0000007109;0.0000006658;0.0000006923;2287762685682
20240812 000000;0.0000006923;0.0000008747;0.000000636;0.0000007819;1734816619046
20240813 000000;0.0000007819;0.0000008031;0.0000007733;0.0000007836;1757910702994
20240814 000000;0.0000007836;0.0000010612;0.00000068;0.0000010454;3002450953476
20240815 000000;0.0000010454;0.0000011783;0.0000010187;0.0000010692;2082716840642
20240816 000000;0.0000010692;0.0000012031;0.0000010473;0.0000011207;1797293873531
20240817 000000;0.0000011207;0.00000114;0.0000011066;0.0000011357;212023950087
20240818 000000;0.0000011357;0.0000011404;0.0000011136;0.0000011258;184305342199
20240819 000000;0.0000011258;0.0000011538;0.0000011202;0.0000011319;1787320220759
20240820 000000;0.0000011319;0.0000014152;0.0000010066;0.0000013851;885745127891
20240821 000000;0.0000013851;0.0000014235;0.0000013301;0.0000013779;1397993703872
20240822 000000;0.0000013779;0.0000014132;0.00000125;0.0000013394;1542649281894
20240823 000000;0.0000013394;0.0000013665;0.0000012396;0.0000013009;448450923724
20240824 000000;0.0000013009;0.0000014801;0.0000012861;0.0000013663;195424996950
20240825 000000;0.0000013663;0.0000013728;0.0000012558;0.0000013078;654720451384
20240826 000000;0.0000013078;0.0000013081;0.0000011684;0.0000011914;1335775957146
20240827 000000;0.0000011914;0.0000011921;0.0000011858;0.0000011902;1039222164574
20240828 000000;0.0000011902;0.000001192;0.0000011509;0.0000011828;1691751998431
20240829 000000;0.0000011828;0.000001192;0.0000011799;0.0000011851;1501366992257
20240830 000000;0.0000011851;0.0000011979;0.0000011799;0.000001182;539805729982
20240831 000000;0.000001182;0.0000011842;0.0000011747;0.0000011787;104024432025
20240901 000000;0.0000011787;0.0000011842;0.0000011741;0.0000011796;108945566730
20240902 000000;0.0000011796;0.0000012213;0.0000011333;0.0000011684;199324179701
20240903 000000;0.0000011684;0.0000012566;0.0000011449;0.0000012089;158884054045
20240904 000000;0.0000012089;0.0000012446;0.0000011624;0.0000012178;200344279185
20240905 000000;0.0000012178;0.0000012445;0.0000011778;0.000001224;218132717268
20240906 000000;0.000001224;0.0000012338;0.0000012223;0.0000012233;241763866542
20240907 000000;0.0000012233;0.0000012248;0.0000012111;0.000001218;209745039138
20240908 000000;0.000001218;0.0000012249;0.0000012032;0.0000012224;175020576797
20240909 000000;0.0000012224;0.0000012249;0.0000011889;0.0000011946;174854961258
20240910 000000;0.0000011946;0.0000013163;0.0000011888;0.0000012872;194475152774
20240911 000000;0.0000012872;0.0000013889;0.0000012774;0.0000013823;186454713463
20240912 000000;0.0000013823;0.0000014778;0.0000013773;0.000001463;123443629410
20240913 000000;0.000001463;0.0000015694;0.0000014;0.0000015237;246454860906
20240914 000000;0.0000015237;0.0000015333;0.0000015216;0.0000015316;174805314357
20240915 000000;0.0000015316;0.0000015403;0.0000014439;0.0000014894;155384344467
20240916 000000;0.0000014894;0.0000015334;0.0000014328;0.00000153;172421304283
20240917 000000;0.00000153;0.0000016096;0.0000015217;0.0000015773;132356460307
20240918 000000;0.0000015773;0.0000016334;0.0000015002;0.0000015662;156338004326
20240919 000000;0.0000015662;0.0000015778;0.00000152;0.0000015657;134779828602
20240920 000000;0.0000015657;0.0000015777;0.000001555;0.000001558;139344140817
20240921 000000;0.000001558;0.0000015667;0.0000015441;0.0000015655;108225992392
20240922 000000;0.0000015655;0.0000015666;0.0000015;0.0000015478;96376750480
20240923 000000;0.0000015478;0.0000015548;0.0000014439;0.0000014484;86623798139
20240924 000000;0.0000014484;0.000001488;0.0000014013;0.0000014288;138912808603
20240925 000000;0.0000014288;0.0000014415;0.0000013917;0.0000013918;153570533540
20240926 000000;0.0000013918;0.0000014001;0.0000013249;0.0000013337;137864379766
20240927 000000;0.0000013337;0.0000013371;0.0000012499;0.0000012554;113609184506
20240928 000000;0.0000012554;0.0000012589;0.0000012499;0.0000012538;51025105123
20240929 000000;0.0000012538;0.0000012589;0.00000125;0.0000012578;41850709444
20240930 000000;0.0000012578;0.0000012589;0.0000011578;0.0000011923;190520239793
20241001 000000;0.0000011923;0.0000011995;0.0000011833;0.0000011994;158258356408
20241002 000000;0.0000011994;0.0000011995;0.0000011916;0.0000011971;157061121612
20241003 000000;0.0000011971;0.0000011995;0.0000011916;0.0000011981;147751111931
20241004 000000;0.0000011981;0.0000012004;0.0000011667;0.0000011927;164103194454
20241005 000000;0.0000011927;0.0000011968;0.0000011673;0.0000011819;102988200580
20241006 000000;0.0000011819;0.0000011838;0.0000011418;0.0000011462;56653134400
20241007 000000;0.0000011462;0.0000011574;0.0000011249;0.0000011293;217851509984
20241008 000000;0.0000011293;0.0000011338;0.0000011082;0.0000011086;179476168015
20241009 000000;0.0000011086;0.0000011568;0.0000011001;0.0000011332;139941617135
20241010 000000;0.0000011332;0.0000011602;0.0000011178;0.0000011494;210506933363
20241011 000000;0.0000011494;0.0000011965;0.000001135;0.0000011871;476932046850
20241012 000000;0.0000011871;0.0000012082;0.000001166;0.0000011927;925833732239
20241013 000000;0.0000011927;0.0000012088;0.0000011667;0.0000011972;632205221086
20241014 000000;0.0000011972;0.0000012613;0.000001175;0.00000125;1796400708655
20241015 000000;0.00000125;0.0000012694;0.000001183;0.000001261;705931463043
20241016 000000;0.000001261;0.0000014012;0.0000012423;0.000001358;643061661617
20241017 000000;0.000001358;0.0000013679;0.0000012248;0.00000132;551650526110
20241018 000000;0.00000132;0.0000014016;0.0000013167;0.0000013849;646003938707
20241019 000000;0.0000013849;0.000001398;0.0000013031;0.0000013149;843521023146
20241020 000000;0.0000013149;0.0000013166;0.000001205;0.000001253;657379786861
20241021 000000;0.000001253;0.0000012676;0.0000012027;0.0000012209;775384408890
20241022 000000;0.0000012209;0.0000012234;0.0000011764;0.0000012007;749787028205
20241023 000000;0.0000012007;0.0000012042;0.0000011523;0.000001161;577511688613
20241024 000000;0.000001161;0.0000011828;0.0000011385;0.000001165;1056637390174
20241025 000000;0.000001165;0.0000011791;0.0000010967;0.0000011215;601802448605
20241026 000000;0.0000011215;0.0000011539;0.0000011158;0.000001141;535960632939
20241027 000000;0.000001141;0.0000011615;0.0000011247;0.000001153;494507607623
20241028 000000;0.000001153;0.0000011898;0.000001126;0.00000118;788218585480
20241029 000000;0.00000118;0.0000012337;0.000001175;0.000001213;689051798513
20241030 000000;0.000001213;0.0000012513;0.0000011934;0.0000012224;633334096933
20241031 000000;0.0000012224;0.0000012432;0.0000011356;0.000001158;641942211902
20241101 000000;0.000001158;0.0000012184;0.000001114;0.000001129;628630272560
20241102 000000;0.000001129;0.0000011371;0.0000011067;0.0000011181;643689289266
20241103 000000;0.0000011181;0.0000011238;0.000001077;0.0000011047;713202396901
20241104 000000;0.0000011047;0.0000011196;0.0000010594;0.0000010781;1310633980550
20241105 000000;0.0000010781;0.000001117;0.00000104;0.0000010898;912191563373
20241106 000000;0.0000010898;0.0000012359;0.0000010858;0.0000012236;601534432907
20241107 000000;0.0000012236;0.0000013131;0.00000121;0.00000129;544898075283
20241108 000000;0.00000129;0.0000013208;0.0000012896;0.0000013082;249057421123
20241109 000000;0.0000013082;0.0000013145;0.0000012928;0.0000013095;156382166088
20241110 000000;0.0000013095;0.0000013445;0.000001195;0.0000012299;295460540948
20241111 000000;0.0000012299;0.000001353;0.000001227;0.000001337;323100905833
20241112 000000;0.000001337;0.000001341;0.0000012;0.000001227;164166118972
20241113 000000;0.000001227;0.0000012422;0.0000010439;0.0000010735;350899676085
20241114 000000;0.0000010735;0.0000010856;0.0000010121;0.0000010332;475072348174
20241115 000000;0.0000010332;0.0000010462;0.0000010057;0.0000010315;478563384618
20241116 000000;0.0000010315;0.0000010755;0.0000010233;0.0000010462;259263306147
20241117 000000;0.0000010462;0.0000010591;0.0000010154;0.000001027;289322822980
20241118 000000;0.000001027;0.0000010658;0.0000010241;0.0000010413;269170671537
20241119 000000;0.0000010413;0.0000010509;0.000001011;0.0000010303;273600733399
20241120 000000;0.0000010303;0.0000010469;0.0000010038;0.0000010172;280803394560
20241121 000000;0.0000010172;0.0000010578;0.0000010044;0.0000010506;271400327705
20241122 000000;0.0000010506;0.0000010702;0.000001007;0.0000010566;252397847227
20241123 000000;0.0000010566;0.0000010589;0.0000010379;0.0000010439;186252804642
20241124 000000;0.0000010439;0.0000010564;0.0000010214;0.0000010459;205598903075
20241125 000000;0.0000010459;0.0000010586;0.000000989;0.0000009941;347411769390
20241126 000000;0.0000009941;0.0000010148;0.0000009578;0.0000009784;364840750265
20241127 000000;0.0000009784;0.000001118;0.0000009458;0.000001077;734283051649
20241128 000000;0.000001077;0.00000109;0.0000009946;0.00000107;434271938030
20241129 000000;0.00000107;0.0000011243;0.0000010625;0.0000011106;319493959576
20241130 000000;0.0000011106;0.0000011137;0.0000010905;0.000001099;293538362159
20241201 000000;0.000001099;0.0000011178;0.00000108;0.0000011063;305621305449
20241202 000000;0.0000011063;0.0000011186;0.000001027;0.0000010461;707478472442
20241203 000000;0.0000010461;0.0000010536;0.0000009802;0.000001047;697426418754
20241204 000000;0.000001047;0.0000010857;0.0000010329;0.000001076;718218233494
20241205 000000;0.000001076;0.000001184;0.0000010648;0.0000010844;715918173164
20241206 000000;0.0000010844;0.0000011814;0.0000010829;0.0000011532;560409522638
20241207 000000;0.0000011532;0.0000011651;0.0000011435;0.0000011524;434503558012
20241208 000000;0.0000011524;0.0000011567;0.0000010607;0.0000010862;482089007239
20241209 000000;0.0000010862;0.0000010891;0.0000009768;0.0000009827;755104899527
20241210 000000;0.0000009827;0.0000009928;0.000000951;0.0000009745;331985968246
20241211 000000;0.0000009745;0.000001181;0.000000797;0.0000011763;655315514229
20241212 000000;0.0000011763;0.0000012867;0.0000011607;0.000001254;543143337290
20241213 000000;0.000001254;0.0000012639;0.0000011782;0.000001207;634436047669
20241214 000000;0.000001207;0.0000012228;0.0000011717;0.0000011864;630859708481
20241215 000000;0.0000011864;0.0000012325;0.0000011823;0.000001221;674331339839
20241216 000000;0.000001221;0.0000012694;0.0000011884;0.0000012389;681461614387
20241217 000000;0.0000012389;0.0000012575;0.0000012065;0.0000012215;636651906359
20241218 000000;0.0000012215;0.0000012279;0.000001034;0.0000010811;731060353011
20241219 000000;0.0000010811;0.0000011091;0.0000010217;0.0000010502;753993033636
20241220 000000;0.0000010502;0.0000010574;0.0000008891;0.0000009194;638998074300
20241221 000000;0.0000009194;0.0000010021;0.0000009033;0.000000918;514278955634
20241222 000000;0.000000918;0.000000927;0.0000008854;0.0000008892;455727044920
20241223 000000;0.0000008892;0.000000896;0.0000008149;0.0000008361;708577857472
20241224 000000;0.0000008361;0.0000008959;0.0000008027;0.000000893;723680830211
20241225 000000;0.000000893;0.0000009059;0.0000008803;0.0000008969;788897301218
20241226 000000;0.0000008969;0.000000982;0.000000872;0.0000009182;830516403342
20241227 000000;0.0000009182;0.0000009356;0.0000008893;0.0000008969;806408517634
20241228 000000;0.0000008969;0.0000009598;0.000000891;0.0000009575;532245226895
20241229 000000;0.0000009575;0.0000009774;0.0000009205;0.0000009675;456532345702
20241230 000000;0.0000009675;0.000001045;0.0000009399;0.0000009899;506201381213
20241231 000000;0.0000009899;0.0000010209;0.000000935;0.0000009812;456713098720
