20250101 000000;1.1072;1.1597;1.0815;1.1515;111160.24
20250102 000000;1.1515;1.2;1.1515;1.1756;79695.61
20250103 000000;1.1756;1.2708;1.1562;1.2619;70245.21
20250104 000000;1.2619;1.2981;1.2397;1.2787;74971.67
20250105 000000;1.2787;1.2904;1.2443;1.2844;55153.98
20250106 000000;1.2844;1.3407;1.2582;1.3063;95665.46
20250107 000000;1.3063;1.3138;1.1437;1.1463;102238.09
20250108 000000;1.1463;1.1615;1.063;1.1142;51335.29
20250109 000000;1.1142;1.1326;1.0677;1.1005;36345.25
20250110 000000;1.1005;1.1296;1.0816;1.1169;13785.16
20250111 000000;1.1169;1.1349;1.0903;1.1131;17024.44
20250112 000000;1.1131;1.1178;1.0753;1.0888;10465.27
20250113 000000;1.0888;1.1192;0.9713;1.0458;52068.48
20250114 000000;1.0458;1.111;1.0393;1.108;48877.12
20250115 000000;1.108;1.1679;1.076;1.1675;26270.01
20250116 000000;1.1675;1.1722;1.1246;1.1449;55650.72
20250117 000000;1.1449;1.2585;1.1442;1.2533;68261.27
20250118 000000;1.2533;1.2653;1.1273;1.1528;73180.52
20250119 000000;1.1528;1.1892;1.0382;1.0555;183017.54
20250120 000000;1.0555;1.1423;1.0024;1.0439;101663.79
20250121 000000;1.0439;1.1066;0.991;1.0758;106099.39
20250122 000000;1.0758;1.0848;1.032;1.0346;66887.43
20250123 000000;1.0346;1.0444;0.9922;1.0285;80932.46
20250124 000000;1.0285;1.0501;0.9961;1.0004;97751.57
20250125 000000;1.0004;1.0148;0.9841;1.0018;80104.38
20250126 000000;1.0018;1.0386;0.9804;0.9809;91666.66
20250127 000000;0.9809;0.9809;0.8669;0.9558;223101.8
20250128 000000;0.9558;0.9627;0.8657;0.8751;104053.34
20250129 000000;0.8751;0.9438;0.8697;0.9125;82191.99
20250130 000000;0.9125;0.9738;0.9036;0.9556;135581.3
20250131 000000;0.9556;0.994;0.9388;0.9626;881517.16
20250201 000000;0.9626;0.9802;0.8774;0.8844;1077048.06
20250202 000000;0.8844;0.908;0.7012;0.7564;3280667.76
20250203 000000;0.7564;0.7571;0.5244;0.7412;6106015.54
20250204 000000;0.7412;0.7482;0.6615;0.7017;2283169.32
20250205 000000;0.7017;0.7188;0.676;0.6875;1113978.92
20250206 000000;0.6875;0.7037;0.6419;0.6517;1823462
20250207 000000;0.6517;0.7083;0.6473;0.6686;1192030.34
20250208 000000;0.6686;0.7199;0.6559;0.7105;2071653.64
20250209 000000;0.7105;0.726;0.6645;0.699;1193503.19
20250210 000000;0.699;0.7456;0.6694;0.7236;1487096.1
20250211 000000;0.7236;0.7657;0.714;0.7348;1350285.36
20250212 000000;0.7348;0.8039;0.7052;0.7962;1862996.48
20250213 000000;0.7962;0.8074;0.7373;0.7649;1310588.23
20250214 000000;0.7649;0.7943;0.7562;0.7837;1076968.98
20250215 000000;0.7837;0.7889;0.7425;0.7524;779544.5
20250216 000000;0.7524;0.7694;0.74;0.7483;960140.81
20250217 000000;0.7483;0.7914;0.7307;0.7471;1302017.96
20250218 000000;0.7471;0.749;0.6634;0.6904;1268262
20250219 000000;0.6904;0.7159;0.6813;0.7095;962817.34
20250220 000000;0.7095;0.7438;0.7083;0.7393;1552308.77
20250221 000000;0.7393;0.7795;0.6968;0.7106;1467213.16
20250222 000000;0.7106;0.7602;0.6962;0.7565;1174268.6
20250223 000000;0.7565;0.7622;0.7175;0.727;1007647.14
20250224 000000;0.727;0.7324;0.6036;0.6247;2286160.33
20250225 000000;0.6247;0.6504;0.5741;0.6404;2532929.83
20250226 000000;0.6404;0.6595;0.6165;0.6538;1434922.44
20250227 000000;0.6538;0.6688;0.6368;0.658;1095355.45
20250228 000000;0.658;0.6589;0.5946;0.6476;1821341.28
20250301 000000;0.6476;0.6557;0.6165;0.6345;688722.75
20250302 000000;0.6345;0.7159;0.6287;0.714;2445042.79
20250303 000000;0.714;0.7193;0.5851;0.5943;1396075.85
20250304 000000;0.5943;0.5975;0.5221;0.5673;1994812.75
20250305 000000;0.5673;0.5971;0.5616;0.5932;947960.44
20250306 000000;0.5932;0.6119;0.5774;0.5885;998937.73
20250307 000000;0.5885;0.6098;0.5547;0.5806;1341292.47
20250308 000000;0.5806;0.5848;0.5579;0.5654;663929.03
20250309 000000;0.5654;0.5704;0.5008;0.508;999168.47
20250310 000000;0.508;0.5431;0.4719;0.4847;2496865.95
20250311 000000;0.4847;0.5222;0.4406;0.5106;1357921.67
20250312 000000;0.5106;0.5396;0.4935;0.5313;802818.02
20250313 000000;0.5313;0.5396;0.5069;0.5246;674812.03
20250314 000000;0.5246;0.556;0.5236;0.5445;556161.63
20250315 000000;0.5445;0.562;0.5386;0.5573;387887.45
20250316 000000;0.5573;0.5595;0.5239;0.5273;523554.76
20250317 000000;0.5273;0.5666;0.5273;0.5576;530527.88
20250318 000000;0.5576;0.5605;0.5152;0.5417;580434.15
20250319 000000;0.5417;0.5686;0.5393;0.563;737757.43
20250320 000000;0.563;0.5658;0.5263;0.5276;557875.48
20250321 000000;0.5276;0.5362;0.5107;0.5142;597142.51
20250322 000000;0.5142;0.5374;0.5134;0.5225;483339.3
20250323 000000;0.5225;0.5395;0.5095;0.5193;442120.37
20250324 000000;0.5193;0.5492;0.5126;0.5432;633691.7
20250325 000000;0.5432;0.5519;0.533;0.5461;711679.76
20250326 000000;0.5461;0.5591;0.5235;0.5276;871994.26
20250327 000000;0.5276;0.5476;0.5152;0.5184;793119.96
20250328 000000;0.5184;0.5208;0.4544;0.4688;1463753.6
20250329 000000;0.4688;0.4718;0.4326;0.4452;888883.44
20250330 000000;0.4452;0.4576;0.4379;0.4433;826709.55
20250331 000000;0.4433;0.4545;0.43;0.4499;1092845.86
20250401 000000;0.4499;0.4631;0.437;0.4467;988920.67
20250402 000000;0.4467;0.4468;0.3958;0.4025;1639994.98
20250403 000000;0.4025;0.4147;0.3799;0.4058;1864851.89
20250404 000000;0.4058;0.4168;0.3943;0.4099;1308933.52
20250405 000000;0.4099;0.4129;0.3959;0.402;782312.21
20250406 000000;0.402;0.4077;0.346;0.3572;1660909.15
20250407 000000;0.3572;0.3852;0.3197;0.3656;3000921.77
20250408 000000;0.3656;0.382;0.3474;0.3498;1663796.52
20250409 000000;0.3498;0.3987;0.3365;0.3938;1796628.44
20250410 000000;0.3938;0.3946;0.3694;0.3831;960999.32
20250411 000000;0.3831;0.4058;0.3825;0.3981;874861.89
20250412 000000;0.3981;0.4198;0.3957;0.4168;812561.95
20250413 000000;0.4168;0.4176;0.3798;0.3868;1109954.28
20250414 000000;0.3868;0.5289;0.3854;0.4577;13282727.87
20250415 000000;0.4577;0.4666;0.4229;0.4241;4055631.15
20250416 000000;0.4241;0.4338;0.396;0.4029;1500404.76
20250417 000000;0.4029;0.4096;0.3754;0.3808;1759817.83
20250418 000000;0.3808;0.3863;0.3722;0.382;1376063.26
20250419 000000;0.382;0.4264;0.3813;0.4105;2700266.16
20250420 000000;0.4105;0.452;0.4043;0.4206;2992229.95
20250421 000000;0.4206;0.4922;0.4186;0.4385;4131229.14
20250422 000000;0.4385;0.4587;0.4212;0.4577;1736465.74
20250423 000000;0.4577;0.467;0.4447;0.4546;1681225.46
20250424 000000;0.4546;0.4661;0.4375;0.465;1339629.54
20250425 000000;0.465;0.4806;0.4604;0.4759;1173869.78
20250426 000000;0.4759;0.4956;0.4702;0.4803;938068.21
20250427 000000;0.4803;0.483;0.4453;0.4458;843790.07
20250428 000000;0.4458;0.4852;0.4371;0.4806;1525398.64
20250429 000000;0.4806;0.5171;0.4595;0.4674;1599352.51
20250430 000000;0.4674;0.4868;0.4564;0.4758;1159123.71
20250501 000000;0.4758;0.5039;0.4758;0.4798;1394282.21
20250502 000000;0.4798;0.4908;0.4714;0.4782;893214.03
20250503 000000;0.4782;0.4807;0.4241;0.4287;1163213.5
20250504 000000;0.4287;0.4341;0.4096;0.4182;902845.17
20250505 000000;0.4182;0.4278;0.3957;0.4012;1401811.97
20250506 000000;0.4012;0.4115;0.3832;0.404;1021051.55
20250507 000000;0.404;0.4167;0.3904;0.4021;2298024.2
20250508 000000;0.4021;0.4631;0.4007;0.4625;1141132.11
20250509 000000;0.4625;0.5138;0.4603;0.5131;1380439.26
20250510 000000;0.5131;0.5598;0.5118;0.5519;1451637.43
20250511 000000;0.5519;0.5589;0.5246;0.5428;1330044.64
20250512 000000;0.5428;0.5714;0.5186;0.5496;1610586.2
20250513 000000;0.5496;0.5851;0.5191;0.5737;2236749.55
20250514 000000;0.5737;0.5898;0.5369;0.544;1077279.44
20250515 000000;0.544;0.5526;0.5037;0.5206;1364726.66
20250516 000000;0.5206;0.5353;0.4939;0.5008;992496.81
20250517 000000;0.5008;0.5039;0.471;0.4798;1076544.66
20250518 000000;0.4798;0.5196;0.4676;0.5014;1244620.38
20250519 000000;0.5014;0.5038;0.4532;0.4822;921174.9
20250520 000000;0.4822;0.4969;0.4662;0.4888;1097101.07
20250521 000000;0.4888;0.5125;0.4772;0.5006;981476.41
20250522 000000;0.5006;0.5316;0.4999;0.5303;915029.07
20250523 000000;0.5303;0.5419;0.4726;0.4757;1227889.9
20250524 000000;0.4757;0.4925;0.47;0.4726;774085.88
20250525 000000;0.4726;0.4743;0.4378;0.4636;932365.97
20250526 000000;0.4636;0.4717;0.4552;0.4613;576083.93
20250527 000000;0.4613;0.4866;0.451;0.48;567930.55
20250528 000000;0.48;0.4917;0.462;0.4818;678889.52
20250529 000000;0.4818;0.4949;0.4582;0.4608;701738.33
20250530 000000;0.4608;0.463;0.3883;0.3922;1761353.55
20250531 000000;0.3922;0.4112;0.3784;0.4007;1931018
20250601 000000;0.4007;0.4108;0.3888;0.4079;781796.53
20250602 000000;0.4079;0.4187;0.3929;0.417;1051450.47
20250603 000000;0.417;0.4325;0.4141;0.422;822821.64
20250604 000000;0.422;0.4349;0.4094;0.4107;930495.12
20250605 000000;0.4107;0.4209;0.3818;0.3883;1191667.94
20250606 000000;0.3883;0.4144;0.3861;0.4045;825898.13
20250607 000000;0.4045;0.4425;0.4034;0.4158;2609017.84
20250608 000000;0.4158;0.4229;0.4081;0.4178;646277.93
20250609 000000;0.4178;0.4462;0.407;0.445;631140.29
20250610 000000;0.445;0.479;0.4393;0.4754;1019986.55
20250611 000000;0.4754;0.4763;0.4498;0.4564;1182105.39
20250612 000000;0.4564;0.4564;0.4229;0.4235;731741.3
20250613 000000;0.4235;0.4235;0.3923;0.4039;1142458.43
20250614 000000;0.4039;0.4045;0.3843;0.3957;557455.24
20250615 000000;0.3957;0.3991;0.3855;0.3955;447356.34
20250616 000000;0.3955;0.4125;0.3912;0.3953;619557.08
20250617 000000;0.3953;0.404;0.3748;0.3826;976074.5
20250618 000000;0.3826;0.3905;0.3669;0.3821;600437.16
20250619 000000;0.3821;0.3879;0.3725;0.3814;349295.19
20250620 000000;0.3814;0.3914;0.3595;0.3693;618584.89
20250621 000000;0.3693;0.3758;0.3342;0.3449;793540.22
20250622 000000;0.3449;0.3474;0.3103;0.3262;1182745.94
20250623 000000;0.3262;0.3683;0.3252;0.3668;851521.48
20250624 000000;0.3668;0.3765;0.3641;0.3762;954722.48
20250625 000000;0.3762;0.3783;0.3625;0.364;662607.27
20250626 000000;0.364;0.3749;0.3533;0.3583;613641.34
20250627 000000;0.3583;0.3683;0.353;0.3647;635233.19
20250628 000000;0.3647;0.3735;0.3591;0.3716;507261.26
20250629 000000;0.3716;0.3951;0.3674;0.3924;743682.88
20250630 000000;0.3924;0.396;0.3751;0.385;752882.17
20250701 000000;0.385;0.3864;0.3621;0.3639;686220
20250702 000000;0.3639;0.4169;0.3618;0.4106;911531.61
20250703 000000;0.4106;0.4266;0.3991;0.4062;1223335.79
20250704 000000;0.4062;0.4064;0.3801;0.3914;1064102.4
20250705 000000;0.3914;0.3987;0.3667;0.3715;1073562.15
20250706 000000;0.3715;0.3892;0.3662;0.384;489477.27
20250707 000000;0.384;0.3891;0.3791;0.3836;519615.2
20250708 000000;0.3836;0.3952;0.3717;0.3918;620969.78
20250709 000000;0.3918;0.4886;0.3866;0.4196;11852755.22
20250710 000000;0.4196;0.4503;0.4093;0.4479;3356396.79
20250711 000000;0.4479;0.4789;0.4383;0.4516;2993994.71
20250712 000000;0.4516;0.4645;0.4277;0.4456;1846798.68
20250713 000000;0.4456;0.4699;0.4394;0.4586;1420792.99
20250714 000000;0.4586;0.4768;0.4358;0.4451;1501335.47
20250715 000000;0.4451;0.4711;0.4252;0.4686;1390034.29
20250716 000000;0.4686;0.4917;0.459;0.4777;2789013.26
20250717 000000;0.4777;0.4828;0.4551;0.4752;1375247.33
20250718 000000;0.4752;0.5004;0.4652;0.4774;1383385.43
20250719 000000;0.4774;0.4895;0.4594;0.4798;906479.06
20250720 000000;0.4798;0.5017;0.4763;0.4941;1381735.37
20250721 000000;0.4941;0.5065;0.4782;0.4896;1655213.44
20250722 000000;0.4896;0.4954;0.4508;0.4781;1776793.55
20250723 000000;0.4781;0.48;0.4043;0.4179;2245285.73
20250724 000000;0.4179;0.4247;0.3855;0.4058;2337997.31
20250725 000000;0.4058;0.4152;0.3925;0.4123;1687908.03
20250726 000000;0.4123;0.423;0.4102;0.4117;772103.82
20250727 000000;0.4117;0.4423;0.4104;0.4403;867306.76
20250728 000000;0.4403;0.4494;0.4016;0.4075;1388921.99
20250729 000000;0.4075;0.4255;0.3954;0.4046;1183820.16
20250730 000000;0.4046;0.4075;0.3801;0.4032;1195908.11
20250731 000000;0.4032;0.4137;0.3728;0.3748;1164649.43
20250801 000000;0.3748;0.3809;0.3533;0.3641;1698472.63
20250802 000000;0.3641;0.3702;0.347;0.3564;918608.61
20250803 000000;0.3564;0.3689;0.3508;0.3657;487922.12
20250804 000000;0.3657;0.4029;0.3649;0.3889;1677675.21
20250805 000000;0.3889;0.44;0.379;0.387;9468236.27
20250806 000000;0.387;0.3996;0.3706;0.3831;2410625.75
20250807 000000;0.3831;0.402;0.377;0.4008;1584137.03
20250808 000000;0.4008;0.4144;0.3943;0.4085;1589873.94
20250809 000000;0.4085;0.4288;0.4061;0.4225;1147873.35
20250810 000000;0.4225;0.4308;0.4054;0.4219;1043693.06
20250811 000000;0.4219;0.4301;0.3865;0.3937;1394786.71
20250812 000000;0.3937;0.4206;0.3865;0.4143;1030579.12
20250813 000000;0.4143;0.4316;0.4108;0.428;1385799.9
20250814 000000;0.428;0.4345;0.3764;0.3828;1522337.07
20250815 000000;0.3828;0.3931;0.3698;0.3821;1306963.68
20250816 000000;0.3821;0.4035;0.3812;0.4006;1097548.19
20250817 000000;0.4006;0.4126;0.397;0.4003;934895.01
20250818 000000;0.4003;0.4022;0.3726;0.3735;1281553.15
20250819 000000;0.3735;0.3845;0.3615;0.3621;1565164.38
20250820 000000;0.3621;0.3908;0.3609;0.3891;1194469.61
20250821 000000;0.3891;0.3943;0.3707;0.3748;797531.64
20250822 000000;0.3748;0.4205;0.3591;0.4141;1530955.51
20250823 000000;0.4141;0.4183;0.4009;0.4128;811941.07
20250824 000000;0.4128;0.4196;0.389;0.4033;1099475.47
20250825 000000;0.4033;0.4103;0.3502;0.3589;1885169.46
20250826 000000;0.3589;0.3733;0.354;0.3683;1366403.65
20250827 000000;0.3683;0.3736;0.3593;0.365;1055266.14
20250828 000000;0.365;0.3834;0.3612;0.3792;998439.52
20250829 000000;0.3792;0.3806;0.3484;0.3609;1342220.79
20250830 000000;0.3609;0.3699;0.354;0.3674;662501.4
20250831 000000;0.3674;0.3973;0.3644;0.3648;1679252.5
20250901 000000;0.3648;0.3756;0.3448;0.3554;1429486.21
20250902 000000;0.3554;0.3662;0.3503;0.3641;927770.57
20250903 000000;0.3641;0.3684;0.356;0.3625;842643.83
20250904 000000;0.3625;0.3664;0.3421;0.351;972389.22
20250905 000000;0.351;0.3658;0.3497;0.3591;949556.27
20250906 000000;0.3591;0.3622;0.3509;0.3587;519414.84
20250907 000000;0.3587;0.3657;0.3562;0.3637;503303.79
20250908 000000;0.3637;0.3753;0.3613;0.3708;994129.74
20250909 000000;0.3708;0.3824;0.3614;0.3667;1119331.24
20250910 000000;0.3667;0.3926;0.3635;0.3802;1739289.72
20250911 000000;0.3802;0.4032;0.3681;0.3799;2262786.37
20250912 000000;0.3799;0.3942;0.3761;0.3912;1380351.09
20250913 000000;0.3912;0.4235;0.3887;0.4068;3556919.29
20250914 000000;0.4068;0.408;0.3762;0.3809;1757260.2
20250915 000000;0.3809;0.3914;0.35;0.3605;1567433.68
20250916 000000;0.3605;0.3691;0.3508;0.3654;637327.5
20250917 000000;0.3654;0.3838;0.3547;0.3799;997965.54
20250918 000000;0.3799;0.3847;0.3739;0.3823;1012698.68
20250919 000000;0.3823;0.3866;0.3524;0.3547;1265875.87
20250920 000000;0.3547;0.3653;0.3527;0.3626;923410.88
20250921 000000;0.3626;0.3707;0.3543;0.356;855157.19
20250922 000000;0.356;0.3572;0.3122;0.3239;3030508.78
20250923 000000;0.3239;0.327;0.3131;0.319;1065978.85
20250924 000000;0.319;0.3293;0.3123;0.3214;1216326
20250925 000000;0.3214;0.3219;0.291;0.2988;2365376.49
20250926 000000;0.2988;0.306;0.2912;0.3047;2600150.45
20250927 000000;0.3047;0.3118;0.2979;0.3075;1596259.82
20250928 000000;0.3075;0.3235;0.3007;0.3182;3969895.61
20250929 000000;0.3182;0.3206;0.3043;0.3132;2330868.96
20250930 000000;0.3132;0.3152;0.2902;0.2944;3263481.63
20251001 000000;0.2944;0.3115;0.2833;0.3083;4247192.54
20251002 000000;0.3083;0.32;0.3027;0.3188;2373205.7
20251003 000000;0.3188;0.3265;0.3104;0.3201;2596013.58
20251004 000000;0.3201;0.3214;0.3034;0.3141;1662234.23
20251005 000000;0.3141;0.351;0.3122;0.3352;7188590.88
20251006 000000;0.3352;0.3891;0.3336;0.363;12703458.04
20251007 000000;0.363;0.3707;0.3318;0.3335;3900403.59
20251008 000000;0.3335;0.374;0.328;0.3597;2984547.32
20251009 000000;0.3597;0.6891;0.3484;0.4926;54974056.7
20251010 000000;0.4926;0.494;0.187;0.3108;32274053.19
20251011 000000;0.3108;0.3219;0.2643;0.2759;10920286.99
20251012 000000;0.2759;0.3102;0.2678;0.3056;5123974.12
20251013 000000;0.3056;0.488;0.3005;0.4435;37251511.46
20251014 000000;0.4435;0.5974;0.4175;0.5293;39490079.07
20251015 000000;0.5293;0.5412;0.4006;0.4142;14906951.43
20251016 000000;0.4142;0.4507;0.3582;0.3757;8026246.13
20251017 000000;0.3757;0.4174;0.3434;0.3771;9123880.47
20251018 000000;0.3771;0.4124;0.3656;0.3686;5041484.64
20251019 000000;0.3686;0.4011;0.3526;0.3731;4241859.46
20251020 000000;0.3731;0.3946;0.3499;0.3531;4612748.1
20251021 000000;0.3531;0.3542;0.3199;0.3223;3985191.32
20251022 000000;0.3223;0.3318;0.3049;0.3148;2464464.95
20251023 000000;0.3148;0.3305;0.3109;0.3247;2291542.87
20251024 000000;0.3247;0.332;0.3131;0.3239;2710633.43
20251025 000000;0.3239;0.3682;0.3166;0.3427;6104975.56
20251026 000000;0.3427;0.3685;0.3275;0.332;4182292.21
20251027 000000;0.332;0.3464;0.3162;0.3189;4333161.96
20251028 000000;0.3189;0.328;0.2932;0.2995;3438188.17
20251029 000000;0.2995;0.3076;0.283;0.2981;3070202.42
20251030 000000;0.2981;0.3026;0.264;0.2711;2970901.68
20251031 000000;0.2711;0.2832;0.2699;0.2796;1930280.89
20251101 000000;0.2796;0.2873;0.2766;0.2817;2833394.08
20251102 000000;0.2817;0.2854;0.2677;0.2798;1842544.1
20251103 000000;0.2798;0.2808;0.2315;0.2425;2887268.93
20251104 000000;0.2425;0.2796;0.2282;0.2483;4936683.12
20251105 000000;0.2483;0.2523;0.2297;0.2506;2132121.87
20251106 000000;0.2506;0.2511;0.2352;0.2488;2144266.86
20251107 000000;0.2488;0.2839;0.2487;0.2744;4324341.57
20251108 000000;0.2744;0.39;0.2624;0.3249;12058177.78
20251109 000000;0.3249;0.3375;0.292;0.298;7930367.07
20251110 000000;0.298;0.3108;0.2946;0.3011;2300185.17
20251111 000000;0.3011;0.3032;0.2716;0.2745;2317539.53
20251112 000000;0.2745;0.2887;0.2623;0.2675;2262810.07
20251113 000000;0.2675;0.2736;0.2509;0.2602;1999054.72
20251114 000000;0.2602;0.2696;0.2435;0.2549;2421106.53
20251115 000000;0.2549;0.2649;0.2547;0.2573;882405.34
20251116 000000;0.2573;0.2621;0.2418;0.2492;1188400.49
20251117 000000;0.2492;0.2537;0.2342;0.2384;1351418.76
20251118 000000;0.2384;0.2497;0.2338;0.2444;1458716.23
20251119 000000;0.2444;0.2797;0.2233;0.2366;6947563.34
20251120 000000;0.2366;0.2564;0.2283;0.2332;3542396.66
20251121 000000;0.2332;0.2397;0.2021;0.2093;4386517.2
20251122 000000;0.2093;0.2475;0.2013;0.2231;6050137.9
20251123 000000;0.2231;0.3062;0.2198;0.2418;22016416.87
20251124 000000;0.2418;0.2586;0.2352;0.2464;4884447.95
20251125 000000;0.2464;0.2694;0.2382;0.2555;5098046.66
20251126 000000;0.2555;0.2707;0.2439;0.2529;2909039.29
20251127 000000;0.2529;0.2543;0.2458;0.2498;1195554.37
20251128 000000;0.2498;0.258;0.2376;0.2411;4427819.65
20251129 000000;0.2411;0.2436;0.2287;0.2307;1553633.9
20251130 000000;0.2307;0.2321;0.2234;0.2269;1165072.01
20251201 000000;0.2269;0.2274;0.2046;0.2095;2552478.88
20251202 000000;0.2095;0.2287;0.2064;0.2265;2229543.83
20251203 000000;0.2265;0.2454;0.2258;0.2366;4064462.23
20251204 000000;0.2366;0.2461;0.228;0.2307;2497027.24
20251205 000000;0.2307;0.2321;0.2107;0.2173;2625809.78
20251206 000000;0.2173;0.2496;0.2161;0.2416;4987721.06
20251207 000000;0.2416;0.2459;0.2206;0.2242;2738790.74
20251208 000000;0.2242;0.2341;0.2231;0.2292;1051714.87
20251209 000000;0.2292;0.242;0.2231;0.2343;1730906.08
20251210 000000;0.2343;0.2353;0.2246;0.225;1630519.42
20251211 000000;0.225;0.2251;0.2131;0.221;1687203.03
20251212 000000;0.221;0.2227;0.2102;0.2156;844384.66
20251213 000000;0.2156;0.22;0.2156;0.218;633828.09
20251214 000000;0.218;0.2181;0.2059;0.2078;832477.31
20251215 000000;0.2078;0.2129;0.1934;0.2008;1860011.86
20251216 000000;0.2008;0.2044;0.198;0.2024;995350.86
20251217 000000;0.2024;0.2046;0.186;0.1876;1592074.82
20251218 000000;0.1876;0.1879;0.1702;0.1739;2137332.01
20251219 000000;0.1739;0.1842;0.1706;0.181;1178148.2
20251220 000000;0.181;0.1824;0.1788;0.1811;880341.23
20251221 000000;0.1811;0.1814;0.1724;0.1765;995453.79
20251222 000000;0.1765;0.1799;0.1715;0.1754;1524932.17
20251223 000000;0.1754;0.1891;0.1696;0.1753;4700197.92
20251224 000000;0.1753;0.1756;0.1675;0.1737;1373885.3
20251225 000000;0.1737;0.1765;0.1678;0.1679;1088747.59
20251226 000000;0.1679;0.1735;0.1653;0.1689;1170868.25
20251227 000000;0.1689;0.176;0.1673;0.1728;1060192.01
20251228 000000;0.1728;0.1728;0.1675;0.1698;1031347.82
20251229 000000;0.1698;0.1746;0.1673;0.1684;1444111.76
20251230 000000;0.1684;0.1706;0.1664;0.1685;808049.44
20251231 000000;0.1685;0.1743;0.1546;0.1638;2934847.44
