20260101 000000;0.00377;0.00391;0.00376;0.00387;777711.22
20260102 000000;0.00387;0.0043;0.00384;0.00427;3619481.61
20260103 000000;0.00427;0.00442;0.00413;0.00423;2124691.95
20260104 000000;0.00423;0.00558;0.00423;0.00504;16012951.22
20260105 000000;0.00504;0.00508;0.00467;0.00494;25416860.05
20260106 000000;0.00494;0.00506;0.00472;0.0049;14185468.05
20260107 000000;0.0049;0.00491;0.00466;0.00473;5067663.69
20260108 000000;0.00473;0.00476;0.00438;0.00462;9150489
20260109 000000;0.00462;0.00467;0.0044;0.00453;6885066.85
20260110 000000;0.00453;0.00461;0.0043;0.00451;5009779.32
20260111 000000;0.00451;0.00457;0.00444;0.00453;2742451.34
20260112 000000;0.00453;0.0046;0.00433;0.00438;2498961.44
20260113 000000;0.00438;0.0049;0.00438;0.00481;5311254.8
20260114 000000;0.00481;0.005;0.00455;0.0048;4211107.04
20260115 000000;0.0048;0.0048;0.00455;0.00458;2351247.18
20260116 000000;0.00458;0.00469;0.00451;0.00462;1704859.37
20260117 000000;0.00462;0.00484;0.00457;0.00477;1715736.35
20260118 000000;0.00477;0.00477;0.00445;0.00445;1409459.91
20260119 000000;0.00445;0.00447;0.00417;0.00432;6520271.22
20260120 000000;0.00432;0.00435;0.00345;0.00375;12375361.72
20260121 000000;0.00375;0.00394;0.00361;0.00384;3597316.23
20260122 000000;0.00384;0.00395;0.0036;0.00369;3682771.93
20260123 000000;0.00369;0.00376;0.00356;0.00359;1600487.46
20260124 000000;0.00359;0.0037;0.00318;0.00339;6316088.87
20260125 000000;0.00339;0.00342;0.00309;0.00316;2741106.89
20260126 000000;0.00316;0.00348;0.00298;0.0033;4768544.41
20260127 000000;0.0033;0.00334;0.00307;0.00321;3221414.45
20260128 000000;0.00321;0.00321;0.00302;0.00302;4547729.13
20260129 000000;0.00302;0.00303;0.00273;0.00278;5166293.03
20260130 000000;0.00278;0.00284;0.00265;0.00271;4171342.44
20260131 000000;0.00271;0.00277;0.00216;0.00248;6152501.25
20260201 000000;0.00248;0.00252;0.00238;0.00241;1888482.92
20260202 000000;0.00241;0.00268;0.0023;0.00257;5246961.76
20260203 000000;0.00257;0.00275;0.00245;0.00251;2810018.68
20260204 000000;0.00251;0.00251;0.0023;0.0024;2063209.3
20260205 000000;0.0024;0.0024;0.00202;0.00203;4303603.93
20260206 000000;0.00203;0.00257;0.00193;0.00246;3864395.59
20260207 000000;0.00246;0.00258;0.00234;0.0024;5260718.85
20260208 000000;0.0024;0.00249;0.00232;0.00232;1439421.71
20260209 000000;0.00232;0.00253;0.00222;0.0024;1284910.39
20260210 000000;0.0024;0.00242;0.00219;0.00228;1402037.24
20260211 000000;0.00228;0.0023;0.00206;0.00211;10468293.4
20260212 000000;0.00211;0.00222;0.00207;0.00214;12269314.37
20260213 000000;0.00214;0.00228;0.00213;0.00221;2165233.02
20260214 000000;0.00221;0.00251;0.00217;0.00247;1719637.14
20260215 000000;0.00247;0.00252;0.00223;0.00233;1159847.52
20260216 000000;0.00233;0.0024;0.00225;0.0024;2225174.46
20260217 000000;0.0024;0.00243;0.00223;0.00228;1352586.83
20260218 000000;0.00228;0.00234;0.00215;0.00223;802852.48
20260219 000000;0.00223;0.00223;0.00207;0.00214;547824.19
20260220 000000;0.00214;0.0022;0.00211;0.00217;649507.78
20260221 000000;0.00217;0.00218;0.00214;0.00214;543529.13
20260222 000000;0.00214;0.00217;0.00207;0.00213;11316811.65
20260223 000000;0.00213;0.00213;0.00183;0.00187;6728462.46
20260224 000000;0.00187;0.00212;0.00183;0.00209;3303062.46
20260225 000000;0.00209;0.0023;0.00205;0.0022;3190434.17
20260226 000000;0.0022;0.00224;0.00211;0.00217;1474980.19
20260227 000000;0.00217;0.00221;0.00204;0.00207;2062376.1
20260228 000000;0.00207;0.00209;0.00194;0.00208;1285753.2
20260301 000000;0.00208;0.0021;0.00192;0.00199;2374879.26
20260302 000000;0.00199;0.00223;0.00194;0.00205;4542244.35
20260303 000000;0.00205;0.00209;0.00201;0.00209;378486.98
20260304 000000;0.00209;0.00221;0.00205;0.00215;1044825.35
20260305 000000;0.00215;0.00219;0.00206;0.00206;1693027.11
20260306 000000;0.00206;0.00213;0.002;0.002;726561.54
20260307 000000;0.002;0.002;0.00196;0.00196;146816.41
20260308 000000;0.00196;0.00198;0.00193;0.00194;6136898.12
20260309 000000;0.00194;0.00201;0.00188;0.00196;1870412.09
20260310 000000;0.00196;0.00206;0.00195;0.00197;8264340.7
20260311 000000;0.00197;0.00197;0.00191;0.00197;1023749.55
20260312 000000;0.00197;0.00202;0.00193;0.00199;895145.99
20260313 000000;0.00199;0.00208;0.00196;0.00196;2847499.57
20260314 000000;0.00196;0.00198;0.00194;0.00197;483154.24
20260315 000000;0.00197;0.00205;0.00194;0.00201;3959540.3
20260316 000000;0.00201;0.00241;0.00201;0.00231;8186239.72
20260317 000000;0.00231;0.00231;0.00208;0.00223;4175640.99
20260318 000000;0.00223;0.00233;0.00213;0.00213;2972097.14
20260319 000000;0.00213;0.00213;0.00202;0.00203;3269554.21
20260320 000000;0.00203;0.00206;0.002;0.00204;1292172.11
20260321 000000;0.00204;0.00209;0.002;0.00201;769195.39
20260322 000000;0.00201;0.00203;0.00197;0.00198;829120.78
20260323 000000;0.00198;0.00207;0.00191;0.00205;1592535.52
20260324 000000;0.00205;0.00207;0.002;0.00203;493083.85
20260325 000000;0.00203;0.00203;0.00195;0.00199;826048.86
20260326 000000;0.00199;0.00199;0.00178;0.00181;3221640.16
20260327 000000;0.00181;0.00184;0.00165;0.00178;4018693.82
20260328 000000;0.00178;0.00234;0.00171;0.00211;38584587.51
20260329 000000;0.00211;0.00222;0.00205;0.00211;11945173.15
20260330 000000;0.00211;0.00224;0.00192;0.00193;7124743.24
20260331 000000;0.00193;0.00198;0.00181;0.00191;5855111.84
20260401 000000;0.00191;0.00199;0.00183;0.0019;7989233.81
20260402 000000;0.0019;0.0019;0.00171;0.00181;3330031.75
20260403 000000;0.00181;0.00183;0.00176;0.00182;2601570.94
20260404 000000;0.00182;0.00182;0.00176;0.00178;458899.87
20260405 000000;0.00178;0.00178;0.00174;0.00175;1336187.24
20260406 000000;0.00175;0.00184;0.00172;0.00172;2090254.22
20260407 000000;0.00172;0.00185;0.00171;0.00185;1961868.26
20260408 000000;0.00185;0.00187;0.00172;0.00173;523861.79
20260409 000000;0.00173;0.00181;0.00173;0.00178;2737940.13
20260410 000000;0.00178;0.00181;0.00176;0.00181;1343950.67
20260411 000000;0.00181;0.00208;0.0018;0.00201;4730364.17
20260412 000000;0.00201;0.00207;0.00182;0.00182;9758175.09
20260413 000000;0.00182;0.00199;0.00182;0.00199;2118610.89
20260414 000000;0.00199;0.00201;0.00184;0.00184;2993767.79
20260415 000000;0.00184;0.00196;0.00184;0.00191;1480459.31
20260416 000000;0.00191;0.00219;0.0019;0.00212;5705600.53
20260417 000000;0.00212;0.00217;0.00198;0.00208;3792117.28
20260418 000000;0.00208;0.00211;0.00194;0.00197;842942.74
20260419 000000;0.00197;0.00205;0.0019;0.00196;2367844.82
20260420 000000;0.00196;0.00199;0.00187;0.0019;2423423.67
20260421 000000;0.0019;0.00196;0.00179;0.00184;2636649.88
20260422 000000;0.00184;0.00193;0.00181;0.00186;3339051.39
20260423 000000;0.00186;0.00191;0.00183;0.00187;2392493.88
20260424 000000;0.00187;0.00189;0.00183;0.00186;1292732.4
20260425 000000;0.00186;0.00186;0.00178;0.00181;736920.39
20260426 000000;0.00181;0.00185;0.00174;0.00177;3562281.99
20260427 000000;0.00177;0.00184;0.0017;0.00175;6211741.71
20260428 000000;0.00175;0.00175;0.00168;0.00171;2170171.56
20260429 000000;0.00171;0.00176;0.00166;0.00168;3708497.69
20260430 000000;0.00168;0.0017;0.00163;0.00165;2591477.37
20260501 000000;0.00165;0.00171;0.00164;0.00171;2120545.38
20260502 000000;0.00171;0.00171;0.00165;0.00169;885631.95
20260503 000000;0.00169;0.00239;0.00164;0.00211;28272030.23
20260504 000000;0.00211;0.003;0.00206;0.00221;56392460.74
20260505 000000;0.00221;0.00226;0.00207;0.00212;12633809.87
20260506 000000;0.00212;0.00268;0.00203;0.00243;26454013.18
20260507 000000;0.00243;0.003;0.00237;0.00243;39640298.97
20260508 000000;0.00243;0.00264;0.00235;0.0026;14972448.57
20260509 000000;0.0026;0.00315;0.00251;0.00313;34243093.01
20260510 000000;0.00313;0.00445;0.00305;0.00354;55609053.17
20260511 000000;0.00354;0.00484;0.00345;0.00462;31615191.23
20260512 000000;0.00462;0.00672;0.00459;0.00494;69950811.03
20260513 000000;0.00494;0.00511;0.00396;0.00438;28894214.64
20260514 000000;0.00438;0.00554;0.00432;0.00473;32600095.62
20260515 000000;0.00473;0.00534;0.00438;0.00445;22588589.25
20260516 000000;0.00445;0.00527;0.00437;0.00477;17381433.97
20260517 000000;0.00477;0.00529;0.00439;0.00449;17395219.02
20260518 000000;0.00449;0.00475;0.0039;0.00407;26128796.11
20260519 000000;0.00407;0.00421;0.00377;0.00379;6779233.31
20260520 000000;0.00379;0.00406;0.00365;0.00366;8255932.46
20260521 000000;0.00366;0.00402;0.00359;0.0037;8436432.41
20260522 000000;0.0037;0.00443;0.0035;0.00404;29001618.82
20260523 000000;0.00404;0.00457;0.00375;0.00403;21313124.01
20260524 000000;0.00403;0.00428;0.00392;0.00399;10037707.72
20260525 000000;0.00399;0.00417;0.00373;0.00373;10337434.52
20260526 000000;0.00373;0.00397;0.00362;0.00366;6493458.13
20260527 000000;0.00366;0.0038;0.00335;0.00337;6442961.19
20260528 000000;0.00337;0.00343;0.00318;0.00335;4475060.79
20260529 000000;0.00335;0.00349;0.00319;0.00339;25272646.09
20260530 000000;0.00339;0.00342;0.00313;0.00314;5487045.71
20260531 000000;0.00314;0.00328;0.00303;0.00309;6092288.96
20260601 000000;0.00309;0.00319;0.00287;0.00291;11938151.29
20260602 000000;0.00291;0.00318;0.00281;0.00283;12798424.73
20260603 000000;0.00283;0.00289;0.00265;0.00267;5934248.88
20260604 000000;0.00267;0.00274;0.0025;0.0026;7594695.94
20260605 000000;0.0026;0.0026;0.00217;0.00227;16495132.34
20260606 000000;0.00227;0.00239;0.00216;0.00227;5852096.79
20260607 000000;0.00227;0.00252;0.00226;0.00246;20859512.14
20260608 000000;0.00246;0.00276;0.00246;0.00261;21988298.44
20260609 000000;0.00261;0.00261;0.00234;0.00236;12284469.31
20260610 000000;0.00236;0.00242;0.00229;0.00239;8944571.29
20260611 000000;0.00239;0.00266;0.00239;0.00257;9660954.6
20260612 000000;0.00257;0.00297;0.00253;0.00274;17937226.5
20260613 000000;0.00274;0.00277;0.00264;0.00274;5762200.37
20260614 000000;0.00274;0.00294;0.00267;0.00291;4976166.99
20260615 000000;0.00291;0.00314;0.00286;0.00289;6723744.01
20260616 000000;0.00289;0.00289;0.00271;0.00276;4492291.26
20260617 000000;0.00276;0.00298;0.00276;0.00293;8022027.22
20260618 000000;0.00293;0.00293;0.00259;0.00276;4450429.62
20260619 000000;0.00276;0.00277;0.00264;0.00267;2195725.06
20260620 000000;0.00267;0.00276;0.0026;0.00265;2038115.31
