20260101 000000;0.00314;0.003454;0.003086;0.003279;17574410.69
20260102 000000;0.003279;0.003334;0.002476;0.00281;20821507.07
20260103 000000;0.00281;0.002889;0.002794;0.002831;19628510.28
20260104 000000;0.002831;0.003168;0.002795;0.003063;18839352.3
20260105 000000;0.003063;0.003105;0.003005;0.003081;18257151.45
20260106 000000;0.003081;0.003126;0.003023;0.003101;18508022
20260107 000000;0.003101;0.003228;0.002869;0.00291;18263446.73
20260108 000000;0.00291;0.002917;0.002701;0.002759;19559490.82
20260109 000000;0.002759;0.002789;0.0027;0.002741;19941103.17
20260110 000000;0.002741;0.00275;0.002457;0.002468;20926088.93
20260111 000000;0.002468;0.002667;0.002462;0.002615;21445694.24
20260112 000000;0.002615;0.002617;0.002454;0.002588;21581601.74
20260113 000000;0.002588;0.00286;0.002537;0.002718;20652264.53
20260114 000000;0.002718;0.002737;0.002661;0.002688;21578241
20260115 000000;0.002688;0.002846;0.002642;0.002694;20184532.59
20260116 000000;0.002694;0.002848;0.002624;0.002657;19919597.09
20260117 000000;0.002657;0.002673;0.002482;0.002525;20521412.05
20260118 000000;0.002525;0.002823;0.002458;0.002745;21798572.49
20260119 000000;0.002745;0.003358;0.00272;0.003063;22146186.3
20260120 000000;0.003063;0.003426;0.003052;0.003318;17663924.51
20260121 000000;0.003318;0.00405;0.003268;0.003925;15953129.64
20260122 000000;0.003925;0.005;0.002566;0.002888;22888655.26
20260123 000000;0.002888;0.002952;0.002551;0.002556;20541628.56
20260124 000000;0.002556;0.002641;0.002481;0.002604;22348103.8
20260125 000000;0.002604;0.002632;0.002479;0.002492;21470154.88
20260126 000000;0.002492;0.002562;0.002449;0.002497;22391910.22
20260127 000000;0.002497;0.002588;0.002484;0.002499;22406286.17
20260128 000000;0.002499;0.002516;0.002425;0.002477;22719653.71
20260129 000000;0.002477;0.002506;0.002296;0.002346;22510474.43
20260130 000000;0.002346;0.002443;0.002304;0.002338;23988141.35
20260131 000000;0.002338;0.002359;0.001953;0.002;24664162.66
20260201 000000;0.002;0.002061;0.001922;0.002025;27477802.48
20260202 000000;0.002025;0.002257;0.001979;0.002198;26798222
20260203 000000;0.002198;0.002209;0.002002;0.002058;24462895.4
20260204 000000;0.002058;0.002059;0.001902;0.001997;28479867.66
20260205 000000;0.001997;0.002007;0.001645;0.001652;30823193.09
20260206 000000;0.001652;0.001785;0.001476;0.001628;32818362.82
20260207 000000;0.001628;0.001694;0.001624;0.00165;33185090.19
20260208 000000;0.00165;0.001696;0.001633;0.001656;33734986.24
20260209 000000;0.001656;0.001687;0.00159;0.001662;33422415.09
20260210 000000;0.001662;0.001813;0.001638;0.001767;32693167.89
20260211 000000;0.001767;0.001905;0.00175;0.0018;30126748.29
20260212 000000;0.0018;0.001859;0.001749;0.001815;29528916.26
20260213 000000;0.001815;0.001873;0.001776;0.001794;30093153.75
20260214 000000;0.001794;0.001854;0.00175;0.001845;30152467.93
20260215 000000;0.001845;0.001847;0.001765;0.001808;30283046.31
20260216 000000;0.001808;0.00192;0.001771;0.001856;29972782
20260217 000000;0.001856;0.001888;0.001814;0.001826;30637356.55
20260218 000000;0.001826;0.002055;0.001818;0.002016;29292698.36
20260219 000000;0.002016;0.002733;0.001988;0.002303;25168245.54
20260220 000000;0.002303;0.002333;0.002196;0.002234;24471755.72
20260221 000000;0.002234;0.002249;0.002127;0.002164;25359118.81
20260222 000000;0.002164;0.00225;0.002015;0.002041;26326579.56
20260223 000000;0.002041;0.002049;0.00154;0.001692;32833438.22
20260224 000000;0.001692;0.001706;0.001556;0.001591;33861456.3
20260225 000000;0.001591;0.001678;0.001587;0.001643;31141071.89
20260226 000000;0.001643;0.001698;0.001602;0.001639;34378398.31
20260227 000000;0.001639;0.001845;0.001615;0.00165;33045895.1
20260228 000000;0.00165;0.001775;0.001628;0.001643;32518306
20260301 000000;0.001643;0.001678;0.001606;0.001638;32746438.63
20260302 000000;0.001638;0.001649;0.001578;0.00161;34647977.97
20260303 000000;0.00161;0.00168;0.001606;0.001664;33771466.2
20260304 000000;0.001664;0.00167;0.001627;0.001654;35338739.85
20260305 000000;0.001654;0.001664;0.001637;0.001646;34289074.25
20260306 000000;0.001646;0.001741;0.001637;0.001699;33192078.04
20260307 000000;0.001699;0.001765;0.001675;0.001686;37426018.39
20260308 000000;0.001686;0.001711;0.001669;0.001672;37790478.94
20260309 000000;0.001672;0.001704;0.00167;0.001694;35204171.07
20260310 000000;0.001694;0.001704;0.001666;0.001666;37525682.59
20260311 000000;0.001666;0.001696;0.00164;0.001668;36634284.4
20260312 000000;0.001668;0.001676;0.00164;0.001655;36772343.68
20260313 000000;0.001655;0.001684;0.001649;0.001664;33225121.42
20260314 000000;0.001664;0.001683;0.00157;0.001598;35724024.38
20260315 000000;0.001598;0.001599;0.001579;0.001597;35543657.56
20260316 000000;0.001597;0.001731;0.00157;0.001664;38137525.43
20260317 000000;0.001664;0.001699;0.001636;0.001652;39569298.67
20260318 000000;0.001652;0.002202;0.001649;0.001718;39495399.67
20260319 000000;0.001718;0.001725;0.001456;0.00151;57020922.61
20260320 000000;0.00151;0.001552;0.001508;0.001528;36353523.91
20260321 000000;0.001528;0.001537;0.001496;0.001507;36187349.93
20260322 000000;0.001507;0.001517;0.001415;0.001429;37112037.27
20260323 000000;0.001429;0.001442;0.001401;0.00143;37592914.58
20260324 000000;0.00143;0.001442;0.001338;0.001341;40370551.44
20260325 000000;0.001341;0.001355;0.001337;0.001353;40839676.73
20260326 000000;0.001353;0.001355;0.001326;0.001355;39863920.08
20260327 000000;0.001355;0.001363;0.001192;0.00127;42244799.04
20260328 000000;0.00127;0.001289;0.001261;0.001286;42834978.7
20260329 000000;0.001286;0.0013;0.001059;0.001109;45578443.29
20260330 000000;0.001109;0.00111;0.001057;0.001098;52830532.71
20260331 000000;0.001098;0.001261;0.001057;0.001168;48093254.07
20260401 000000;0.001168;0.001224;0.00108;0.001128;48249687.76
20260402 000000;0.001128;0.001134;0.001026;0.001053;49677450.77
20260403 000000;0.001053;0.001102;0.001052;0.001093;48994146.94
20260404 000000;0.001093;0.001097;0.001061;0.001086;49795477.64
20260405 000000;0.001086;0.00115;0.001017;0.001025;51903659.75
20260406 000000;0.001025;0.001062;0.001019;0.00106;51610492.27
20260407 000000;0.00106;0.001077;0.001013;0.001071;50951584.24
20260408 000000;0.001071;0.001093;0.001;0.001079;50496945.22
20260409 000000;0.001079;0.001169;0.001013;0.001091;50127790.39
20260410 000000;0.001091;0.00116;0.001091;0.001149;48908125.28
20260411 000000;0.001149;0.001491;0.001141;0.001403;43067237.21
20260412 000000;0.001403;0.001807;0.00119;0.001238;43454156.44
20260413 000000;0.001238;0.001267;0.001204;0.001224;45331598.16
20260414 000000;0.001224;0.00153;0.001221;0.001488;42615963.62
20260415 000000;0.001488;0.001751;0.001427;0.001482;37845887.55
20260416 000000;0.001482;0.001595;0.00143;0.001553;37357714.94
20260417 000000;0.001553;0.001562;0.001451;0.001515;34806356.72
20260418 000000;0.001515;0.001687;0.001477;0.001479;35852982.1
20260419 000000;0.001479;0.0015;0.001385;0.001399;37715126.61
20260420 000000;0.001399;0.001423;0.00138;0.001417;39212349.2
20260421 000000;0.001417;0.001433;0.00132;0.001371;40133130.85
20260422 000000;0.001371;0.001427;0.00132;0.00135;40941680.62
20260423 000000;0.00135;0.001358;0.001277;0.00133;40225414.13
20260424 000000;0.00133;0.001343;0.001269;0.001313;41368610.41
20260425 000000;0.001313;0.00141;0.001153;0.001226;44812510.71
20260426 000000;0.001226;0.001232;0.001159;0.001188;48485247.36
20260427 000000;0.001188;0.001218;0.001129;0.001175;47577432.47
20260428 000000;0.001175;0.001207;0.001173;0.001201;46975327.05
20260429 000000;0.001201;0.001236;0.001131;0.001234;43867241.78
20260430 000000;0.001234;0.001247;0.0012;0.001219;44682371.52
20260501 000000;0.001219;0.001331;0.001203;0.001289;44995865.6
20260502 000000;0.001289;0.001485;0.001282;0.001398;40350599.72
20260503 000000;0.001398;0.001446;0.00138;0.001442;37969716.26
20260504 000000;0.001442;0.001456;0.001413;0.001454;37852214.37
20260505 000000;0.001454;0.001467;0.001318;0.001415;39713132.86
20260506 000000;0.001415;0.001452;0.001352;0.001354;38354208.11
20260507 000000;0.001354;0.00139;0.001354;0.001385;37494590.36
20260508 000000;0.001385;0.001583;0.001354;0.001435;40016538.22
20260509 000000;0.001435;0.001491;0.001435;0.001467;34727344.4
20260510 000000;0.001467;0.00158;0.001345;0.001367;43316455.61
20260511 000000;0.001367;0.001415;0.00131;0.001387;41268198.78
20260512 000000;0.001387;0.00157;0.001378;0.001469;38594596.59
20260513 000000;0.001469;0.001491;0.001332;0.001342;35970124.71
20260514 000000;0.001342;0.001376;0.00127;0.00135;40805294.29
20260515 000000;0.00135;0.001353;0.001256;0.001317;41716120.27
20260516 000000;0.001317;0.001353;0.001283;0.001288;41233486.73
20260517 000000;0.001288;0.001353;0.001288;0.00133;43024456.2
20260518 000000;0.00133;0.001351;0.001298;0.00133;38678661
20260519 000000;0.00133;0.00139;0.001299;0.001357;42326448.46
20260520 000000;0.001357;0.001413;0.00131;0.001399;40710327.21
20260521 000000;0.001399;0.001477;0.00136;0.001421;39144377.81
20260522 000000;0.001421;0.0015;0.001418;0.001432;37541264.82
20260523 000000;0.001432;0.00148;0.001425;0.001461;40642756.47
20260524 000000;0.001461;0.001634;0.001442;0.001634;39443564.09
20260525 000000;0.001634;0.00164;0.001463;0.00147;36137393.81
20260526 000000;0.00147;0.00148;0.001419;0.001419;38041223.18
20260527 000000;0.001419;0.001425;0.001325;0.001392;40968113.55
20260528 000000;0.001392;0.001418;0.00138;0.001399;41353427.11
20260529 000000;0.001399;0.001524;0.001319;0.001457;39009848.46
20260530 000000;0.001457;0.001571;0.00136;0.001452;37588742.2
20260531 000000;0.001452;0.001462;0.00138;0.001385;35893341.01
20260601 000000;0.001385;0.001405;0.001372;0.0014;37925770.4
20260602 000000;0.0014;0.001428;0.001165;0.001262;39450427.16
20260603 000000;0.001262;0.00129;0.001246;0.001289;47087230.44
20260604 000000;0.001289;0.00129;0.001222;0.001243;47511295.39
20260605 000000;0.001243;0.001289;0.001203;0.001247;44747314.93
20260606 000000;0.001247;0.001381;0.00123;0.001316;43040885.14
20260607 000000;0.001316;0.001338;0.001293;0.001306;46751716.64
20260608 000000;0.001306;0.00147;0.001269;0.001456;47305358.52
20260609 000000;0.001456;0.001646;0.00143;0.001607;40025488.96
20260610 000000;0.001607;0.002265;0.0012;0.001239;54171622.84
20260611 000000;0.001239;0.001324;0.00122;0.001281;52087363.01
20260612 000000;0.001281;0.001286;0.001229;0.001261;48912702.25
20260613 000000;0.001261;0.001267;0.001213;0.001217;51271367.59
20260614 000000;0.001217;0.001236;0.001194;0.001214;49787782.92
20260615 000000;0.001214;0.001359;0.001203;0.001308;50745337.57
20260616 000000;0.001308;0.001315;0.001115;0.001151;52690935.5
20260617 000000;0.001151;0.00129;0.001139;0.001193;57350681.94
20260618 000000;0.001193;0.001197;0.000998;0.001009;48083378.64
20260619 000000;0.001009;0.001014;0.000908;0.00091;53105572.28
20260620 000000;0.00091;0.000924;0.000901;0.000919;43691690.22
