20240101 000000;0.0419;0.04801;0.035683;0.045538;1042270.68
20240102 000000;0.045538;0.048008;0.039344;0.03965;813736.08
20240103 000000;0.03965;0.041;0.031629;0.036455;1646647.54
20240104 000000;0.036455;0.05;0.033169;0.047358;1677095.64
20240105 000000;0.047358;0.049999;0.040352;0.043576;1332467.29
20240106 000000;0.043576;0.044026;0.036565;0.037068;1037239.49
20240107 000000;0.037068;0.04364;0.036907;0.039934;904748.65
20240108 000000;0.039934;0.04;0.033196;0.038408;1205116.89
20240109 000000;0.038408;0.03992;0.035576;0.036417;868512.29
20240110 000000;0.036417;0.03944;0.031489;0.035079;1464666.13
20240111 000000;0.035079;0.035215;0.030736;0.032984;1411573.89
20240112 000000;0.032984;0.033455;0.029372;0.030088;1275123.36
20240113 000000;0.030088;0.035492;0.026805;0.031887;1454686.03
20240114 000000;0.031887;0.035;0.030118;0.030871;1702168.42
20240115 000000;0.030871;0.033844;0.029416;0.029877;1424378.58
20240116 000000;0.029877;0.031944;0.025882;0.028069;1242520.69
20240117 000000;0.028069;0.03051;0.025301;0.027912;1461478.63
20240118 000000;0.027912;0.030189;0.023;0.023518;1742897.76
20240119 000000;0.023518;0.03;0.021426;0.027906;2068874.58
20240120 000000;0.027906;0.031;0.026416;0.029648;1253117.33
20240121 000000;0.029648;0.032242;0.027165;0.027433;1230961.29
20240122 000000;0.027433;0.02774;0.022603;0.023257;1405392.82
20240123 000000;0.023257;0.024566;0.0215;0.022138;1530559.2
20240124 000000;0.022138;0.023882;0.020212;0.021879;1855500.5
20240125 000000;0.021879;0.022696;0.020699;0.021262;1409495.79
20240126 000000;0.021262;0.025666;0.019865;0.023892;1690440.08
20240127 000000;0.023892;0.023949;0.020559;0.021914;1369318.25
20240128 000000;0.021914;0.0235;0.021131;0.023468;1399480.82
20240129 000000;0.023468;0.029627;0.023001;0.025298;1633488.5
20240130 000000;0.025298;0.032;0.0216;0.029196;1848558.6
20240131 000000;0.029196;0.031999;0.02587;0.027771;1468760.94
20240201 000000;0.027771;0.042;0.025602;0.039568;2704563.42
20240202 000000;0.039568;0.045817;0.0335;0.043077;1835904.29
20240203 000000;0.043077;0.047061;0.032188;0.04466;1592562.97
20240204 000000;0.04466;0.044687;0.038284;0.038436;1239159.82
20240205 000000;0.038436;0.04558;0.038293;0.041177;1103674.02
20240206 000000;0.041177;0.048782;0.040981;0.042142;1223715.82
20240207 000000;0.042142;0.042911;0.037437;0.040851;1067590.79
20240208 000000;0.040851;0.042052;0.035201;0.036018;1274817.85
20240209 000000;0.036018;0.055924;0.033717;0.052029;1921105.52
20240210 000000;0.052029;0.060678;0.048794;0.050651;1277268.19
20240211 000000;0.050651;0.059654;0.045656;0.047493;1141933.59
20240212 000000;0.047493;0.053344;0.040404;0.040404;1282244.82
20240213 000000;0.040404;0.045799;0.039;0.042595;1335960.86
20240214 000000;0.042595;0.05145;0.041158;0.049598;1362946.7
20240215 000000;0.049598;0.0545;0.046375;0.049453;1079926.18
20240216 000000;0.049453;0.054548;0.048265;0.053574;872310.98
20240217 000000;0.053574;0.054635;0.0465;0.046539;1100055.84
20240218 000000;0.046539;0.051565;0.045;0.046487;1174647.5
20240219 000000;0.046487;0.048224;0.043909;0.043909;1222101.85
20240220 000000;0.043909;0.044372;0.041243;0.042229;1033476.8
20240221 000000;0.042229;0.042489;0.035873;0.037617;1281945.94
20240222 000000;0.037617;0.044;0.037262;0.038611;1588492.2
20240223 000000;0.038611;0.038882;0.033451;0.037039;1281165.46
20240224 000000;0.037039;0.044;0.030817;0.035155;1430502.27
20240225 000000;0.035155;0.037746;0.032;0.034589;1341397.08
20240226 000000;0.034589;0.036854;0.032349;0.036205;1235679.01
20240227 000000;0.036205;0.040384;0.036049;0.038359;1171762.04
20240228 000000;0.038359;0.05686;0.034324;0.041899;4771397.61
20240229 000000;0.041899;0.05111;0.040368;0.046914;1767216.66
20240301 000000;0.046914;0.057;0.046541;0.053961;1754906.61
20240302 000000;0.053961;0.058989;0.044929;0.052444;1822433.77
20240303 000000;0.052444;0.089049;0.048281;0.077629;5109263.86
20240304 000000;0.077629;0.155353;0.06887;0.110001;5274879.15
20240305 000000;0.110001;0.132114;0.079998;0.108185;3547448.17
20240306 000000;0.108185;0.109595;0.08483;0.091453;1686310.01
20240307 000000;0.091453;0.101252;0.083033;0.08353;1345695.5
20240308 000000;0.08353;0.095709;0.07986;0.08149;1297312.04
20240309 000000;0.08149;0.109997;0.068831;0.107644;3782147.79
20240310 000000;0.107644;0.13;0.0911;0.098744;2268766.33
20240311 000000;0.098744;0.11;0.079993;0.102559;2818931.12
20240312 000000;0.102559;0.14;0.094007;0.127936;2167012.82
20240313 000000;0.127936;0.134396;0.110783;0.128;820713.54
20240314 000000;0.128;0.144887;0.112455;0.117697;1255791.18
20240315 000000;0.117697;0.12;0.091344;0.108745;1362122.7
20240316 000000;0.108745;0.123307;0.085843;0.090873;1669217.22
20240317 000000;0.090873;0.12;0.08585;0.100991;1632092.72
20240318 000000;0.100991;0.1045;0.081;0.081983;1073240
20240319 000000;0.081983;0.085499;0.064266;0.076003;1995401.34
20240320 000000;0.076003;0.09;0.069392;0.089962;1017382.49
20240321 000000;0.089962;0.094018;0.081596;0.083107;638835.1
20240322 000000;0.083107;0.092039;0.07;0.071736;657489.46
20240323 000000;0.071736;0.1;0.070146;0.091928;1110351.18
20240324 000000;0.091928;0.115;0.0899;0.114421;1310713.49
20240325 000000;0.114421;0.13;0.100334;0.108022;1206326.64
20240326 000000;0.108022;0.111846;0.088117;0.095611;1199280.57
20240327 000000;0.095611;0.115;0.086764;0.101635;1390350.44
20240328 000000;0.101635;0.126973;0.101122;0.105704;809331.92
20240329 000000;0.105704;0.1445;0.097503;0.130113;1746866.52
20240330 000000;0.130113;0.2;0.129581;0.179;1892589.49
20240331 000000;0.179;0.234;0.159611;0.204119;1874949.46
20240401 000000;0.204119;0.208;0.163046;0.178589;628316.43
20240402 000000;0.178589;0.178779;0.135028;0.142054;914592.39
20240403 000000;0.142054;0.206356;0.139;0.190692;784907.07
20240404 000000;0.190692;0.242086;0.187711;0.230848;1746434.33
20240405 000000;0.230848;0.242086;0.176598;0.236095;1113451.19
20240406 000000;0.236095;0.258888;0.207703;0.249507;678687.75
20240407 000000;0.249507;0.254801;0.211;0.219996;417246.26
20240408 000000;0.219996;0.26;0.201;0.219163;643689.11
20240409 000000;0.219163;0.231843;0.1955;0.206546;392066.78
20240410 000000;0.206546;0.2101;0.182021;0.195995;407731.18
20240411 000000;0.195995;0.198;0.153;0.172115;1628301.76
20240412 000000;0.172115;0.185126;0.119175;0.123496;1027773.98
20240413 000000;0.123496;0.161915;0.107387;0.141956;1009897.93
20240414 000000;0.141956;0.152378;0.122647;0.147089;718422.66
20240415 000000;0.147089;0.179999;0.13;0.140072;978074.98
20240416 000000;0.140072;0.144297;0.11;0.119813;926233.38
20240417 000000;0.119813;0.124029;0.095;0.096793;1212234.3
20240418 000000;0.096793;0.115386;0.09;0.109953;1177827.35
20240419 000000;0.109953;0.149998;0.097212;0.13468;1396199.43
20240420 000000;0.13468;0.17;0.125262;0.15236;833162.11
20240421 000000;0.15236;0.179;0.145;0.152711;677646.67
20240422 000000;0.152711;0.172482;0.15;0.15705;543458.5
20240423 000000;0.15705;0.167964;0.135001;0.137135;611387.86
20240424 000000;0.137135;0.152999;0.115;0.119251;787931.78
20240425 000000;0.119251;0.133305;0.113118;0.128795;726928.76
20240426 000000;0.128795;0.131235;0.115612;0.115639;316765.16
20240427 000000;0.115639;0.117976;0.102362;0.108159;469765.45
20240428 000000;0.108159;0.125016;0.104093;0.119938;628998.78
20240429 000000;0.119938;0.123337;0.108002;0.114968;538317.64
20240430 000000;0.114968;0.123;0.095;0.099645;944543.12
20240501 000000;0.099645;0.11664;0.09;0.11378;939603.52
20240502 000000;0.11378;0.1165;0.099875;0.105053;567916.22
20240503 000000;0.105053;0.1315;0.102627;0.117993;679251.89
20240504 000000;0.117993;0.133807;0.108003;0.112236;531656.79
20240505 000000;0.112236;0.112486;0.1005;0.106299;532996.94
20240506 000000;0.106299;0.113;0.103306;0.108963;519355.79
20240507 000000;0.108963;0.113108;0.096501;0.100204;458291.59
20240508 000000;0.100204;0.104305;0.093917;0.0998;662894.35
20240509 000000;0.0998;0.102761;0.093967;0.099237;496956.26
20240510 000000;0.099237;0.100403;0.08766;0.087703;528876.88
20240511 000000;0.087703;0.103;0.08;0.097274;1197031.88
20240512 000000;0.097274;0.101998;0.090585;0.092342;498492.68
20240513 000000;0.092342;0.092926;0.082652;0.086806;684492.11
20240514 000000;0.086806;0.089922;0.074;0.07544;835011
20240515 000000;0.07544;0.082304;0.072133;0.076952;807926.94
20240516 000000;0.076952;0.085313;0.072002;0.074982;748191.63
20240517 000000;0.074982;0.083979;0.074898;0.079371;609025.44
20240518 000000;0.079371;0.08598;0.078121;0.079853;557953.74
20240519 000000;0.079853;0.081496;0.073555;0.077276;597729.17
20240520 000000;0.077276;0.090992;0.071975;0.089828;949780.12
20240521 000000;0.089828;0.112405;0.085615;0.111951;628808.29
20240522 000000;0.111951;0.128812;0.106084;0.126285;574756.09
20240523 000000;0.126285;0.12998;0.105;0.114473;676727.68
20240524 000000;0.114473;0.167889;0.113036;0.158838;1404189.01
20240525 000000;0.158838;0.18;0.146356;0.179889;759601.88
20240526 000000;0.179889;0.182636;0.126569;0.130042;851818.35
20240527 000000;0.130042;0.14909;0.120034;0.13835;591550.93
20240528 000000;0.13835;0.139252;0.119411;0.121042;509140.47
20240529 000000;0.121042;0.167916;0.120024;0.127091;1032996.4
20240530 000000;0.127091;0.131;0.120111;0.127227;588656.94
20240531 000000;0.127227;0.136704;0.12;0.120841;502396.33
20240601 000000;0.120841;0.127016;0.11678;0.121317;366594.6
20240602 000000;0.121317;0.121436;0.101;0.101;589215.95
20240603 000000;0.101;0.115469;0.101;0.102568;620674.2
20240604 000000;0.102568;0.106064;0.095617;0.104688;623205.46
20240605 000000;0.104688;0.114734;0.09894;0.100141;764207.41
20240606 000000;0.100141;0.100368;0.092092;0.092797;1195711.48
20240607 000000;0.092797;0.093616;0.080292;0.082441;1063469.37
20240608 000000;0.082441;0.084746;0.076353;0.077454;1186720.69
20240609 000000;0.077454;0.081301;0.073469;0.078845;905485.62
20240610 000000;0.078845;0.079099;0.073245;0.078185;688330.48
20240611 000000;0.078185;0.078244;0.062;0.068119;1448014.96
20240612 000000;0.068119;0.084081;0.068095;0.073778;1196763.73
20240613 000000;0.073778;0.073827;0.066302;0.069031;922428.63
20240614 000000;0.069031;0.071323;0.035;0.053026;7031697.25
20240615 000000;0.053026;0.058045;0.050355;0.054502;1547527.99
20240616 000000;0.054502;0.05655;0.052797;0.054154;948319.42
20240617 000000;0.054154;0.056681;0.04704;0.050052;1206986.41
20240618 000000;0.050052;0.050227;0.039853;0.040785;1478458.54
20240619 000000;0.040785;0.046184;0.040552;0.043163;1274335.03
20240620 000000;0.043163;0.047032;0.042761;0.046862;1074161.73
20240621 000000;0.046862;0.053576;0.04575;0.05009;1164725.65
20240622 000000;0.05009;0.052272;0.045376;0.047741;916186.48
20240623 000000;0.047741;0.049101;0.045999;0.046605;761932.94
20240624 000000;0.046605;0.046751;0.041437;0.042424;802050.18
20240625 000000;0.042424;0.048439;0.041311;0.045685;895276.35
20240626 000000;0.045685;0.047827;0.040043;0.042368;1370593.94
20240627 000000;0.042368;0.047688;0.039507;0.04482;1298877.21
20240628 000000;0.04482;0.046427;0.043008;0.045057;875930.99
20240629 000000;0.045057;0.048101;0.043603;0.047834;919537.03
20240630 000000;0.047834;0.053999;0.04756;0.052311;847278.64
20240701 000000;0.052311;0.057637;0.051006;0.056361;705810.13
20240702 000000;0.056361;0.058393;0.052994;0.056378;931781.87
20240703 000000;0.056378;0.058816;0.0401;0.040559;1356735.83
20240704 000000;0.040559;0.043905;0.040001;0.041491;1205678.34
20240705 000000;0.041491;0.043211;0.032177;0.042706;1405285.1
20240706 000000;0.042706;0.048375;0.042333;0.046641;985110.1
20240707 000000;0.046641;0.047069;0.041049;0.042159;807166.16
20240708 000000;0.042159;0.043283;0.038289;0.040618;925600.29
20240709 000000;0.040618;0.042307;0.038898;0.040688;926583.08
20240710 000000;0.040688;0.042477;0.04015;0.040786;805432.23
20240711 000000;0.040786;0.042531;0.036733;0.037208;1026808.32
20240712 000000;0.037208;0.0393;0.033796;0.036619;1385078.4
20240713 000000;0.036619;0.039187;0.035;0.037018;1174248.87
20240714 000000;0.037018;0.038419;0.036164;0.037481;942424.08
20240715 000000;0.037481;0.048511;0.037452;0.047018;1224690.27
20240716 000000;0.047018;0.047869;0.041692;0.043363;1261248.07
20240717 000000;0.043363;0.047841;0.041813;0.042194;1021137.89
20240718 000000;0.042194;0.043837;0.038211;0.039043;1228147.84
20240719 000000;0.039043;0.045426;0.0384;0.043566;1043423.6
20240720 000000;0.043566;0.045007;0.041787;0.042623;954296.72
20240721 000000;0.042623;0.042886;0.038453;0.041864;978654.49
20240722 000000;0.041864;0.042631;0.037982;0.038722;1150435.94
20240723 000000;0.038722;0.040192;0.035518;0.03652;1212604.8
20240724 000000;0.03652;0.036962;0.031948;0.033872;1328360.69
20240725 000000;0.033872;0.034178;0.028531;0.031213;1805252.82
20240726 000000;0.031213;0.037023;0.029665;0.034011;1289201.47
20240727 000000;0.034011;0.035814;0.030993;0.035196;1301701.68
20240728 000000;0.035196;0.035898;0.033651;0.035095;1252957.36
20240729 000000;0.035095;0.041735;0.034419;0.039563;2013064.04
20240730 000000;0.039563;0.040841;0.036476;0.040812;1221738.58
20240731 000000;0.040812;0.045243;0.039402;0.041495;1074117.43
20240801 000000;0.041495;0.041831;0.036;0.037588;981257.84
20240802 000000;0.037588;0.040015;0.031912;0.034743;1704816.41
20240803 000000;0.034743;0.035327;0.029126;0.031348;1412604.4
20240804 000000;0.031348;0.032378;0.025603;0.027306;1739029.4
20240805 000000;0.027306;0.02797;0.022742;0.024025;2382585.02
20240806 000000;0.024025;0.02888;0.024022;0.02719;2013982.83
20240807 000000;0.02719;0.031036;0.027182;0.028218;1342726.68
20240808 000000;0.028218;0.031339;0.028162;0.028544;1265841.08
20240809 000000;0.028544;0.030043;0.027227;0.027639;1524233.62
20240810 000000;0.027639;0.028334;0.026251;0.027188;1265715.51
20240811 000000;0.027188;0.02831;0.026338;0.026525;1376618.58
20240812 000000;0.026525;0.026898;0.024952;0.025386;1264762.31
20240813 000000;0.025386;0.027086;0.024568;0.026879;1303382.57
20240814 000000;0.026879;0.02958;0.025913;0.026324;1834579.35
20240815 000000;0.026324;0.026373;0.023968;0.024171;1981355.9
20240816 000000;0.024171;0.024598;0.023955;0.024392;1275466.82
20240817 000000;0.024392;0.02615;0.023543;0.024644;1471489.55
20240818 000000;0.024644;0.024999;0.024;0.024374;1443570.38
20240819 000000;0.024374;0.024571;0.024;0.024185;1280356.95
20240820 000000;0.024185;0.026145;0.0239;0.024344;1732138.07
20240821 000000;0.024344;0.027149;0.02399;0.026018;1697984.72
20240822 000000;0.026018;0.027316;0.025014;0.025122;1612734.13
20240823 000000;0.025122;0.025186;0.0231;0.023793;2075195.47
20240824 000000;0.023793;0.026359;0.023793;0.024658;1746139.69
20240825 000000;0.024658;0.025944;0.023903;0.024318;1480218.78
20240826 000000;0.024318;0.025433;0.023989;0.024882;1577223.75
20240827 000000;0.024882;0.027023;0.024;0.024555;1596855.74
20240828 000000;0.024555;0.025756;0.023153;0.023391;1618196.96
20240829 000000;0.023391;0.024179;0.023102;0.0234;1337252.12
20240830 000000;0.0234;0.024834;0.0231;0.023819;1388116.34
20240831 000000;0.023819;0.023979;0.023141;0.023297;1198825.17
20240901 000000;0.023297;0.024922;0.023;0.023532;1526824.27
20240902 000000;0.023532;0.02474;0.023426;0.023864;1245642.63
20240903 000000;0.023864;0.024239;0.02194;0.022348;916552.45
20240904 000000;0.022348;0.023049;0.01981;0.020336;669234.84
20240905 000000;0.020336;0.020733;0.019925;0.02001;383226.51
20240906 000000;0.02001;0.021;0.018;0.020993;886679.86
20240907 000000;0.020993;0.023969;0.020943;0.022517;819039.99
20240908 000000;0.022517;0.023484;0.021578;0.022082;401563.31
20240909 000000;0.022082;0.023208;0.021305;0.022864;500824.57
20240910 000000;0.022864;0.02342;0.02266;0.023132;418484.11
20240911 000000;0.023132;0.026256;0.02299;0.025393;1076827.28
20240912 000000;0.025393;0.029843;0.024693;0.028932;892062.96
20240913 000000;0.028932;0.037676;0.0281;0.037436;2526512.57
20240914 000000;0.037436;0.039117;0.03437;0.034488;1184164.05
20240915 000000;0.034488;0.044175;0.034261;0.040106;1415756.06
20240916 000000;0.040106;0.040463;0.03693;0.039013;1125897.87
20240917 000000;0.039013;0.046847;0.038568;0.044473;1477343.74
20240918 000000;0.044473;0.047562;0.04282;0.044487;951692.2
20240919 000000;0.044487;0.056068;0.044075;0.050968;2079101.55
20240920 000000;0.050968;0.054009;0.049034;0.053036;1249673.03
20240921 000000;0.053036;0.056036;0.051325;0.053986;773997.82
20240922 000000;0.053986;0.055027;0.048263;0.051106;669268.78
20240923 000000;0.051106;0.051968;0.046;0.047275;1138828.96
20240924 000000;0.047275;0.052971;0.045123;0.051797;985329.23
20240925 000000;0.051797;0.066;0.049635;0.052264;1546460.35
20240926 000000;0.052264;0.066876;0.049913;0.059877;1862633.27
20240927 000000;0.059877;0.064846;0.058968;0.06017;1236609.8
20240928 000000;0.06017;0.070093;0.059561;0.067096;1505156.89
20240929 000000;0.067096;0.081227;0.065306;0.075746;1297583.95
20240930 000000;0.075746;0.075888;0.065065;0.065738;1168404.02
20241001 000000;0.065738;0.069267;0.051492;0.056891;2007050.11
20241002 000000;0.056891;0.062612;0.052959;0.053407;1103350.14
20241003 000000;0.053407;0.056289;0.050702;0.053528;693869.96
20241004 000000;0.053528;0.065967;0.053099;0.063744;1145121.65
20241005 000000;0.063744;0.069542;0.062702;0.067484;890910.51
20241006 000000;0.067484;0.068841;0.064945;0.066043;537559.12
20241007 000000;0.066043;0.06999;0.061293;0.061302;1030237.29
20241008 000000;0.061302;0.066;0.058675;0.063453;971019.96
20241009 000000;0.063453;0.06433;0.056249;0.057147;625067.28
20241010 000000;0.057147;0.0581;0.051466;0.057661;1011954.08
20241011 000000;0.057661;0.062999;0.057527;0.060457;554784.79
20241012 000000;0.060457;0.06666;0.057732;0.060634;960159.17
20241013 000000;0.060634;0.060989;0.054991;0.056498;568457.25
20241014 000000;0.056498;0.062298;0.055073;0.062108;719924.87
20241015 000000;0.062108;0.062298;0.05801;0.059515;1016854.3
20241016 000000;0.059515;0.060638;0.053888;0.057729;1403091.37
20241017 000000;0.057729;0.058163;0.051759;0.052025;1223811.68
20241018 000000;0.052025;0.056705;0.052022;0.055869;1210838.73
20241019 000000;0.055869;0.058344;0.051314;0.056214;1669230.56
20241020 000000;0.056214;0.056217;0.051938;0.052001;1278231.31
20241021 000000;0.052001;0.055435;0.046;0.046666;1943980.29
20241022 000000;0.046666;0.049019;0.045164;0.046015;1697687.75
20241023 000000;0.046015;0.046311;0.042524;0.043523;1607865.45
20241024 000000;0.043523;0.04809;0.043203;0.046895;1641681.03
20241025 000000;0.046895;0.049735;0.043132;0.043755;1860893.86
20241026 000000;0.043755;0.046839;0.043355;0.046341;1771882.85
20241027 000000;0.046341;0.056999;0.04581;0.053167;2098660.24
20241028 000000;0.053167;0.053167;0.047025;0.048041;1758019.62
20241029 000000;0.048041;0.049298;0.042456;0.043364;2044862.79
20241030 000000;0.043364;0.045269;0.041212;0.041437;1662327.71
20241031 000000;0.041437;0.042345;0.037846;0.038709;1904553.9
20241101 000000;0.038709;0.043736;0.037;0.042731;2253926.76
20241102 000000;0.042731;0.045397;0.039413;0.039883;1585021.93
20241103 000000;0.039883;0.0412;0.037862;0.040727;1902059
20241104 000000;0.040727;0.041174;0.036564;0.03743;1567832.09
20241105 000000;0.03743;0.037573;0.034939;0.035411;2105494.92
20241106 000000;0.035411;0.045576;0.035235;0.04106;2646010.97
20241107 000000;0.04106;0.041276;0.036437;0.039786;2451596.17
20241108 000000;0.039786;0.043193;0.035;0.039856;2806346.16
20241109 000000;0.039856;0.04846;0.03845;0.048392;2686322.02
20241110 000000;0.048392;0.061237;0.047222;0.0506;2650803.65
20241111 000000;0.0506;0.054502;0.045302;0.047764;2723283.79
20241112 000000;0.047764;0.049298;0.037917;0.043248;3358828.39
20241113 000000;0.043248;0.044828;0.035511;0.041726;3403948.76
20241114 000000;0.041726;0.043911;0.03559;0.037058;2733675.72
20241115 000000;0.037058;0.039999;0.035365;0.039393;2360694.77
20241116 000000;0.039393;0.040694;0.036992;0.038406;2203132.14
20241117 000000;0.038406;0.041591;0.037379;0.039384;2070023.46
20241118 000000;0.039384;0.039599;0.036187;0.037643;2405385.56
20241119 000000;0.037643;0.038901;0.035893;0.037212;2265996.97
20241120 000000;0.037212;0.037236;0.032047;0.033168;2243895.2
20241121 000000;0.033168;0.038512;0.033112;0.038;2563761.44
20241122 000000;0.038;0.041497;0.036278;0.036487;2613598.54
20241123 000000;0.036487;0.03934;0.036075;0.037571;2123665.78
20241124 000000;0.037571;0.040757;0.037148;0.037886;2064652.11
20241125 000000;0.037886;0.039528;0.037592;0.037926;2344714.76
20241126 000000;0.037926;0.03995;0.035771;0.037518;2366131.39
20241127 000000;0.037518;0.040288;0.033491;0.039959;2148127.14
20241128 000000;0.039959;0.04077;0.038419;0.038632;1705215.35
20241129 000000;0.038632;0.048072;0.038171;0.047385;2380035.36
20241130 000000;0.047385;0.047589;0.04087;0.043125;2102966.95
20241201 000000;0.043125;0.047405;0.041318;0.042297;1979607.58
20241202 000000;0.042297;0.043255;0.038172;0.038932;1885784.72
20241203 000000;0.038932;0.048464;0.038707;0.047139;2314935.36
20241204 000000;0.047139;0.048037;0.04447;0.046992;1938056.16
20241205 000000;0.046992;0.05989;0.045832;0.052023;3344427.61
20241206 000000;0.052023;0.063;0.051774;0.059107;1963929.47
20241207 000000;0.059107;0.06036;0.052;0.053818;1826008.43
20241208 000000;0.053818;0.058;0.053273;0.05643;1318356.8
20241209 000000;0.05643;0.059038;0.044503;0.048369;1939881.82
20241210 000000;0.048369;0.050554;0.041835;0.044349;2356636.92
20241211 000000;0.044349;0.052415;0.043388;0.049897;2040955.48
20241212 000000;0.049897;0.050838;0.043449;0.043741;1748089.92
20241213 000000;0.043741;0.045469;0.042569;0.043845;1508148.31
20241214 000000;0.043845;0.044129;0.037578;0.039169;2023605.19
20241215 000000;0.039169;0.041493;0.038679;0.040361;1895497.55
20241216 000000;0.040361;0.041609;0.039179;0.039791;1796814.13
20241217 000000;0.039791;0.041917;0.039463;0.041732;1971884.96
20241218 000000;0.041732;0.049345;0.038137;0.041832;2796424.39
20241219 000000;0.041832;0.042301;0.036245;0.03638;2626962.37
20241220 000000;0.03638;0.039;0.030418;0.033342;3538153.9
20241221 000000;0.033342;0.04454;0.032642;0.03399;2990893.54
20241222 000000;0.03399;0.034911;0.031;0.031194;2084010.19
20241223 000000;0.031194;0.035284;0.02975;0.033995;2784635.88
20241224 000000;0.033995;0.038999;0.033;0.035853;2721964.87
20241225 000000;0.035853;0.036651;0.035;0.036039;1767288.12
20241226 000000;0.036039;0.036416;0.032804;0.033456;1792127.32
20241227 000000;0.033456;0.033973;0.029;0.029898;2643401.52
20241228 000000;0.029898;0.030101;0.026517;0.026702;2617791.73
20241229 000000;0.026702;0.032881;0.026702;0.030115;2612283.98
20241230 000000;0.030115;0.030355;0.028921;0.029127;2127736.47
20241231 000000;0.029127;0.02942;0.027066;0.02822;2261451.45
