20230622 000000;20.8;21.37;20.58;20.72;1404.161
20230623 000000;20.72;21.57;20.58;21.34;1542.222
20230624 000000;21.34;21.39;20.4;20.65;1178.58
20230625 000000;20.65;21.06;20.49;20.73;1412.076
20230626 000000;20.73;21.38;20.14;20.81;7499.235
20230627 000000;20.81;21.06;20.5;20.91;17089.921
20230628 000000;20.91;20.95;19.86;19.98;1252.776
20230629 000000;19.98;20.6;19.91;20.12;1391.508
20230630 000000;20.12;21.01;20.01;20.9;1105.044
20230701 000000;20.9;21.1;20.45;20.73;1104.591
20230702 000000;20.73;20.95;18.02;19.15;3762.831
20230703 000000;19.15;19.94;18.67;19.17;2250.426
20230704 000000;19.17;19.25;18.24;18.43;1851.736
20230705 000000;18.43;18.5;16.34;17.44;4386.277
20230706 000000;17.44;17.82;16.77;17.5;2442.683
20230707 000000;17.5;17.58;16.9;17.16;1972.043
20230708 000000;17.16;17.8;14.37;15.64;12110.355
20230709 000000;15.64;19.36;14.78;18;30902.763
20230710 000000;18;18.25;16.4;17.18;15312.826
20230711 000000;17.18;18.6;16.52;17.9;5042.73
20230712 000000;17.9;18.63;17.02;18.33;3419.698
20230713 000000;18.33;19.32;17.43;18.66;6294.081
20230714 000000;18.66;20.46;17.11;18.11;5662.172
20230715 000000;18.11;18.75;17.26;17.71;3168.613
20230716 000000;17.71;18.39;17.26;17.57;2344.814
20230717 000000;17.57;17.8;17.03;17.34;3581.703
20230718 000000;17.34;17.8;16.55;17.1;3377.324
20230719 000000;17.1;17.25;16.5;17.01;2780.315
20230720 000000;17.01;17.48;16.62;16.99;2684.071
20230721 000000;16.99;17.03;16.35;16.61;2198.753
20230722 000000;16.61;16.83;16.21;16.5;1644.706
20230723 000000;16.5;16.6;15.7;15.96;3614.009
20230724 000000;15.96;16.12;15.3;15.65;4071.434
20230725 000000;15.65;16.01;15.51;15.71;4827.482
20230726 000000;15.71;16.03;15.67;15.87;3525.375
20230727 000000;15.87;16.08;15.35;15.43;5269.328
20230728 000000;15.43;15.91;15.31;15.7;2389.482
20230729 000000;15.7;16.17;15.55;16.14;2484.962
20230730 000000;16.14;16.62;15.99;16.35;7545.611
20230731 000000;16.35;16.4;15;15.67;16163.816
20230801 000000;15.67;15.71;15.3;15.54;5333.692
20230802 000000;15.54;15.67;15.04;15.17;5886.101
20230803 000000;15.17;15.37;15.07;15.13;3624.074
20230804 000000;15.13;15.16;14.76;14.84;4286.04
20230805 000000;14.84;15;14.6;14.96;3804.951
20230806 000000;14.96;15.51;14.65;14.99;5597.321
20230807 000000;14.99;15.07;14.4;14.75;5921.135
20230808 000000;14.75;16.79;14.44;16.16;8945.911
20230809 000000;16.16;16.57;15.78;16.05;5578.982
20230810 000000;16.05;16.21;15.6;15.71;3632.151
20230811 000000;15.71;16.11;15.51;15.57;2455.408
20230812 000000;15.57;15.75;15.5;15.58;1797.959
20230813 000000;15.58;15.9;15.29;15.29;2472.862
20230814 000000;15.29;15.58;14.91;15.01;4752.3
20230815 000000;15.01;15.08;14.53;14.6;5041.158
20230816 000000;14.6;15.02;14.12;14.23;4104.917
20230817 000000;14.23;14.35;12.8;13.52;5068.405
20230818 000000;13.52;13.89;12.83;13.21;4939.122
20230819 000000;13.21;13.35;12.75;13.03;4686.148
20230820 000000;13.03;13.34;12.46;13.06;3491.056
20230821 000000;13.06;13.1;11.7;12.51;5144.022
20230822 000000;12.51;12.56;11.33;12.14;3703.618
20230823 000000;12.14;12.36;11.87;12.24;3061.323
20230824 000000;12.24;12.4;11.79;11.94;4178.364
20230825 000000;11.94;12.1;11.7;11.79;3652.976
20230826 000000;11.79;12.02;11.79;11.94;1660.44
20230827 000000;11.94;12.33;11.94;12.18;3816.719
20230828 000000;12.18;12.18;11.72;12;2773.726
20230829 000000;12;12.53;11.81;12.37;3166.1
20230830 000000;12.37;12.49;11.93;12;2434.762
20230831 000000;12;12.1;11.31;11.48;3339.035
20230901 000000;11.48;12.04;11.19;11.53;3408.973
20230902 000000;11.53;11.64;11.31;11.4;1796.222
20230903 000000;11.4;11.99;11.07;11.55;2391.966
20230904 000000;11.55;12;11.05;11.49;2551.214
20230905 000000;11.49;12;11.32;11.42;3354.832
20230906 000000;11.42;11.61;11;11.27;2407.396
20230907 000000;11.27;11.55;10.58;11.45;4059.49
20230908 000000;11.45;11.58;10.89;11.2;3239.312
20230909 000000;11.2;11.31;10.9;11.22;2506.815
20230910 000000;11.22;11.4;11;11.15;2261.114
20230911 000000;11.15;11.26;10.55;10.62;3214.498
20230912 000000;10.62;10.97;10.54;10.89;2939.375
20230913 000000;10.89;10.97;10.41;10.74;3170.83
20230914 000000;10.74;10.99;10.54;10.86;2727.957
20230915 000000;10.86;10.99;10.26;10.72;4108.43
20230916 000000;10.72;10.82;10.2;10.41;2915.506
20230917 000000;10.41;10.58;10.23;10.33;3237.444
20230918 000000;10.33;11.84;10.3;11.36;11841.827
20230919 000000;11.36;12.1;10.98;11.91;7835.232
20230920 000000;11.91;16.25;11.62;14.05;20228.432
20230921 000000;14.05;14.09;12.6;12.67;6957.782
20230922 000000;12.67;13.87;12.22;13.05;7046.127
20230923 000000;13.05;13.45;12.6;13.33;4310.014
20230924 000000;13.33;13.91;12.96;13.37;6392.503
20230925 000000;13.37;14.56;12.95;14.44;10817.66
20230926 000000;14.44;14.5;13.6;13.94;5090.557
20230927 000000;13.94;14.27;13.4;13.45;6298.157
20230928 000000;13.45;14.5;13.44;14.1;6010.879
20230929 000000;14.1;14.18;13.48;13.61;3322.219
20230930 000000;13.61;14.06;13.06;13.34;6264.511
20231001 000000;13.34;13.77;12.9;13.54;6799.897
20231002 000000;13.54;14.16;13.01;13.33;5044.689
20231003 000000;13.33;13.45;12.77;12.94;5301.842
20231004 000000;12.94;13.34;12.51;12.67;4073.747
20231005 000000;12.67;12.77;12.21;12.42;3482.911
20231006 000000;12.42;15;12.06;12.53;10255.084
20231007 000000;12.53;12.69;12.1;12.29;4111.218
20231008 000000;12.29;12.39;12.07;12.15;3589.147
20231009 000000;12.15;12.27;11.31;11.49;4718.744
20231010 000000;11.49;12.16;11.12;11.62;6460.17
20231011 000000;11.62;11.76;11.46;11.62;3598.202
20231012 000000;11.62;11.72;10.72;11.23;6291.441
20231013 000000;11.23;11.62;11.1;11.33;4418.515
20231014 000000;11.33;11.54;11.24;11.36;3468.094
20231015 000000;11.36;11.71;11.32;11.46;3950.099
20231016 000000;11.46;12.11;11.37;11.62;4792.385
20231017 000000;11.62;11.78;11.14;11.32;3422.687
20231018 000000;11.32;11.88;11.02;11.74;6200.335
20231019 000000;11.74;11.78;11.32;11.51;3302.81
20231020 000000;11.51;12.42;11.37;12.14;5608.576
20231021 000000;12.14;13.58;11.9;12.66;8895.708
20231022 000000;12.66;12.98;12.33;12.8;5878.924
20231023 000000;12.8;13.8;12.59;13.49;11106.156
20231024 000000;13.49;15.09;13.44;13.78;14156.477
20231025 000000;13.78;14.86;13.69;14.03;9209.969
20231026 000000;14.03;14.36;12.7;13.5;4984.354
20231027 000000;13.5;13.7;12.62;12.88;5581.341
20231028 000000;12.88;13.22;12.73;12.85;5044.18
20231029 000000;12.85;13.42;12.61;13.21;5604.115
20231030 000000;13.21;13.66;12.85;13.12;6905.284
20231031 000000;13.12;13.3;11.9;13.24;6391.196
20231101 000000;13.24;14.3;13.04;13.9;10869.177
20231102 000000;13.9;15.89;13.74;14.83;13480.828
20231103 000000;14.83;16.19;14.19;15.59;13882.264
20231104 000000;15.59;17.06;15.23;16.9;10859.057
20231105 000000;16.9;17.06;16.01;16.44;6789.544
20231106 000000;16.44;16.59;15.64;16.31;9652.975
20231107 000000;16.31;17.17;15.82;16.77;7571.207
20231108 000000;16.77;17.5;16.34;17.21;6658.889
20231109 000000;17.21;18.97;16.93;18.81;14474.86
20231110 000000;18.81;21.14;18.8;19.45;21462.044
20231111 000000;19.45;19.82;18.18;18.32;11772.421
20231112 000000;18.32;19.5;18.02;19.08;6018.823
20231113 000000;19.08;21.7;18.81;19.29;17540.388
20231114 000000;19.29;20.99;18.55;19.03;12114.228
20231115 000000;19.03;20.32;17.38;18.83;13504.089
20231116 000000;18.83;20.2;17.5;17.88;10567.937
20231117 000000;17.88;20.05;16.4;17.62;5408.686
20231118 000000;17.62;17.72;17;17.53;9359.33
20231119 000000;17.53;19.66;17.07;19.57;9596.042
20231120 000000;19.57;20.05;17;18.31;11416.731
20231121 000000;18.31;19.1;17.08;17.15;7447.609
20231122 000000;17.15;19.66;17.08;19.16;8170.386
20231123 000000;19.16;19.2;17.91;18.65;6701.002
20231124 000000;18.65;19.65;18.64;19.04;7588.561
20231125 000000;19.04;19.23;18.57;19.01;4116.95
20231126 000000;19.01;19.83;17.72;18.38;5931.349
20231127 000000;18.38;18.61;17.22;17.72;5845.345
20231128 000000;17.72;18.25;17.16;17.91;8307.653
20231129 000000;17.91;19.4;17.79;18.12;12218.174
20231130 000000;18.12;20.4;17.66;19.94;10730.057
20231201 000000;19.94;22;19.66;20.67;15093.71
20231202 000000;20.67;22.19;20.35;22;8752.554
20231203 000000;22;25.4;21.74;24.91;17011.791
20231204 000000;24.91;26;23.02;24.45;18264.93
20231205 000000;24.45;24.73;22.5;23.28;12713.18
20231206 000000;23.28;23.33;21.64;22.03;6215.974
20231207 000000;22.03;24.67;21.84;24.46;10753.79
20231208 000000;24.46;27.13;23.7;26.59;9561.046
20231209 000000;26.59;26.63;24.48;24.78;8332.084
20231210 000000;24.78;25.75;23.88;25.67;8806.997
20231211 000000;25.67;25.99;22.77;23.45;13539.396
20231212 000000;23.45;25.12;23.39;24.11;8886.585
20231213 000000;24.11;25.99;22.8;25.64;9955.461
20231214 000000;25.64;26.34;24.51;25.02;8120.235
20231215 000000;25.02;27.5;24.61;25.01;12549.022
20231216 000000;25.01;25.94;23.66;24.65;14543.668
20231217 000000;24.65;25.52;23.54;23.88;9380.526
20231218 000000;23.88;32.02;21.95;27.75;32792.151
20231219 000000;27.75;29.08;24.89;25.99;25395.784
20231220 000000;25.99;28.55;25.47;27.84;9971.746
20231221 000000;27.84;33.23;27.24;32.03;16915.569
20231222 000000;32.03;40.68;30.72;39.42;28776.183
20231223 000000;39.42;41.94;35.31;36.46;18532.236
20231224 000000;36.46;49;35.75;45.99;22291.593
20231225 000000;45.99;72.32;44.13;68.06;34751.017
20231226 000000;68.06;84.21;60.86;77.8;43896.466
20231227 000000;77.8;94.9;76.54;92.39;45934.298
20231228 000000;92.39;96;73.44;85.75;31132.188
20231229 000000;85.75;93.45;75;84.57;21227.582
20231230 000000;84.57;89.57;74.97;82.91;24665.988
20231231 000000;82.91;85.55;71.6;74.11;9939.249
