20260101 000000;5.007;5.357;4.978;5.119;58365.971
20260102 000000;5.119;5.333;5.025;5.29;78525.044
20260103 000000;5.29;5.478;5.137;5.233;49624.112
20260104 000000;5.233;5.5;5.225;5.299;61634.073
20260105 000000;5.299;5.533;5.175;5.519;73587.965
20260106 000000;5.519;5.756;5.289;5.67;109895.784
20260107 000000;5.67;5.689;5.23;5.331;87374.744
20260108 000000;5.331;5.414;4.937;5.143;65386.471
20260109 000000;5.143;5.164;4.85;5.004;65379.752
20260110 000000;5.004;5.054;4.895;4.958;29821.655
20260111 000000;4.958;5.297;4.946;5.114;85824.085
20260112 000000;5.114;5.296;4.943;5.105;65215.639
20260113 000000;5.105;5.413;5.028;5.34;57146.625
20260114 000000;5.34;6.491;5.276;6.03;348958.989
20260115 000000;6.03;6.2;5.366;5.6;181644.44
20260116 000000;5.6;6.012;5.52;5.732;122239.919
20260117 000000;5.732;6.034;5.589;5.88;89417.432
20260118 000000;5.88;5.947;5.424;5.429;56695.876
20260119 000000;5.429;5.429;4.844;5.153;105494.061
20260120 000000;5.153;5.234;4.737;4.77;70807.635
20260121 000000;4.77;4.986;4.596;4.793;119526.308
20260122 000000;4.793;4.854;4.634;4.657;59299.777
20260123 000000;4.657;4.821;4.604;4.7;49444.566
20260124 000000;4.7;4.942;4.654;4.787;106046.608
20260125 000000;4.787;4.89;4.476;4.55;106048.966
20260126 000000;4.55;4.854;4.513;4.788;68201.154
20260127 000000;4.788;4.789;4.585;4.752;42489.869
20260128 000000;4.752;5.787;4.672;5.199;316518.999
20260129 000000;5.199;5.21;4.573;4.787;180066.839
20260130 000000;4.787;5.13;4.543;4.59;168678.901
20260131 000000;4.59;4.609;3.714;4.037;160982.931
20260201 000000;4.037;4.108;3.729;3.787;63074.093
20260202 000000;3.787;3.988;3.708;3.839;80557.495
20260203 000000;3.839;3.931;3.668;3.788;70783.695
20260204 000000;3.788;3.914;3.643;3.833;80367.346
20260205 000000;3.833;3.931;3.201;3.253;190552.808
20260206 000000;3.253;4.006;2.958;3.913;177650.543
20260207 000000;3.913;4.046;3.692;3.78;78739.564
20260208 000000;3.78;3.793;3.623;3.66;35683.609
20260209 000000;3.66;3.843;3.547;3.779;64359.405
20260210 000000;3.779;3.793;3.602;3.624;50755.377
20260211 000000;3.624;3.709;3.486;3.587;55753.28
20260212 000000;3.587;3.726;3.458;3.555;61389.825
20260213 000000;3.555;3.771;3.413;3.724;48030.216
20260214 000000;3.724;3.752;3.611;3.734;41553.758
20260215 000000;3.734;3.874;3.571;3.688;68058.642
20260216 000000;3.688;3.748;3.56;3.667;54075.731
20260217 000000;3.667;3.67;3.494;3.617;54667.658
20260218 000000;3.617;3.827;3.517;3.553;75280.945
20260219 000000;3.553;3.71;3.469;3.588;64910.836
20260220 000000;3.588;3.691;3.537;3.667;56529.754
20260221 000000;3.667;3.767;3.564;3.596;39813.579
20260222 000000;3.596;3.618;3.436;3.487;42591.11
20260223 000000;3.487;3.487;3.205;3.228;59399.033
20260224 000000;3.228;3.35;3.114;3.124;80395.17
20260225 000000;3.124;3.596;3.111;3.458;87893.688
20260226 000000;3.458;3.478;3.195;3.266;53228.607
20260227 000000;3.266;3.328;3.161;3.258;58043.851
20260228 000000;3.258;3.342;3.009;3.247;117165.828
20260301 000000;3.247;3.317;3.01;3.086;67377.072
20260302 000000;3.086;3.259;3.045;3.129;49577.362
20260303 000000;3.129;3.519;3.084;3.327;111790.179
20260304 000000;3.327;3.65;3.174;3.547;111660.863
20260305 000000;3.547;3.555;3.284;3.325;66450.387
20260306 000000;3.325;3.372;3.164;3.326;81482.636
20260307 000000;3.326;3.347;3.188;3.232;65894.209
20260308 000000;3.232;3.248;3.066;3.105;49733.047
20260309 000000;3.105;3.293;3.099;3.149;82251.063
20260310 000000;3.149;3.3;3.129;3.198;54574.851
20260311 000000;3.198;3.309;3.155;3.253;68632.77
20260312 000000;3.253;3.275;3.189;3.23;46811.641
20260313 000000;3.23;3.404;3.192;3.196;68380.109
20260314 000000;3.196;3.28;3.163;3.232;37673.234
20260315 000000;3.232;3.349;3.199;3.282;63618.684
20260316 000000;3.282;3.443;3.249;3.427;56106.924
20260317 000000;3.427;3.447;3.33;3.422;44085.394
20260318 000000;3.422;3.495;3.189;3.232;71261.162
20260319 000000;3.232;3.232;3.061;3.152;54614.224
20260320 000000;3.152;3.253;3.143;3.183;37765.521
20260321 000000;3.183;3.199;3.029;3.046;45569.105
20260322 000000;3.046;3.129;2.934;3.005;64020.51
20260323 000000;3.005;3.166;2.968;3.144;65235.348
20260324 000000;3.144;3.152;3.023;3.076;42388.037
20260325 000000;3.076;3.231;3.066;3.133;57700.896
20260326 000000;3.133;3.163;2.969;2.996;54369.292
20260327 000000;2.996;3.034;2.831;2.843;59119.078
20260328 000000;2.843;2.882;2.769;2.802;41920.632
20260329 000000;2.802;2.833;2.718;2.769;39029.415
20260330 000000;2.769;2.95;2.767;2.822;47401.83
20260331 000000;2.822;2.974;2.8;2.873;70027.641
20260401 000000;2.873;2.95;2.82;2.896;66438.202
20260402 000000;2.896;2.913;2.747;2.792;60944.547
20260403 000000;2.792;2.88;2.772;2.845;43417.891
20260404 000000;2.845;2.884;2.779;2.81;50277.756
20260405 000000;2.81;2.814;2.717;2.788;43882.143
20260406 000000;2.788;2.952;2.788;2.83;70608.458
20260407 000000;2.83;3.025;2.784;3.021;60991.282
20260408 000000;3.021;3.148;2.904;2.914;72907.494
20260409 000000;2.914;3.073;2.892;2.937;64456.84
20260410 000000;2.937;3.23;2.93;3.164;130833.388
20260411 000000;3.164;3.289;3.069;3.098;81563.729
20260412 000000;3.098;3.11;2.922;2.922;52728.977
20260413 000000;2.922;3.119;2.92;3.084;73669.371
20260414 000000;3.084;3.203;3.012;3.055;42262.193
20260415 000000;3.055;3.16;3;3.103;23508.176
20260416 000000;3.103;3.359;3.085;3.333;35392.803
20260417 000000;3.333;6.258;3.273;4.36;174872.563
20260418 000000;4.36;4.394;3.467;3.528;58897.017
20260419 000000;3.528;3.823;3.393;3.467;36153.154
20260420 000000;3.467;3.851;3.429;3.77;40013.157
20260421 000000;3.77;3.814;3.529;3.602;24835.3
20260422 000000;3.602;3.665;3.488;3.508;22127.25
20260423 000000;3.508;4;3.427;3.73;46555.003
20260424 000000;3.73;3.743;3.542;3.561;18283.039
20260425 000000;3.561;3.67;3.509;3.533;20985.895
20260426 000000;3.533;3.678;3.498;3.6;25745.25
20260427 000000;3.6;3.671;3.455;3.57;20950.04
20260428 000000;3.57;3.618;3.52;3.537;19273.906
20260429 000000;3.537;3.658;3.345;3.456;21399.719
20260430 000000;3.456;3.49;3.313;3.313;18585.629
20260501 000000;3.313;3.423;3.298;3.346;22250.785
20260502 000000;3.346;3.611;3.317;3.561;22104.559
20260503 000000;3.561;3.654;3.475;3.509;24185.414
20260504 000000;3.509;3.722;3.448;3.629;24888.11
20260505 000000;3.629;3.734;3.564;3.643;24973.775
20260506 000000;3.643;3.842;3.619;3.697;22747.813
20260507 000000;3.697;3.988;3.602;3.861;32978.093
20260508 000000;3.861;4.016;3.746;3.972;22764.718
20260509 000000;3.972;4.074;3.855;3.957;27420.978
20260510 000000;3.957;4.073;3.89;4.01;16926.679
20260511 000000;4.01;4.148;3.868;4.094;16603.156
20260512 000000;4.094;4.098;3.804;3.904;14644.706
20260513 000000;3.904;4.018;3.699;3.757;17616.781
20260514 000000;3.757;3.955;3.723;3.864;15616.859
20260515 000000;3.864;3.93;3.575;3.631;18284.246
20260516 000000;3.631;3.691;3.453;3.497;17833.371
20260517 000000;3.497;3.581;3.326;3.434;19497.698
20260518 000000;3.434;3.495;3.345;3.461;18021.758
20260519 000000;3.461;3.49;3.332;3.339;16890.301
20260520 000000;3.339;3.514;3.322;3.468;17903.884
20260521 000000;3.468;3.616;3.437;3.539;19521.989
20260522 000000;3.539;3.634;3.378;3.39;25754.542
20260523 000000;3.39;3.567;3.29;3.453;17361.306
20260524 000000;3.453;3.467;3.204;3.266;20370.328
20260525 000000;3.266;3.383;3.234;3.257;16869.464
20260526 000000;3.257;3.338;3.17;3.311;20466.726
20260527 000000;3.311;3.338;3.155;3.192;19029.285
20260528 000000;3.192;3.217;2.99;3.063;19941.553
20260529 000000;3.063;3.197;2.969;3.179;20442.121
20260530 000000;3.179;3.262;3.081;3.194;20112.13
20260531 000000;3.194;3.309;3.116;3.202;16977.297
20260601 000000;3.202;3.274;3.078;3.199;19976.017
20260602 000000;3.199;3.206;2.924;2.958;22745.525
20260603 000000;2.958;3.129;2.93;2.996;20685.943
20260604 000000;2.996;3.026;2.716;2.793;21641.741
20260605 000000;2.793;2.808;2.414;2.497;41761.406
20260606 000000;2.497;2.527;2.323;2.491;22781.576
20260607 000000;2.491;2.642;2.481;2.579;22315.576
20260608 000000;2.579;2.665;2.529;2.591;21225.777
20260609 000000;2.591;2.592;2.446;2.492;26010.017
20260610 000000;2.492;2.52;2.377;2.425;22578.642
20260611 000000;2.425;2.577;2.425;2.539;23777.47
20260612 000000;2.539;2.591;2.486;2.527;24882.052
20260613 000000;2.527;2.846;2.512;2.744;21614.925
20260614 000000;2.744;2.97;2.671;2.968;23504.452
20260615 000000;2.968;3.219;2.918;3.097;29284.622
20260616 000000;3.097;3.184;3.019;3.082;20042.925
20260617 000000;3.082;3.178;2.973;3.095;25053.494
20260618 000000;3.095;3.228;3.018;3.172;26666.669
20260619 000000;3.172;3.425;3.026;3.382;26344.621
20260620 000000;3.382;3.606;3.276;3.338;18191.495
