20260101 000000;0.0000002223;0.00000025;0.0000002187;0.0000002479;1099543904666
20260102 000000;0.0000002479;0.0000002804;0.0000002427;0.0000002774;5670266081492
20260103 000000;0.0000002774;0.0000003292;0.0000002734;0.0000003206;4009314374904
20260104 000000;0.0000003206;0.0000003499;0.0000003176;0.0000003385;4397994509255
20260105 000000;0.0000003385;0.0000003606;0.0000003138;0.0000003489;2834977976644
20260106 000000;0.0000003489;0.0000003704;0.0000003168;0.0000003439;2830497958913
20260107 000000;0.0000003439;0.0000003516;0.0000003203;0.0000003298;3348364317888
20260108 000000;0.0000003298;0.0000003361;0.0000003023;0.0000003161;2328188699229
20260109 000000;0.0000003161;0.0000003276;0.0000003046;0.0000003147;1953574843731
20260110 000000;0.0000003147;0.0000003399;0.0000003072;0.0000003318;2079585137198
20260111 000000;0.0000003318;0.0000003418;0.0000003199;0.0000003254;2512581413189
20260112 000000;0.0000003254;0.0000003418;0.0000003052;0.0000003123;2780102196436
20260113 000000;0.0000003123;0.0000003638;0.0000003111;0.0000003472;2178760976128
20260114 000000;0.0000003472;0.0000003554;0.0000003275;0.0000003319;2222615338247
20260115 000000;0.0000003319;0.0000003322;0.0000002988;0.0000003049;2750025072968
20260116 000000;0.0000003049;0.0000003078;0.0000002904;0.0000003071;1135094811430
20260117 000000;0.0000003071;0.0000003076;0.0000002987;0.000000302;652013540007
20260118 000000;0.000000302;0.0000003045;0.0000002798;0.0000002798;866458344072
20260119 000000;0.0000002798;0.0000002803;0.00000026;0.0000002718;1195420878912
20260120 000000;0.0000002718;0.0000002742;0.0000002394;0.0000002409;1915439516127
20260121 000000;0.0000002409;0.0000002702;0.0000002403;0.0000002595;1565471246358
20260122 000000;0.0000002595;0.0000002685;0.000000248;0.0000002503;912827497418
20260123 000000;0.0000002503;0.0000002663;0.0000002492;0.000000252;1930532993785
20260124 000000;0.000000252;0.0000002552;0.0000002482;0.0000002502;555543718333
20260125 000000;0.0000002502;0.0000002522;0.0000002209;0.000000227;844997510355
20260126 000000;0.000000227;0.0000002468;0.0000002264;0.000000242;1768688593383
20260127 000000;0.000000242;0.0000002516;0.0000002361;0.0000002461;810257105812
20260128 000000;0.0000002461;0.0000002519;0.000000239;0.0000002403;702591021742
20260129 000000;0.0000002403;0.0000002406;0.000000215;0.0000002254;1119074572283
20260130 000000;0.0000002254;0.0000002265;0.00000021;0.0000002173;1204172643754
20260131 000000;0.0000002173;0.0000002177;0.0000001732;0.0000001962;1897115740703
20260201 000000;0.0000001962;0.0000002;0.0000001816;0.0000001851;1449127035886
20260202 000000;0.0000001851;0.0000001994;0.0000001791;0.0000001937;1213942162335
20260203 000000;0.0000001937;0.0000001977;0.0000001759;0.0000001843;1587390433651
20260204 000000;0.0000001843;0.0000001906;0.000000175;0.0000001851;1515659713834
20260205 000000;0.0000001851;0.0000001866;0.0000001504;0.0000001537;4286377887917
20260206 000000;0.0000001537;0.0000001903;0.0000001414;0.0000001779;5229095600708
20260207 000000;0.0000001779;0.0000001805;0.0000001678;0.0000001782;10290866818513
20260208 000000;0.0000001782;0.0000001803;0.0000001697;0.0000001718;1041065623666
20260209 000000;0.0000001718;0.0000001752;0.0000001617;0.0000001707;1368589097665
20260210 000000;0.0000001707;0.0000001735;0.0000001615;0.0000001642;790845683053
20260211 000000;0.0000001642;0.0000001692;0.0000001573;0.0000001618;1007431172143
20260212 000000;0.0000001618;0.0000001709;0.0000001608;0.0000001672;2037757516770
20260213 000000;0.0000001672;0.000000173;0.0000001603;0.0000001682;2222797856711
20260214 000000;0.0000001682;0.0000001946;0.0000001654;0.0000001899;2447028905413
20260215 000000;0.0000001899;0.0000001954;0.0000001706;0.0000001759;2520310098239
20260216 000000;0.0000001759;0.000000186;0.0000001739;0.0000001798;1142583228377
20260217 000000;0.0000001798;0.0000001818;0.0000001709;0.0000001754;1087587323065
20260218 000000;0.0000001754;0.0000001802;0.0000001675;0.0000001683;1424504753714
20260219 000000;0.0000001683;0.0000001719;0.0000001626;0.0000001692;1209227346820
20260220 000000;0.0000001692;0.0000001772;0.0000001677;0.0000001727;1113219219746
20260221 000000;0.0000001727;0.0000001757;0.0000001701;0.0000001703;655609167045
20260222 000000;0.0000001703;0.0000001725;0.0000001631;0.0000001654;923294101227
20260223 000000;0.0000001654;0.0000001683;0.0000001543;0.0000001575;1454023926233
20260224 000000;0.0000001575;0.0000001606;0.0000001518;0.0000001561;1308227062804
20260225 000000;0.0000001561;0.0000001806;0.0000001558;0.0000001698;1672203177971
20260226 000000;0.0000001698;0.000000173;0.0000001614;0.0000001655;1304763616850
20260227 000000;0.0000001655;0.0000001706;0.000000158;0.0000001605;866649316959
20260228 000000;0.0000001605;0.0000001613;0.0000001475;0.0000001587;1056032306097
20260301 000000;0.0000001587;0.0000001654;0.0000001543;0.0000001571;1014602754585
20260302 000000;0.0000001571;0.0000001674;0.0000001544;0.0000001606;985944590278
20260303 000000;0.0000001606;0.0000001628;0.0000001544;0.0000001589;824488000233
20260304 000000;0.0000001589;0.0000001749;0.0000001554;0.0000001699;1242571054234
20260305 000000;0.0000001699;0.0000001708;0.000000161;0.000000164;848341710222
20260306 000000;0.000000164;0.000000166;0.0000001563;0.000000158;585932483588
20260307 000000;0.000000158;0.0000001581;0.0000001491;0.000000151;514579696397
20260308 000000;0.000000151;0.0000001527;0.000000146;0.0000001508;1028932922978
20260309 000000;0.0000001508;0.0000001568;0.0000001496;0.0000001515;795666905489
20260310 000000;0.0000001515;0.0000001625;0.0000001504;0.0000001575;888644608605
20260311 000000;0.0000001575;0.0000001603;0.0000001549;0.0000001575;731559403469
20260312 000000;0.0000001575;0.0000001624;0.0000001553;0.0000001607;573803521820
20260313 000000;0.0000001607;0.0000001714;0.0000001596;0.0000001603;1379262238171
20260314 000000;0.0000001603;0.0000001644;0.0000001565;0.0000001589;782350055135
20260315 000000;0.0000001589;0.0000001655;0.0000001582;0.0000001634;557352774076
20260316 000000;0.0000001634;0.0000001781;0.0000001627;0.0000001772;1131101819164
20260317 000000;0.0000001772;0.0000001792;0.0000001669;0.0000001738;951120556067
20260318 000000;0.0000001738;0.0000001788;0.0000001573;0.0000001611;1062290792312
20260319 000000;0.0000001611;0.0000001618;0.0000001498;0.0000001528;761762396153
20260320 000000;0.0000001528;0.0000001574;0.0000001492;0.0000001519;728753862116
20260321 000000;0.0000001519;0.0000001537;0.0000001468;0.0000001488;611589907458
20260322 000000;0.0000001488;0.0000001518;0.0000001451;0.000000146;907952639632
20260323 000000;0.000000146;0.0000001573;0.0000001447;0.0000001526;1078442333432
20260324 000000;0.0000001526;0.0000001554;0.0000001492;0.0000001543;627772963123
20260325 000000;0.0000001543;0.0000001587;0.0000001511;0.0000001535;526383310574
20260326 000000;0.0000001535;0.0000001536;0.0000001407;0.0000001437;755339770554
20260327 000000;0.0000001437;0.0000001453;0.0000001392;0.0000001405;760883209308
20260328 000000;0.0000001405;0.0000001448;0.000000139;0.0000001412;742181995275
20260329 000000;0.0000001412;0.0000001433;0.0000001355;0.0000001381;811576194661
20260330 000000;0.0000001381;0.000000147;0.0000001377;0.0000001405;748538554292
20260331 000000;0.0000001405;0.0000001452;0.0000001387;0.0000001441;749829098838
20260401 000000;0.0000001441;0.0000001472;0.0000001416;0.0000001444;503784737309
20260402 000000;0.0000001444;0.0000001462;0.0000001373;0.0000001391;566309756657
20260403 000000;0.0000001391;0.0000001429;0.0000001299;0.0000001329;743366124160
20260404 000000;0.0000001329;0.0000001395;0.0000001311;0.000000137;683499029926
20260405 000000;0.000000137;0.0000001401;0.0000001317;0.0000001398;624776040424
20260406 000000;0.0000001398;0.0000001406;0.0000001299;0.000000133;582660618117
20260407 000000;0.000000133;0.0000001455;0.00000013;0.000000145;798578090007
20260408 000000;0.000000145;0.000000157;0.0000001373;0.0000001376;968261895247
20260409 000000;0.0000001376;0.0000001419;0.0000001317;0.000000135;885253484428
20260410 000000;0.000000135;0.0000001392;0.000000132;0.0000001361;593203480757
20260411 000000;0.0000001361;0.0000001399;0.0000001331;0.0000001365;620339828081
20260412 000000;0.0000001365;0.0000001377;0.0000001279;0.0000001288;773747694393
20260413 000000;0.0000001288;0.0000001401;0.000000128;0.0000001392;742253711922
20260414 000000;0.0000001392;0.0000001401;0.0000001324;0.0000001327;781039202443
20260415 000000;0.0000001327;0.0000001398;0.0000001326;0.0000001371;464756175112
20260416 000000;0.0000001371;0.0000001504;0.0000001361;0.0000001478;616591545896
20260417 000000;0.0000001478;0.0000001604;0.0000001408;0.0000001518;506469099561
20260418 000000;0.0000001518;0.0000001547;0.0000001433;0.0000001444;414567986794
20260419 000000;0.0000001444;0.0000001449;0.000000135;0.0000001351;484608823677
20260420 000000;0.0000001351;0.0000001617;0.000000135;0.0000001597;709674574122
20260421 000000;0.0000001597;0.0000001602;0.0000001476;0.0000001529;769889818393
20260422 000000;0.0000001529;0.0000001893;0.0000001519;0.0000001642;1309413031538
20260423 000000;0.0000001642;0.000000166;0.0000001535;0.0000001576;1290997995842
20260424 000000;0.0000001576;0.0000001632;0.0000001541;0.0000001576;798868026564
20260425 000000;0.0000001576;0.0000001587;0.0000001504;0.0000001519;461033038636
20260426 000000;0.0000001519;0.000000159;0.0000001496;0.0000001567;456218997677
20260427 000000;0.0000001567;0.000000163;0.0000001483;0.0000001541;647115582249
20260428 000000;0.0000001541;0.000000155;0.0000001495;0.0000001515;426793283077
20260429 000000;0.0000001515;0.0000001617;0.0000001466;0.000000149;411311934104
20260430 000000;0.000000149;0.0000001524;0.000000146;0.0000001472;429932340449
20260501 000000;0.0000001472;0.0000001547;0.0000001472;0.0000001512;505844465881
20260502 000000;0.0000001512;0.0000001578;0.0000001498;0.0000001556;539111878993
20260503 000000;0.0000001556;0.0000001602;0.0000001525;0.0000001566;399235568301
20260504 000000;0.0000001566;0.0000001635;0.0000001542;0.0000001558;462395723093
20260505 000000;0.0000001558;0.0000001616;0.0000001496;0.0000001511;602080308435
20260506 000000;0.0000001511;0.0000001631;0.0000001502;0.0000001569;487351998972
20260507 000000;0.0000001569;0.0000001575;0.0000001492;0.0000001541;436794757760
20260508 000000;0.0000001541;0.0000001611;0.000000153;0.0000001582;402922657521
20260509 000000;0.0000001582;0.0000001639;0.0000001579;0.0000001602;479530972111
20260510 000000;0.0000001602;0.0000001803;0.0000001586;0.0000001694;843657312601
20260511 000000;0.0000001694;0.0000001729;0.0000001641;0.0000001724;456296590048
20260512 000000;0.0000001724;0.0000001753;0.0000001617;0.0000001654;456491313352
20260513 000000;0.0000001654;0.0000001744;0.0000001592;0.0000001596;801907431209
20260514 000000;0.0000001596;0.0000001702;0.0000001556;0.0000001643;789517898446
20260515 000000;0.0000001643;0.0000001663;0.0000001504;0.0000001516;549926181090
20260516 000000;0.0000001516;0.0000001521;0.0000001425;0.0000001446;1307538769423
20260517 000000;0.0000001446;0.000000149;0.0000001386;0.0000001422;1018781060922
20260518 000000;0.0000001422;0.0000001431;0.0000001361;0.0000001425;441870944782
20260519 000000;0.0000001425;0.0000001445;0.0000001397;0.0000001405;439389385223
20260520 000000;0.0000001405;0.0000001463;0.0000001392;0.0000001437;397861975099
20260521 000000;0.0000001437;0.0000001474;0.0000001412;0.0000001457;416579840542
20260522 000000;0.0000001457;0.0000001487;0.0000001359;0.0000001372;408761006214
20260523 000000;0.0000001372;0.0000001415;0.0000001308;0.00000014;483202110165
20260524 000000;0.00000014;0.0000001407;0.0000001307;0.0000001341;447033055542
20260525 000000;0.0000001341;0.0000001395;0.000000134;0.0000001364;583054842490
20260526 000000;0.0000001364;0.0000001414;0.0000001335;0.0000001358;423650500826
20260527 000000;0.0000001358;0.0000001389;0.0000001301;0.0000001314;425796380751
20260528 000000;0.0000001314;0.0000001314;0.0000001247;0.0000001284;564629099172
20260529 000000;0.0000001284;0.0000001319;0.0000001254;0.0000001306;493205094760
20260530 000000;0.0000001306;0.0000001338;0.0000001301;0.0000001326;447966814618
20260531 000000;0.0000001326;0.0000001336;0.0000001295;0.0000001317;460412266742
20260601 000000;0.0000001317;0.000000133;0.0000001257;0.0000001299;539066364216
20260602 000000;0.0000001299;0.0000001299;0.0000001188;0.0000001201;499903347237
20260603 000000;0.0000001201;0.0000001263;0.0000001177;0.0000001218;732277912350
20260604 000000;0.0000001218;0.0000001223;0.00000011;0.0000001142;854430097741
20260605 000000;0.0000001142;0.0000001142;0.0000001005;0.0000001044;952295261828
20260606 000000;0.0000001044;0.0000001068;0.0000000979;0.0000001017;1007568425269
20260607 000000;0.0000001017;0.000000111;0.0000001014;0.0000001084;601199248526
20260608 000000;0.0000001084;0.0000001132;0.0000001068;0.0000001101;1033049832658
20260609 000000;0.0000001101;0.0000001107;0.0000001045;0.0000001071;704688452544
20260610 000000;0.0000001071;0.0000001084;0.000000102;0.0000001035;563847405181
20260611 000000;0.0000001035;0.0000001104;0.0000001035;0.0000001087;641045308565
20260612 000000;0.0000001087;0.0000001117;0.0000001069;0.000000108;534814373413
20260613 000000;0.000000108;0.0000001104;0.0000001069;0.0000001089;583103863411
20260614 000000;0.0000001089;0.0000001162;0.0000001054;0.0000001161;530864990936
20260615 000000;0.0000001161;0.0000001236;0.0000001135;0.0000001193;520044117441
20260616 000000;0.0000001193;0.0000001233;0.0000001177;0.0000001197;503902062457
20260617 000000;0.0000001197;0.0000001259;0.0000001176;0.0000001194;604521936419
20260618 000000;0.0000001194;0.0000001202;0.0000001101;0.0000001134;583901265869
20260619 000000;0.0000001134;0.0000001156;0.0000001093;0.0000001142;618511371873
20260620 000000;0.0000001142;0.0000001152;0.0000001109;0.0000001138;393748549252
