20240216 000000;0.00000008;0.000000187;0.00000008;0.0000001217;953787149443
20240217 000000;0.0000001217;0.00000025;0.000000104;0.0000001597;1047576961426
20240218 000000;0.0000001597;0.0000002423;0.0000001511;0.0000002241;821558878101
20240219 000000;0.0000002241;0.000000259;0.0000001898;0.0000002473;659179752312
20240220 000000;0.0000002473;0.0000002568;0.0000001729;0.0000002558;576211404742
20240221 000000;0.0000002558;0.00000027;0.0000002;0.0000002246;394705993113
20240222 000000;0.0000002246;0.0000002333;0.000000169;0.0000001874;400231793417
20240223 000000;0.0000001874;0.0000001888;0.0000001342;0.0000001764;666357692719
20240224 000000;0.0000001764;0.0000001887;0.00000014;0.0000001635;634520057283
20240225 000000;0.0000001635;0.0000001915;0.0000001559;0.0000001736;365536714033
20240226 000000;0.0000001736;0.0000002099;0.0000001702;0.0000001895;344265990480
20240227 000000;0.0000001895;0.0000004759;0.00000018;0.0000003;1107837986236
20240228 000000;0.0000003;0.0000005002;0.0000002675;0.0000004288;1972835715976
20240229 000000;0.0000004288;0.000000493;0.0000003211;0.0000003557;930885212404
20240301 000000;0.0000003557;0.0000005651;0.0000003509;0.0000004742;795954230448
20240302 000000;0.0000004742;0.0000007;0.0000004657;0.0000006244;1341396832052
20240303 000000;0.0000006244;0.00000092;0.0000005854;0.0000007835;1130527047234
20240304 000000;0.0000007835;0.0000009335;0.000000449;0.0000007044;2030873677233
20240305 000000;0.0000007044;0.0000007896;0.0000004508;0.0000007;1673614316720
20240306 000000;0.0000007;0.00000119;0.0000006166;0.0000009497;1858049508752
20240307 000000;0.0000009497;0.00000127;0.0000008011;0.00000115;1597421042983
20240308 000000;0.00000115;0.00000115;0.0000008639;0.000001;989393339824
20240309 000000;0.000001;0.0000011834;0.0000009302;0.0000010798;901054471628
20240310 000000;0.0000010798;0.000001113;0.000000793;0.0000008429;725380700156
20240311 000000;0.0000008429;0.000000999;0.0000007737;0.0000008606;650329783754
20240312 000000;0.0000008606;0.000000975;0.00000072;0.0000008306;891446445353
20240313 000000;0.0000008306;0.0000010984;0.0000007128;0.0000008699;880211906244
20240314 000000;0.0000008699;0.0000013111;0.000000843;0.0000012421;1579269435860
20240315 000000;0.0000012421;0.000001274;0.00000086;0.0000009453;957889490259
20240316 000000;0.0000009453;0.0000009761;0.0000006174;0.0000006902;1162865809491
20240317 000000;0.0000006902;0.0000010639;0.0000006806;0.0000009149;620888181736
20240318 000000;0.0000009149;0.0000010389;0.0000007196;0.0000007373;642981281228
20240319 000000;0.0000007373;0.0000008799;0.0000005767;0.000000721;1001166967259
20240320 000000;0.000000721;0.00000091;0.0000006625;0.000000875;573175900872
20240321 000000;0.000000875;0.000000875;0.0000007;0.0000007217;488474209156
20240322 000000;0.0000007217;0.0000007816;0.00000063;0.0000007264;609952661572
20240323 000000;0.0000007264;0.0000008578;0.0000006846;0.0000007877;394606781621
20240324 000000;0.0000007877;0.0000009999;0.0000007323;0.000000995;820731815742
20240325 000000;0.000000995;0.00000102;0.00000086;0.0000009217;600230693259
20240326 000000;0.0000009217;0.000001034;0.0000008581;0.0000008709;424252346354
20240327 000000;0.0000008709;0.0000008967;0.0000007326;0.0000007646;455042212775
20240328 000000;0.0000007646;0.0000008518;0.0000007008;0.0000008267;492707385458
20240329 000000;0.0000008267;0.0000008756;0.000000611;0.0000006882;2313910113320
20240330 000000;0.0000006882;0.0000008592;0.00000063;0.0000007368;1127682114901
20240331 000000;0.0000007368;0.0000008321;0.0000006483;0.0000007512;1123280806130
20240401 000000;0.0000007512;0.000000761;0.0000005836;0.0000006319;825901691479
20240402 000000;0.0000006319;0.0000006552;0.0000005088;0.0000006124;919911189080
20240403 000000;0.0000006124;0.0000007001;0.0000005513;0.000000564;515705531253
20240404 000000;0.000000564;0.00000062;0.0000005354;0.0000005405;554655396469
20240405 000000;0.0000005405;0.0000005925;0.0000004625;0.0000005598;734087166786
20240406 000000;0.0000005598;0.000000616;0.000000515;0.0000005901;383052463536
20240407 000000;0.0000005901;0.0000007389;0.0000005835;0.0000006072;681842871938
20240408 000000;0.0000006072;0.0000007005;0.0000005522;0.0000006311;628535359431
20240409 000000;0.0000006311;0.000000651;0.0000005478;0.0000005721;521318273019
20240410 000000;0.0000005721;0.0000006318;0.0000005392;0.0000005998;527476444653
20240411 000000;0.0000005998;0.0000006335;0.000000523;0.0000005292;457246402770
20240412 000000;0.0000005292;0.0000005601;0.0000004391;0.0000004876;614997579005
20240413 000000;0.0000004876;0.0000005173;0.00000038;0.0000004692;532207944546
20240414 000000;0.0000004692;0.0000005272;0.0000003966;0.0000005147;505133144370
20240415 000000;0.0000005147;0.0000005578;0.0000004388;0.0000004551;369880281296
20240416 000000;0.0000004551;0.0000004964;0.0000003901;0.0000004873;483531493511
20240417 000000;0.0000004873;0.000000527;0.0000004112;0.0000004256;606472560604
20240418 000000;0.0000004256;0.0000005355;0.0000004139;0.0000005159;956285455781
20240419 000000;0.0000005159;0.0000006054;0.0000004353;0.000000531;786778115725
20240420 000000;0.000000531;0.0000006559;0.000000512;0.0000006495;472034653581
20240421 000000;0.0000006495;0.000000681;0.00000057;0.0000005706;397605433722
20240422 000000;0.0000005706;0.000000655;0.0000005533;0.0000006379;472608789762
20240423 000000;0.0000006379;0.0000007116;0.0000005729;0.0000006568;635440709680
20240424 000000;0.0000006568;0.0000008105;0.000000635;0.0000006674;615984353737
20240425 000000;0.0000006674;0.0000007201;0.000000614;0.0000006736;335927419488
20240426 000000;0.0000006736;0.00000072;0.0000005873;0.0000006282;400366230722
20240427 000000;0.0000006282;0.0000006812;0.0000005652;0.0000006651;302989792442
20240428 000000;0.0000006651;0.0000006781;0.0000005715;0.0000005921;240746861604
20240429 000000;0.0000005921;0.0000006193;0.0000005554;0.0000006067;210479623815
20240430 000000;0.0000006067;0.0000006306;0.00000049;0.0000005428;311145253868
20240501 000000;0.0000005428;0.000000575;0.0000004801;0.0000005347;283187072089
20240502 000000;0.0000005347;0.0000005905;0.0000004961;0.000000566;250955669532
20240503 000000;0.000000566;0.0000006227;0.0000005426;0.0000005964;336571257496
20240504 000000;0.0000005964;0.0000006184;0.0000005664;0.0000005881;238764037399
20240505 000000;0.0000005881;0.0000005897;0.0000005183;0.0000005598;266241587374
20240506 000000;0.0000005598;0.0000006095;0.0000005187;0.0000005278;368594606722
20240507 000000;0.0000005278;0.000000556;0.00000046;0.0000004702;409562749032
20240508 000000;0.0000004702;0.0000005055;0.0000004534;0.0000004563;212752570524
20240509 000000;0.0000004563;0.0000004949;0.0000004251;0.0000004801;510953522608
20240510 000000;0.0000004801;0.0000004921;0.0000004385;0.0000004464;317930600095
20240511 000000;0.0000004464;0.000000497;0.0000004373;0.0000004545;391430963459
20240512 000000;0.0000004545;0.0000004798;0.0000004445;0.0000004517;183604781848
20240513 000000;0.0000004517;0.0000005699;0.000000393;0.0000005517;564140689839
20240514 000000;0.0000005517;0.0000006144;0.0000005044;0.0000005516;507118306000
20240515 000000;0.0000005516;0.00000075;0.0000005206;0.0000007019;478323229780
20240516 000000;0.0000007019;0.00000075;0.0000006124;0.0000006426;470271079194
20240517 000000;0.0000006426;0.0000007949;0.0000005946;0.0000007079;609724066890
20240518 000000;0.0000007079;0.0000007269;0.0000005545;0.0000005898;616162083282
20240519 000000;0.0000005898;0.000000671;0.0000005193;0.0000005333;486481109631
20240520 000000;0.0000005333;0.0000008845;0.0000005214;0.0000007924;1165184302756
20240521 000000;0.0000007924;0.0000010184;0.0000007509;0.000000975;1755756546367
20240522 000000;0.000000975;0.0000009786;0.0000008629;0.0000009047;606584553990
20240523 000000;0.0000009047;0.00000116;0.0000008228;0.0000011254;1228511501333
20240524 000000;0.0000011254;0.0000011288;0.0000009159;0.0000009634;456570517838
20240525 000000;0.0000009634;0.0000011207;0.0000009466;0.0000010683;526972060168
20240526 000000;0.0000010683;0.000001295;0.00000099;0.0000012298;582162926104
20240527 000000;0.0000012298;0.0000017;0.0000012144;0.0000015072;1042261538491
20240528 000000;0.0000015072;0.0000015897;0.0000013333;0.0000014531;780194524949
20240529 000000;0.0000014531;0.000001825;0.0000013586;0.0000014281;815375934797
20240530 000000;0.0000014281;0.00000157;0.0000011517;0.0000013711;826669393173
20240531 000000;0.0000013711;0.0000016147;0.000001242;0.0000014224;515272976281
20240601 000000;0.0000014224;0.0000015963;0.0000013082;0.0000015286;522392304148
20240602 000000;0.0000015286;0.0000015766;0.0000012382;0.0000013058;700374603592
20240603 000000;0.0000013058;0.00000155;0.0000012837;0.0000013308;480241340217
20240604 000000;0.0000013308;0.0000015191;0.0000012853;0.000001433;520121044753
20240605 000000;0.000001433;0.0000014712;0.0000013226;0.0000014081;351402804971
20240606 000000;0.0000014081;0.0000017229;0.00000135;0.0000013727;850986507118
20240607 000000;0.0000013727;0.0000014788;0.0000010686;0.0000012453;1220775125585
20240608 000000;0.0000012453;0.0000012453;0.00000108;0.0000011194;291489201565
20240609 000000;0.0000011194;0.00000118;0.000001025;0.0000011267;278805848824
20240610 000000;0.0000011267;0.0000012645;0.0000010713;0.0000011727;569446614203
20240611 000000;0.0000011727;0.000001193;0.00000095;0.0000010597;666445818906
20240612 000000;0.0000010597;0.0000012086;0.0000009626;0.0000009859;473557691181
20240613 000000;0.0000009859;0.0000009859;0.0000008555;0.0000008992;502017577837
20240614 000000;0.0000008992;0.0000009233;0.0000007718;0.000000879;543038965654
20240615 000000;0.000000879;0.0000009512;0.0000008344;0.0000008705;363113880732
20240616 000000;0.0000008705;0.00000094;0.0000008088;0.0000009225;250189783119
20240617 000000;0.0000009225;0.0000009626;0.0000007577;0.0000007634;297709924463
20240618 000000;0.0000007634;0.0000008456;0.0000006889;0.000000828;423094828848
20240619 000000;0.000000828;0.0000009498;0.0000008157;0.0000008715;341481464635
20240620 000000;0.0000008715;0.00000097;0.0000008038;0.0000008141;230470770462
20240621 000000;0.0000008141;0.0000010499;0.0000007835;0.0000009805;375663535146
20240622 000000;0.0000009805;0.000001106;0.0000008958;0.000001096;340786645826
20240623 000000;0.000001096;0.00000125;0.0000009657;0.0000009747;480408007616
20240624 000000;0.0000009747;0.0000013996;0.000000904;0.0000013015;1058124876619
20240625 000000;0.0000013015;0.000001685;0.0000013015;0.0000014549;761356566880
20240626 000000;0.0000014549;0.0000016151;0.000001333;0.0000013955;529068623487
20240627 000000;0.0000013955;0.0000018899;0.0000012954;0.0000018103;920337407203
20240628 000000;0.0000018103;0.000001981;0.0000016073;0.0000017421;738359596904
20240629 000000;0.0000017421;0.0000021237;0.0000016499;0.0000018355;721986996542
20240630 000000;0.0000018355;0.0000019269;0.0000016615;0.0000018612;493821998469
20240701 000000;0.0000018612;0.0000021209;0.000001738;0.0000017466;493548598128
20240702 000000;0.0000017466;0.0000019513;0.0000015569;0.0000016034;422853065161
20240703 000000;0.0000016034;0.0000016096;0.000001351;0.0000013944;483162312320
20240704 000000;0.0000013944;0.00000154;0.0000012779;0.0000013897;548411289996
20240705 000000;0.0000013897;0.0000015099;0.0000011156;0.0000014716;1087236702911
20240706 000000;0.0000014716;0.0000016134;0.0000013617;0.0000015767;491641756030
20240707 000000;0.0000015767;0.0000015767;0.0000012455;0.0000012513;426539138881
20240708 000000;0.0000012513;0.0000014433;0.0000011388;0.0000013485;586032079368
20240709 000000;0.0000013485;0.0000015896;0.0000013154;0.0000015127;585180039821
20240710 000000;0.0000015127;0.0000017888;0.0000014463;0.000001612;551514364205
20240711 000000;0.000001612;0.0000019182;0.0000015744;0.0000016149;502571272035
20240712 000000;0.0000016149;0.0000017594;0.0000015522;0.0000015884;446923672887
20240713 000000;0.0000015884;0.0000017125;0.000001525;0.0000016181;426195259681
20240714 000000;0.0000016181;0.0000019851;0.0000016153;0.0000019139;568720295365
20240715 000000;0.0000019139;0.0000022977;0.0000018745;0.0000022351;708215087672
20240716 000000;0.0000022351;0.0000022769;0.0000019044;0.0000021016;756085058903
20240717 000000;0.0000021016;0.0000023899;0.0000019898;0.00000199;482262113121
20240718 000000;0.00000199;0.000002115;0.0000018135;0.0000019436;303063408307
20240719 000000;0.0000019436;0.00000232;0.0000018528;0.0000022549;422268382072
20240720 000000;0.0000022549;0.0000023286;0.0000019957;0.0000022202;406266938691
20240721 000000;0.0000022202;0.000002465;0.0000020778;0.0000023631;531919560487
20240722 000000;0.0000023631;0.0000023887;0.0000020225;0.0000020532;333634359639
20240723 000000;0.0000020532;0.0000021966;0.0000018507;0.0000020262;552145266074
20240724 000000;0.0000020262;0.0000020321;0.0000017366;0.0000017366;338133237644
20240725 000000;0.0000017366;0.00000179;0.0000015788;0.0000017001;659902556418
20240726 000000;0.0000017001;0.00000187;0.0000016955;0.0000017161;291334049879
20240727 000000;0.0000017161;0.0000018935;0.0000016026;0.0000017772;532148741228
20240728 000000;0.0000017772;0.0000017827;0.0000016446;0.0000016731;313931956554
20240729 000000;0.0000016731;0.00000197;0.0000016556;0.0000018916;506950575737
20240730 000000;0.0000018916;0.0000021326;0.000001848;0.0000019383;591365123458
20240731 000000;0.0000019383;0.0000022;0.0000018856;0.0000019377;508454313157
20240801 000000;0.0000019377;0.0000019772;0.0000015625;0.0000016889;593412316094
20240802 000000;0.0000016889;0.0000017393;0.0000013474;0.0000013862;565449907653
20240803 000000;0.0000013862;0.0000014539;0.000001212;0.0000012862;401136112952
20240804 000000;0.0000012862;0.0000014586;0.0000011189;0.0000013092;560095918715
20240805 000000;0.0000013092;0.0000013288;0.0000007343;0.0000011214;2012440316957
20240806 000000;0.0000011214;0.0000013675;0.0000011192;0.0000011978;843693407584
20240807 000000;0.0000011978;0.0000014497;0.0000011583;0.0000011785;911027847766
20240808 000000;0.0000011785;0.0000016824;0.0000011685;0.000001578;913676605266
20240809 000000;0.000001578;0.0000016242;0.0000013934;0.000001494;539070267234
20240810 000000;0.000001494;0.0000015267;0.0000014131;0.0000014369;272209262032
20240811 000000;0.0000014369;0.000001597;0.0000012562;0.0000013018;549238743134
20240812 000000;0.0000013018;0.0000014383;0.00000124;0.0000014044;478814403668
20240813 000000;0.0000014044;0.0000014516;0.0000013038;0.0000013841;339101527540
20240814 000000;0.0000013841;0.0000015;0.0000012662;0.0000012791;458539437195
20240815 000000;0.0000012791;0.0000012848;0.0000010201;0.0000011185;767066343999
20240816 000000;0.0000011185;0.0000011585;0.0000009443;0.0000009977;474537594316
20240817 000000;0.0000009977;0.0000010512;0.0000009556;0.0000009974;322174300238
20240818 000000;0.0000009974;0.000001133;0.0000009554;0.0000010008;375964098332
20240819 000000;0.0000010008;0.000001094;0.000000949;0.0000010825;521376919271
20240820 000000;0.0000010825;0.0000011897;0.000001005;0.0000010454;987527012980
20240821 000000;0.0000010454;0.0000011336;0.000001;0.0000010987;349488512907
20240822 000000;0.0000010987;0.0000012296;0.0000010636;0.0000011712;403984570334
20240823 000000;0.0000011712;0.0000014388;0.0000011666;0.0000013485;485238666842
20240824 000000;0.0000013485;0.0000014381;0.0000012825;0.0000013433;333912977618
20240825 000000;0.0000013433;0.0000013474;0.0000011831;0.0000012292;318018286250
20240826 000000;0.0000012292;0.0000012387;0.0000010386;0.0000010892;437481121970
20240827 000000;0.0000010892;0.0000011169;0.0000009847;0.0000010113;307420851330
20240828 000000;0.0000010113;0.0000010851;0.0000009505;0.0000010072;397469326700
20240829 000000;0.0000010072;0.0000010831;0.0000009335;0.000000965;408156983794
20240830 000000;0.000000965;0.0000009667;0.0000008511;0.0000009126;290084709517
20240831 000000;0.0000009126;0.000000999;0.000000897;0.0000009295;315819707162
20240901 000000;0.0000009295;0.0000009492;0.0000008701;0.0000008865;230200681433
20240902 000000;0.0000008865;0.0000009611;0.0000008545;0.0000009541;199696722472
20240903 000000;0.0000009541;0.000000998;0.0000008687;0.0000008711;167261701021
20240904 000000;0.0000008711;0.0000009085;0.0000008221;0.0000008657;264862071183
20240905 000000;0.0000008657;0.0000008801;0.0000007635;0.0000007669;343682115540
20240906 000000;0.0000007669;0.0000008401;0.0000006962;0.0000007563;494362259765
20240907 000000;0.0000007563;0.000000813;0.0000007554;0.0000007733;289127353792
20240908 000000;0.0000007733;0.0000008502;0.0000007697;0.0000008365;137474342870
20240909 000000;0.0000008365;0.0000009357;0.0000008173;0.0000008973;391948347565
20240910 000000;0.0000008973;0.0000010468;0.0000008802;0.0000010163;368064761052
20240911 000000;0.0000010163;0.0000010215;0.0000009;0.0000009803;311640525652
20240912 000000;0.0000009803;0.0000010323;0.000000949;0.0000010225;356520857775
20240913 000000;0.0000010225;0.0000011251;0.0000009621;0.0000010786;301704756824
20240914 000000;0.0000010786;0.000001105;0.0000010065;0.0000010234;195493078033
20240915 000000;0.0000010234;0.0000010505;0.0000009174;0.0000009301;217160744149
20240916 000000;0.0000009301;0.0000009464;0.0000008782;0.0000009006;230399663599
20240917 000000;0.0000009006;0.0000010004;0.0000008817;0.0000009408;283303812043
20240918 000000;0.0000009408;0.0000010158;0.0000008872;0.0000010152;308134108717
20240919 000000;0.0000010152;0.0000012394;0.0000010151;0.0000011637;600890123319
20240920 000000;0.0000011637;0.000001283;0.0000011371;0.0000011968;243312939700
20240921 000000;0.0000011968;0.0000012256;0.0000011491;0.0000012187;76829635134
20240922 000000;0.0000012187;0.0000012272;0.0000010755;0.0000011224;121457052075
20240923 000000;0.0000011224;0.0000012564;0.0000010922;0.0000011997;205507957381
20240924 000000;0.0000011997;0.0000013309;0.0000011583;0.0000013281;301314444664
20240925 000000;0.0000013281;0.0000013898;0.000001255;0.0000013119;146512544247
20240926 000000;0.0000013119;0.0000015285;0.0000012774;0.0000014532;305672422443
20240927 000000;0.0000014532;0.0000016956;0.0000014532;0.0000015687;292527224673
20240928 000000;0.0000015687;0.0000016846;0.0000014306;0.000001618;264332503363
20240929 000000;0.000001618;0.000001687;0.0000015203;0.0000016418;160085932219
20240930 000000;0.0000016418;0.0000016418;0.0000014595;0.0000014794;211095883102
20241001 000000;0.0000014794;0.0000017351;0.0000013647;0.0000014522;507941429477
20241002 000000;0.0000014522;0.0000016;0.00000125;0.0000013161;406678234408
20241003 000000;0.0000013161;0.0000014372;0.0000012421;0.000001341;234226755798
20241004 000000;0.000001341;0.0000015679;0.0000013139;0.0000015143;252537918007
20241005 000000;0.0000015143;0.0000015741;0.0000014267;0.0000014519;164777054689
20241006 000000;0.0000014519;0.0000015608;0.0000014175;0.0000015608;251283885437
20241007 000000;0.0000015608;0.0000018576;0.0000015509;0.0000016075;494160584762
20241008 000000;0.0000016075;0.0000017463;0.0000015234;0.0000016194;364937790047
20241009 000000;0.0000016194;0.00000163;0.0000013767;0.0000014248;304533720293
20241010 000000;0.0000014248;0.0000015098;0.0000013311;0.0000014437;286110837636
20241011 000000;0.0000014437;0.00000176;0.0000014321;0.0000016685;323842463732
20241012 000000;0.0000016685;0.0000019;0.0000016685;0.0000018344;351279645035
20241013 000000;0.0000018344;0.0000019993;0.0000017644;0.0000019993;363850327425
20241014 000000;0.0000019993;0.00000219;0.0000018611;0.0000020931;479092984868
20241015 000000;0.0000020931;0.000002139;0.0000018;0.0000018741;399370393220
20241016 000000;0.0000018741;0.0000022;0.0000018139;0.0000020476;358376943575
20241017 000000;0.0000020476;0.0000021499;0.0000018992;0.0000019569;258889313767
20241018 000000;0.0000019569;0.0000021997;0.0000019481;0.0000021424;273149335271
20241019 000000;0.0000021424;0.0000021452;0.0000019794;0.0000020487;194965504020
20241020 000000;0.0000020487;0.000002379;0.0000020181;0.0000022778;295575819125
20241021 000000;0.0000022778;0.000002375;0.0000020832;0.0000021068;222311120383
20241022 000000;0.0000021068;0.0000021745;0.00000194;0.0000020063;298539148702
20241023 000000;0.0000020063;0.0000020479;0.0000017166;0.0000019134;358155491861
20241024 000000;0.0000019134;0.0000021439;0.000001893;0.0000019363;223330755178
20241025 000000;0.0000019363;0.00000199;0.0000016;0.0000016711;327517802050
20241026 000000;0.0000016711;0.0000018711;0.0000016227;0.0000017729;277227027096
20241027 000000;0.0000017729;0.0000018111;0.00000168;0.0000017157;218085188228
20241028 000000;0.0000017157;0.0000018963;0.0000016549;0.0000018422;239674287370
20241029 000000;0.0000018422;0.0000020391;0.0000018197;0.0000019888;312776520551
20241030 000000;0.0000019888;0.000002052;0.0000018599;0.0000020167;293001675255
20241031 000000;0.0000020167;0.0000021894;0.0000019201;0.0000019866;311121561949
20241101 000000;0.0000019866;0.0000020604;0.0000018521;0.000001893;216867100551
20241102 000000;0.000001893;0.0000019329;0.0000018334;0.0000018568;91827766366
20241103 000000;0.0000018568;0.0000018668;0.0000016261;0.0000017333;263200277082
20241104 000000;0.0000017333;0.000001782;0.0000016402;0.0000017399;168361534638
20241105 000000;0.0000017399;0.0000019572;0.0000017385;0.000001912;278506316675
20241106 000000;0.000001912;0.0000022895;0.0000019111;0.0000022504;387577599855
20241107 000000;0.0000022504;0.0000026798;0.0000019187;0.0000021224;17335496565913
20241108 000000;0.0000021224;0.0000021824;0.000001901;0.0000020062;1680763860689
20241109 000000;0.0000020062;0.000002099;0.0000019005;0.0000020557;322117228731
20241110 000000;0.0000020557;0.000002232;0.0000019217;0.0000020183;714981108135
20241111 000000;0.0000020183;0.000002144;0.0000018451;0.0000019257;675694096911
20241112 000000;0.0000019257;0.00000199;0.0000016888;0.00000182;893370969330
20241113 000000;0.00000182;0.0000024555;0.0000016279;0.0000024088;1462190581845
20241114 000000;0.0000024088;0.00000265;0.0000021925;0.000002345;806436191131
20241115 000000;0.000002345;0.00000295;0.0000022272;0.0000027956;604376709246
20241116 000000;0.0000027956;0.000002997;0.0000026;0.0000026474;371293674521
20241117 000000;0.0000026474;0.0000027882;0.0000024146;0.0000024547;295121193762
20241118 000000;0.0000024547;0.0000025637;0.000002312;0.0000023849;314031412903
20241119 000000;0.0000023849;0.0000025366;0.0000022929;0.0000024033;2636271854034
20241120 000000;0.0000024033;0.0000024244;0.0000020007;0.0000020701;4023725418240
20241121 000000;0.0000020701;0.000002868;0.0000020632;0.0000025651;8992355266534
20241122 000000;0.0000025651;0.000003;0.0000024366;0.0000026207;7209488356039
20241123 000000;0.0000026207;0.000002778;0.000002467;0.0000026435;4363386073074
20241124 000000;0.0000026435;0.0000027202;0.0000023771;0.0000026085;3724274634526
20241125 000000;0.0000026085;0.0000028794;0.000002415;0.0000024727;3604867406170
20241126 000000;0.0000024727;0.0000025483;0.0000022066;0.0000023533;2889374865947
20241127 000000;0.0000023533;0.0000026796;0.0000023218;0.0000025707;2736392162272
20241128 000000;0.0000025707;0.0000025976;0.00000234;0.0000024493;1736580137384
20241129 000000;0.0000024493;0.0000026028;0.00000234;0.0000025196;2157443688523
20241130 000000;0.0000025196;0.0000027;0.0000024735;0.0000025854;1887739561812
20241201 000000;0.0000025854;0.0000026396;0.00000235;0.0000024003;3018925942753
20241202 000000;0.0000024003;0.0000024806;0.0000021424;0.0000022219;3791475612974
20241203 000000;0.0000022219;0.00000348;0.0000020654;0.000002471;8150687603114
20241204 000000;0.000002471;0.0000024959;0.000002219;0.000002331;5583966578106
20241205 000000;0.000002331;0.0000029441;0.0000022;0.0000028605;7139802744991
20241206 000000;0.0000028605;0.0000039999;0.0000028207;0.0000037403;14828686078773
20241207 000000;0.0000037403;0.0000040439;0.0000035998;0.0000038344;6747553384820
20241208 000000;0.0000038344;0.0000038953;0.0000035857;0.00000379;2751656333678
20241209 000000;0.00000379;0.0000038785;0.000003;0.0000034806;1167958513802
20241210 000000;0.0000034806;0.0000037386;0.0000030093;0.0000033399;1917934821619
20241211 000000;0.0000033399;0.0000035631;0.0000031249;0.0000032999;779728838264
20241212 000000;0.0000032999;0.0000033304;0.0000029788;0.0000030922;602572404970
20241213 000000;0.0000030922;0.0000032519;0.0000030308;0.0000031007;396885444432
20241214 000000;0.0000031007;0.0000031818;0.00000285;0.0000029399;348269406214
20241215 000000;0.0000029399;0.00000311;0.000002832;0.0000030694;419404419780
20241216 000000;0.0000030694;0.0000031489;0.0000029061;0.0000030001;435926989691
20241217 000000;0.0000030001;0.0000030391;0.0000026704;0.0000027252;437736777446
20241218 000000;0.0000027252;0.0000027867;0.00000248;0.0000025056;700139080328
20241219 000000;0.0000025056;0.0000026003;0.0000022057;0.0000023387;1007920575359
20241220 000000;0.0000023387;0.0000024113;0.0000019726;0.0000022887;1090742167713
20241221 000000;0.0000022887;0.0000023185;0.0000019558;0.0000020048;729102539147
20241222 000000;0.0000020048;0.0000022485;0.0000019695;0.0000020963;610175758044
20241223 000000;0.0000020963;0.000002376;0.0000020394;0.000002328;630237263109
20241224 000000;0.000002328;0.0000025315;0.0000022452;0.000002466;753781561738
20241225 000000;0.000002466;0.0000026071;0.0000024468;0.0000024807;829650921620
20241226 000000;0.0000024807;0.0000024962;0.0000021783;0.0000021899;1080781406935
20241227 000000;0.0000021899;0.000002357;0.00000215;0.000002233;1498513235152
20241228 000000;0.000002233;0.0000023999;0.000002184;0.0000023556;799425410861
20241229 000000;0.0000023556;0.0000023563;0.0000020601;0.0000020964;691087163720
20241230 000000;0.0000020964;0.0000021785;0.0000020534;0.0000020982;542843859667
20241231 000000;0.0000020982;0.0000022288;0.0000020104;0.0000020223;358450387891
