20250101 000000;0.1665;0.1782;0.162;0.1705;713118.9
20250102 000000;0.1705;0.1911;0.16;0.1662;869270.26
20250103 000000;0.1662;0.1992;0.1601;0.1921;910557.05
20250104 000000;0.1921;0.2398;0.1851;0.2232;1301246.63
20250105 000000;0.2232;0.2235;0.1925;0.2002;838220.02
20250106 000000;0.2002;0.2128;0.1859;0.1882;515790.55
20250107 000000;0.1882;0.1937;0.1596;0.1661;632437.79
20250108 000000;0.1661;0.1687;0.1455;0.1557;383426.2
20250109 000000;0.1557;0.1729;0.135;0.1384;669726.4
20250110 000000;0.1384;0.1472;0.119;0.1407;720255.16
20250111 000000;0.1407;0.158;0.1359;0.1385;331938.15
20250112 000000;0.1385;0.1516;0.1357;0.1387;277814.81
20250113 000000;0.1387;0.1473;0.1219;0.1448;385484.27
20250114 000000;0.1448;0.1781;0.1367;0.158;551105.04
20250115 000000;0.158;0.163;0.1474;0.1621;443359.67
20250116 000000;0.1621;0.1679;0.155;0.1606;670091.39
20250117 000000;0.1606;0.1739;0.1567;0.1672;618487.72
20250118 000000;0.1672;0.1762;0.1338;0.1402;757975.24
20250119 000000;0.1402;0.1479;0.1164;0.121;909147.62
20250120 000000;0.121;0.1307;0.1122;0.1182;855849.1
20250121 000000;0.1182;0.1292;0.1081;0.1176;887267.5
20250122 000000;0.1176;0.1238;0.101;0.1088;1130760.98
20250123 000000;0.1088;0.1133;0.096;0.1006;1143290.68
20250124 000000;0.1006;0.10306;0.085;0.096;1470582.98
20250125 000000;0.096;0.1036;0.0813;0.0826;1059666.47
20250126 000000;0.0826;0.11844;0.0772;0.11027;1720908.96
20250127 000000;0.11027;0.11048;0.07426;0.1004;1704528.89
20250128 000000;0.1004;0.12;0.08961;0.0912;831958.57
20250129 000000;0.0912;0.10759;0.08674;0.1014;788783.51
20250130 000000;0.1014;0.10649;0.09478;0.0983;765648.34
20250131 000000;0.0983;0.09868;0.0889;0.0916;680100.72
20250201 000000;0.0916;0.0927;0.07578;0.0773;787856.05
20250202 000000;0.0773;0.08792;0.06274;0.06825;1273837.46
20250203 000000;0.06825;0.0805;0.0574;0.07687;1642481.92
20250204 000000;0.07687;0.07754;0.06524;0.07159;1115776.65
20250205 000000;0.07159;0.09612;0.07029;0.0738;1469061.46
20250206 000000;0.0738;0.08962;0.06268;0.06341;993490.9
20250207 000000;0.06341;0.07009;0.058;0.05893;1215933.06
20250208 000000;0.05893;0.06653;0.0589;0.06106;1150127.85
20250209 000000;0.06106;0.07246;0.05847;0.06977;1216636.17
20250210 000000;0.06977;0.06994;0.05782;0.06385;1179144.07
20250211 000000;0.06385;0.06638;0.05797;0.0632;1292944.29
20250212 000000;0.0632;0.06628;0.05824;0.06347;1200929.76
20250213 000000;0.06347;0.06439;0.05608;0.05936;1280572.63
20250214 000000;0.05936;0.06061;0.04955;0.05551;1827621.33
20250215 000000;0.05551;0.0563;0.043;0.04586;1936434.31
20250216 000000;0.04586;0.048;0.04278;0.0451;1661272.14
20250217 000000;0.0451;0.04692;0.03818;0.03833;2145845.24
20250218 000000;0.03833;0.0438;0.03518;0.04288;2381921
20250219 000000;0.04288;0.04301;0.03542;0.03717;1884012.33
20250220 000000;0.03717;0.04764;0.03575;0.04653;2274148.9
20250221 000000;0.04653;0.0588;0.04625;0.05022;1864975.09
20250222 000000;0.05022;0.069;0.04991;0.06504;1537327.38
20250223 000000;0.06504;0.07664;0.05946;0.06472;1447013.83
20250224 000000;0.06472;0.06821;0.04793;0.0505;1360431.45
20250225 000000;0.0505;0.05417;0.04239;0.04455;1997033.11
20250226 000000;0.04455;0.0485;0.04076;0.04587;1773084.74
20250227 000000;0.04587;0.0533;0.04304;0.0448;1594083.38
20250228 000000;0.0448;0.04546;0.038;0.04373;1988987.28
20250301 000000;0.04373;0.05082;0.04306;0.04621;1432191.73
20250302 000000;0.04621;0.05211;0.04194;0.05013;1453986.7
20250303 000000;0.05013;0.05791;0.04467;0.04587;1500296.06
20250304 000000;0.04587;0.05466;0.0389;0.04454;1989709.2
20250305 000000;0.04454;0.04693;0.04169;0.0431;1415666.61
20250306 000000;0.0431;0.04797;0.04272;0.04447;1385768.03
20250307 000000;0.04447;0.04583;0.04212;0.04303;1333312.25
20250308 000000;0.04303;0.0431;0.03717;0.03935;1584506.37
20250309 000000;0.03935;0.03935;0.03052;0.03333;1929541.11
20250310 000000;0.03333;0.03531;0.02763;0.0289;2895140.37
20250311 000000;0.0289;0.0312;0.02504;0.03035;3074396.16
20250312 000000;0.03035;0.03314;0.0283;0.03046;2235840.82
20250313 000000;0.03046;0.04301;0.02935;0.04259;2142456.25
20250314 000000;0.04259;0.04524;0.03441;0.03591;2013664.83
20250315 000000;0.03591;0.0955;0.03405;0.06181;5067733.36
20250316 000000;0.06181;0.07736;0.05;0.05682;2463551.58
20250317 000000;0.05682;0.07;0.05679;0.06591;1565763.87
20250318 000000;0.06591;0.0662;0.05535;0.05861;1325519.09
20250319 000000;0.05861;0.06193;0.05379;0.05712;1265972.36
20250320 000000;0.05712;0.08473;0.05706;0.07853;1631709.75
20250321 000000;0.07853;0.08666;0.06617;0.06782;1265789.02
20250322 000000;0.06782;0.07252;0.06393;0.07205;1028037.93
20250323 000000;0.07205;0.07293;0.0582;0.0595;1304205.27
20250324 000000;0.0595;0.07299;0.0588;0.06628;1211095.72
20250325 000000;0.06628;0.06635;0.05541;0.05763;1100410.73
20250326 000000;0.05763;0.06092;0.05601;0.05762;1127555.09
20250327 000000;0.05762;0.07248;0.05624;0.06893;1251593.19
20250328 000000;0.06893;0.078;0.06;0.06091;1437554.32
20250329 000000;0.06091;0.0638;0.05455;0.05493;1144624.82
20250330 000000;0.05493;0.07521;0.05425;0.06433;1176575.76
20250331 000000;0.06433;0.06667;0.051;0.06357;1247518.32
20250401 000000;0.06357;0.06764;0.05832;0.05976;1086020.27
20250402 000000;0.05976;0.05996;0.05273;0.05297;1077666.15
20250403 000000;0.05297;0.05561;0.04101;0.04921;1676492.36
20250404 000000;0.04921;0.0524;0.04482;0.04816;1481133.67
20250405 000000;0.04816;0.04821;0.04;0.04282;1481339.38
20250406 000000;0.04282;0.0496;0.0367;0.03936;1818740.73
20250407 000000;0.03936;0.04963;0.03856;0.0481;1578232.7
20250408 000000;0.0481;0.04812;0.04129;0.04314;1526407.36
20250409 000000;0.04314;0.04971;0.04021;0.04721;1704568.28
20250410 000000;0.04721;0.04756;0.04297;0.04512;1653925.68
20250411 000000;0.04512;0.04979;0.04338;0.04825;1502389.64
20250412 000000;0.04825;0.05201;0.04543;0.04983;1242717.67
20250413 000000;0.04983;0.05036;0.04503;0.04564;1319687.42
20250414 000000;0.04564;0.048;0.0418;0.04714;1540506.74
20250415 000000;0.04714;0.0501;0.0443;0.0445;1366127.93
20250416 000000;0.0445;0.04556;0.04084;0.04487;1432444.3
20250417 000000;0.04487;0.05292;0.0401;0.04242;1606254.86
20250418 000000;0.04242;0.0473;0.04117;0.04543;1425689.51
20250419 000000;0.04543;0.0481;0.043;0.04348;1289184.3
20250420 000000;0.04348;0.04509;0.0414;0.04186;1366558.23
20250421 000000;0.04186;0.04537;0.0401;0.04236;1545216.96
20250422 000000;0.04236;0.04999;0.04107;0.04999;1570803.43
20250423 000000;0.04999;0.0584;0.04818;0.05417;1542055.61
20250424 000000;0.05417;0.0548;0.04885;0.05396;1146567.36
20250425 000000;0.05396;0.06;0.05216;0.05485;1283480.96
20250426 000000;0.05485;0.06199;0.05365;0.06037;1103802.01
20250427 000000;0.06037;0.064;0.05758;0.06215;1136744.19
20250428 000000;0.06215;0.06399;0.05762;0.05916;1061805.99
20250429 000000;0.05916;0.06529;0.0549;0.05532;1208688
20250430 000000;0.05532;0.0586;0.0503;0.05173;1177566.32
20250501 000000;0.05173;0.05413;0.04903;0.05316;1212436.3
20250502 000000;0.05316;0.05833;0.05157;0.05403;1216735.46
20250503 000000;0.05403;0.05607;0.05258;0.05258;1128117.46
20250504 000000;0.05258;0.0535;0.0466;0.04806;1230608.46
20250505 000000;0.04806;0.04923;0.04482;0.04523;1356958.23
20250506 000000;0.04523;0.04979;0.043;0.04489;1550325.06
20250507 000000;0.04489;0.05562;0.04437;0.04964;1567322.04
20250508 000000;0.04964;0.05505;0.04;0.05161;1985148.75
20250509 000000;0.05161;0.07;0.04976;0.05506;2138844.98
20250510 000000;0.05506;0.071;0.05419;0.06953;1471298.61
20250511 000000;0.06953;0.08437;0.06299;0.07985;1521923.01
20250512 000000;0.07985;0.1;0.06958;0.07552;1705991.59
20250513 000000;0.07552;0.08787;0.0708;0.08344;1271789.56
20250514 000000;0.08344;0.08475;0.07061;0.07211;1125429.59
20250515 000000;0.07211;0.07294;0.06337;0.06713;1123963.12
20250516 000000;0.06713;0.08164;0.06378;0.07299;1145106.07
20250517 000000;0.07299;0.081;0.068;0.07676;994747.25
20250518 000000;0.07676;0.0791;0.07172;0.07445;862833.79
20250519 000000;0.07445;0.07448;0.065;0.0695;995950.78
20250520 000000;0.0695;0.07571;0.06713;0.07347;883005.72
20250521 000000;0.07347;0.0765;0.071;0.07178;904905.39
20250522 000000;0.07178;0.07519;0.069;0.07044;1000336.71
20250523 000000;0.07044;0.0754;0.06247;0.06263;1130853.62
20250524 000000;0.06263;0.06872;0.05901;0.06711;1231318.59
20250525 000000;0.06711;0.06717;0.06028;0.06204;884850.45
20250526 000000;0.06204;0.06228;0.05777;0.05827;1089993.98
20250527 000000;0.05827;0.06187;0.05777;0.05807;1085917.47
20250528 000000;0.05807;0.1189;0.05701;0.08503;4635998.42
20250529 000000;0.08503;0.09184;0.07439;0.08289;1819585.09
20250530 000000;0.08289;0.09454;0.07157;0.07226;1434318.78
20250531 000000;0.07226;0.07598;0.0661;0.0729;1320322.65
20250601 000000;0.0729;0.07483;0.06823;0.0716;1052136.51
20250602 000000;0.0716;0.0826;0.066;0.07525;1237793.25
20250603 000000;0.07525;0.08847;0.07331;0.07909;1182882.79
20250604 000000;0.07909;0.08087;0.07001;0.07012;928472.79
20250605 000000;0.07012;0.07657;0.0668;0.0692;1389292.26
20250606 000000;0.0692;0.08267;0.06742;0.07195;1148447.27
20250607 000000;0.07195;0.07565;0.07001;0.0713;875845.87
20250608 000000;0.0713;0.0827;0.06855;0.07538;1236355.66
20250609 000000;0.07538;0.07688;0.06772;0.0725;1175361.19
20250610 000000;0.0725;0.07685;0.06927;0.07161;982022.57
20250611 000000;0.07161;0.07284;0.06774;0.06818;1027775.93
20250612 000000;0.06818;0.06872;0.05615;0.05807;1186924.54
20250613 000000;0.05807;0.06162;0.05436;0.06095;1357665.56
20250614 000000;0.06095;0.06439;0.05601;0.05896;1392258
20250615 000000;0.05896;0.05975;0.05693;0.05806;1022426.76
20250616 000000;0.05806;0.06094;0.05474;0.05746;1155025.37
20250617 000000;0.05746;0.0576;0.05067;0.05339;1239277.92
20250618 000000;0.05339;0.0604;0.05263;0.05936;1220761.33
20250619 000000;0.05936;0.06044;0.0541;0.05593;1134179.03
20250620 000000;0.05593;0.05891;0.05252;0.0535;1228625.76
20250621 000000;0.0535;0.0593;0.0472;0.05018;1363599.93
20250622 000000;0.05018;0.05252;0.04154;0.04682;1524669.6
20250623 000000;0.04682;0.068;0.04677;0.05739;1705461.88
20250624 000000;0.05739;0.06158;0.05559;0.05811;1079690.77
20250625 000000;0.05811;0.06024;0.05428;0.05584;1061778.31
20250626 000000;0.05584;0.05675;0.04964;0.05001;1121319.14
20250627 000000;0.05001;0.05586;0.0492;0.0536;1196578.38
20250628 000000;0.0536;0.05467;0.05139;0.05291;1096915.91
20250629 000000;0.05291;0.055;0.05064;0.05131;1142415.37
20250630 000000;0.05131;0.055;0.0499;0.05119;1207122.89
20250701 000000;0.05119;0.052;0.04852;0.05007;1607505.05
20250702 000000;0.05007;0.05301;0.04803;0.05171;1438154.28
20250703 000000;0.05171;0.05274;0.04366;0.04603;1413952.61
20250704 000000;0.04603;0.055;0.04372;0.05166;1547088.37
20250705 000000;0.05166;0.055;0.04926;0.05488;1135456.89
20250706 000000;0.05488;0.07441;0.05301;0.05807;1750653.22
20250707 000000;0.05807;0.06327;0.05498;0.05803;1340790.53
20250708 000000;0.05803;0.05855;0.05181;0.05745;1333236.42
20250709 000000;0.05745;0.06302;0.0563;0.0611;1163403.01
20250710 000000;0.0611;0.06286;0.05369;0.05974;1263118.9
20250711 000000;0.05974;0.06777;0.0591;0.06603;1173897.77
20250712 000000;0.06603;0.06777;0.05615;0.05951;1128683.24
20250713 000000;0.05951;0.06304;0.059;0.06106;1058687.28
20250714 000000;0.06106;0.06666;0.05978;0.06412;1078311.34
20250715 000000;0.06412;0.06416;0.05913;0.06178;1030470.62
20250716 000000;0.06178;0.06654;0.05759;0.05993;1277753.32
20250717 000000;0.05993;0.065;0.05635;0.05964;1126031.83
20250718 000000;0.05964;0.06552;0.05096;0.05597;1373842.14
20250719 000000;0.05597;0.05714;0.05439;0.05652;1112828.03
20250720 000000;0.05652;0.062;0.05593;0.05793;1171400.38
20250721 000000;0.05793;0.05793;0.05112;0.05567;1431818.26
20250722 000000;0.05567;0.062;0.05321;0.05907;1266129.58
20250723 000000;0.05907;0.06098;0.05306;0.05387;1129915.17
20250724 000000;0.05387;0.0555;0.05125;0.05346;1225085.65
20250725 000000;0.05346;0.05491;0.0511;0.05294;1127121.27
20250726 000000;0.05294;0.06;0.05293;0.05666;1111277.36
20250727 000000;0.05666;0.05753;0.05352;0.05702;1070457.4
20250728 000000;0.05702;0.05941;0.05459;0.05472;1087054.55
20250729 000000;0.05472;0.06145;0.05352;0.05738;1262587.3
20250730 000000;0.05738;0.06615;0.05542;0.06258;1177935.67
20250731 000000;0.06258;0.07131;0.05985;0.06184;1313076.7
20250801 000000;0.06184;0.06853;0.06116;0.06525;1108210.1
20250802 000000;0.06525;0.071;0.06379;0.06459;981202.63
20250803 000000;0.06459;0.06878;0.06182;0.06184;1028460.12
20250804 000000;0.06184;0.086;0.06184;0.07884;1206710.58
20250805 000000;0.07884;0.08155;0.07022;0.07236;968051.89
20250806 000000;0.07236;0.093;0.07016;0.08919;1005696
20250807 000000;0.08919;0.105;0.07971;0.09818;992588.74
20250808 000000;0.09818;0.1251;0.09239;0.1244;1179745.58
20250809 000000;0.1244;0.13187;0.10136;0.11223;696412.78
20250810 000000;0.11223;0.11431;0.091;0.09533;689218.14
20250811 000000;0.09533;0.0991;0.08311;0.09237;974691.71
20250812 000000;0.09237;0.10672;0.0898;0.10364;737595.7
20250813 000000;0.10364;0.1239;0.09809;0.11334;991519.7
20250814 000000;0.11334;0.13466;0.10188;0.11256;1011704.42
20250815 000000;0.11256;0.13997;0.11;0.1336;931283.46
20250816 000000;0.1336;0.15;0.1307;0.13679;684811.3
20250817 000000;0.13679;0.164;0.13324;0.15383;799566.81
20250818 000000;0.15383;0.15463;0.12888;0.14236;624832.59
20250819 000000;0.14236;0.14257;0.12265;0.13675;743878.94
20250820 000000;0.13675;0.13715;0.12101;0.12982;529722.61
20250821 000000;0.12982;0.13457;0.10522;0.11084;770960.55
20250822 000000;0.11084;0.137;0.10795;0.13085;841737.29
20250823 000000;0.13085;0.1394;0.11793;0.12324;579031.46
20250824 000000;0.12324;0.1389;0.1186;0.13568;676075.38
20250825 000000;0.13568;0.1421;0.11538;0.11585;633052.92
20250826 000000;0.11585;0.13342;0.11536;0.12961;599822.59
20250827 000000;0.12961;0.1339;0.11777;0.12119;530452.55
20250828 000000;0.12119;0.12476;0.11242;0.11665;671369.9
20250829 000000;0.11665;0.12041;0.09882;0.10355;847417.67
20250830 000000;0.10355;0.10373;0.091;0.09486;724992.08
20250831 000000;0.09486;0.09655;0.08075;0.08303;943978.45
20250901 000000;0.08303;0.08846;0.07548;0.07905;1047056.53
20250902 000000;0.07905;0.08961;0.07495;0.08505;868000.7
20250903 000000;0.08505;0.1019;0.07985;0.08438;959785.99
20250904 000000;0.08438;0.09006;0.08304;0.0849;774662.94
20250905 000000;0.0849;0.08887;0.08101;0.08468;694761.01
20250906 000000;0.08468;0.08881;0.08229;0.08347;699679.31
20250907 000000;0.08347;0.08353;0.07704;0.07983;736218.39
20250908 000000;0.07983;0.08324;0.071;0.07529;1005529.58
20250909 000000;0.07529;0.07778;0.07158;0.07568;859015.75
20250910 000000;0.07568;0.08739;0.07349;0.08511;884258.52
20250911 000000;0.08511;0.09884;0.08502;0.09729;856348.55
20250912 000000;0.09729;0.09784;0.08726;0.0909;656610.55
20250913 000000;0.0909;0.10422;0.09;0.10156;730499.53
20250914 000000;0.10156;0.10364;0.0855;0.09216;781712.86
20250915 000000;0.09216;0.09695;0.08489;0.08532;725118.77
20250916 000000;0.08532;0.09544;0.08531;0.09352;712572.3
20250917 000000;0.09352;0.096;0.08148;0.0835;692243.01
20250918 000000;0.0835;0.08726;0.07508;0.08021;798833.23
20250919 000000;0.08021;0.08266;0.07514;0.07617;819888.35
20250920 000000;0.07617;0.09838;0.072;0.09387;780165.34
20250921 000000;0.09387;0.09818;0.08139;0.08689;700772.82
20250922 000000;0.08689;0.08734;0.07461;0.07705;891693.6
20250923 000000;0.07705;0.08727;0.07256;0.07557;847032.23
20250924 000000;0.07557;0.09118;0.07459;0.08544;884218.79
20250925 000000;0.08544;0.09135;0.072;0.07481;1047498.56
20250926 000000;0.07481;0.07971;0.0745;0.07634;816841.54
20250927 000000;0.07634;0.07931;0.07285;0.07336;825122.15
20250928 000000;0.07336;0.07611;0.0689;0.07251;861344.42
20250929 000000;0.07251;0.07411;0.07001;0.07191;828741.12
20250930 000000;0.07191;0.07371;0.06831;0.07199;888273.92
20251001 000000;0.07199;0.08083;0.06989;0.07896;835993.88
20251002 000000;0.07896;0.083;0.07838;0.08272;859619.83
20251003 000000;0.08272;0.08279;0.06719;0.07841;1171408.53
20251004 000000;0.07841;0.0864;0.07646;0.07838;894011.43
20251005 000000;0.07838;0.08525;0.072;0.07503;838350.61
20251006 000000;0.07503;0.07699;0.0745;0.07591;812235.86
20251007 000000;0.07591;0.07994;0.072;0.0726;839305.87
20251008 000000;0.0726;0.07292;0.068;0.07;935433.99
20251009 000000;0.07;0.07403;0.0668;0.07096;900954.03
20251010 000000;0.07096;0.07159;0.04123;0.06132;1243573.81
20251011 000000;0.06132;0.06543;0.04843;0.0532;1239222.28
20251012 000000;0.0532;0.06462;0.04981;0.05645;1228660.04
20251013 000000;0.05645;0.0615;0.0563;0.05905;982050.79
20251014 000000;0.05905;0.05944;0.0537;0.05893;1105258.62
20251015 000000;0.05893;0.06086;0.05336;0.05558;1146449.53
20251016 000000;0.05558;0.0565;0.052;0.0531;1100571.62
20251017 000000;0.0531;0.07457;0.04919;0.05102;1549072.81
20251018 000000;0.05102;0.05346;0.04869;0.05089;1241607.08
20251019 000000;0.05089;0.05704;0.0482;0.05074;1243193.31
20251020 000000;0.05074;0.05617;0.04951;0.0515;1129182.92
20251021 000000;0.0515;0.05585;0.04876;0.05001;1262446.68
20251022 000000;0.05001;0.05087;0.04765;0.04852;1243829.24
20251023 000000;0.04852;0.05388;0.0478;0.04983;1168749.7
20251024 000000;0.04983;0.05195;0.0478;0.05179;1162196.93
20251025 000000;0.05179;0.06251;0.05078;0.05216;1222057.49
20251026 000000;0.05216;0.06051;0.05174;0.0587;1102314.61
20251027 000000;0.0587;0.05882;0.05391;0.05663;1077913.8
20251028 000000;0.05663;0.05818;0.05317;0.05397;1081614.78
20251029 000000;0.05397;0.05994;0.0539;0.05661;1089644.37
20251030 000000;0.05661;0.05664;0.051;0.05329;1082254.76
20251031 000000;0.05329;0.05484;0.049;0.05111;1126981.38
20251101 000000;0.05111;0.05227;0.049;0.05003;1213985.47
20251102 000000;0.05003;0.05404;0.04901;0.05278;1237751.4
20251103 000000;0.05278;0.05297;0.04207;0.04332;1303072.91
20251104 000000;0.04332;0.04466;0.0333;0.03924;1740909.98
20251105 000000;0.03924;0.04512;0.03699;0.04332;1456318.15
20251106 000000;0.04332;0.04362;0.03482;0.03938;2068574.59
20251107 000000;0.03938;0.05214;0.03841;0.04626;1540341.81
20251108 000000;0.04626;0.05341;0.04388;0.04561;1395296.47
20251109 000000;0.04561;0.05164;0.04399;0.04961;1247387.62
20251110 000000;0.04961;0.05299;0.04628;0.04735;1173447.33
20251111 000000;0.04735;0.04841;0.04427;0.04696;1278380.45
20251112 000000;0.04696;0.04925;0.04142;0.04223;1346187.3
20251113 000000;0.04223;0.0449;0.04021;0.04202;1554322.05
20251114 000000;0.04202;0.04348;0.03842;0.03924;1481871.83
20251115 000000;0.03924;0.04388;0.0347;0.03761;1722680.16
20251116 000000;0.03761;0.03761;0.03334;0.03428;1777635.2
20251117 000000;0.03428;0.03904;0.02941;0.03067;2170198.02
20251118 000000;0.03067;0.0359;0.02732;0.03383;2092562.94
20251119 000000;0.03383;0.03927;0.0332;0.0341;1773839.64
20251120 000000;0.0341;0.03563;0.03;0.03014;1765618.62
20251121 000000;0.03014;0.03167;0.02678;0.02878;2051291.25
20251122 000000;0.02878;0.03343;0.0281;0.03247;1962627.92
20251123 000000;0.03247;0.0342;0.03016;0.03097;1707800.83
20251124 000000;0.03097;0.0371;0.02975;0.03356;1923172.01
20251125 000000;0.03356;0.03438;0.02698;0.02961;2325639.62
20251126 000000;0.02961;0.04093;0.02925;0.0345;1862139.61
20251127 000000;0.0345;0.03735;0.03337;0.03422;1806643.91
20251128 000000;0.03422;0.03508;0.03156;0.03167;1720298.91
20251129 000000;0.03167;0.03308;0.02878;0.03002;2104568.04
20251130 000000;0.03002;0.03041;0.02822;0.02957;1891088.08
20251201 000000;0.02957;0.02964;0.02549;0.0266;2631915.99
20251202 000000;0.0266;0.03088;0.0256;0.02978;2160321.76
20251203 000000;0.02978;0.03308;0.02909;0.03152;1789759.85
20251204 000000;0.03152;0.03157;0.02952;0.02966;1750393.58
20251205 000000;0.02966;0.03053;0.02695;0.02794;2064075.63
20251206 000000;0.02794;0.02903;0.02701;0.02806;1983406.64
20251207 000000;0.02806;0.02909;0.0259;0.02712;2067853.27
20251208 000000;0.02712;0.02952;0.02652;0.02728;2106969.68
20251209 000000;0.02728;0.02949;0.02601;0.02806;2084190.6
20251210 000000;0.02806;0.02874;0.02645;0.02706;2050368.46
20251211 000000;0.02706;0.02846;0.02537;0.02821;2264333.59
20251212 000000;0.02821;0.02968;0.02537;0.02659;2245041.32
20251213 000000;0.02659;0.02766;0.02637;0.02655;2035658.6
20251214 000000;0.02655;0.02673;0.02204;0.02333;2529950.7
20251215 000000;0.02333;0.02376;0.02174;0.02251;2666890.98
20251216 000000;0.02251;0.02555;0.02137;0.02279;2385806.47
20251217 000000;0.02279;0.02396;0.02167;0.02332;2643035.02
20251218 000000;0.02332;0.02698;0.019;0.01982;2915906.26
20251219 000000;0.01982;0.02707;0.0193;0.02134;2771608.29
20251220 000000;0.02134;0.02195;0.02091;0.02129;2553776.16
20251221 000000;0.02129;0.02292;0.02052;0.02186;2709234.66
20251222 000000;0.02186;0.02622;0.01985;0.02101;2780767.08
20251223 000000;0.02101;0.0249;0.0205;0.02248;2583099.5
20251224 000000;0.02248;0.02305;0.02188;0.0227;2465579.15
20251225 000000;0.0227;0.02764;0.0223;0.02523;2324902.93
20251226 000000;0.02523;0.032;0.02494;0.02993;2233414.09
20251227 000000;0.02993;0.03944;0.02679;0.03008;2279328.04
20251228 000000;0.03008;0.03248;0.02755;0.02906;1943220.43
20251229 000000;0.02906;0.03212;0.02653;0.0271;2099669.5
20251230 000000;0.0271;0.03346;0.02564;0.02872;2218662.87
20251231 000000;0.02872;0.03002;0.02712;0.02813;2022653.2
