20240826 000000;0.3;0.8789;0.085;0.6764;595367.65
20240827 000000;0.6764;0.7205;0.6;0.6535;387456.49
20240828 000000;0.6535;0.6684;0.5046;0.5323;312357.27
20240829 000000;0.5323;0.673;0.5056;0.5923;400314.39
20240830 000000;0.5923;0.6454;0.4922;0.5336;193709.88
20240831 000000;0.5336;0.5587;0.4643;0.4998;187684.05
20240901 000000;0.4998;0.5085;0.3789;0.4311;338847.21
20240902 000000;0.4311;0.4379;0.365;0.4023;278253.49
20240903 000000;0.4023;0.4651;0.3301;0.362;386464.47
20240904 000000;0.362;0.3697;0.3012;0.3381;262336.86
20240905 000000;0.3381;0.3708;0.3038;0.3461;239233.9
20240906 000000;0.3461;0.3671;0.31;0.3232;281886.62
20240907 000000;0.3232;0.35;0.3202;0.3314;128329.46
20240908 000000;0.3314;0.353;0.3203;0.3525;135828.9
20240909 000000;0.3525;0.458;0.34;0.4018;337412.02
20240910 000000;0.4018;0.4423;0.3786;0.4241;208916.51
20240911 000000;0.4241;0.4295;0.3732;0.3881;175153.65
20240912 000000;0.3881;0.4386;0.3844;0.4173;113419.69
20240913 000000;0.4173;0.4596;0.3968;0.4069;150267.5
20240914 000000;0.4069;0.4113;0.3633;0.3723;86704.95
20240915 000000;0.3723;0.3987;0.335;0.3481;103681.86
20240916 000000;0.3481;0.3812;0.3333;0.3466;141830.89
20240917 000000;0.3466;0.3904;0.3395;0.3666;140153.66
20240918 000000;0.3666;0.3911;0.3495;0.3897;156279.35
20240919 000000;0.3897;0.46;0.3835;0.4379;238947.73
20240920 000000;0.4379;0.4982;0.4202;0.462;225873.65
20240921 000000;0.462;0.4698;0.4077;0.4365;136835.36
20240922 000000;0.4365;0.4563;0.4101;0.4246;87960.82
20240923 000000;0.4246;0.4671;0.4;0.4127;249309.92
20240924 000000;0.4127;0.4304;0.3652;0.3943;315357.39
20240925 000000;0.3943;0.4235;0.3585;0.3786;331956.72
20240926 000000;0.3786;0.4177;0.3694;0.4051;230634.31
20240927 000000;0.4051;0.4486;0.3751;0.4038;221859.52
20240928 000000;0.4038;0.4067;0.3679;0.3793;162649.45
20240929 000000;0.3793;0.4063;0.3602;0.3866;146942.42
20240930 000000;0.3866;0.3898;0.37;0.374;102194.63
20241001 000000;0.374;0.3819;0.3161;0.3183;273346.74
20241002 000000;0.3183;0.37;0.3082;0.3196;222287.08
20241003 000000;0.3196;0.3469;0.283;0.3032;345683.62
20241004 000000;0.3032;0.3178;0.2788;0.3127;175036.55
20241005 000000;0.3127;0.3276;0.2914;0.3007;148634.43
20241006 000000;0.3007;0.3135;0.2833;0.2966;270866.4
20241007 000000;0.2966;0.32;0.27;0.2808;243809.46
20241008 000000;0.2808;0.292;0.24;0.2638;277276.28
20241009 000000;0.2638;0.28;0.2522;0.2728;268118.71
20241010 000000;0.2728;0.3381;0.265;0.3052;323718.99
20241011 000000;0.3052;0.3245;0.2798;0.2966;227460.64
20241012 000000;0.2966;0.33;0.2866;0.2986;183231.54
20241013 000000;0.2986;0.3262;0.2905;0.2993;111767.31
20241014 000000;0.2993;0.3657;0.2961;0.3332;254639.43
20241015 000000;0.3332;0.3387;0.2949;0.3088;308444
20241016 000000;0.3088;0.3452;0.2821;0.293;358296.06
20241017 000000;0.293;0.314;0.268;0.2724;335856.56
20241018 000000;0.2724;0.3189;0.255;0.2845;561753.71
20241019 000000;0.2845;0.31;0.2756;0.2876;341722.68
20241020 000000;0.2876;0.3152;0.2802;0.2987;324824.08
20241021 000000;0.2987;0.3194;0.2643;0.2772;364162.05
20241022 000000;0.2772;0.298;0.2578;0.2762;373765.92
20241023 000000;0.2762;0.2821;0.24;0.2526;393292.02
20241024 000000;0.2526;0.2679;0.2102;0.2401;473924.81
20241025 000000;0.2401;0.2596;0.2116;0.2155;561116.11
20241026 000000;0.2155;0.2446;0.2133;0.2248;422571.63
20241027 000000;0.2248;0.2415;0.2206;0.2371;449069.8
20241028 000000;0.2371;0.2399;0.2111;0.2186;486413.91
20241029 000000;0.2186;0.2532;0.1968;0.2404;878184.39
20241030 000000;0.2404;0.2561;0.2193;0.2278;533987.32
20241031 000000;0.2278;0.243;0.2245;0.2286;444995.6
20241101 000000;0.2286;0.2317;0.2139;0.2203;479637.31
20241102 000000;0.2203;0.2317;0.202;0.2063;447432.89
20241103 000000;0.2063;0.2199;0.1795;0.1852;549088.21
20241104 000000;0.1852;0.1898;0.16;0.1764;880867.42
20241105 000000;0.1764;0.202;0.166;0.1845;697969.71
20241106 000000;0.1845;0.2226;0.1717;0.2154;714287.29
20241107 000000;0.2154;0.2892;0.2055;0.2548;763151.99
20241108 000000;0.2548;0.2659;0.2317;0.2587;471863.13
20241109 000000;0.2587;0.3718;0.2471;0.3243;1127081.06
20241110 000000;0.3243;0.4099;0.3001;0.3418;959729.78
20241111 000000;0.3418;0.4;0.3301;0.3675;783025.47
20241112 000000;0.3675;0.3995;0.3132;0.372;702903.13
20241113 000000;0.372;0.4683;0.32;0.4613;1100946.31
20241114 000000;0.4613;0.515;0.3299;0.3894;1432643.75
20241115 000000;0.3894;0.4009;0.3;0.3438;1456977.89
20241116 000000;0.3438;0.392;0.3404;0.3537;810334.19
20241117 000000;0.3537;0.3602;0.3153;0.3292;519516.22
20241118 000000;0.3292;0.3624;0.3231;0.3306;607104.48
20241119 000000;0.3306;0.3414;0.2878;0.3026;645654.25
20241120 000000;0.3026;0.303;0.2614;0.2685;701046.31
20241121 000000;0.2685;0.3276;0.2305;0.2984;894856.03
20241122 000000;0.2984;0.2984;0.2512;0.2742;651571.21
20241123 000000;0.2742;0.3537;0.2595;0.3278;902052.71
20241124 000000;0.3278;0.3491;0.2803;0.3198;757879.7
20241125 000000;0.3198;0.3231;0.2631;0.2711;660846.83
20241126 000000;0.2711;0.3;0.2627;0.2812;533720.37
20241127 000000;0.2812;0.3066;0.25;0.2784;799226.66
20241128 000000;0.2784;0.285;0.2565;0.2565;730004.53
20241129 000000;0.2565;0.2797;0.243;0.272;873491.54
20241130 000000;0.272;0.38;0.2587;0.3212;989714.95
20241201 000000;0.3212;0.36;0.3;0.3407;538290.14
20241202 000000;0.3407;0.3613;0.2702;0.2784;611683.91
20241203 000000;0.2784;0.32;0.2663;0.3073;552629.6
20241204 000000;0.3073;0.369;0.2946;0.3433;781287.12
20241205 000000;0.3433;0.3858;0.3047;0.3351;654397.16
20241206 000000;0.3351;0.361;0.314;0.3404;567256.53
20241207 000000;0.3404;0.3995;0.3333;0.3516;666417.78
20241208 000000;0.3516;0.3934;0.346;0.3834;584607.11
20241209 000000;0.3834;0.3994;0.28;0.3166;1136331.97
20241210 000000;0.3166;0.3439;0.2747;0.3384;879342.1
20241211 000000;0.3384;0.3644;0.2988;0.3285;726018.61
20241212 000000;0.3285;0.3527;0.2947;0.2996;745586.63
20241213 000000;0.2996;0.3039;0.28;0.2857;558162.22
20241214 000000;0.2857;0.3069;0.265;0.2747;482460.33
20241215 000000;0.2747;0.2944;0.263;0.2819;400756.28
20241216 000000;0.2819;0.296;0.26;0.2636;650044.48
20241217 000000;0.2636;0.2746;0.2325;0.2381;654019.56
20241218 000000;0.2381;0.2427;0.1937;0.2126;821867.68
20241219 000000;0.2126;0.2428;0.1984;0.2032;731685.2
20241220 000000;0.2032;0.2216;0.1802;0.2149;792354.27
20241221 000000;0.2149;0.2293;0.19;0.1963;546597.93
20241222 000000;0.1963;0.2256;0.1872;0.1989;530320.71
20241223 000000;0.1989;0.22;0.1901;0.2104;550550.87
20241224 000000;0.2104;0.2267;0.1976;0.2106;419534.75
20241225 000000;0.2106;0.2389;0.2097;0.2235;411513.59
20241226 000000;0.2235;0.2271;0.1961;0.203;427992.37
20241227 000000;0.203;0.215;0.1852;0.1966;484814.36
20241228 000000;0.1966;0.2003;0.1851;0.1955;420628.18
20241229 000000;0.1955;0.2125;0.1724;0.1777;467839.19
20241230 000000;0.1777;0.2062;0.1775;0.1834;612439.12
20241231 000000;0.1834;0.1968;0.1612;0.1665;823505.55
