20230622 000000;0.05155;0.0531;0.0496;0.04963;1616107.54
20230623 000000;0.04963;0.05314;0.04957;0.05121;1167739.5
20230624 000000;0.05121;0.05177;0.04943;0.05113;1041574.24
20230625 000000;0.05113;0.0523;0.05001;0.05107;1045270.74
20230626 000000;0.05107;0.05163;0.0482;0.04875;1103872.66
20230627 000000;0.04875;0.05042;0.0486;0.04993;1222484.2
20230628 000000;0.04993;0.04993;0.04542;0.04617;2964866.81
20230629 000000;0.04617;0.04792;0.046;0.04631;963664.7
20230630 000000;0.04631;0.04959;0.04406;0.04938;1853556.92
20230701 000000;0.04938;0.05155;0.04895;0.05144;1677255.74
20230702 000000;0.05144;0.05165;0.04994;0.05085;563281.6
20230703 000000;0.05085;0.05277;0.05051;0.05242;1198362.11
20230704 000000;0.05242;0.05293;0.05093;0.05168;579088.22
20230705 000000;0.05168;0.05288;0.04868;0.04948;723813.41
20230706 000000;0.04948;0.05134;0.0475;0.04771;1640588.65
20230707 000000;0.04771;0.04833;0.04722;0.04787;1156845.46
20230708 000000;0.04787;0.04886;0.0467;0.04772;1015304.68
20230709 000000;0.04772;0.0483;0.04667;0.04676;1640584.61
20230710 000000;0.04676;0.04901;0.04576;0.04812;2567196.54
20230711 000000;0.04812;0.04901;0.04754;0.04812;843709.49
20230712 000000;0.04812;0.04917;0.04781;0.0488;888233.2
20230713 000000;0.0488;0.05283;0.04801;0.05263;2085828.34
20230714 000000;0.05263;0.0547;0.05028;0.05152;2582763.02
20230715 000000;0.05152;0.05234;0.05066;0.05146;792594.45
20230716 000000;0.05146;0.05169;0.04963;0.04991;1005024.22
20230717 000000;0.04991;0.05144;0.04924;0.05093;824263.7
20230718 000000;0.05093;0.05143;0.04899;0.04978;907001.39
20230719 000000;0.04978;0.0508;0.04951;0.04978;597783.25
20230720 000000;0.04978;0.05231;0.04964;0.05075;2422776.58
20230721 000000;0.05075;0.0516;0.0502;0.05117;1395449.96
20230722 000000;0.05117;0.05208;0.05076;0.05132;1082715.76
20230723 000000;0.05132;0.05442;0.05071;0.05323;4004316.77
20230724 000000;0.05323;0.05366;0.0495;0.05051;2327043.62
20230725 000000;0.05051;0.0508;0.04983;0.05032;2717411.34
20230726 000000;0.05032;0.0518;0.04969;0.05097;3587349.6
20230727 000000;0.05097;0.05157;0.04935;0.04977;3490218.87
20230728 000000;0.04977;0.05057;0.04937;0.05004;805392.46
20230729 000000;0.05004;0.05041;0.04988;0.05025;836061.33
20230730 000000;0.05025;0.05034;0.04792;0.04888;2686263.69
20230731 000000;0.04888;0.04929;0.04707;0.04773;4521644.21
20230801 000000;0.04773;0.04854;0.046;0.04854;2123812.19
20230802 000000;0.04854;0.04884;0.04662;0.04695;986317.31
20230803 000000;0.04695;0.0476;0.04677;0.04695;950347.62
20230804 000000;0.04695;0.04766;0.04624;0.04681;3421684.14
20230805 000000;0.04681;0.04766;0.04643;0.04755;1200865.04
20230806 000000;0.04755;0.04787;0.04691;0.04718;2205292.5
20230807 000000;0.04718;0.04772;0.04573;0.0465;1446272.78
20230808 000000;0.0465;0.04764;0.04588;0.047;2373951.2
20230809 000000;0.047;0.04772;0.04639;0.04694;1254855.86
20230810 000000;0.04694;0.04727;0.04657;0.04713;1282169.63
20230811 000000;0.04713;0.04768;0.04678;0.04751;1186186.94
20230812 000000;0.04751;0.048;0.04719;0.04745;1097781.8
20230813 000000;0.04745;0.04784;0.047;0.04721;1736928.19
20230814 000000;0.04721;0.04862;0.047;0.04788;1565181.2
20230815 000000;0.04788;0.04799;0.04494;0.04574;1334038.47
20230816 000000;0.04574;0.046;0.04128;0.04279;4201304.46
20230817 000000;0.04279;0.04357;0.03777;0.04046;4450600.28
20230818 000000;0.04046;0.04181;0.04039;0.04115;2657936.47
20230819 000000;0.04115;0.04175;0.04082;0.04153;1615296.38
20230820 000000;0.04153;0.04205;0.04119;0.04151;844127.81
20230821 000000;0.04151;0.04175;0.0395;0.0402;1683215.04
20230822 000000;0.0402;0.04049;0.03857;0.04;1433796.85
20230823 000000;0.04;0.04163;0.03992;0.04132;1183070.29
20230824 000000;0.04132;0.04156;0.03958;0.04021;1867262.81
20230825 000000;0.04021;0.04038;0.03907;0.04021;2670754.27
20230826 000000;0.04021;0.04081;0.04007;0.04012;821964.86
20230827 000000;0.04012;0.04036;0.03984;0.04012;842379.45
20230828 000000;0.04012;0.04076;0.03951;0.04063;3430844.99
20230829 000000;0.04063;0.04322;0.03972;0.04246;4200985.17
20230830 000000;0.04246;0.04251;0.04117;0.04143;3925767.46
20230831 000000;0.04143;0.04149;0.039;0.03971;1337116.79
20230901 000000;0.03971;0.03995;0.03836;0.03891;2234125.76
20230902 000000;0.03891;0.03977;0.03884;0.03974;1486056.6
20230903 000000;0.03974;0.03992;0.03916;0.03963;965035.94
20230904 000000;0.03963;0.04066;0.03943;0.0398;1128619.53
20230905 000000;0.0398;0.04094;0.0395;0.0408;985982.91
20230906 000000;0.0408;0.04098;0.03959;0.04013;929208.64
20230907 000000;0.04013;0.04071;0.03975;0.04052;1222629.29
20230908 000000;0.04052;0.04077;0.03955;0.04033;1112353.89
20230909 000000;0.04033;0.04033;0.03989;0.04007;1012661.59
20230910 000000;0.04007;0.04012;0.03805;0.0387;1504289.6
20230911 000000;0.0387;0.03886;0.0368;0.03753;2104683.39
20230912 000000;0.03753;0.039;0.03747;0.03806;1311231.97
20230913 000000;0.03806;0.0395;0.03789;0.0393;1067046.78
20230914 000000;0.0393;0.0403;0.0389;0.03986;1359904.6
20230915 000000;0.03986;0.04124;0.03968;0.04083;1215629.83
20230916 000000;0.04083;0.04176;0.0404;0.04059;1002487.73
20230917 000000;0.04059;0.0408;0.03921;0.03995;1036651.89
20230918 000000;0.03995;0.04291;0.0396;0.04168;2888193.91
20230919 000000;0.04168;0.04411;0.0415;0.04327;4862631.63
20230920 000000;0.04327;0.04428;0.04268;0.04332;4724202.7
20230921 000000;0.04332;0.0447;0.04225;0.04284;5012679.54
20230922 000000;0.04284;0.04334;0.04237;0.04281;1502640.19
20230923 000000;0.04281;0.0432;0.04185;0.04203;1100042.82
20230924 000000;0.04203;0.04223;0.04112;0.04128;1162488.17
20230925 000000;0.04128;0.04189;0.04075;0.04099;2112485.96
20230926 000000;0.04099;0.04161;0.0407;0.04137;2162294.41
20230927 000000;0.04137;0.04195;0.04026;0.04122;1514334.9
20230928 000000;0.04122;0.04187;0.04108;0.04164;1707953.3
20230929 000000;0.04164;0.04194;0.04107;0.04181;1609663.62
20230930 000000;0.04181;0.0426;0.04153;0.04165;1351247.51
20231001 000000;0.04165;0.04421;0.04154;0.04376;3301499.19
20231002 000000;0.04376;0.04406;0.0413;0.0417;2632071.68
20231003 000000;0.0417;0.04242;0.04103;0.04122;5230624.5
20231004 000000;0.04122;0.04153;0.0398;0.04125;3581909.46
20231005 000000;0.04125;0.04166;0.0404;0.04079;2858295.33
20231006 000000;0.04079;0.04163;0.04062;0.04117;1631506.27
20231007 000000;0.04117;0.04156;0.04085;0.04126;1542412.74
20231008 000000;0.04126;0.04157;0.04061;0.04136;3374743.63
20231009 000000;0.04136;0.04177;0.03926;0.04025;3667140.88
20231010 000000;0.04025;0.04045;0.0397;0.04008;2893180.08
20231011 000000;0.04008;0.04052;0.03926;0.0404;1741789.89
20231012 000000;0.0404;0.04042;0.0395;0.03997;1862016.25
20231013 000000;0.03997;0.04061;0.03986;0.04027;1846942.54
20231014 000000;0.04027;0.04058;0.0401;0.04018;1349114.56
20231015 000000;0.04018;0.04084;0.04007;0.04069;944760.85
20231016 000000;0.04069;0.04312;0.04065;0.04212;4786559.03
20231017 000000;0.04212;0.04215;0.04005;0.04032;4074548.65
20231018 000000;0.04032;0.04079;0.03987;0.04025;1516822.52
20231019 000000;0.04025;0.04042;0.03976;0.04015;1581564.32
20231020 000000;0.04015;0.04148;0.04006;0.04071;4630310.61
20231021 000000;0.04071;0.04259;0.0406;0.0421;6285752.17
20231022 000000;0.0421;0.0427;0.04119;0.04217;2547703.74
20231023 000000;0.04217;0.04528;0.04197;0.04505;7093895.17
20231024 000000;0.04505;0.0494;0.04477;0.0479;7871229.65
20231025 000000;0.0479;0.05115;0.04673;0.05108;5545687.33
20231026 000000;0.05108;0.05355;0.04922;0.05097;4298894.73
20231027 000000;0.05097;0.05236;0.0496;0.05072;2149292.44
20231028 000000;0.05072;0.05242;0.0506;0.05136;3252093.7
20231029 000000;0.05136;0.05332;0.0506;0.05257;2008571.19
20231030 000000;0.05257;0.05423;0.0513;0.05166;3654366.71
20231031 000000;0.05166;0.05269;0.0486;0.05078;4025066.34
20231101 000000;0.05078;0.05785;0.0491;0.05785;6979526.59
20231102 000000;0.05785;0.06032;0.055;0.05675;9131094.73
20231103 000000;0.05675;0.06446;0.055;0.06386;12676904.92
20231104 000000;0.06386;0.07192;0.06268;0.06993;15729372.24
20231105 000000;0.06993;0.07035;0.06567;0.06834;4043382.66
20231106 000000;0.06834;0.0723;0.06653;0.07088;5300589.95
20231107 000000;0.07088;0.07088;0.0622;0.0659;7342898.43
20231108 000000;0.0659;0.06683;0.06388;0.06555;6531347.66
20231109 000000;0.06555;0.07186;0.06129;0.06868;12992743.12
20231110 000000;0.06868;0.07537;0.06815;0.07422;11770151.65
20231111 000000;0.07422;0.07721;0.0707;0.07536;6404986.02
20231112 000000;0.07536;0.07784;0.07163;0.07492;5034864.06
20231113 000000;0.07492;0.07635;0.0684;0.06867;6454883.88
20231114 000000;0.06867;0.07471;0.066;0.06922;5597726.71
20231115 000000;0.06922;0.07304;0.069;0.07201;3876820.75
20231116 000000;0.07201;0.07343;0.066;0.06679;7214996.2
20231117 000000;0.06679;0.06923;0.06318;0.06618;7141575.09
20231118 000000;0.06618;0.06872;0.06185;0.06777;9209470.72
20231119 000000;0.06777;0.07426;0.06623;0.07394;10930079.4
20231120 000000;0.07394;0.07539;0.06985;0.07044;10089753.4
20231121 000000;0.07044;0.07221;0.06327;0.0637;9663261.27
20231122 000000;0.0637;0.07124;0.06355;0.07102;17093406.83
20231123 000000;0.07102;0.07207;0.06869;0.07095;3571571.12
20231124 000000;0.07095;0.076;0.07095;0.07364;12316338.26
20231125 000000;0.07364;0.0791;0.07271;0.079;8007659.1
20231126 000000;0.079;0.08317;0.07801;0.08087;18047965.91
20231127 000000;0.08087;0.08376;0.07664;0.08217;13323919.36
20231128 000000;0.08217;0.08787;0.07965;0.08501;13459482.67
20231129 000000;0.08501;0.088;0.08312;0.08491;6046323.81
20231130 000000;0.08491;0.08888;0.08428;0.08728;4194896.56
20231201 000000;0.08728;0.08879;0.07579;0.08289;13685785.61
20231202 000000;0.08289;0.0874;0.08195;0.08633;7617099.3
20231203 000000;0.08633;0.0877;0.08358;0.08439;7060755.68
20231204 000000;0.08439;0.08862;0.08081;0.08329;7784557.38
20231205 000000;0.08329;0.08415;0.08023;0.08198;6933239.89
20231206 000000;0.08198;0.08322;0.07815;0.07965;6502604
20231207 000000;0.07965;0.08306;0.07813;0.0818;8055657.46
20231208 000000;0.0818;0.08632;0.08117;0.0853;8353353.64
20231209 000000;0.0853;0.0894;0.0836;0.08479;7749893.05
20231210 000000;0.08479;0.08714;0.08317;0.08502;6194845.87
20231211 000000;0.08502;0.08519;0.075;0.07992;8067143.21
20231212 000000;0.07992;0.08284;0.07854;0.08139;7227552.62
20231213 000000;0.08139;0.08335;0.07684;0.08283;6172119.85
20231214 000000;0.08283;0.09714;0.082;0.09327;13174001.79
20231215 000000;0.09327;0.09778;0.08699;0.08727;18431193.17
20231216 000000;0.08727;0.09555;0.08554;0.09062;13065802.96
20231217 000000;0.09062;0.09244;0.08699;0.08929;9202907.84
20231218 000000;0.08929;0.09085;0.08018;0.08914;8010599.73
20231219 000000;0.08914;0.09832;0.08755;0.09682;19210903.77
20231220 000000;0.09682;0.10428;0.09194;0.09297;24003623.46
20231221 000000;0.09297;0.11176;0.09244;0.10963;14066481.98
20231222 000000;0.10963;0.12422;0.10859;0.11999;24048741.11
20231223 000000;0.11999;0.12198;0.1135;0.11477;14949068.9
20231224 000000;0.11477;0.14087;0.11281;0.13422;20051678.1
20231225 000000;0.13422;0.14373;0.125;0.13329;10319773.81
20231226 000000;0.13329;0.14923;0.122;0.13761;9003821.91
20231227 000000;0.13761;0.13826;0.12758;0.13214;5648335.06
20231228 000000;0.13214;0.13642;0.12344;0.12687;6528466.64
20231229 000000;0.12687;0.1346;0.12301;0.12817;5141005.96
20231230 000000;0.12817;0.13546;0.1266;0.129;4592427.59
20231231 000000;0.129;0.1466;0.12872;0.13741;10754575.05
