20260101 000000;0.01017;0.01119;0.01008;0.01113;7410207.5
20260102 000000;0.01113;0.0116;0.01091;0.01158;10102860.64
20260103 000000;0.01158;0.01173;0.01119;0.0115;7007842.72
20260104 000000;0.0115;0.01318;0.01146;0.01257;15512790.91
20260105 000000;0.01257;0.01293;0.0122;0.01262;12244144.59
20260106 000000;0.01262;0.01303;0.01213;0.01274;19510203.44
20260107 000000;0.01274;0.01283;0.012;0.01217;4997781.46
20260108 000000;0.01217;0.01233;0.01156;0.01204;7725029.22
20260109 000000;0.01204;0.01227;0.01176;0.01196;6982913.11
20260110 000000;0.01196;0.01221;0.01168;0.01189;5192646.86
20260111 000000;0.01189;0.012;0.01149;0.01168;4917288.57
20260112 000000;0.01168;0.01227;0.01149;0.01193;8963203.78
20260113 000000;0.01193;0.01376;0.01192;0.01324;32012401.15
20260114 000000;0.01324;0.01512;0.01308;0.01387;36748749.57
20260115 000000;0.01387;0.01481;0.01318;0.01334;20049890.63
20260116 000000;0.01334;0.01464;0.01323;0.01435;18334951.46
20260117 000000;0.01435;0.01473;0.01367;0.01375;23308322.16
20260118 000000;0.01375;0.01547;0.01367;0.01399;32951521.53
20260119 000000;0.01399;0.02105;0.012;0.01991;258766298.18
20260120 000000;0.01991;0.01997;0.01565;0.01659;174110608.31
20260121 000000;0.01659;0.02275;0.01594;0.0215;240492655.96
20260122 000000;0.0215;0.02214;0.01841;0.01881;154939199.86
20260123 000000;0.01881;0.02056;0.01675;0.01718;127129527.73
20260124 000000;0.01718;0.0175;0.01615;0.01619;48863341.47
20260125 000000;0.01619;0.01915;0.01608;0.01808;186014624.81
20260126 000000;0.01808;0.02041;0.01745;0.01851;151769466.72
20260127 000000;0.01851;0.0217;0.01729;0.02146;94136738.03
20260128 000000;0.02146;0.02257;0.01914;0.0194;77618787.07
20260129 000000;0.0194;0.0214;0.01873;0.02114;104273640.1
20260130 000000;0.02114;0.02275;0.02;0.02036;106919351.69
20260131 000000;0.02036;0.02036;0.0162;0.01741;82735752.44
20260201 000000;0.01741;0.01885;0.01689;0.01767;63558924.32
20260202 000000;0.01767;0.0183;0.01613;0.01685;58432034.3
20260203 000000;0.01685;0.01827;0.01585;0.01641;72078636.08
20260204 000000;0.01641;0.017;0.01524;0.01529;46717824.99
20260205 000000;0.01529;0.01566;0.01274;0.01306;64514913.29
20260206 000000;0.01306;0.0145;0.01171;0.01403;68663840.67
20260207 000000;0.01403;0.01415;0.01288;0.01294;24798338.47
20260208 000000;0.01294;0.01517;0.01235;0.01447;72530178.5
20260209 000000;0.01447;0.01453;0.01311;0.01347;42550291.3
20260210 000000;0.01347;0.0138;0.01254;0.0128;41093686.51
20260211 000000;0.0128;0.01364;0.01241;0.0125;43348160.19
20260212 000000;0.0125;0.01338;0.01246;0.01277;35980646.86
20260213 000000;0.01277;0.01312;0.01215;0.01243;27473914.73
20260214 000000;0.01243;0.01353;0.0124;0.01335;38968548.65
20260215 000000;0.01335;0.0135;0.01206;0.01228;26975169.89
20260216 000000;0.01228;0.01259;0.0119;0.01246;17090826.82
20260217 000000;0.01246;0.01295;0.01227;0.01269;13494895.89
20260218 000000;0.01269;0.01443;0.01255;0.0135;30116227.78
20260219 000000;0.0135;0.01377;0.01217;0.01239;21106560.37
20260220 000000;0.01239;0.0133;0.01236;0.01321;22273353.01
20260221 000000;0.01321;0.014;0.01311;0.01329;14087922.07
20260222 000000;0.01329;0.01365;0.01259;0.01276;10797777.78
20260223 000000;0.01276;0.01276;0.01178;0.01226;19905334.13
20260224 000000;0.01226;0.0129;0.01181;0.01243;16678864.43
20260225 000000;0.01243;0.01344;0.01235;0.01291;21216391.37
20260226 000000;0.01291;0.01315;0.01232;0.01281;13763289.23
20260227 000000;0.01281;0.0135;0.01213;0.01238;18064836.06
20260228 000000;0.01238;0.01241;0.01093;0.01177;23233369.45
20260301 000000;0.01177;0.01219;0.01086;0.01102;19318945.35
20260302 000000;0.01102;0.01191;0.01085;0.01163;25920711.1
20260303 000000;0.01163;0.0121;0.01133;0.01204;18445702
20260304 000000;0.01204;0.01255;0.01177;0.01228;33337253.87
20260305 000000;0.01228;0.01245;0.01181;0.01198;14225079.97
20260306 000000;0.01198;0.01212;0.01148;0.01175;9110564.17
20260307 000000;0.01175;0.01184;0.01111;0.01147;12869681.76
20260308 000000;0.01147;0.0115;0.01103;0.01117;11989208.3
20260309 000000;0.01117;0.0124;0.01116;0.01216;22632897.22
20260310 000000;0.01216;0.01252;0.0118;0.01183;16692602.1
20260311 000000;0.01183;0.01215;0.01164;0.01193;16709594.45
20260312 000000;0.01193;0.01276;0.01191;0.01261;17080181.36
20260313 000000;0.01261;0.01304;0.01248;0.01255;20611526.89
20260314 000000;0.01255;0.01267;0.01229;0.0126;7571228.63
20260315 000000;0.0126;0.01288;0.01239;0.01275;10357249.03
20260316 000000;0.01275;0.01353;0.01262;0.01322;14964949.08
20260317 000000;0.01322;0.01333;0.01276;0.01276;9996526.94
20260318 000000;0.01276;0.01302;0.01206;0.01239;11298808.14
20260319 000000;0.01239;0.01256;0.0119;0.01205;7890949.81
20260320 000000;0.01205;0.01238;0.01171;0.01197;8323092.44
20260321 000000;0.01197;0.01209;0.01143;0.01154;8795519.03
20260322 000000;0.01154;0.01172;0.01117;0.01124;8995720.39
20260323 000000;0.01124;0.01176;0.01107;0.01164;8526841.34
20260324 000000;0.01164;0.01187;0.01127;0.01147;9206632.25
20260325 000000;0.01147;0.01175;0.01133;0.01159;12205328.69
20260326 000000;0.01159;0.01161;0.01098;0.01117;13325805.44
20260327 000000;0.01117;0.01146;0.01041;0.01048;9587203.64
20260328 000000;0.01048;0.01075;0.01026;0.01048;10163549.36
20260329 000000;0.01048;0.01053;0.01005;0.01027;7580746.93
20260330 000000;0.01027;0.01064;0.01012;0.01021;9306142.15
20260331 000000;0.01021;0.01041;0.01;0.01029;9087926.16
20260401 000000;0.01029;0.01064;0.01017;0.01029;8323410.32
20260402 000000;0.01029;0.01042;0.00971;0.00988;11407566.76
20260403 000000;0.00988;0.01014;0.00984;0.01001;12158887.09
20260404 000000;0.01001;0.01013;0.00968;0.00999;44810584.37
20260405 000000;0.00999;0.01;0.00931;0.00944;30569845.13
20260406 000000;0.00944;0.00991;0.00937;0.00957;18383923.09
20260407 000000;0.00957;0.010212;0.009353;0.010091;8231422.16
20260408 000000;0.010091;0.010335;0.009758;0.009774;14636896.26
20260409 000000;0.009774;0.010321;0.009664;0.010083;15174993.98
20260410 000000;0.010083;0.010746;0.010058;0.01052;23117416.34
20260411 000000;0.01052;0.011739;0.010354;0.01148;31930279.99
20260412 000000;0.01148;0.011524;0.010467;0.010517;14700256.91
20260413 000000;0.010517;0.011065;0.010346;0.010997;8029901.04
20260414 000000;0.010997;0.011006;0.010253;0.010405;8079954.31
20260415 000000;0.010405;0.010829;0.01036;0.010673;7779531.7
20260416 000000;0.010673;0.012096;0.0106;0.011745;15534725.91
20260417 000000;0.011745;0.012183;0.011605;0.011964;13058649.59
20260418 000000;0.011964;0.011964;0.011079;0.011085;8819405.27
20260419 000000;0.011085;0.011356;0.010768;0.010836;7106538.99
20260420 000000;0.010836;0.011183;0.010779;0.010966;6259714.56
20260421 000000;0.010966;0.011115;0.010545;0.010896;8894807.1
20260422 000000;0.010896;0.011219;0.010805;0.010905;8171848.13
20260423 000000;0.010905;0.010957;0.010649;0.010872;7008983.01
20260424 000000;0.010872;0.011096;0.01048;0.010546;6200882.51
20260425 000000;0.010546;0.010662;0.010129;0.010197;6942795.19
20260426 000000;0.010197;0.01032;0.010038;0.010107;6759054.58
20260427 000000;0.010107;0.010288;0.009797;0.009979;7162894.33
20260428 000000;0.009979;0.01;0.009721;0.009896;7812213.44
20260429 000000;0.009896;0.010135;0.00947;0.009763;10331127.32
20260430 000000;0.009763;0.010009;0.009675;0.010005;8694185.56
20260501 000000;0.010005;0.010365;0.00981;0.010164;9613827.39
20260502 000000;0.010164;0.010331;0.010038;0.010138;8373380.54
20260503 000000;0.010138;0.010258;0.009876;0.010116;8977991.64
20260504 000000;0.010116;0.010575;0.010064;0.010186;10025582.64
20260505 000000;0.010186;0.010541;0.01016;0.010458;8181305.37
20260506 000000;0.010458;0.011099;0.010392;0.010753;11780641.89
20260507 000000;0.010753;0.010872;0.010424;0.010728;8015058.1
20260508 000000;0.010728;0.011396;0.010619;0.011365;8735194.78
20260509 000000;0.011365;0.011514;0.010955;0.011055;8052340.81
20260510 000000;0.011055;0.01196;0.010836;0.011553;11907040.46
20260511 000000;0.011553;0.011608;0.011119;0.011279;9600069
20260512 000000;0.011279;0.011313;0.01076;0.011004;8083827.65
20260513 000000;0.011004;0.012241;0.010987;0.011946;23429935.93
20260514 000000;0.011946;0.012102;0.011337;0.011643;10277771.09
20260515 000000;0.011643;0.011908;0.010187;0.010388;14492927.6
20260516 000000;0.010388;0.010504;0.009752;0.01001;7397128.74
20260517 000000;0.01001;0.010178;0.009304;0.009687;8790077.75
20260518 000000;0.009687;0.009749;0.009354;0.009609;7954849.34
20260519 000000;0.009609;0.009761;0.009409;0.009431;8407553.09
20260520 000000;0.009431;0.009946;0.009377;0.009806;6792183.57
20260521 000000;0.009806;0.010033;0.009604;0.00995;7872717.87
20260522 000000;0.00995;0.010339;0.00952;0.009566;10726869.74
20260523 000000;0.009566;0.0102;0.009227;0.009984;9434450.8
20260524 000000;0.009984;0.009996;0.009348;0.009552;7901887.08
20260525 000000;0.009552;0.010073;0.0095;0.009818;8527191.23
20260526 000000;0.009818;0.010175;0.0096;0.009796;8493951.1
20260527 000000;0.009796;0.009956;0.009446;0.009564;6876009.69
20260528 000000;0.009564;0.009586;0.008876;0.009186;9428845.76
20260529 000000;0.009186;0.009355;0.008949;0.009112;8636566.6
20260530 000000;0.009112;0.009369;0.009088;0.009127;9683942.18
20260531 000000;0.009127;0.009233;0.008769;0.008997;10417203.58
20260601 000000;0.008997;0.009234;0.008767;0.009153;17636946.94
20260602 000000;0.009153;0.009182;0.007988;0.008187;10164328.69
20260603 000000;0.008187;0.008477;0.007969;0.008068;10777603.6
20260604 000000;0.008068;0.008142;0.007169;0.007337;14348458.86
20260605 000000;0.007337;0.007379;0.006243;0.006561;16900734.48
20260606 000000;0.006561;0.006653;0.006076;0.006477;9351219.99
20260607 000000;0.006477;0.006818;0.006418;0.006664;14113390.78
20260608 000000;0.006664;0.006739;0.00648;0.006493;13296764.97
20260609 000000;0.006493;0.006508;0.006107;0.006314;10807210.76
20260610 000000;0.006314;0.006417;0.005992;0.006066;10497810.53
20260611 000000;0.006066;0.006537;0.006066;0.006418;9626029.11
20260612 000000;0.006418;0.006539;0.006271;0.006312;10464234.49
20260613 000000;0.006312;0.006538;0.006233;0.006404;10933577.43
20260614 000000;0.006404;0.006551;0.006148;0.006506;10916230.91
20260615 000000;0.006506;0.007244;0.006446;0.006949;12447520.13
20260616 000000;0.006949;0.007416;0.006719;0.007339;21549904.26
20260617 000000;0.007339;0.007636;0.006765;0.006884;15664099.87
20260618 000000;0.006884;0.006962;0.006392;0.006734;12777085.78
20260619 000000;0.006734;0.006843;0.006429;0.006608;12921554.72
20260620 000000;0.006608;0.006796;0.006513;0.006687;9402404.64
