20250101 000000;0.0000809;0.00009172;0.00007;0.000079;135224905.99
20250102 000000;0.000079;0.00008129;0.00006728;0.00007182;178953133.18
20250103 000000;0.00007182;0.000072;0.00006249;0.00006597;171208749.72
20250104 000000;0.00006597;0.000091;0.00006;0.00007599;490583487.53
20250105 000000;0.00007599;0.00007856;0.00006929;0.00007548;160505217.85
20250106 000000;0.00007548;0.0000771;0.00006452;0.00006665;171317858.17
20250107 000000;0.00006665;0.00007027;0.000062;0.00006612;148248739.86
20250108 000000;0.00006612;0.00006843;0.00006001;0.00006078;210319708.04
20250109 000000;0.00006078;0.00006479;0.00005889;0.00006232;145776690.15
20250110 000000;0.00006232;0.00006232;0.000056;0.00005852;131495290.98
20250111 000000;0.00005852;0.00005852;0.00004001;0.00004036;303886357.92
20250112 000000;0.00004036;0.00006;0.00003638;0.00005129;328795139.12
20250113 000000;0.00005129;0.00005206;0.00004509;0.00004792;120279526.76
20250114 000000;0.00004792;0.00005;0.00003715;0.000042;293053911.49
20250115 000000;0.000042;0.00004924;0.00004133;0.00004511;132722847.14
20250116 000000;0.00004511;0.00004511;0.00003741;0.00004077;211325061.4
20250117 000000;0.00004077;0.00004604;0.0000387;0.00004119;186847068.95
20250118 000000;0.00004119;0.0000469;0.000039;0.00004522;198023237.83
20250119 000000;0.00004522;0.00005264;0.00003863;0.00004107;547508722.06
20250120 000000;0.00004107;0.000043;0.00003415;0.0000355;373141146.21
20250121 000000;0.0000355;0.000037;0.00003105;0.00003575;161585557.8
20250122 000000;0.00003575;0.00004015;0.000035;0.00003624;232124392.61
20250123 000000;0.00003624;0.00003752;0.00003;0.00003158;360498810.6
20250124 000000;0.00003158;0.00003702;0.00003106;0.00003567;186420572.1
20250125 000000;0.00003567;0.00003724;0.00003413;0.00003623;87281353.23
20250126 000000;0.00003623;0.00003772;0.00003253;0.00003347;113855044.07
20250127 000000;0.00003347;0.00003347;0.00002784;0.00002916;257414503.23
20250128 000000;0.00002916;0.00003109;0.000025;0.00002929;292951622.6
20250129 000000;0.00002929;0.00003021;0.00002836;0.00002885;27562167.78
20250130 000000;0.00002885;0.00002941;0.00002709;0.00002821;71314482.53
20250131 000000;0.00002821;0.00003502;0.00002795;0.00003231;100645102.49
20250201 000000;0.00003231;0.00003358;0.00002975;0.00003108;40897212.35
20250202 000000;0.00003108;0.00003198;0.00002659;0.00002863;105991263.92
20250203 000000;0.00002863;0.00002863;0.00002337;0.00002433;162022271.15
20250204 000000;0.00002433;0.00002678;0.00002432;0.0000261;93291710.34
20250205 000000;0.0000261;0.00002824;0.0000261;0.00002759;66132429.62
20250206 000000;0.00002759;0.00002824;0.000024;0.00002612;751361659.31
20250207 000000;0.00002612;0.00002721;0.00002514;0.00002651;47609438.32
20250208 000000;0.00002651;0.00002959;0.00002514;0.0000281;928629614.64
20250209 000000;0.0000281;0.000037;0.000028;0.00003409;594728298.35
20250210 000000;0.00003409;0.00003423;0.00003151;0.00003181;195479900.35
20250211 000000;0.00003181;0.00003416;0.00003101;0.00003321;123065948.08
20250212 000000;0.00003321;0.000034;0.000028;0.00002933;370017323.3
20250213 000000;0.00002933;0.00003152;0.00002933;0.0000308;119272081.52
20250214 000000;0.0000308;0.00003172;0.00003013;0.00003106;171950445.66
20250215 000000;0.00003106;0.00003141;0.000029;0.00003027;123076422.32
20250216 000000;0.00003027;0.00003708;0.0000294;0.00003708;349271914.1
20250217 000000;0.00003708;0.00003708;0.000034;0.00003505;251063571.21
20250218 000000;0.00003505;0.00003556;0.00003385;0.00003499;70637532.5
20250219 000000;0.00003499;0.0000379;0.00003288;0.00003377;177309367.78
20250220 000000;0.00003377;0.00003611;0.00003362;0.0000346;302093388.44
20250221 000000;0.0000346;0.00004698;0.0000346;0.00003881;555376387.06
20250222 000000;0.00003881;0.00004599;0.00003881;0.00004199;498508286.78
20250223 000000;0.00004199;0.00004199;0.00003821;0.00004025;113169306.49
20250224 000000;0.00004025;0.00004199;0.00003762;0.00004047;521168567.17
20250225 000000;0.00004047;0.000042;0.00003743;0.00003965;198786275.8
20250226 000000;0.00003965;0.00004438;0.00003965;0.00004303;168964624.85
20250227 000000;0.00004303;0.00005497;0.00004199;0.00005319;531098191.7
20250228 000000;0.00005319;0.00007118;0.00004726;0.00004905;706078225.71
20250301 000000;0.00004905;0.00004925;0.0000419;0.00004453;501613874.04
20250302 000000;0.00004453;0.00005661;0.00004449;0.00005021;381924549.54
20250303 000000;0.00005021;0.00005381;0.00004736;0.00004894;239136265.31
20250304 000000;0.00004894;0.00004899;0.00004245;0.0000472;404544465.7
20250305 000000;0.0000472;0.00006;0.00004675;0.00005731;509501834.8
20250306 000000;0.00005731;0.00010416;0.00005725;0.00009419;1315855487.24
20250307 000000;0.00009419;0.00010438;0.0000728;0.00007573;699950373.61
20250308 000000;0.00007573;0.00009674;0.00007295;0.00007831;269839161.85
20250309 000000;0.00007831;0.00008468;0.00007605;0.00008153;153407934.12
20250310 000000;0.00008153;0.00008242;0.00007;0.00007525;269062643.43
20250311 000000;0.00007525;0.00007619;0.00006064;0.00006452;496953777.46
20250312 000000;0.00006452;0.00008391;0.0000641;0.00006849;382080674.25
20250313 000000;0.00006849;0.00006859;0.00005476;0.00005767;490892053.84
20250314 000000;0.00005767;0.00006066;0.00005462;0.0000601;243537803.86
20250315 000000;0.0000601;0.00006891;0.0000601;0.00006128;200288532.38
20250316 000000;0.00006128;0.00006586;0.00005701;0.00005909;311305530.02
20250317 000000;0.00005909;0.00005909;0.00005145;0.00005542;285340661.93
20250318 000000;0.00005542;0.00005543;0.00004775;0.00005037;327703903.77
20250319 000000;0.00005037;0.00005226;0.00004915;0.00005074;116126871.79
20250320 000000;0.00005074;0.00006835;0.00004914;0.00005279;539476549.96
20250321 000000;0.00005279;0.00005427;0.00005091;0.00005224;141691339.43
20250322 000000;0.00005224;0.00005453;0.00004846;0.00004968;198548209.41
20250323 000000;0.00004968;0.0000498;0.00004795;0.00004896;130273903.83
20250324 000000;0.00004896;0.00004987;0.00004896;0.00004987;47036236.53
20250325 000000;0.00004987;0.00005319;0.0000489;0.00005232;355200517.8
20250326 000000;0.00005232;0.00005298;0.00005036;0.00005085;105806677.7
20250327 000000;0.00005085;0.00005282;0.00005024;0.000051;59548000.21
20250328 000000;0.000051;0.00005118;0.0000448;0.00004838;296087963.94
20250329 000000;0.00004838;0.00004863;0.00004453;0.00004515;123346419.62
20250330 000000;0.00004515;0.00004627;0.00004297;0.00004503;105260057.03
20250331 000000;0.00004503;0.00004666;0.00004359;0.00004408;154863157.24
20250401 000000;0.00004408;0.0000448;0.00004385;0.00004424;43885232.26
20250402 000000;0.00004424;0.00004583;0.00004312;0.00004442;187628803.13
20250403 000000;0.00004442;0.00004556;0.00004442;0.00004512;34870678.22
20250404 000000;0.00004512;0.00004742;0.00004449;0.00004682;176268067.73
20250405 000000;0.00004682;0.00004871;0.00004634;0.00004849;65266896.4
20250406 000000;0.00004849;0.00005165;0.00004802;0.00004935;186697570.05
20250407 000000;0.00004935;0.00005007;0.00004657;0.0000474;165682357.83
20250408 000000;0.0000474;0.00004779;0.00004385;0.00004486;138877249.24
20250409 000000;0.00004486;0.00004502;0.00004222;0.00004364;174561318.39
20250410 000000;0.00004364;0.00004414;0.00004008;0.00004118;128970356.71
20250411 000000;0.00004118;0.00004184;0.00003962;0.00004087;63619561.07
20250412 000000;0.00004087;0.00004292;0.00004046;0.00004277;47074550.07
20250413 000000;0.00004277;0.00004329;0.0000417;0.00004184;15197761.58
20250414 000000;0.00004184;0.00004185;0.0000368;0.00003975;146359818.03
20250415 000000;0.00003975;0.00004017;0.00003695;0.00003825;69009052.86
20250416 000000;0.00003825;0.00003845;0.00003656;0.0000371;47578111.78
20250417 000000;0.0000371;0.00003896;0.00003656;0.00003896;69379719.37
20250418 000000;0.00003896;0.00004;0.00003736;0.00003917;53050379.99
20250419 000000;0.00003917;0.00003935;0.00003699;0.00003799;54925457.75
20250420 000000;0.00003799;0.00003947;0.00003643;0.00003786;136353869.5
20250421 000000;0.00003786;0.0000421;0.00003706;0.00004045;124153891.52
20250422 000000;0.00004045;0.00004213;0.00003955;0.00004088;53408857.19
20250423 000000;0.00004088;0.0000416;0.000039;0.00004034;79797907.4
20250424 000000;0.00004034;0.00004183;0.00003854;0.00003976;60970517.97
20250425 000000;0.00003976;0.00004137;0.0000395;0.0000403;45720580.76
20250426 000000;0.0000403;0.0000407;0.000038;0.00003928;67531705.35
20250427 000000;0.00003928;0.00004074;0.00003501;0.00003765;295882495.04
20250428 000000;0.00003765;0.00004352;0.00003647;0.00004055;172393853.14
20250429 000000;0.00004055;0.00004192;0.00003961;0.00004081;62745331.82
20250430 000000;0.00004081;0.00004109;0.00003707;0.00003931;105074859.55
20250501 000000;0.00003931;0.00004073;0.00003922;0.00004005;50357918.93
20250502 000000;0.00004005;0.00004136;0.00003966;0.00003966;65378387.81
20250503 000000;0.00003966;0.00004055;0.00003966;0.00004019;38414807.45
20250504 000000;0.00004019;0.00004332;0.00004019;0.00004182;153028865.67
20250505 000000;0.00004182;0.00004229;0.0000405;0.00004106;45498523.29
20250506 000000;0.00004106;0.00004106;0.00003982;0.0000402;46794525.56
20250507 000000;0.0000402;0.00004101;0.00004;0.00004084;80610282.35
20250508 000000;0.00004084;0.000041;0.00004;0.00004042;74927549.12
20250509 000000;0.00004042;0.00004112;0.00003935;0.00004004;111497566.42
20250510 000000;0.00004004;0.00004139;0.00003743;0.00004021;621242931.89
20250511 000000;0.00004021;0.00004157;0.000038;0.00003936;176801597.62
20250512 000000;0.00003936;0.00004031;0.00003807;0.00003874;146577124.17
20250513 000000;0.00003874;0.0000399;0.00003737;0.00003833;98777375.72
20250514 000000;0.00003833;0.00003891;0.00003672;0.00003732;164652938.85
20250515 000000;0.00003732;0.00003834;0.00003622;0.00003804;112822560.43
20250516 000000;0.00003804;0.00003845;0.00003686;0.00003773;95544066.31
20250517 000000;0.00003773;0.00004131;0.00003721;0.00003827;101179776.28
20250518 000000;0.00003827;0.0000403;0.00003686;0.0000403;102063647.58
20250519 000000;0.0000403;0.0000435;0.00003664;0.00003885;129692579.12
20250520 000000;0.00003885;0.00003903;0.0000361;0.00003735;78065092.7
20250521 000000;0.00003735;0.00003846;0.00003501;0.0000365;63219314.03
20250522 000000;0.0000365;0.00003708;0.0000364;0.0000364;61646972.91
20250523 000000;0.0000364;0.00003796;0.0000364;0.00003681;58014256.86
20250524 000000;0.00003681;0.00003816;0.00003649;0.00003755;49833381.45
20250525 000000;0.00003755;0.00003786;0.0000356;0.00003712;104381148.31
20250526 000000;0.00003712;0.00003759;0.0000367;0.00003711;59412375.61
20250527 000000;0.00003711;0.00003845;0.00003701;0.00003767;34145095.2
20250528 000000;0.00003767;0.00003767;0.00003673;0.00003697;98911390.48
20250529 000000;0.00003697;0.00003846;0.00003552;0.0000367;285281948.12
20250530 000000;0.0000367;0.00003926;0.00003613;0.00003797;100323961.44
20250531 000000;0.00003797;0.00003869;0.00003698;0.00003755;103473926.44
20250601 000000;0.00003755;0.00003813;0.00003602;0.0000373;117679613.1
20250602 000000;0.0000373;0.0000377;0.00003701;0.00003708;61219382.33
20250603 000000;0.00003708;0.00003735;0.000035;0.0000362;101178656.96
20250604 000000;0.0000362;0.00003727;0.0000362;0.00003647;46665121.41
20250605 000000;0.00003647;0.00003674;0.0000301;0.00003343;336619620.09
20250606 000000;0.00003343;0.00003343;0.000032;0.00003233;93324273.74
20250607 000000;0.00003233;0.00003266;0.00003195;0.0000324;32999353.94
20250608 000000;0.0000324;0.0000333;0.00003154;0.00003253;158211507.26
20250609 000000;0.00003253;0.00003268;0.00003136;0.00003238;64883971.96
20250610 000000;0.00003238;0.00003301;0.00002841;0.00002969;270057587.03
20250611 000000;0.00002969;0.0000307;0.0000287;0.00003024;151742022.75
20250612 000000;0.00003024;0.00003109;0.00002991;0.00003;115152894.25
20250613 000000;0.00003;0.00003034;0.000028;0.00003003;120248090.31
20250614 000000;0.00003003;0.00003104;0.00002972;0.00003007;159563434.73
20250615 000000;0.00003007;0.0000324;0.00002915;0.00003013;69368426.05
20250616 000000;0.00003013;0.00003198;0.00002978;0.00003006;394450743.96
20250617 000000;0.00003006;0.0000307;0.00002818;0.00003006;185799621.36
20250618 000000;0.00003006;0.00003028;0.00002934;0.00002961;187183703.49
20250619 000000;0.00002961;0.00003025;0.00002925;0.00002957;196427593.66
20250620 000000;0.00002957;0.00003017;0.00002789;0.00002793;201207491.87
20250621 000000;0.00002793;0.00002864;0.00002698;0.0000273;250202168.72
20250622 000000;0.0000273;0.00002774;0.0000262;0.00002683;86634810.22
20250623 000000;0.00002683;0.00002729;0.0000257;0.00002629;154534797.52
20250624 000000;0.00002629;0.00002734;0.00002549;0.00002675;205626075.06
20250625 000000;0.00002675;0.00003043;0.00002602;0.00002762;245353073.75
20250626 000000;0.00002762;0.00003013;0.000027;0.00002922;232220128.87
20250627 000000;0.00002922;0.000031;0.00002652;0.00002904;253189267.21
20250628 000000;0.00002904;0.000031;0.00002876;0.00003011;249948899.24
20250629 000000;0.00003011;0.00003098;0.00002745;0.00002753;462366199.34
20250630 000000;0.00002753;0.00002784;0.00002479;0.00002693;413971960.64
20250701 000000;0.00002693;0.00002849;0.00002329;0.00002714;465044514.4
20250702 000000;0.00002714;0.00002883;0.00002546;0.00002669;469683057.11
20250703 000000;0.00002669;0.000036;0.00002482;0.00002599;413567286.14
20250704 000000;0.00002599;0.00002672;0.00002495;0.00002553;330046903.34
20250705 000000;0.00002553;0.00002671;0.0000243;0.00002436;2739115164.38
20250706 000000;0.00002436;0.00002531;0.00002373;0.00002389;1733227927.92
20250707 000000;0.00002389;0.00003;0.0000227;0.000023;2159031476.14
20250708 000000;0.000023;0.00002566;0.00002235;0.00002385;1847154285.6
20250709 000000;0.00002385;0.0000264;0.00002331;0.00002569;1715435522.26
20250710 000000;0.00002569;0.00002586;0.00002336;0.00002357;1556073731.52
20250711 000000;0.00002357;0.000035;0.00002337;0.00002702;1703922992.28
20250712 000000;0.00002702;0.00003119;0.00002676;0.00002765;1700349977.88
20250713 000000;0.00002765;0.00003019;0.00002737;0.00002792;1532300306.99
20250714 000000;0.00002792;0.00003025;0.00002717;0.00002725;1692221164.51
20250715 000000;0.00002725;0.00002914;0.000027;0.00002742;1633033439.21
20250716 000000;0.00002742;0.00002922;0.00002703;0.0000279;1445135039.04
20250717 000000;0.0000279;0.00002974;0.0000271;0.00002951;1288760426.83
20250718 000000;0.00002951;0.00003719;0.00002933;0.00003292;1387172240.78
20250719 000000;0.00003292;0.00003424;0.00002938;0.0000323;1133805150.37
20250720 000000;0.0000323;0.00003499;0.00003006;0.00003365;1061172905.87
20250721 000000;0.00003365;0.00003423;0.00003085;0.00003189;979325807.53
20250722 000000;0.00003189;0.000035;0.00003107;0.00003388;1026535182.78
20250723 000000;0.00003388;0.000035;0.00003202;0.00003393;912754898.75
20250724 000000;0.00003393;0.00003458;0.00003151;0.00003252;877283782.75
20250725 000000;0.00003252;0.000035;0.00002884;0.0000326;1197528803.81
20250726 000000;0.0000326;0.0000385;0.00003204;0.00003565;729065065.37
20250727 000000;0.00003565;0.00004355;0.00003523;0.0000404;591896261.29
20250728 000000;0.0000404;0.00005001;0.00003917;0.00004429;722879338.51
20250729 000000;0.00004429;0.00005562;0.00004404;0.00004874;836902031.06
20250730 000000;0.00004874;0.00005201;0.00004609;0.00004854;687376088.76
20250731 000000;0.00004854;0.00005839;0.00004611;0.00005208;868094802.22
20250801 000000;0.00005208;0.0000525;0.00004618;0.00004701;811593463.08
20250802 000000;0.00004701;0.00004961;0.00004391;0.00004705;655243319.72
20250803 000000;0.00004705;0.00004876;0.00004398;0.00004523;648106643.35
20250804 000000;0.00004523;0.000047;0.00004172;0.00004368;745764814.87
20250805 000000;0.00004368;0.00004728;0.00004188;0.00004622;720694190.43
20250806 000000;0.00004622;0.00005;0.00004288;0.00004527;553355175
20250807 000000;0.00004527;0.00004899;0.00004198;0.00004256;496780052.66
20250808 000000;0.00004256;0.00004315;0.00003898;0.000041;457331560.49
20250809 000000;0.000041;0.00004542;0.00003943;0.00004159;503970016.76
20250810 000000;0.00004159;0.00005;0.00002601;0.00002985;1113441851.96
20250811 000000;0.00002985;0.00004898;0.00002982;0.00004356;767155973.33
20250812 000000;0.00004356;0.00004397;0.0000408;0.00004161;398014291.66
20250813 000000;0.00004161;0.00005;0.00004037;0.00004603;542780246.71
20250814 000000;0.00004603;0.000055;0.000045;0.0000504;560099006.08
20250815 000000;0.0000504;0.00005683;0.00005008;0.00005491;464939483.71
20250816 000000;0.00005491;0.00006399;0.00005068;0.00005715;571877575.12
20250817 000000;0.00005715;0.00007;0.00005634;0.00006171;536887379.89
20250818 000000;0.00006171;0.000069;0.0000532;0.00006001;791857603.3
20250819 000000;0.00006001;0.00006225;0.00005454;0.00005677;538049456.8
20250820 000000;0.00005677;0.0000656;0.0000551;0.00005862;583091461.15
20250821 000000;0.00005862;0.000069;0.00005727;0.00006249;738645780.35
20250822 000000;0.00006249;0.00007201;0.00005675;0.00006174;1180887590.52
20250823 000000;0.00006174;0.00006623;0.0000598;0.00005982;1011428960.04
20250824 000000;0.00005982;0.00006898;0.00005196;0.00005428;680618523.49
20250825 000000;0.00005428;0.00005745;0.00005286;0.000054;687114252.26
20250826 000000;0.000054;0.00005691;0.00005;0.00005187;740396204.04
20250827 000000;0.00005187;0.000056;0.000045;0.00004803;970210894.53
20250828 000000;0.00004803;0.00004901;0.00004029;0.0000403;362097156.28
20250829 000000;0.0000403;0.00004194;0.00003886;0.00004073;505170836.42
20250830 000000;0.00004073;0.000042;0.00003946;0.00003988;306693593.36
20250831 000000;0.00003988;0.00004049;0.00003772;0.00003933;358410219.54
20250901 000000;0.00003933;0.00004015;0.00003737;0.00003938;406161760.64
20250902 000000;0.00003938;0.00003948;0.00003724;0.000039;291223231.34
20250903 000000;0.000039;0.00004011;0.00003553;0.00003819;560069219.73
20250904 000000;0.00003819;0.00005025;0.0000378;0.00004169;1268109138.68
20250905 000000;0.00004169;0.00004361;0.000037;0.00003822;996112107.77
20250906 000000;0.00003822;0.00003849;0.00003693;0.00003734;953445436.9
20250907 000000;0.00003734;0.00004105;0.00003701;0.00003753;998037748.85
20250908 000000;0.00003753;0.00003832;0.00003714;0.00003768;847047220.09
20250909 000000;0.00003768;0.00003855;0.00003747;0.00003805;872741818.34
20250910 000000;0.00003805;0.00003816;0.00003702;0.00003718;902026402.01
20250911 000000;0.00003718;0.00003746;0.00003585;0.00003617;1031388413.99
20250912 000000;0.00003617;0.0000366;0.00003215;0.00003431;955332248.67
20250913 000000;0.00003431;0.0000353;0.00003421;0.00003488;805965155.57
20250914 000000;0.00003488;0.00003519;0.0000345;0.00003507;1310919811.77
20250915 000000;0.00003507;0.00003698;0.00003376;0.00003521;1500991533.38
20250916 000000;0.00003521;0.00003548;0.0000341;0.00003412;1349068261.71
20250917 000000;0.00003412;0.0000345;0.00003344;0.00003384;1443632826.95
20250918 000000;0.00003384;0.0000341;0.00003366;0.00003377;1327045566.87
20250919 000000;0.00003377;0.0000341;0.00003327;0.00003358;1441513258.08
20250920 000000;0.00003358;0.00003367;0.0000321;0.00003267;1308079318.96
20250921 000000;0.00003267;0.00003315;0.00003197;0.00003252;1324691997.28
20250922 000000;0.00003252;0.00003588;0.00003074;0.00003172;1120869953.98
20250923 000000;0.00003172;0.00003593;0.00003105;0.00003137;616276417.9
20250924 000000;0.00003137;0.00003248;0.0000313;0.0000319;801271225.58
20250925 000000;0.0000319;0.00003218;0.00003001;0.00003169;718766079.45
20250926 000000;0.00003169;0.00003179;0.00003071;0.00003088;729674741.78
20250927 000000;0.00003088;0.00003118;0.00003;0.00003042;710465633.2
20250928 000000;0.00003042;0.0000307;0.00002967;0.00003053;762061113.57
20250929 000000;0.00003053;0.00003059;0.00002936;0.00002942;539905945.27
20250930 000000;0.00002942;0.0000295;0.00002761;0.00002762;747155321.68
20251001 000000;0.00002762;0.0000278;0.00002469;0.00002686;884851915.72
20251002 000000;0.00002686;0.00002694;0.00002595;0.00002646;692813268.45
20251003 000000;0.00002646;0.00002774;0.00002561;0.00002631;1211828572.75
20251004 000000;0.00002631;0.00002694;0.00002547;0.00002592;834089203.06
20251005 000000;0.00002592;0.00002605;0.00002491;0.00002524;699329519.26
20251006 000000;0.00002524;0.000026;0.00002515;0.00002534;704172614.22
20251007 000000;0.00002534;0.00002638;0.00002519;0.00002548;779283016.5
20251008 000000;0.00002548;0.00003035;0.00002543;0.00003;739981925.23
20251009 000000;0.00003;0.00003224;0.00002742;0.00003006;1799837007.07
20251010 000000;0.00003006;0.000035;0.00002879;0.00002912;2118063578.9
20251011 000000;0.00002912;0.0000298;0.0000238;0.00002495;1441374281.6
20251012 000000;0.00002495;0.00003189;0.00002485;0.00002799;1908303376.48
20251013 000000;0.00002799;0.00002839;0.00002687;0.00002757;1691687097.6
20251014 000000;0.00002757;0.0000304;0.0000259;0.00002773;1838593957.87
20251015 000000;0.00002773;0.00002802;0.000025;0.00002689;1749883557.94
20251016 000000;0.00002689;0.00002717;0.00002501;0.00002573;1078332598.3
20251017 000000;0.00002573;0.00002687;0.00002493;0.00002574;912674705.05
20251018 000000;0.00002574;0.00002575;0.0000243;0.00002502;826269369.83
20251019 000000;0.00002502;0.00002552;0.00002414;0.00002461;865672572.43
20251020 000000;0.00002461;0.0000251;0.0000243;0.00002447;857966770.65
20251021 000000;0.00002447;0.00002671;0.00002439;0.00002564;952992182
20251022 000000;0.00002564;0.00002576;0.00002332;0.0000241;1038916101.56
20251023 000000;0.0000241;0.00002481;0.00002301;0.00002322;926605109.23
20251024 000000;0.00002322;0.00002379;0.00002248;0.000023;911425459.74
20251025 000000;0.000023;0.00002309;0.00002211;0.00002264;337439066.33
20251026 000000;0.00002264;0.00002516;0.000022;0.0000248;906599764.82
20251027 000000;0.0000248;0.00002654;0.00002454;0.00002644;906683743.7
20251028 000000;0.00002644;0.0000289;0.00002581;0.00002788;805288499.29
20251029 000000;0.00002788;0.00002818;0.00002514;0.00002559;652756150
20251030 000000;0.00002559;0.00002864;0.00002519;0.00002731;717031222.55
20251031 000000;0.00002731;0.00002823;0.00002599;0.00002668;735263158.62
20251101 000000;0.00002668;0.000027;0.00002417;0.00002539;487087738.02
20251102 000000;0.00002539;0.000026;0.00002489;0.00002578;524214120.52
20251103 000000;0.00002578;0.00002667;0.00002464;0.00002548;626835304.72
20251104 000000;0.00002548;0.00002551;0.00002324;0.00002364;365447472.15
20251105 000000;0.00002364;0.0000237;0.00002282;0.00002309;564008633.89
20251106 000000;0.00002309;0.00002351;0.00002102;0.00002239;621277496.33
20251107 000000;0.00002239;0.00002242;0.00002195;0.00002223;484057208.23
20251108 000000;0.00002223;0.0000223;0.00002136;0.00002154;496652034.83
20251109 000000;0.00002154;0.00002162;0.00002;0.00002043;604636469.86
20251110 000000;0.00002043;0.00002055;0.00002;0.00002007;414436070.13
20251111 000000;0.00002007;0.00002048;0.00002;0.00002007;533475222.81
20251112 000000;0.00002007;0.00002066;0.00001927;0.0000199;606283302.85
20251113 000000;0.0000199;0.00002077;0.00001988;0.00001999;556174810.28
20251114 000000;0.00001999;0.00002064;0.0000199;0.00002005;537851107.5
20251115 000000;0.00002005;0.00002046;0.0000196;0.00001997;499558406.92
20251116 000000;0.00001997;0.00002013;0.00001982;0.00001987;656293044.04
20251117 000000;0.00001987;0.00002019;0.00001871;0.00001966;959078835.88
20251118 000000;0.00001966;0.00002007;0.00001955;0.00001967;769509867.45
20251119 000000;0.00001967;0.00002048;0.00001905;0.00002006;936314037.76
20251120 000000;0.00002006;0.00002023;0.00001945;0.00001979;824275030.6
20251121 000000;0.00001979;0.00001993;0.00001952;0.00001954;845484029.51
20251122 000000;0.00001954;0.00001958;0.00001942;0.00001942;756494776.24
20251123 000000;0.00001942;0.00001969;0.00001927;0.00001929;650125671.31
20251124 000000;0.00001929;0.00001957;0.00001919;0.00001941;923548287.83
20251125 000000;0.00001941;0.0000195;0.00001922;0.00001935;824874486.25
20251126 000000;0.00001935;0.00001941;0.00001916;0.0000192;734639316.07
20251127 000000;0.0000192;0.00001939;0.00001913;0.00001937;796696425.49
20251128 000000;0.00001937;0.0000195;0.00001915;0.0000192;828770137.23
20251129 000000;0.0000192;0.00001933;0.00001912;0.00001921;775454260.93
20251130 000000;0.00001921;0.00001922;0.00001903;0.00001909;740141971.79
20251201 000000;0.00001909;0.00001941;0.00001902;0.0000193;937259132.52
20251202 000000;0.0000193;0.00001931;0.000019;0.00001905;819590073.41
20251203 000000;0.00001905;0.00001921;0.00001898;0.00001913;817585412.2
20251204 000000;0.00001913;0.00001914;0.00001897;0.00001904;727297139.16
20251205 000000;0.00001904;0.00001915;0.00001892;0.00001905;804448764.61
20251206 000000;0.00001905;0.00001906;0.00001888;0.00001893;768181105.27
20251207 000000;0.00001893;0.00001906;0.00001888;0.00001892;776666328.5
20251208 000000;0.00001892;0.00001902;0.00001883;0.00001885;755853979.24
20251209 000000;0.00001885;0.00001904;0.00001815;0.00001902;908703424.43
20251210 000000;0.00001902;0.00001903;0.00001873;0.00001878;773066780.63
20251211 000000;0.00001878;0.00001885;0.0000185;0.0000187;924646633.34
20251212 000000;0.0000187;0.00001873;0.00001846;0.00001852;720613263
20251213 000000;0.00001852;0.00001855;0.00001845;0.00001849;622693083.89
20251214 000000;0.00001849;0.00001853;0.00001843;0.0000185;677558008.11
20251215 000000;0.0000185;0.0000185;0.00001837;0.00001842;709731407.56
20251216 000000;0.00001842;0.00001842;0.00001825;0.00001829;742096053.65
20251217 000000;0.00001829;0.00001844;0.00001819;0.00001842;663509131.76
20251218 000000;0.00001842;0.00001853;0.00001838;0.0000184;564252507.08
20251219 000000;0.0000184;0.00001843;0.00001822;0.00001824;585049352.69
20251220 000000;0.00001824;0.0000183;0.00001801;0.00001804;749858598.96
20251221 000000;0.00001804;0.00001807;0.00001781;0.00001784;755625934.54
20251222 000000;0.00001784;0.00001802;0.00001758;0.00001769;659954069.15
20251223 000000;0.00001769;0.0000177;0.00001719;0.00001737;726511898.06
20251224 000000;0.00001737;0.00001739;0.00001698;0.00001703;613822436.09
20251225 000000;0.00001703;0.00001708;0.00001699;0.00001704;669699488.41
20251226 000000;0.00001704;0.00001705;0.0000168;0.00001685;730934931.58
20251227 000000;0.00001685;0.00001685;0.00001603;0.00001618;815760908.86
20251228 000000;0.00001618;0.0000162;0.00001588;0.00001592;687281921.25
20251229 000000;0.00001592;0.00001593;0.00001564;0.0000157;800241437.06
20251230 000000;0.0000157;0.0000157;0.00001458;0.0000146;725111049.79
20251231 000000;0.0000146;0.00001473;0.00001455;0.00001458;1095024925.3
