20260101 000000;0.00001458;0.00001459;0.00001438;0.00001442;967575767.18
20260102 000000;0.00001442;0.00001443;0.00001405;0.00001408;983037006.55
20260103 000000;0.00001408;0.00001419;0.00001375;0.00001377;1218975699.43
20260104 000000;0.00001377;0.00001389;0.00001362;0.0000137;971172646.35
20260105 000000;0.0000137;0.00001379;0.00001364;0.0000137;915753107.75
20260106 000000;0.0000137;0.00001371;0.00001354;0.00001356;951879011.49
20260107 000000;0.00001356;0.00001359;0.00001347;0.00001348;900644926.45
20260108 000000;0.00001348;0.00001358;0.00001286;0.00001323;1405200065.54
20260109 000000;0.00001323;0.00001327;0.00001303;0.00001306;900002487.36
20260110 000000;0.00001306;0.00001307;0.00001286;0.00001289;879898256.9
20260111 000000;0.00001289;0.00001302;0.00001281;0.0000129;875336810.75
20260112 000000;0.0000129;0.0000129;0.00001267;0.0000127;880648738.12
20260113 000000;0.0000127;0.0000127;0.00001249;0.00001259;936579036.27
20260114 000000;0.00001259;0.00001259;0.00001245;0.00001247;877038242.05
20260115 000000;0.00001247;0.0000126;0.0000124;0.00001255;1063861837.21
20260116 000000;0.00001255;0.0000126;0.00001249;0.00001249;978500851.87
20260117 000000;0.00001249;0.00001286;0.00001239;0.00001264;1106363337.4
20260118 000000;0.00001264;0.00001299;0.00001235;0.0000124;1491881132.68
20260119 000000;0.0000124;0.00001293;0.00001233;0.00001254;1413642325.11
20260120 000000;0.00001254;0.00001279;0.00001233;0.00001271;1278204358.05
20260121 000000;0.00001271;0.00001276;0.0000124;0.00001254;1202253747.17
20260122 000000;0.00001254;0.00001257;0.00001235;0.00001252;1166959428.55
20260123 000000;0.00001252;0.00001267;0.00001243;0.00001266;1122156492.55
20260124 000000;0.00001266;0.00001276;0.00001255;0.00001273;1065326297.19
20260125 000000;0.00001273;0.00001276;0.0000124;0.00001242;1126112208.82
20260126 000000;0.00001242;0.0000162;0.00001235;0.00001251;1583178087.12
20260127 000000;0.00001251;0.00001284;0.00001245;0.00001268;1168717824.33
20260128 000000;0.00001268;0.00001275;0.00001245;0.00001261;1178137113.1
20260129 000000;0.00001261;0.00001284;0.00001255;0.0000127;1134981422.93
20260130 000000;0.0000127;0.00001273;0.00001243;0.00001255;1127306731.15
20260131 000000;0.00001255;0.00001257;0.00001229;0.00001229;1097711855.19
20260201 000000;0.00001229;0.00001241;0.00001223;0.00001227;1058334635.95
20260202 000000;0.00001227;0.00001231;0.000012;0.00001204;1201442352.86
20260203 000000;0.00001204;0.000015;0.00001074;0.00001182;1002642938.8
20260204 000000;0.00001182;0.00001186;0.00001165;0.00001169;880740406.84
20260205 000000;0.00001169;0.00001172;0.00001109;0.00001117;1128695106.69
20260206 000000;0.00001117;0.00001125;0.0000098;0.00001;956812652.42
20260207 000000;0.00001;0.00001003;0.0000096;0.00000975;1011702050.18
20260208 000000;0.00000975;0.00000985;0.00000969;0.00000979;1038364594.06
20260209 000000;0.00000979;0.00000985;0.00000957;0.00000971;898596441.77
20260210 000000;0.00000971;0.00000983;0.00000958;0.00000977;997881867.74
20260211 000000;0.00000977;0.00000985;0.0000097;0.00000975;1135346650.1
20260212 000000;0.00000975;0.0000099;0.0000097;0.00000975;1066873531.68
20260213 000000;0.00000975;0.00000984;0.0000097;0.00000978;1184409790.27
20260214 000000;0.00000978;0.00000981;0.0000097;0.00000981;1168145578.53
20260215 000000;0.00000981;0.0000099;0.00000976;0.0000098;1064267198.82
20260216 000000;0.0000098;0.0000099;0.00000971;0.00000987;1252073387.45
20260217 000000;0.00000987;0.00001006;0.00000982;0.00001001;1238254441.85
20260218 000000;0.00001001;0.00001008;0.00000998;0.00001001;1596229301.82
20260219 000000;0.00001001;0.00001012;0.00000998;0.00001003;1454560962.74
20260220 000000;0.00001003;0.00001013;0.00000965;0.0000099;1617114238.51
20260221 000000;0.0000099;0.0000099;0.00000963;0.0000097;940623403.71
20260222 000000;0.0000097;0.00000979;0.00000959;0.00000968;1118858650.07
20260223 000000;0.00000968;0.00000971;0.00000952;0.00000954;1220620392.53
20260224 000000;0.00000954;0.00000963;0.00000949;0.00000957;1080691615.6
20260225 000000;0.00000957;0.00000957;0.0000094;0.00000955;943200096.55
20260226 000000;0.00000955;0.00000961;0.00000947;0.00000955;1014123323.1
20260227 000000;0.00000955;0.00000958;0.00000949;0.0000095;1115078624.71
20260228 000000;0.0000095;0.00000954;0.00000946;0.00000949;942948300.43
20260301 000000;0.00000949;0.00000954;0.00000948;0.00000952;1200621552.04
20260302 000000;0.00000952;0.00000957;0.0000094;0.0000095;743222256.48
20260303 000000;0.0000095;0.00000951;0.00000923;0.0000095;1009690099.28
20260304 000000;0.0000095;0.00000956;0.00000935;0.0000095;348489632.18
20260305 000000;0.0000095;0.00000968;0.00000946;0.00000964;1260467660.29
20260306 000000;0.00000964;0.00000965;0.00000948;0.00000963;955071164.15
20260307 000000;0.00000963;0.00000969;0.00000937;0.00000948;782059313.36
20260308 000000;0.00000948;0.00000951;0.00000896;0.0000092;498202174.74
20260309 000000;0.0000092;0.00000929;0.00000905;0.00000925;592305907.42
20260310 000000;0.00000925;0.00001299;0.000008;0.00000915;1021184753.61
20260311 000000;0.00000915;0.00000928;0.00000909;0.00000921;707911186.84
20260312 000000;0.00000921;0.00000928;0.00000909;0.00000919;713903971.95
20260313 000000;0.00000919;0.00000935;0.00000915;0.00000917;723529430.91
20260314 000000;0.00000917;0.00000925;0.00000911;0.00000916;793114172.52
20260315 000000;0.00000916;0.0000092;0.00000911;0.00000919;706414162.04
20260316 000000;0.00000919;0.00000927;0.00000911;0.00000916;761905031.75
20260317 000000;0.00000916;0.00000923;0.00000911;0.00000915;1077390536.69
20260318 000000;0.00000915;0.0000092;0.00000911;0.00000912;660656626.21
20260319 000000;0.00000912;0.00000919;0.00000911;0.00000916;612576028.03
20260320 000000;0.00000916;0.0000092;0.00000911;0.00000919;928450022.51
20260321 000000;0.00000919;0.0000092;0.00000911;0.00000913;725368751.55
20260322 000000;0.00000913;0.00000934;0.00000912;0.0000093;817247604.45
20260323 000000;0.0000093;0.00000932;0.00000915;0.00000917;690735400.01
20260324 000000;0.00000917;0.00000922;0.00000912;0.00000916;704575574.19
20260325 000000;0.00000916;0.00000918;0.00000912;0.00000914;695503038.91
20260326 000000;0.00000914;0.00000918;0.00000912;0.00000917;735188408.51
20260327 000000;0.00000917;0.00000918;0.0000091;0.00000917;865869907.78
20260328 000000;0.00000917;0.00000917;0.00000904;0.00000915;648176984.18
20260329 000000;0.00000915;0.00000919;0.00000904;0.00000912;691624943.37
20260330 000000;0.00000912;0.00000925;0.00000912;0.0000092;705146331.04
20260331 000000;0.0000092;0.0000092;0.00000904;0.00000912;725843673.38
20260401 000000;0.00000912;0.00000917;0.00000908;0.00000917;610413903.14
20260402 000000;0.00000917;0.00000918;0.00000909;0.00000915;716706609.29
20260403 000000;0.00000915;0.00000924;0.00000911;0.00000919;839104337.78
20260404 000000;0.00000919;0.0000119;0.00000909;0.00000916;1521195393.03
20260405 000000;0.00000916;0.0000093;0.0000091;0.00000924;1374998292.18
20260406 000000;0.00000924;0.0000093;0.00000918;0.00000923;1117664735.29
20260407 000000;0.00000923;0.000011;0.00000904;0.00000924;1859670621.87
20260408 000000;0.00000924;0.0000093;0.0000091;0.00000925;1156840362.11
20260409 000000;0.00000925;0.0000094;0.00000921;0.00000931;1349379023.31
20260410 000000;0.00000931;0.00000936;0.0000093;0.00000932;1202538396.04
20260411 000000;0.00000932;0.00000938;0.00000929;0.00000936;1065066337.6
20260412 000000;0.00000936;0.0000094;0.00000928;0.00000932;1112056129.34
20260413 000000;0.00000932;0.00000944;0.0000093;0.00000937;1103611063.18
20260414 000000;0.00000937;0.00000952;0.00000935;0.00000939;1109015123.33
20260415 000000;0.00000939;0.00000948;0.0000093;0.0000094;1113458681.95
20260416 000000;0.0000094;0.00000949;0.0000093;0.00000937;1172003926.45
20260417 000000;0.00000937;0.00000962;0.00000931;0.00000951;1198547798.23
20260418 000000;0.00000951;0.00000962;0.00000945;0.00000951;1205033389.96
20260419 000000;0.00000951;0.00001019;0.00000947;0.00001007;1378704758.38
20260420 000000;0.00001007;0.0000102;0.00000991;0.00001015;1246200853.33
20260421 000000;0.00001015;0.00001115;0.00001007;0.00001107;1342144880.41
20260422 000000;0.00001107;0.00001116;0.00001088;0.000011;1134243177.99
20260423 000000;0.000011;0.00001102;0.00001069;0.00001078;1371490106.52
20260424 000000;0.00001078;0.00001291;0.00001051;0.00001078;1349734432.67
20260425 000000;0.00001078;0.0000109;0.0000107;0.00001089;1090408005.79
20260426 000000;0.00001089;0.0000136;0.0000107;0.00001246;2464488614.06
20260427 000000;0.00001246;0.00001273;0.00001211;0.00001229;917800984.8
20260428 000000;0.00001229;0.00001262;0.00001225;0.0000124;853180695.26
20260429 000000;0.0000124;0.00001337;0.0000123;0.00001315;867133383.9
20260430 000000;0.00001315;0.000016;0.0000131;0.00001573;654419791.46
20260501 000000;0.00001573;0.00001673;0.00001562;0.00001649;1077736544.1
20260502 000000;0.00001649;0.00002512;0.00001631;0.0000235;1507390131.45
20260503 000000;0.0000235;0.00002967;0.00002181;0.00002257;962224713.02
20260504 000000;0.00002257;0.00002257;0.000022;0.00002227;532062013.28
20260505 000000;0.00002227;0.000031;0.0000214;0.00002495;1246178875.29
20260506 000000;0.00002495;0.00002512;0.00002402;0.00002443;508532715.53
20260507 000000;0.00002443;0.00002443;0.00002323;0.0000237;519583534.28
20260508 000000;0.0000237;0.00002382;0.00002293;0.00002327;477518629.51
20260509 000000;0.00002327;0.00003201;0.00002294;0.0000276;419504924.87
20260510 000000;0.0000276;0.00002866;0.00002734;0.00002814;303025992.96
20260511 000000;0.00002814;0.00002935;0.00002794;0.00002875;458150259.55
20260512 000000;0.00002875;0.00002901;0.00002791;0.00002837;447998704.28
20260513 000000;0.00002837;0.0000288;0.00002731;0.00002767;434325432.76
20260514 000000;0.00002767;0.00002782;0.00002675;0.00002698;412215443.81
20260515 000000;0.00002698;0.00002738;0.00002582;0.00002721;460431413.06
20260516 000000;0.00002721;0.00002721;0.00001862;0.00002051;897272891.35
20260517 000000;0.00002051;0.00002057;0.00001481;0.00001754;1794841749.14
20260518 000000;0.00001754;0.000029;0.00001754;0.00001973;1973260675.69
20260519 000000;0.00001973;0.00001994;0.00001781;0.00001912;666092807.65
20260520 000000;0.00001912;0.00001935;0.0000182;0.0000182;605114606.23
20260521 000000;0.0000182;0.00002099;0.00001797;0.00001924;1106634302.37
20260522 000000;0.00001924;0.00001948;0.00001867;0.00001874;552030987.36
20260523 000000;0.00001874;0.00001932;0.0000186;0.00001898;654083806.54
20260524 000000;0.00001898;0.00002099;0.0000173;0.00001952;1175542978.21
20260525 000000;0.00001952;0.00001978;0.00001904;0.00001919;556884174.87
20260526 000000;0.00001919;0.00001936;0.00001824;0.00001835;567775259.91
20260527 000000;0.00001835;0.00002098;0.00001702;0.0000171;857769982.07
20260528 000000;0.0000171;0.00001745;0.00001525;0.00001628;710864958.73
20260529 000000;0.00001628;0.00001634;0.00001525;0.00001533;701158912.41
20260530 000000;0.00001533;0.00001578;0.00001491;0.00001509;794201630.74
20260531 000000;0.00001509;0.00001543;0.00001497;0.0000152;711628228.72
20260601 000000;0.0000152;0.00001566;0.00001387;0.00001524;923032785.02
20260602 000000;0.00001524;0.00001574;0.00001467;0.00001572;809528291.76
20260603 000000;0.00001572;0.00001818;0.00001564;0.00001783;745120714.5
20260604 000000;0.00001783;0.00001978;0.00001776;0.00001971;587427601.02
20260605 000000;0.00001971;0.00002277;0.00001956;0.00002271;620738698.75
20260606 000000;0.00002271;0.00003395;0.00002267;0.00002518;910791689.05
20260607 000000;0.00002518;0.00002686;0.00001651;0.0000201;1184007282.31
20260608 000000;0.0000201;0.00002175;0.00002005;0.00002153;643767409
20260609 000000;0.00002153;0.00002163;0.00002038;0.00002117;484968728.82
20260610 000000;0.00002117;0.00002738;0.00002117;0.00002482;664558930.89
20260611 000000;0.00002482;0.00002759;0.00002476;0.00002574;277749862.17
20260612 000000;0.00002574;0.0000282;0.00002525;0.0000263;456831353.82
20260613 000000;0.0000263;0.00002753;0.00002599;0.00002642;157640004.6
20260614 000000;0.00002642;0.00002691;0.00002459;0.00002689;613045217.81
20260615 000000;0.00002689;0.00002736;0.00002574;0.00002665;378051302.93
20260616 000000;0.00002665;0.00002736;0.0000246;0.00002481;353233683.98
20260617 000000;0.00002481;0.0000261;0.00002473;0.0000248;456938258.14
20260618 000000;0.0000248;0.00002513;0.00002397;0.00002507;445129729.54
20260619 000000;0.00002507;0.00002645;0.00002461;0.00002558;331348324.04
20260620 000000;0.00002558;0.00002733;0.00002516;0.00002711;246936580.76
