20240516 000000;100;236.98;100;233.46;1721.42
20240517 000000;233.46;250;220.97;247.37;2012.58
20240518 000000;247.37;249.99;240.75;247.77;1975.48
20240519 000000;247.77;251.99;244.31;251.29;1706.1
20240520 000000;251.29;251.45;245;249.24;2153.2
20240521 000000;249.24;249.98;243.88;245.93;1728.3
20240522 000000;245.93;249.99;244.49;245.5;1945.07
20240523 000000;245.5;245.7;243.53;245.11;2036.88
20240524 000000;245.11;245.7;243.53;245.7;1844.59
20240525 000000;245.7;245.7;240.57;245.56;1910.84
20240526 000000;245.56;245.69;245.53;245.56;2056.63
20240527 000000;245.56;245.68;244.26;245.34;1656.54
20240528 000000;245.34;249.51;244.27;249.12;2037.25
20240529 000000;249.12;249.99;246.51;249.27;1731.48
20240530 000000;249.27;255.27;246.51;250.27;1644.88
20240531 000000;250.27;251;241.92;243.58;1829.7
20240601 000000;243.58;244.67;241.25;244.42;1972.02
20240602 000000;244.42;244.51;239.58;241.85;1534.19
20240603 000000;241.85;244.51;240.28;241.19;1944.63
20240604 000000;241.19;241.3;240.33;241.2;1795.67
20240605 000000;241.2;241.29;240.2;240.66;1741.08
20240606 000000;240.66;241.29;240.21;240.57;744.95
20240607 000000;240.57;241.28;119.8;240.85;1653.22
20240608 000000;240.85;244.52;238.78;242.59;1476.63
20240609 000000;242.59;244.47;240.22;241.13;1921.92
20240610 000000;241.13;244.51;240.21;242.84;1599.03
20240611 000000;242.84;248.68;240.72;242.01;1781.13
20240612 000000;242.01;245.46;238.06;242.15;1773.31
20240613 000000;242.15;246.42;238.04;240.21;2105.04
20240614 000000;240.21;244.69;240.2;240.86;1659.69
20240615 000000;240.86;242.18;240.2;241.36;1818.52
20240616 000000;241.36;242.39;240.9;241.38;1677.2
20240617 000000;241.38;245.75;235.88;239.62;2113.53
20240618 000000;239.62;241.99;239.05;241.37;1408.72
20240619 000000;241.37;246.5;239.8;240.1;1577.42
20240620 000000;240.1;245.66;239.32;242.6;2020.57
20240621 000000;242.6;245.01;239.01;241.47;1371.72
20240622 000000;241.47;245.51;238.42;243.47;355.74
20240623 000000;243.47;245.19;239.74;240.28;239.53
20240624 000000;240.28;244.43;233.01;241.82;149.42
20240625 000000;241.82;245.42;239.43;243.52;152.47
20240626 000000;243.52;245.88;239.15;242.81;150.87
20240627 000000;242.81;245.05;235.16;240.74;160.55
20240628 000000;240.74;240.96;239.07;240.65;158.09
20240629 000000;240.65;240.96;239.24;239.7;156.5
20240630 000000;239.7;241;238.6;239.83;133.39
20240701 000000;239.83;241;239.13;240.55;151.98
20240702 000000;240.55;241;237.47;240.34;157.21
20240703 000000;240.34;244.92;231.52;241.94;1319.04
20240704 000000;241.94;245.59;239.51;241.86;1646.57
20240705 000000;241.86;253.79;231.52;252.41;1305.76
20240706 000000;252.41;257.76;243.71;252.48;2007.88
20240707 000000;252.48;254.36;251.75;252.7;1790.39
20240708 000000;252.7;252.94;250.86;251.82;2124.9
20240709 000000;251.82;251.9;249.26;249.44;2178.87
20240710 000000;249.44;250.75;248.9;249.72;2052.79
20240711 000000;249.72;249.85;244.3;244.99;2684.81
20240712 000000;244.99;245.6;244;244.78;1714.14
20240713 000000;244.78;245.99;242.29;244.7;2419.05
20240714 000000;244.7;245.99;244;244.67;2522.76
20240715 000000;244.67;245.99;243.48;244.39;2136.53
20240716 000000;244.39;245.6;243.6;244.59;1842.04
20240717 000000;244.59;244.69;244.11;244.19;2319.29
20240718 000000;244.19;244.32;244.11;244.24;2337.85
20240719 000000;244.24;244.47;240.59;244.08;1763.64
20240720 000000;244.08;244.32;242.23;244.08;2248.64
20240721 000000;244.08;244.65;238.88;244.47;2131.77
20240722 000000;244.47;244.58;240.56;244.52;2313.21
20240723 000000;244.52;244.66;242.3;244.28;2245.23
20240724 000000;244.28;244.66;244;244.27;2212.9
20240725 000000;244.27;244.39;244.02;244.22;2320.66
20240726 000000;244.22;244.28;244.14;244.25;2250.41
20240727 000000;244.25;244.3;244.17;244.26;2403.49
20240728 000000;244.26;244.3;244.22;244.25;2230.31
20240729 000000;244.25;244.31;244.24;244.25;2133.68
20240730 000000;244.25;244.29;244.25;244.27;2228.87
20240731 000000;244.27;244.28;244.25;244.27;2257.79
20240801 000000;244.27;244.29;244.26;244.27;2383.29
20240802 000000;244.27;247.14;244.27;245.68;2754.59
20240803 000000;245.68;248.21;245.5;245.8;1842.6
20240804 000000;245.8;245.88;238.88;244.3;2761.35
20240805 000000;244.3;244.52;223.5;235.92;1944.1
20240806 000000;235.92;237.48;234.05;235.98;2651.4
20240807 000000;235.98;237.15;233.83;235.85;2254.04
20240808 000000;235.85;236.3;234.02;235.37;1776.94
20240809 000000;235.37;240.01;231.71;239.65;2559.23
20240810 000000;239.65;241.69;237.76;240.86;2224.18
20240811 000000;240.86;242.82;229.48;235.42;2205.72
20240812 000000;235.42;240.57;230.53;235.23;1528.43
20240813 000000;235.23;236.02;225.66;235.81;2675.82
20240814 000000;235.81;236.01;227.56;233.54;1982.04
20240815 000000;233.54;236.02;232.51;233.42;2253.93
20240816 000000;233.42;236.02;232.62;236.02;2250.97
20240817 000000;236.02;241.44;235.02;237.45;2708.22
20240818 000000;237.45;240.98;236.66;236.73;2361.87
20240819 000000;236.73;241.18;235.69;241.18;2808.88
20240820 000000;241.18;247.77;237.78;238.43;1971.32
20240821 000000;238.43;249.55;238.43;247.69;2307.51
20240822 000000;247.69;248.36;237.63;243.79;2248.06
20240823 000000;243.79;254.91;233.55;250;2460.74
20240824 000000;250;250.5;240.1;247.51;2181.31
20240825 000000;247.51;249.03;243.98;249.02;1965.79
20240826 000000;249.02;249.03;243.24;245.46;2320.06
20240827 000000;245.46;245.57;242;245.43;2048.54
20240828 000000;245.43;245.73;243.49;245.24;2485.73
20240829 000000;245.24;249.04;243.15;247.99;2304.67
20240830 000000;247.99;250.05;234.06;245.77;1936.72
20240831 000000;245.77;249.3;235.7;247.17;2307.87
20240901 000000;247.17;248.89;244.68;246.57;510.06
20240902 000000;246.57;248.7;235.8;242.47;310.92
20240903 000000;242.47;244.23;240.92;243.64;503.31
20240904 000000;243.64;244.91;240.43;241.42;410.68
20240905 000000;241.42;242.32;239.16;240.97;499.72
20240906 000000;240.97;242.02;239.78;241.17;340.3
20240907 000000;241.17;242.9;240.38;241.54;391.4
20240908 000000;241.54;243.85;215.65;241.76;419.46
20240909 000000;241.76;242.18;240.89;241.76;163.91
20240910 000000;241.76;241.76;174.63;236.55;100.25
20240911 000000;236.55;241.79;215.96;230;107.66
20240912 000000;230;238.18;230;235;0.73
20240913 000000;235;392000;211.63;275;10.51
20240914 000000;275;275;212.09;230;8.31
20240915 000000;230;249.99;211.62;240;1.59
20240916 000000;240;255.04;215.55;215.6;1.68
20240917 000000;215.6;226.98;200;200;2.12
20240918 000000;200;225.98;199;199;2.16
20240919 000000;199;224.99;199;220;2.34
20240920 000000;220;242;220;240.12;131.98
20240921 000000;240.12;241.89;233.09;238.35;200.96
20240922 000000;238.35;241.89;208.51;235.93;167.11
20240923 000000;235.93;236.27;217.55;225.82;710.39
20240924 000000;225.82;237.29;221.35;229.66;955.92
20240925 000000;229.66;234.93;203.16;226.34;856.99
20240926 000000;226.34;234.45;133;154.87;116.64
20240927 000000;154.87;245.36;120.19;226.13;989.25
20240928 000000;226.13;232.73;175.01;181.89;726.73
20240929 000000;181.89;228.6;181.89;224.37;192.83
20240930 000000;224.37;234.98;215.92;229.49;1143.18
20241001 000000;229.49;240.57;215.73;225.07;1116.9
20241002 000000;225.07;235.82;211.69;226.24;1023.3
20241003 000000;226.24;240.82;143.65;230.63;630.36
20241004 000000;230.63;235.62;220.52;227.23;1172.7
20241005 000000;227.23;251.6;168.17;232.06;583.02
20241006 000000;232.06;235.05;222.07;232.19;1145.01
20241007 000000;232.19;235;220.77;230.89;1110.52
20241008 000000;230.89;237.01;204.76;223.93;884.59
20241009 000000;223.93;232.65;198.41;203.5;125.98
20241010 000000;203.5;235.32;189.84;233.8;1011.48
20241011 000000;233.8;234.75;186.86;192.8;520.35
20241012 000000;192.8;219.41;176.46;212.64;85.31
20241013 000000;212.64;234.49;209.45;223.31;371.88
20241014 000000;223.31;225.85;214.52;217.81;1142.09
20241015 000000;217.81;225.23;214.7;224;1149.13
20241016 000000;224;224.99;214.98;217.27;1121.35
20241017 000000;217.27;225.74;200;220.99;1106.46
20241018 000000;220.99;225.09;199.25;219.16;609.24
20241019 000000;219.16;223.48;215.3;221.7;1145.86
20241020 000000;221.7;224.98;214.72;221.36;1131.47
20241021 000000;221.36;227.1;206.64;219.32;1128.31
20241022 000000;219.32;226.22;213.89;219.7;1104.67
20241023 000000;219.7;231.11;215.02;222.72;1140.64
20241024 000000;222.72;234.58;213.93;216.65;1124.21
20241025 000000;216.65;225.93;202.06;224.51;949.14
20241026 000000;224.51;230.12;214.77;219.09;1133.16
20241027 000000;219.09;225.17;214.79;220.99;1140.6
20241028 000000;220.99;225.49;213.23;222.16;1149.41
20241029 000000;222.16;225.48;214.84;222.49;1116.33
20241030 000000;222.49;224.56;214.91;216.49;1169.02
20241031 000000;216.49;224.95;215.05;222.76;1135.9
20241101 000000;222.76;227.59;209.65;222.36;1129.83
20241102 000000;222.36;225.1;215.07;218.29;1130.65
20241103 000000;218.29;225.71;214.88;219.24;1122.76
20241104 000000;219.24;225.02;215.02;221.65;1149.03
20241105 000000;221.65;226.13;200.78;219.98;739.79
20241106 000000;219.98;242;211.42;227.6;812.57
20241107 000000;227.6;261;225.05;251.91;1125.56
20241108 000000;251.91;260.34;235.02;250.76;961.61
20241109 000000;250.76;261.08;238.89;251.56;1129.97
20241110 000000;251.56;259.09;242.38;253.22;1049.98
20241111 000000;253.22;258.46;247.87;253.87;779.02
20241112 000000;253.87;261.64;245.17;247.91;771.04
20241113 000000;247.91;252.25;243.28;249.72;447.57
20241114 000000;249.72;252.36;239.75;242.46;915.23
20241115 000000;242.46;245.24;235.72;243.61;727.48
20241116 000000;243.61;244.39;235.28;241.01;601.57
20241117 000000;241.01;243.27;231.49;239.87;809.85
20241118 000000;239.87;263.04;237.95;258.56;1101.04
20241119 000000;258.56;267.88;249.06;266.22;1105.18
20241120 000000;266.22;270;256.82;261.24;1144.22
20241121 000000;261.24;267.66;255.34;261.27;1005.26
20241122 000000;261.27;268.99;257;264.49;1074.35
20241123 000000;264.49;270;257.32;264.83;1063.49
20241124 000000;264.83;268.9;259.95;264.29;601.6
20241125 000000;264.29;269.14;259.3;262.86;812.79
20241126 000000;262.86;269.07;260.04;263.57;634.06
20241127 000000;263.57;276.38;262.37;268.43;868.65
20241128 000000;268.43;275.4;263.93;272.15;1120.72
20241129 000000;272.15;274.99;261.89;268.11;1072.3
20241130 000000;268.11;271.48;261.37;262.48;1147.85
20241201 000000;262.48;270.18;259.23;264.26;835.3
20241202 000000;264.26;267.36;258.96;265.05;904.41
20241203 000000;265.05;267.2;258.62;262.68;768.93
20241204 000000;262.68;268.97;258.82;263.48;1006.49
20241205 000000;263.48;298.99;259.38;268.62;855.77
20241206 000000;268.62;282.79;266.02;271.38;1105.8
20241207 000000;271.38;275.6;264.48;265.98;1152.43
20241208 000000;265.98;271.98;264.96;268.85;1144.74
20241209 000000;268.85;272.23;264.89;269.26;1109.75
20241210 000000;269.26;272.16;265.15;265.79;1119.51
20241211 000000;265.79;277.96;265.23;272.16;1127.24
20241212 000000;272.16;277.87;268.12;271.61;1119.05
20241213 000000;271.61;273.59;264.91;270.42;86.01
20241214 000000;270.42;271.49;239.12;270.45;478.19
20241215 000000;270.45;270.98;263.62;265.98;1141.28
20241216 000000;265.98;270.99;263.81;266.37;1069.6
20241217 000000;266.37;270.59;257.42;261.83;913.7
20241218 000000;261.83;265.96;255.5;258.19;646.25
20241219 000000;258.19;266.14;253.61;256.04;679.13
20241220 000000;256.04;263.09;253.54;258.72;1143.06
20241221 000000;258.72;263.12;254.04;260.36;1127.34
20241222 000000;260.36;263.1;253.48;256.25;1137.9
20241223 000000;256.25;263.09;254.06;258.09;1130.07
20241224 000000;258.09;263.14;253.93;262.36;963.81
20241225 000000;262.36;266.45;258.98;263.86;1045.3
20241226 000000;263.86;266.04;258.37;263.58;981.7
20241227 000000;263.58;265.95;257.06;258.9;823.33
20241228 000000;258.9;261.58;256.29;259.47;627.3
20241229 000000;259.47;261.54;253.81;259.72;590.38
20241230 000000;259.72;261.8;254;258.62;1015.59
20241231 000000;258.62;261.96;254.02;255.62;941.17
