20260101 000000;146.35;151.17;130;146.51;466.08
20260102 000000;146.51;152.04;142.61;146.84;422.31
20260103 000000;146.84;153.45;142.73;149.33;409.77
20260104 000000;149.33;177;127.49;142.23;796.17
20260105 000000;142.23;145;128.35;141.94;1621.66
20260106 000000;141.94;142.89;128.94;132.76;1770.77
20260107 000000;132.76;144.49;131.12;141.03;602.47
20260108 000000;141.03;141.51;137.6;141.04;477.93
20260109 000000;141.04;141.51;132;138.34;1061.56
20260110 000000;138.34;144.12;127.65;139.44;1568.74
20260111 000000;139.44;144.97;130.16;140.65;1774.44
20260112 000000;140.65;141.36;132.52;133;506.22
20260113 000000;133;139.98;118.73;132.72;68.42
20260114 000000;132.72;145;132.72;144.99;1.02
20260115 000000;144.99;145;125.32;140.29;612.49
20260116 000000;140.29;141.02;138.26;140.35;168.08
20260117 000000;140.35;141.79;138.94;138.94;10.36
20260118 000000;138.94;138.94;69.65;97;117.81
20260119 000000;97;141.24;84.77;140.34;508.58
20260120 000000;140.34;141.16;132.79;138.91;48.3
20260121 000000;138.91;138.91;124.21;135.29;190.33
20260122 000000;135.29;137.56;132.44;137.16;143.97
20260123 000000;137.16;139.25;124.2;130.54;299.47
20260124 000000;130.54;132.16;127.39;130.53;305.58
20260125 000000;130.53;131.76;129.58;130.64;211.3
20260126 000000;130.64;136.6;129.07;133.31;439.2
20260127 000000;133.31;136.96;129.97;130.87;357.41
20260128 000000;130.87;133.11;129.32;131.12;212.46
20260129 000000;131.12;133.1;129.11;131.25;160.47
20260130 000000;131.25;133.48;127.1;127.98;167.09
20260131 000000;127.98;131.77;126.13;130.64;226.88
20260201 000000;130.64;131.71;128.73;131.1;159.88
20260202 000000;131.1;132.85;128.7;132.01;163.39
20260203 000000;132.01;132.97;125.63;126.58;261.87
20260204 000000;126.58;127.86;122.95;124.44;285.3
20260205 000000;124.44;124.69;124.22;124.43;1.1
20260206 000000;124.43;124.68;121.85;124.68;3.43
20260207 000000;124.68;124.69;124.68;124.69;1
20260208 000000;124.69;124.71;124.69;124.71;0.41
20260209 000000;124.71;139.5;121.76;122.35;2.55
20260210 000000;122.35;125.93;120.29;123.68;124.38
20260211 000000;123.68;128.58;122.5;123.67;663.98
20260212 000000;123.67;125.66;122.24;123.64;669.24
20260213 000000;123.64;124.93;121.44;123.77;807.28
20260214 000000;123.77;127.12;122.08;125.25;721.9
20260215 000000;125.25;130;124.76;128.3;676.36
20260216 000000;128.3;130;127.33;128.29;581.36
20260217 000000;128.29;133.46;127.7;132.74;561.39
20260218 000000;132.74;133.7;124.74;125.21;509.89
20260219 000000;125.21;130.2;124.37;128.36;600.97
20260220 000000;128.36;130.2;125.06;128.26;589.07
20260221 000000;128.26;130.19;126.57;128.49;575.64
20260222 000000;128.49;133.46;126.81;127.77;562.81
20260223 000000;127.77;128.73;120.13;120.47;597.86
20260224 000000;120.47;127.65;120.33;127.38;224.51
20260225 000000;127.38;127.73;120.95;121.55;362.17
20260226 000000;121.55;123.33;111.01;116.64;464.86
20260227 000000;116.64;119.95;114.87;115.54;674.51
20260228 000000;115.54;117.22;114.97;115.42;666.78
20260301 000000;115.42;123.97;114.96;123.01;601.48
20260302 000000;123.01;124;119.01;123;626.87
20260303 000000;123;125.99;117.63;124.26;583.25
20260304 000000;124.26;125.96;118.44;120.71;625.46
20260305 000000;120.71;125.31;120.08;124.53;709.47
20260306 000000;124.53;129.07;121.54;127.53;595.34
20260307 000000;127.53;132.76;127.09;132.33;469.48
20260308 000000;132.33;133.13;130.39;132.17;248.44
20260309 000000;132.17;133.3;130.01;131.61;591.67
20260310 000000;131.61;132.99;130.83;131.41;399.55
20260311 000000;131.41;133.19;130.24;131.34;174.97
20260312 000000;131.34;132.95;126.63;127.89;287.78
20260313 000000;127.89;132.71;127.46;132.41;213.21
20260314 000000;132.41;132.7;130.7;131.05;218.41
20260315 000000;131.05;132.71;130.52;131.38;138.74
20260316 000000;131.38;132.87;130.53;131.85;167.83
20260317 000000;131.85;133.04;130.49;131.62;258.6
20260318 000000;131.62;132.77;130.55;131.34;195.9
20260319 000000;131.34;132.81;130.67;131.42;279.85
20260320 000000;131.42;132.79;130.61;132.01;345.87
20260321 000000;132.01;132.67;130.34;131.03;77.57
20260322 000000;131.03;132.02;130.34;131.61;53.68
20260323 000000;131.61;132.08;130.34;131.46;19.51
20260324 000000;131.46;131.46;130.36;130.96;0.46
20260325 000000;130.96;131.78;130.34;130.85;16.49
20260326 000000;130.85;130.85;130.85;130.85;0
20260327 000000;130.85;130.85;130.85;130.85;0
20260328 000000;130.85;133.59;130.33;132.52;392.74
20260329 000000;132.52;133.65;130.76;132.01;541.03
20260330 000000;132.01;133.41;126.59;127.85;604.46
20260331 000000;127.85;133.45;124.74;127.99;591.74
20260401 000000;127.99;133.39;125.85;127.37;553.45
20260402 000000;127.37;133.5;125.64;127.66;590.02
20260403 000000;127.66;133.78;124.82;127.54;625.86
20260404 000000;127.54;129.72;126.12;127.83;583.06
20260405 000000;127.83;133.41;125.14;127.64;647.08
20260406 000000;127.64;133.4;125.35;127.16;573.51
20260407 000000;127.16;132.29;125.28;129.11;625.14
20260408 000000;129.11;131.49;123.21;127.38;587.21
20260409 000000;127.38;128.88;125.67;127.44;542.03
20260410 000000;127.44;128.28;126.58;126.61;121.06
20260411 000000;126.61;126.61;126.61;126.61;0
20260412 000000;126.61;127.05;126.58;127.02;4.23
20260413 000000;127.02;127.88;125.52;127.54;112.71
20260414 000000;127.54;127.89;125.25;126.94;433.3
20260415 000000;126.94;127.87;125.18;127.06;123.78
20260416 000000;127.06;127.06;126.63;127.02;0.03
20260417 000000;127.02;127.02;127.02;127.02;0
20260418 000000;127.02;127.02;126.85;126.85;0.01
20260419 000000;126.85;126.85;126.85;126.85;0
20260420 000000;126.85;126.85;126.85;126.85;0
20260421 000000;126.85;126.85;126.85;126.85;0.01
20260422 000000;126.85;126.85;126.85;126.85;0
20260423 000000;126.85;127.36;107.96;108;4.04
20260424 000000;108;108;108;108;0
20260425 000000;108;128.2;92.4;110.01;38.01
20260426 000000;110.01;123.01;95.08;103.61;30.22
20260427 000000;103.61;116;63;85.02;29.67
20260428 000000;85.02;120.01;54.83;63.08;15.55
20260429 000000;63.08;133.99;63.08;126.64;1706.42
20260430 000000;126.64;129.47;121.36;126.81;1832.31
20260501 000000;126.81;128.61;125.82;127.33;303.06
20260502 000000;127.33;127.45;108;113.76;361.09
20260503 000000;113.76;125.75;64.06;86.16;445.71
20260504 000000;86.16;130;83.25;94.19;289.5
20260505 000000;94.19;94.88;71.54;76.81;32.33
20260506 000000;76.81;116.51;73.05;87.78;73.49
20260507 000000;87.78;134;87.78;93.27;10.7
20260508 000000;93.27;109.99;85.17;102.5;9.87
20260509 000000;102.5;102.5;80;85.3;8.36
20260510 000000;85.3;85.3;76.64;77.37;1.67
20260511 000000;77.37;89.39;77.37;77.37;4.29
20260512 000000;77.37;100.96;77.37;83.22;64.05
20260513 000000;83.22;100;83;84;5.68
20260514 000000;84;111.01;80;83.82;29.71
20260515 000000;83.82;96.01;82.01;82.01;32.55
20260516 000000;82.01;83.33;82.01;83.14;1.12
20260517 000000;83.14;84.84;79;79.23;1.25
20260518 000000;79.23;85.02;74;81.58;7.97
20260519 000000;81.58;314.57;81.58;143.06;45.57
20260520 000000;143.06;204.46;82.6;100.92;32.97
20260521 000000;100.92;144;89.9;106.2;177.2
20260522 000000;106.2;140;92.09;115;16.95
20260523 000000;115;140.02;92.19;92.21;10.86
20260524 000000;92.21;93.52;74.3;79;210.66
20260525 000000;79;79;65.9;70.37;7.76
20260526 000000;70.37;70.37;69.27;69.27;0.07
20260527 000000;69.27;79.27;66.5;66.5;1.52
20260528 000000;66.5;77.3;65.03;66.14;9.18
20260529 000000;66.14;70.78;65.03;65.55;2.75
20260530 000000;65.55;87;65.03;72.29;215.87
20260531 000000;72.29;72.29;65.03;65.03;1.33
20260601 000000;65.03;71.49;65.03;67.21;1.04
20260602 000000;67.21;67.27;65.03;65.03;2.2
20260603 000000;65.03;66.19;65.03;66.19;0.05
20260604 000000;66.19;66.2;44.32;47;4.56
20260605 000000;47;47;30.01;30.01;1.49
20260606 000000;30.01;30.01;30.01;30.01;0
20260607 000000;30.01;30.01;30.01;30.01;0
20260608 000000;30.01;36.01;12;25.72;4.48
20260609 000000;25.72;25.72;12.31;23.99;9.83
20260610 000000;23.99;79;13.02;31.09;60.71
20260611 000000;31.09;38.99;15.05;22.16;38.5
20260612 000000;22.16;47.99;20.87;26.3;15.43
20260613 000000;26.3;26.3;25.62;25.62;0.5
20260614 000000;25.62;25.68;22.83;22.96;1.3
20260615 000000;22.96;22.96;21.89;21.89;0.77
20260616 000000;21.89;42.99;21.71;33.52;13.43
20260617 000000;33.52;65.99;30.78;45;13.98
20260618 000000;45;66;39.58;49.17;8.76
20260619 000000;49.17;56.96;45;53.65;1.31
20260620 000000;53.65;54;36.96;36.98;3.91
