20250101 000000;0.533;0.553;0.504;0.516;93424.58
20250102 000000;0.516;0.575;0.503;0.529;184671.01
20250103 000000;0.529;0.572;0.504;0.537;175190.14
20250104 000000;0.537;0.594;0.521;0.527;122475.67
20250105 000000;0.527;0.614;0.506;0.548;149367.27
20250106 000000;0.548;0.645;0.51;0.614;267819.12
20250107 000000;0.614;0.678;0.51;0.533;307925.89
20250108 000000;0.533;0.581;0.461;0.487;206062.7
20250109 000000;0.487;0.5;0.426;0.44;146687.41
20250110 000000;0.44;0.473;0.392;0.417;208466.68
20250111 000000;0.417;0.424;0.371;0.408;161824.41
20250112 000000;0.408;0.424;0.363;0.378;186087.7
20250113 000000;0.378;0.41;0.362;0.393;240690.87
20250114 000000;0.393;0.428;0.373;0.386;195354.24
20250115 000000;0.386;0.441;0.373;0.42;169752.52
20250116 000000;0.42;0.463;0.383;0.407;143150.59
20250117 000000;0.407;0.407;0.344;0.369;247170.93
20250118 000000;0.369;0.379;0.272;0.334;486497.93
20250119 000000;0.334;0.341;0.234;0.25;729714.55
20250120 000000;0.25;0.303;0.18;0.245;1165736.35
20250121 000000;0.245;0.39;0.238;0.321;633864.88
20250122 000000;0.321;0.389;0.298;0.376;312346.8
20250123 000000;0.376;0.388;0.317;0.353;295998.3
20250124 000000;0.353;0.359;0.296;0.303;200137.89
20250125 000000;0.303;0.327;0.262;0.322;155932.77
20250126 000000;0.322;0.361;0.293;0.293;123852.61
20250127 000000;0.293;0.302;0.254;0.265;161396.55
20250128 000000;0.265;0.35;0.259;0.303;115130.82
20250129 000000;0.303;0.321;0.273;0.302;113759.72
20250130 000000;0.302;0.312;0.255;0.269;131742.27
20250131 000000;0.269;0.269;0.24;0.261;131108.94
20250201 000000;0.261;0.266;0.239;0.249;136905.38
20250202 000000;0.249;0.254;0.22;0.232;271925.34
20250203 000000;0.232;0.277;0.21;0.257;272200.1
20250204 000000;0.257;0.268;0.238;0.264;125916.49
20250205 000000;0.264;0.283;0.252;0.269;172132.79
20250206 000000;0.269;0.272;0.241;0.268;205949.22
20250207 000000;0.268;0.27;0.233;0.258;181080.79
20250208 000000;0.258;0.258;0.213;0.247;306256.87
20250209 000000;0.247;0.264;0.23;0.245;200111.29
20250210 000000;0.245;0.251;0.232;0.236;97359.02
20250211 000000;0.236;0.263;0.23;0.23;196669.25
20250212 000000;0.23;0.239;0.202;0.209;194774.88
20250213 000000;0.209;0.234;0.198;0.201;254849.36
20250214 000000;0.201;0.22;0.189;0.213;177705.46
20250215 000000;0.213;0.246;0.192;0.243;209673.76
20250216 000000;0.243;0.251;0.199;0.213;121315.91
20250217 000000;0.213;0.213;0.2;0.2;76812.8
20250218 000000;0.2;0.208;0.169;0.182;148410.65
20250219 000000;0.182;0.191;0.166;0.18;203626.53
20250220 000000;0.18;0.21;0.166;0.199;187684.27
20250221 000000;0.199;0.21;0.168;0.19;174526.09
20250222 000000;0.19;0.218;0.179;0.198;125634.94
20250223 000000;0.198;0.202;0.168;0.176;338059.62
20250224 000000;0.176;0.183;0.162;0.181;193213.57
20250225 000000;0.181;0.181;0.139;0.163;420224.77
20250226 000000;0.163;0.172;0.151;0.16;187057.82
20250227 000000;0.16;0.18;0.152;0.172;122282.05
20250228 000000;0.172;0.196;0.162;0.181;157685.33
20250301 000000;0.181;0.19;0.177;0.177;60520.76
20250302 000000;0.177;0.21;0.173;0.202;166202.31
20250303 000000;0.202;0.209;0.168;0.177;61242.58
20250304 000000;0.177;0.179;0.145;0.166;201724.52
20250305 000000;0.166;0.178;0.154;0.17;149854.6
20250306 000000;0.17;0.187;0.167;0.175;72669.49
20250307 000000;0.175;0.176;0.15;0.156;121402.76
20250308 000000;0.156;0.181;0.156;0.18;157299.65
20250309 000000;0.18;0.184;0.153;0.156;193311.55
20250310 000000;0.156;0.159;0.137;0.157;156127.15
20250311 000000;0.157;0.191;0.138;0.178;268897.37
20250312 000000;0.178;0.235;0.161;0.186;211821.08
20250313 000000;0.186;0.19;0.163;0.172;123087.09
20250314 000000;0.172;0.2;0.165;0.181;133834.68
20250315 000000;0.181;0.199;0.178;0.195;90710.61
20250316 000000;0.195;0.25;0.185;0.235;277687.37
20250317 000000;0.235;0.337;0.208;0.267;348885.06
20250318 000000;0.267;0.285;0.231;0.256;193892.56
20250319 000000;0.256;0.341;0.256;0.281;175265.8
20250320 000000;0.281;0.308;0.24;0.249;142046.44
20250321 000000;0.249;0.249;0.224;0.24;105562.2
20250322 000000;0.24;0.262;0.229;0.236;37025.54
20250323 000000;0.236;0.244;0.206;0.219;79139.36
20250324 000000;0.219;0.245;0.202;0.24;170062.55
20250325 000000;0.24;0.24;0.207;0.226;103494.95
20250326 000000;0.226;0.24;0.203;0.206;92500.77
20250327 000000;0.206;0.215;0.195;0.21;64159.3
20250328 000000;0.21;0.213;0.187;0.19;100448.06
20250329 000000;0.19;0.194;0.171;0.187;81111.25
20250330 000000;0.187;0.198;0.17;0.181;64678.63
20250331 000000;0.181;0.188;0.165;0.171;96234.89
20250401 000000;0.171;0.199;0.166;0.181;99045.67
20250402 000000;0.181;0.195;0.168;0.169;76901.13
20250403 000000;0.169;0.19;0.16;0.173;88726.92
20250404 000000;0.173;0.182;0.163;0.169;80036.36
20250405 000000;0.169;0.178;0.16;0.167;50587.51
20250406 000000;0.167;0.177;0.151;0.152;78369.55
20250407 000000;0.152;0.155;0.139;0.15;103181.26
20250408 000000;0.15;0.16;0.147;0.151;56319.66
20250409 000000;0.151;0.182;0.144;0.174;117717.26
20250410 000000;0.174;0.174;0.147;0.163;74193.05
20250411 000000;0.163;0.178;0.15;0.166;113946.56
20250412 000000;0.166;0.17;0.15;0.16;94472.32
20250413 000000;0.16;0.188;0.153;0.162;144008.23
20250414 000000;0.162;0.179;0.158;0.169;68320.49
20250415 000000;0.169;0.184;0.164;0.171;54264.84
20250416 000000;0.171;0.179;0.158;0.169;57949.04
20250417 000000;0.169;0.177;0.158;0.169;83221.75
20250418 000000;0.169;0.196;0.165;0.179;254999.06
20250419 000000;0.179;0.209;0.175;0.192;125218.93
20250420 000000;0.192;0.232;0.172;0.183;303895.87
20250421 000000;0.183;0.203;0.171;0.182;191743.35
20250422 000000;0.182;0.195;0.17;0.189;141527.21
20250423 000000;0.189;0.228;0.182;0.205;204088.36
20250424 000000;0.205;0.222;0.192;0.215;97462.47
20250425 000000;0.215;0.222;0.184;0.21;255871.98
20250426 000000;0.21;0.217;0.191;0.214;212173.15
20250427 000000;0.214;0.225;0.204;0.219;142477.14
20250428 000000;0.219;0.225;0.206;0.218;241257.59
20250429 000000;0.218;0.265;0.218;0.238;267676.44
20250430 000000;0.238;0.25;0.224;0.244;190887.4
20250501 000000;0.244;0.285;0.237;0.27;178070.41
20250502 000000;0.27;0.307;0.269;0.275;175664.35
20250503 000000;0.275;0.286;0.253;0.257;113384.61
20250504 000000;0.257;0.259;0.23;0.234;156187.84
20250505 000000;0.234;0.236;0.206;0.228;116705.02
20250506 000000;0.228;0.236;0.18;0.199;248171.49
20250507 000000;0.199;0.22;0.198;0.22;108198.6
20250508 000000;0.22;0.275;0.212;0.267;168423.59
20250509 000000;0.267;0.294;0.246;0.265;174326.86
20250510 000000;0.265;0.272;0.228;0.246;146334.96
20250511 000000;0.246;0.265;0.217;0.239;145182.9
20250512 000000;0.239;0.244;0.217;0.226;179945.79
20250513 000000;0.226;0.254;0.213;0.239;194782.18
20250514 000000;0.239;0.392;0.216;0.364;577500.97
20250515 000000;0.364;0.392;0.29;0.315;347016.9
20250516 000000;0.315;0.374;0.304;0.33;261205.99
20250517 000000;0.33;0.332;0.288;0.294;169866.28
20250518 000000;0.294;0.339;0.286;0.313;152262.05
20250519 000000;0.313;0.33;0.284;0.301;166406.73
20250520 000000;0.301;0.31;0.256;0.278;163578.91
20250521 000000;0.278;0.3;0.267;0.269;53283.82
20250522 000000;0.269;0.285;0.24;0.258;161369.43
20250523 000000;0.258;0.258;0.22;0.237;351655.48
20250524 000000;0.237;0.24;0.23;0.233;33040.98
20250525 000000;0.233;0.252;0.232;0.239;151035.95
20250526 000000;0.239;0.27;0.204;0.219;246455.43
20250527 000000;0.219;0.233;0.201;0.216;155713.8
20250528 000000;0.216;0.237;0.201;0.207;114852.84
20250529 000000;0.207;0.218;0.203;0.205;131088.39
20250530 000000;0.205;0.208;0.178;0.193;184394.91
20250531 000000;0.193;0.214;0.178;0.187;112361.6
20250601 000000;0.187;0.23;0.187;0.224;109741.48
20250602 000000;0.224;0.25;0.203;0.229;180741.05
20250603 000000;0.229;0.236;0.193;0.205;147448.33
20250604 000000;0.205;0.231;0.196;0.229;148823.26
20250605 000000;0.229;0.232;0.186;0.192;151597.44
20250606 000000;0.192;0.212;0.17;0.205;216336.62
20250607 000000;0.205;0.205;0.184;0.192;57894.91
20250608 000000;0.192;0.201;0.175;0.185;136687.95
20250609 000000;0.185;0.197;0.178;0.197;142094.88
20250610 000000;0.197;0.23;0.194;0.205;163441
20250611 000000;0.205;0.224;0.198;0.206;121437.48
20250612 000000;0.206;0.214;0.19;0.199;131999.89
20250613 000000;0.199;0.204;0.172;0.186;203431.95
20250614 000000;0.186;0.199;0.179;0.192;82272.29
20250615 000000;0.192;0.192;0.173;0.18;93900.45
20250616 000000;0.18;0.191;0.17;0.185;74147.93
20250617 000000;0.185;0.188;0.17;0.179;95340.19
20250618 000000;0.179;0.182;0.159;0.169;161620.48
20250619 000000;0.169;0.175;0.156;0.164;102690.01
20250620 000000;0.164;0.18;0.159;0.167;100180.52
20250621 000000;0.167;0.171;0.154;0.158;94733
20250622 000000;0.158;0.158;0.145;0.149;166010.49
20250623 000000;0.149;0.166;0.141;0.161;155775.4
20250624 000000;0.161;0.187;0.156;0.178;177390.43
20250625 000000;0.178;0.183;0.162;0.166;86234.69
20250626 000000;0.166;0.17;0.157;0.161;88927.53
20250627 000000;0.161;0.167;0.155;0.163;67165.65
20250628 000000;0.163;0.166;0.156;0.157;39755.33
20250629 000000;0.157;0.177;0.157;0.166;92031.07
20250630 000000;0.166;0.183;0.162;0.18;76591.77
20250701 000000;0.18;0.181;0.155;0.162;185930.99
20250702 000000;0.162;0.17;0.156;0.157;128836.12
20250703 000000;0.157;0.168;0.157;0.161;56041.36
20250704 000000;0.161;0.166;0.156;0.161;115983.72
20250705 000000;0.161;0.166;0.152;0.153;93171.53
20250706 000000;0.153;0.161;0.149;0.156;86901.82
20250707 000000;0.156;0.167;0.15;0.163;85356.4
20250708 000000;0.163;0.173;0.159;0.161;132126.65
20250709 000000;0.161;0.167;0.151;0.156;111545.94
20250710 000000;0.156;0.181;0.155;0.175;194117.84
20250711 000000;0.175;0.2;0.167;0.189;202797.53
20250712 000000;0.189;0.203;0.172;0.187;98039.44
20250713 000000;0.187;0.19;0.153;0.172;245518.83
20250714 000000;0.172;0.176;0.164;0.168;136617.62
20250715 000000;0.168;0.179;0.164;0.177;97561.41
20250716 000000;0.177;0.225;0.173;0.2;248957.34
20250717 000000;0.2;0.232;0.193;0.212;124189.79
20250718 000000;0.212;0.245;0.203;0.215;181235.61
20250719 000000;0.215;0.253;0.207;0.244;176054.23
20250720 000000;0.244;0.261;0.208;0.219;200052.77
20250721 000000;0.219;0.244;0.207;0.208;132225.51
20250722 000000;0.208;0.221;0.193;0.221;121155.14
20250723 000000;0.221;0.223;0.19;0.19;79896.99
20250724 000000;0.19;0.223;0.186;0.201;131186
20250725 000000;0.201;0.206;0.192;0.2;113452.12
20250726 000000;0.2;0.206;0.192;0.202;92957.23
20250727 000000;0.202;0.21;0.191;0.198;74193.23
20250728 000000;0.198;0.214;0.188;0.191;104136.58
20250729 000000;0.191;0.211;0.187;0.2;153237.74
20250730 000000;0.2;0.201;0.19;0.191;66869.46
20250731 000000;0.191;0.202;0.189;0.19;58205.39
20250801 000000;0.19;0.19;0.174;0.179;102021.1
20250802 000000;0.179;0.182;0.169;0.169;93870.63
20250803 000000;0.169;0.189;0.168;0.181;62162.75
20250804 000000;0.181;0.183;0.17;0.179;111240.87
20250805 000000;0.179;0.183;0.161;0.179;231274.09
20250806 000000;0.179;0.18;0.162;0.18;118004.25
20250807 000000;0.18;0.186;0.17;0.18;120701.08
20250808 000000;0.18;0.197;0.172;0.188;120002.36
20250809 000000;0.188;0.208;0.188;0.192;121331.1
20250810 000000;0.192;0.194;0.178;0.183;96586.65
20250811 000000;0.183;0.196;0.175;0.185;136971.11
20250812 000000;0.185;0.192;0.178;0.184;180722.08
20250813 000000;0.184;0.202;0.18;0.197;83540.67
20250814 000000;0.197;0.208;0.174;0.181;163282.19
20250815 000000;0.181;0.184;0.171;0.176;92711.57
20250816 000000;0.176;0.185;0.164;0.182;122072.97
20250817 000000;0.182;0.185;0.17;0.172;183931.52
20250818 000000;0.172;0.18;0.165;0.167;112299.44
20250819 000000;0.167;0.172;0.162;0.163;130974.22
20250820 000000;0.163;0.171;0.162;0.169;49848.33
20250821 000000;0.169;0.169;0.162;0.162;39806.3
20250822 000000;0.162;0.172;0.16;0.166;174106.12
20250823 000000;0.166;0.174;0.165;0.166;46861.92
20250824 000000;0.166;0.191;0.163;0.171;120734.95
20250825 000000;0.171;0.173;0.155;0.161;139227.43
20250826 000000;0.161;0.164;0.153;0.159;80505.25
20250827 000000;0.159;0.198;0.158;0.189;252538.88
20250828 000000;0.189;0.218;0.18;0.185;247947.78
20250829 000000;0.185;0.186;0.17;0.178;135898.69
20250830 000000;0.178;0.179;0.171;0.173;49738.57
20250831 000000;0.173;0.193;0.173;0.186;65552.17
20250901 000000;0.186;0.186;0.161;0.168;255361.59
20250902 000000;0.168;0.178;0.161;0.166;144021.31
20250903 000000;0.166;0.177;0.163;0.17;106276.53
20250904 000000;0.17;0.176;0.159;0.164;84237.44
20250905 000000;0.164;0.173;0.158;0.167;64289.77
20250906 000000;0.167;0.176;0.157;0.167;224652.46
20250907 000000;0.167;0.182;0.162;0.171;144489.25
20250908 000000;0.171;0.205;0.171;0.192;136172.32
20250909 000000;0.192;0.21;0.177;0.191;131598.62
20250910 000000;0.191;0.21;0.183;0.203;101010.35
20250911 000000;0.203;0.218;0.196;0.201;116523.73
20250912 000000;0.201;0.21;0.187;0.194;113417.62
20250913 000000;0.194;0.219;0.179;0.19;203757.72
20250914 000000;0.19;0.205;0.184;0.205;102366.88
20250915 000000;0.205;0.214;0.191;0.2;120967.39
20250916 000000;0.2;0.219;0.194;0.207;87823.46
20250917 000000;0.207;0.247;0.204;0.234;133161.66
20250918 000000;0.234;0.246;0.206;0.22;225417.97
20250919 000000;0.22;0.231;0.202;0.206;162993.54
20250920 000000;0.206;0.21;0.2;0.201;79808.71
20250921 000000;0.201;0.211;0.188;0.194;117149.41
20250922 000000;0.194;0.215;0.189;0.199;320761.41
20250923 000000;0.199;0.206;0.189;0.192;75374.58
20250924 000000;0.192;0.206;0.188;0.194;100839.56
20250925 000000;0.194;0.2;0.175;0.178;117943.92
20250926 000000;0.178;0.204;0.175;0.194;104533.23
20250927 000000;0.194;0.204;0.188;0.191;56714.45
20250928 000000;0.191;0.205;0.178;0.205;71934.04
20250929 000000;0.205;0.205;0.189;0.189;46217.06
20250930 000000;0.189;0.194;0.179;0.179;146709.07
20251001 000000;0.179;0.198;0.172;0.182;237756.53
20251002 000000;0.182;0.199;0.182;0.19;83095.65
20251003 000000;0.19;0.19;0.177;0.18;63286.38
20251004 000000;0.18;0.189;0.174;0.184;86112.45
20251005 000000;0.184;0.197;0.176;0.182;95734.41
20251006 000000;0.182;0.186;0.174;0.178;82085.66
20251007 000000;0.178;0.186;0.167;0.171;94822.81
20251008 000000;0.171;0.181;0.163;0.174;179725.25
20251009 000000;0.174;0.185;0.16;0.174;283075.91
20251010 000000;0.174;0.185;0.135;0.137;619327.5
20251011 000000;0.137;0.162;0.083;0.132;682325
20251012 000000;0.132;0.156;0.12;0.15;217893.24
20251013 000000;0.15;0.171;0.143;0.149;194201.9
20251014 000000;0.149;0.153;0.136;0.144;115781.8
20251015 000000;0.144;0.16;0.136;0.143;131922.72
20251016 000000;0.143;0.152;0.114;0.126;260186.74
20251017 000000;0.126;0.145;0.116;0.123;261757.51
20251018 000000;0.123;0.14;0.123;0.13;49497.73
20251019 000000;0.13;0.149;0.13;0.147;77198.38
20251020 000000;0.147;0.166;0.139;0.154;93909.92
20251021 000000;0.154;0.166;0.135;0.143;167183.04
20251022 000000;0.143;0.148;0.135;0.135;83465.1
20251023 000000;0.135;0.148;0.121;0.145;184566.86
20251024 000000;0.145;0.15;0.131;0.137;108058.5
20251025 000000;0.137;0.137;0.119;0.124;156351.54
20251026 000000;0.124;0.137;0.119;0.122;208134.26
20251027 000000;0.122;0.129;0.119;0.123;79761.42
20251028 000000;0.123;0.131;0.121;0.13;93758.44
20251029 000000;0.13;0.132;0.12;0.125;51436.5
20251030 000000;0.125;0.131;0.105;0.123;215914.21
20251031 000000;0.123;0.124;0.106;0.109;129529.55
20251101 000000;0.109;0.122;0.101;0.122;122074.48
20251102 000000;0.122;0.129;0.116;0.123;149121.68
20251103 000000;0.123;0.126;0.106;0.11;119487.32
20251104 000000;0.11;0.124;0.093;0.103;272969.97
20251105 000000;0.103;0.117;0.093;0.107;155281.34
20251106 000000;0.107;0.114;0.096;0.11;127214.62
20251107 000000;0.11;0.133;0.109;0.126;176486.36
20251108 000000;0.126;0.133;0.111;0.121;129205.03
20251109 000000;0.121;0.15;0.121;0.139;127436.15
20251110 000000;0.139;0.14;0.125;0.128;84659.52
20251111 000000;0.128;0.136;0.114;0.12;206471.77
20251112 000000;0.12;0.127;0.114;0.115;66446.69
20251113 000000;0.115;0.121;0.106;0.108;52623.12
20251114 000000;0.108;0.115;0.105;0.109;84575.71
20251115 000000;0.109;0.109;0.097;0.103;199239.29
20251116 000000;0.103;0.105;0.097;0.1;68787.03
20251117 000000;0.1;0.112;0.099;0.102;61874.82
20251118 000000;0.102;0.105;0.094;0.098;106236.29
20251119 000000;0.098;0.099;0.087;0.089;70678.07
20251120 000000;0.089;0.095;0.076;0.08;193838.78
20251121 000000;0.08;0.091;0.072;0.083;131659.51
20251122 000000;0.083;0.088;0.073;0.08;69418.74
20251123 000000;0.08;0.098;0.08;0.091;87933.27
20251124 000000;0.091;0.099;0.079;0.086;78300.8
20251125 000000;0.086;0.103;0.075;0.095;231944.67
20251126 000000;0.095;0.098;0.083;0.09;99379.06
20251127 000000;0.09;0.094;0.089;0.093;33076.19
20251128 000000;0.093;0.098;0.088;0.09;90247.21
20251129 000000;0.09;0.091;0.086;0.091;25131.81
20251130 000000;0.091;0.095;0.089;0.093;21623.36
20251201 000000;0.093;0.093;0.071;0.074;250163.69
20251202 000000;0.074;0.086;0.074;0.083;103456.08
20251203 000000;0.083;0.086;0.081;0.085;39711.96
20251204 000000;0.085;0.085;0.077;0.077;34624.11
20251205 000000;0.077;0.084;0.077;0.079;50526.78
20251206 000000;0.079;0.082;0.076;0.078;64227.66
20251207 000000;0.078;0.082;0.075;0.082;69168.25
20251208 000000;0.082;0.082;0.08;0.08;9958.81
20251209 000000;0.08;0.08;0.071;0.075;85109.08
20251210 000000;0.075;0.081;0.074;0.08;58781.25
20251211 000000;0.08;0.084;0.077;0.082;66712.2
20251212 000000;0.082;0.088;0.077;0.078;72514.56
20251213 000000;0.078;0.084;0.076;0.079;41840.37
20251214 000000;0.079;0.081;0.077;0.078;17448.33
20251215 000000;0.078;0.082;0.078;0.082;36636.98
20251216 000000;0.082;0.083;0.08;0.08;6943.23
20251217 000000;0.08;0.085;0.078;0.081;70188.52
20251218 000000;0.081;0.083;0.079;0.082;57859.27
20251219 000000;0.082;0.092;0.082;0.084;60183.59
20251220 000000;0.084;0.089;0.083;0.086;51046.6
20251221 000000;0.086;0.091;0.076;0.084;115372.71
20251222 000000;0.084;0.086;0.083;0.085;21625.63
20251223 000000;0.085;0.099;0.085;0.09;56112.75
20251224 000000;0.09;0.091;0.073;0.079;88255.44
20251225 000000;0.079;0.087;0.079;0.083;79081.72
20251226 000000;0.083;0.087;0.073;0.079;169253.09
20251227 000000;0.079;0.081;0.076;0.077;31525.09
20251228 000000;0.077;0.078;0.075;0.078;41289.12
20251229 000000;0.078;0.08;0.075;0.078;33069.62
20251230 000000;0.078;0.087;0.077;0.082;58271.21
20251231 000000;0.082;0.085;0.081;0.083;17737.06
