20260101 000000;0.083;0.087;0.081;0.084;40642.75
20260102 000000;0.084;0.084;0.078;0.08;39359.24
20260103 000000;0.08;0.088;0.08;0.083;91174.41
20260104 000000;0.083;0.089;0.079;0.084;165876.86
20260105 000000;0.084;0.092;0.08;0.086;182551.14
20260106 000000;0.086;0.088;0.076;0.082;148970.29
20260107 000000;0.082;0.086;0.077;0.077;158597.06
20260108 000000;0.077;0.079;0.072;0.077;93265.56
20260109 000000;0.077;0.082;0.075;0.082;58642.89
20260110 000000;0.082;0.083;0.076;0.078;68020.31
20260111 000000;0.078;0.082;0.069;0.071;88782.6
20260112 000000;0.071;0.074;0.065;0.069;243748.19
20260113 000000;0.069;0.078;0.069;0.075;144613.61
20260114 000000;0.075;0.076;0.069;0.074;70697.85
20260115 000000;0.074;0.076;0.064;0.074;490368.28
20260116 000000;0.074;0.094;0.07;0.076;276697.81
20260117 000000;0.076;0.076;0.072;0.076;25651.45
20260118 000000;0.076;0.081;0.073;0.078;92091.57
20260119 000000;0.078;0.078;0.07;0.07;44054.75
20260120 000000;0.07;0.072;0.068;0.07;51399.12
20260121 000000;0.07;0.074;0.069;0.074;67904.19
20260122 000000;0.074;0.075;0.068;0.072;77916.31
20260123 000000;0.072;0.072;0.066;0.068;41915.46
20260124 000000;0.068;0.069;0.066;0.068;50374.25
20260125 000000;0.068;0.071;0.066;0.068;70319.65
20260126 000000;0.068;0.069;0.066;0.067;15860.98
20260127 000000;0.067;0.073;0.067;0.072;66879.25
20260128 000000;0.072;0.074;0.069;0.071;69533.15
20260129 000000;0.071;0.072;0.066;0.068;49489.49
20260130 000000;0.068;0.07;0.065;0.066;52622.55
20260131 000000;0.066;0.066;0.058;0.061;138069.25
20260201 000000;0.061;0.074;0.06;0.061;136446.34
20260202 000000;0.061;0.064;0.059;0.062;114687.28
20260203 000000;0.062;0.062;0.058;0.062;32727.98
20260204 000000;0.062;0.066;0.059;0.06;148394.34
20260205 000000;0.06;0.063;0.057;0.058;119585.65
20260206 000000;0.058;0.06;0.048;0.055;295463.25
20260207 000000;0.055;0.057;0.054;0.054;60567.63
20260208 000000;0.054;0.056;0.054;0.055;30190.36
20260209 000000;0.055;0.058;0.053;0.055;50878.13
20260210 000000;0.055;0.056;0.053;0.056;37403.98
20260211 000000;0.056;0.058;0.055;0.057;38582
20260212 000000;0.057;0.064;0.056;0.06;173976.41
20260213 000000;0.06;0.065;0.057;0.06;109132.46
20260214 000000;0.06;0.063;0.059;0.06;55432.87
20260215 000000;0.06;0.065;0.058;0.06;106544.8
20260216 000000;0.06;0.064;0.057;0.061;83338.39
20260217 000000;0.061;0.061;0.059;0.059;30611.72
20260218 000000;0.059;0.061;0.052;0.054;183126.02
20260219 000000;0.054;0.061;0.052;0.055;202014.49
20260220 000000;0.055;0.057;0.054;0.055;30219.07
20260221 000000;0.055;0.057;0.05;0.05;86794.11
20260222 000000;0.05;0.053;0.049;0.053;53085.33
20260223 000000;0.053;0.057;0.045;0.056;115178.88
20260224 000000;0.056;0.056;0.05;0.051;119126.12
20260225 000000;0.051;0.057;0.051;0.051;82481.2
20260226 000000;0.051;0.054;0.049;0.052;90563.42
20260227 000000;0.052;0.055;0.05;0.053;52725.97
20260228 000000;0.053;0.056;0.05;0.056;95483.01
20260301 000000;0.056;0.057;0.051;0.054;120707.78
20260302 000000;0.054;0.056;0.051;0.055;93495.48
20260303 000000;0.055;0.056;0.051;0.054;95491.03
20260304 000000;0.054;0.055;0.05;0.054;103946.55
20260305 000000;0.054;0.055;0.052;0.053;30984.32
20260306 000000;0.053;0.055;0.051;0.053;75780.27
20260307 000000;0.053;0.054;0.052;0.053;25977.65
20260308 000000;0.053;0.055;0.051;0.053;91085.39
20260309 000000;0.053;0.053;0.048;0.051;143833.13
20260310 000000;0.051;0.053;0.049;0.051;36719.47
20260311 000000;0.051;0.053;0.051;0.052;21047.54
20260312 000000;0.052;0.054;0.05;0.054;26531.94
20260313 000000;0.054;0.06;0.052;0.056;114545.72
20260314 000000;0.056;0.059;0.053;0.058;46451.18
20260315 000000;0.058;0.058;0.053;0.057;65473.67
20260316 000000;0.057;0.071;0.057;0.062;139946.27
20260317 000000;0.062;0.064;0.057;0.062;75536.23
20260318 000000;0.062;0.066;0.06;0.061;33512.28
20260319 000000;0.061;0.061;0.057;0.057;57257.42
20260320 000000;0.057;0.057;0.053;0.053;18583.82
20260321 000000;0.053;0.057;0.053;0.057;35703.22
20260322 000000;0.057;0.057;0.05;0.051;28399.24
20260323 000000;0.051;0.056;0.049;0.055;84612.8
20260324 000000;0.055;0.055;0.047;0.052;127799.13
20260325 000000;0.052;0.056;0.049;0.055;166592.34
20260326 000000;0.055;0.055;0.049;0.053;83155.67
20260327 000000;0.053;0.055;0.048;0.049;204589.96
20260328 000000;0.049;0.05;0.048;0.049;16505.28
20260329 000000;0.049;0.052;0.048;0.05;42109.73
20260330 000000;0.05;0.05;0.047;0.048;54221.08
20260331 000000;0.048;0.05;0.047;0.048;48086.42
20260401 000000;0.048;0.049;0.047;0.049;43823.68
20260402 000000;0.049;0.05;0.047;0.049;32269.4
20260403 000000;0.049;0.052;0.049;0.05;38113.37
20260404 000000;0.05;0.06;0.049;0.056;199873.74
20260405 000000;0.056;0.057;0.055;0.057;27945.85
20260406 000000;0.057;0.057;0.053;0.055;23598.11
20260407 000000;0.055;0.057;0.051;0.054;60198.2
20260408 000000;0.054;0.055;0.05;0.051;31782.69
20260409 000000;0.051;0.052;0.048;0.049;30812.53
20260410 000000;0.049;0.057;0.049;0.053;83318.59
20260411 000000;0.053;0.055;0.052;0.055;13073.2
20260412 000000;0.055;0.055;0.052;0.053;28930.03
20260413 000000;0.053;0.054;0.051;0.053;7466.99
20260414 000000;0.053;0.054;0.05;0.05;64852.6
20260415 000000;0.05;0.052;0.05;0.051;21234.25
20260416 000000;0.051;0.053;0.051;0.053;19683.4
20260417 000000;0.053;0.056;0.051;0.053;34074.12
20260418 000000;0.053;0.057;0.053;0.054;70968.03
20260419 000000;0.054;0.074;0.053;0.055;173888.28
20260420 000000;0.055;0.062;0.055;0.059;44736.43
20260421 000000;0.059;0.06;0.055;0.055;41457.96
20260422 000000;0.055;0.057;0.051;0.053;50206.8
20260423 000000;0.053;0.056;0.053;0.054;24369.14
20260424 000000;0.054;0.06;0.053;0.054;106334.19
20260425 000000;0.054;0.059;0.053;0.056;74912.43
20260426 000000;0.056;0.058;0.055;0.056;8993.09
20260427 000000;0.056;0.059;0.055;0.056;46008.9
20260428 000000;0.056;0.057;0.054;0.054;44764.45
20260429 000000;0.054;0.061;0.054;0.057;32327.05
20260430 000000;0.057;0.057;0.055;0.055;5185.52
20260501 000000;0.055;0.06;0.054;0.055;64941.22
20260502 000000;0.055;0.056;0.054;0.056;15002.94
20260503 000000;0.056;0.06;0.054;0.056;120448.96
20260504 000000;0.056;0.061;0.056;0.06;78373.3
20260505 000000;0.06;0.061;0.058;0.06;51766.54
20260506 000000;0.06;0.067;0.054;0.061;136739.07
20260507 000000;0.061;0.063;0.059;0.061;30461.05
20260508 000000;0.061;0.064;0.058;0.062;45521.49
20260509 000000;0.062;0.066;0.061;0.063;29418.88
20260510 000000;0.063;0.068;0.062;0.066;59481.28
20260511 000000;0.066;0.067;0.065;0.065;14897.43
20260512 000000;0.065;0.069;0.065;0.066;18829.16
20260513 000000;0.066;0.067;0.063;0.064;30964.64
20260514 000000;0.064;0.065;0.061;0.063;61135.89
20260515 000000;0.063;0.065;0.059;0.064;58709.25
20260516 000000;0.064;0.068;0.061;0.062;79314.75
20260517 000000;0.062;0.063;0.058;0.062;106679.22
20260518 000000;0.062;0.062;0.056;0.06;75051.61
20260519 000000;0.06;0.061;0.058;0.059;31019.33
20260520 000000;0.059;0.063;0.059;0.059;26371.84
20260521 000000;0.059;0.059;0.056;0.057;35006.62
20260522 000000;0.057;0.059;0.056;0.058;15494.75
20260523 000000;0.058;0.059;0.055;0.057;51626.98
20260524 000000;0.057;0.058;0.057;0.057;7395.57
20260525 000000;0.057;0.058;0.055;0.057;31508.22
20260526 000000;0.057;0.061;0.057;0.059;34247.83
20260527 000000;0.059;0.062;0.059;0.059;26038.45
20260528 000000;0.059;0.061;0.058;0.059;28238.43
20260529 000000;0.059;0.06;0.056;0.056;19413.46
20260530 000000;0.056;0.058;0.055;0.058;9784.01
20260531 000000;0.058;0.059;0.057;0.059;6128.28
20260601 000000;0.059;0.059;0.055;0.055;22466.75
20260602 000000;0.055;0.057;0.049;0.051;71667.13
20260603 000000;0.051;0.052;0.048;0.05145;60349.3
20260604 000000;0.05145;0.05173;0.04885;0.04965;101002.63
20260605 000000;0.04965;0.04995;0.04672;0.04697;112072.7
20260606 000000;0.04697;0.04757;0.04363;0.04598;178968.41
20260607 000000;0.04598;0.04734;0.04562;0.04617;58768.73
20260608 000000;0.04617;0.04858;0.04529;0.04858;12283.66
20260609 000000;0.04858;0.0486;0.04722;0.04796;22943.32
20260610 000000;0.04796;0.04796;0.0451;0.04726;25663.67
20260611 000000;0.04726;0.052;0.04615;0.05145;60125.14
20260612 000000;0.05145;0.05243;0.04883;0.05082;27341.85
20260613 000000;0.05082;0.05174;0.04986;0.04986;6697.55
20260614 000000;0.04986;0.05232;0.04929;0.05232;31814.29
20260615 000000;0.05232;0.05384;0.05084;0.05206;15003.07
20260616 000000;0.05206;0.05279;0.05069;0.05279;1593.61
20260617 000000;0.05279;0.05488;0.05116;0.05149;6393
20260618 000000;0.05149;0.05344;0.05086;0.05116;5883.42
20260619 000000;0.05116;0.05541;0.05116;0.05421;52853.87
20260620 000000;0.05421;0.0553;0.05185;0.05185;36023.8
