20250101 000000;0.0063;0.006504;0.005781;0.006233;11486120.65
20250102 000000;0.006233;0.006363;0.00587;0.005987;10144439.4
20250103 000000;0.005987;0.006617;0.005861;0.006496;10255352.49
20250104 000000;0.006496;0.007125;0.00649;0.006749;9997519.08
20250105 000000;0.006749;0.006753;0.006333;0.006644;8683255.87
20250106 000000;0.006644;0.007103;0.006364;0.006842;9354715.73
20250107 000000;0.006842;0.006979;0.006012;0.006364;6496154.28
20250108 000000;0.006364;0.006418;0.005903;0.00608;2624945.38
20250109 000000;0.00608;0.00608;0.005701;0.005879;1460240.78
20250110 000000;0.005879;0.006123;0.005802;0.005939;1395542.35
20250111 000000;0.005939;0.006259;0.005643;0.005872;1448919.86
20250112 000000;0.005872;0.005873;0.005384;0.005468;1857526.05
20250113 000000;0.005468;0.005651;0.004796;0.005143;3008468.35
20250114 000000;0.005143;0.005545;0.005096;0.005506;1805028.71
20250115 000000;0.005506;0.00585;0.005375;0.005643;2035703.14
20250116 000000;0.005643;0.007467;0.00547;0.007385;8559403.1
20250117 000000;0.007385;0.008755;0.007208;0.008332;10998516.89
20250118 000000;0.008332;0.008508;0.0065;0.006797;11113073.52
20250119 000000;0.006797;0.0071;0.0042;0.00627;14396863.29
20250120 000000;0.00627;0.007463;0.005648;0.006154;12815573.28
20250121 000000;0.006154;0.006355;0.005886;0.006271;9498255.83
20250122 000000;0.006271;0.006273;0.005767;0.005918;10278484
20250123 000000;0.005918;0.005927;0.005488;0.005654;10252501.12
20250124 000000;0.005654;0.005928;0.005076;0.005216;10424532.91
20250125 000000;0.005216;0.00528;0.004824;0.005119;11351910.55
20250126 000000;0.005119;0.0052;0.004757;0.004948;12198766.79
20250127 000000;0.004948;0.005009;0.003715;0.004659;16231946.98
20250128 000000;0.004659;0.004705;0.004222;0.004642;12899363.94
20250129 000000;0.004642;0.004679;0.004046;0.00446;13107512.09
20250130 000000;0.00446;0.004615;0.003233;0.004142;20249867.55
20250131 000000;0.004142;0.004578;0.003984;0.004378;16187258.85
20250201 000000;0.004378;0.00504;0.00406;0.004272;13808296.9
20250202 000000;0.004272;0.004636;0.003665;0.003862;16455223.42
20250203 000000;0.003862;0.003903;0.0034;0.003625;21592025.81
20250204 000000;0.003625;0.00373;0.003447;0.003477;16319616.16
20250205 000000;0.003477;0.00427;0.003414;0.003554;17446857.24
20250206 000000;0.003554;0.003767;0.003552;0.003653;15999301.25
20250207 000000;0.003653;0.004;0.003319;0.003529;18343997.65
20250208 000000;0.003529;0.003671;0.003348;0.003445;17561586.43
20250209 000000;0.003445;0.003562;0.003329;0.003424;16498648.51
20250210 000000;0.003424;0.004487;0.00316;0.003313;18575384.72
20250211 000000;0.003313;0.003373;0.002897;0.003112;18285986.47
20250212 000000;0.003112;0.003217;0.002997;0.003123;19112895.84
20250213 000000;0.003123;0.003136;0.0029;0.002964;18388099.98
20250214 000000;0.002964;0.003368;0.002963;0.003133;19808910.42
20250215 000000;0.003133;0.0034;0.003051;0.003194;18070547.83
20250216 000000;0.003194;0.003646;0.00309;0.003382;22045717.65
20250217 000000;0.003382;0.00389;0.003314;0.003712;17494148.3
20250218 000000;0.003712;0.003799;0.003364;0.003464;16373823.43
20250219 000000;0.003464;0.003638;0.003449;0.003467;16323675.14
20250220 000000;0.003467;0.003812;0.003319;0.003602;18129852.13
20250221 000000;0.003602;0.003612;0.0033;0.003409;16608732.21
20250222 000000;0.003409;0.003606;0.003342;0.003414;16070785.07
20250223 000000;0.003414;0.003536;0.003346;0.003374;16879627.22
20250224 000000;0.003374;0.003385;0.003123;0.003134;16764979.32
20250225 000000;0.003134;0.003156;0.00284;0.002963;19812729.13
20250226 000000;0.002963;0.002963;0.002807;0.002861;18689839.5
20250227 000000;0.002861;0.002988;0.002733;0.002793;20361696.3
20250228 000000;0.002793;0.002848;0.002545;0.00284;19859931.98
20250301 000000;0.00284;0.00352;0.0028;0.00315;21455360.23
20250302 000000;0.00315;0.0033;0.002946;0.00322;19363514.64
20250303 000000;0.00322;0.003562;0.003;0.003159;19111786.48
20250304 000000;0.003159;0.003346;0.00291;0.003027;18548110.25
20250305 000000;0.003027;0.003434;0.003005;0.003195;17914850.42
20250306 000000;0.003195;0.003355;0.003194;0.003278;16105952.1
20250307 000000;0.003278;0.003487;0.0031;0.003157;17733367.36
20250308 000000;0.003157;0.003169;0.003003;0.003065;18475896.43
20250309 000000;0.003065;0.003065;0.002799;0.002864;20070829.97
20250310 000000;0.002864;0.002864;0.00266;0.002769;18801016.24
20250311 000000;0.002769;0.00278;0.0025;0.002685;21879638.49
20250312 000000;0.002685;0.00287;0.00265;0.002809;21517095.65
20250313 000000;0.002809;0.002868;0.00265;0.002784;20892821.55
20250314 000000;0.002784;0.002881;0.00265;0.002839;21167790.58
20250315 000000;0.002839;0.00305;0.002771;0.002877;20413551.6
20250316 000000;0.002877;0.003083;0.002796;0.002838;18981400.3
20250317 000000;0.002838;0.00295;0.002705;0.002931;20544530.71
20250318 000000;0.002931;0.002936;0.002858;0.00286;18684225.78
20250319 000000;0.00286;0.00306;0.002774;0.002834;18587494.04
20250320 000000;0.002834;0.002865;0.002804;0.00281;20049527.71
20250321 000000;0.00281;0.002821;0.002632;0.002749;20511029.56
20250322 000000;0.002749;0.002874;0.002738;0.002874;20353103.52
20250323 000000;0.002874;0.002875;0.002826;0.00284;19272635.44
20250324 000000;0.00284;0.00347;0.002805;0.002985;20252522.47
20250325 000000;0.002985;0.003185;0.002915;0.003034;18786055.44
20250326 000000;0.003034;0.0035;0.002943;0.002951;19051338.21
20250327 000000;0.002951;0.003034;0.002943;0.003009;18151700.5
20250328 000000;0.003009;0.00301;0.002791;0.002799;19205793.19
20250329 000000;0.002799;0.002837;0.002702;0.002741;19993659.02
20250330 000000;0.002741;0.002807;0.002732;0.002787;19386626.61
20250331 000000;0.002787;0.002789;0.002601;0.002745;20833792.32
20250401 000000;0.002745;0.002858;0.002701;0.002731;20772328.49
20250402 000000;0.002731;0.00278;0.0027;0.002701;18999800.86
20250403 000000;0.002701;0.002714;0.002313;0.002527;21854447.5
20250404 000000;0.002527;0.002544;0.002389;0.002523;21325092.03
20250405 000000;0.002523;0.002552;0.002322;0.002444;22715908.28
20250406 000000;0.002444;0.002503;0.00222;0.002447;23205706.22
20250407 000000;0.002447;0.002493;0.002236;0.002403;23738446.71
20250408 000000;0.002403;0.002409;0.002262;0.002396;22050203
20250409 000000;0.002396;0.002598;0.002395;0.002503;23622677.93
20250410 000000;0.002503;0.002535;0.002367;0.002429;21928393.8
20250411 000000;0.002429;0.002467;0.002415;0.002456;22047847.14
20250412 000000;0.002456;0.002456;0.002345;0.002407;23060810.86
20250413 000000;0.002407;0.002461;0.0024;0.002427;22918843.25
20250414 000000;0.002427;0.002486;0.002401;0.002433;22978624.19
20250415 000000;0.002433;0.002445;0.0024;0.002411;23561813.46
20250416 000000;0.002411;0.00243;0.002401;0.002423;23039372.19
20250417 000000;0.002423;0.002562;0.0024;0.002555;22669973.68
20250418 000000;0.002555;0.002563;0.002544;0.002553;21470680.07
20250419 000000;0.002553;0.002555;0.002512;0.002542;21468541.37
20250420 000000;0.002542;0.002618;0.0025;0.002518;21764704.85
20250421 000000;0.002518;0.002562;0.002517;0.002533;21959449.52
20250422 000000;0.002533;0.002619;0.002489;0.002528;21274567.07
20250423 000000;0.002528;0.003046;0.002528;0.002761;22247748.04
20250424 000000;0.002761;0.002779;0.0024;0.002574;21938681.12
20250425 000000;0.002574;0.002641;0.00255;0.002612;21388254.9
20250426 000000;0.002612;0.00285;0.002593;0.002645;21791729.24
20250427 000000;0.002645;0.003445;0.0026;0.002866;22175144.2
20250428 000000;0.002866;0.003638;0.002866;0.003043;20726136.61
20250429 000000;0.003043;0.003265;0.002895;0.002972;19648891.28
20250430 000000;0.002972;0.003064;0.00297;0.003055;18413385.7
20250501 000000;0.003055;0.003083;0.002971;0.003044;18177096.29
20250502 000000;0.003044;0.003297;0.003035;0.003109;18246596.86
20250503 000000;0.003109;0.003298;0.003109;0.003196;17315419.95
20250504 000000;0.003196;0.0037;0.00316;0.003526;17279550.55
20250505 000000;0.003526;0.003528;0.003271;0.003434;16655425.66
20250506 000000;0.003434;0.003464;0.00313;0.003254;17035874.41
20250507 000000;0.003254;0.003444;0.003251;0.003391;15687113.71
20250508 000000;0.003391;0.00369;0.003223;0.003532;17272012.66
20250509 000000;0.003532;0.0038;0.003527;0.003627;16236293.84
20250510 000000;0.003627;0.004148;0.00356;0.003934;16037198.13
20250511 000000;0.003934;0.0048;0.003361;0.004036;18940784.18
20250512 000000;0.004036;0.004599;0.003803;0.003842;13743344.28
20250513 000000;0.003842;0.003844;0.003469;0.003553;15627766.24
20250514 000000;0.003553;0.004114;0.0034;0.003463;16452251.95
20250515 000000;0.003463;0.003683;0.002999;0.003361;17578639.29
20250516 000000;0.003361;0.003436;0.00325;0.003314;17048945.01
20250517 000000;0.003314;0.003336;0.002999;0.0033;16794717.15
20250518 000000;0.0033;0.003852;0.00317;0.003378;17802910.93
20250519 000000;0.003378;0.003587;0.002743;0.003323;18758446.74
20250520 000000;0.003323;0.00335;0.003248;0.003313;17420729.14
20250521 000000;0.003313;0.003516;0.00318;0.003506;17244156.12
20250522 000000;0.003506;0.003507;0.003142;0.003307;17406356.56
20250523 000000;0.003307;0.003671;0.003296;0.003656;16773225.17
20250524 000000;0.003656;0.003864;0.003548;0.003562;14971006.83
20250525 000000;0.003562;0.003586;0.003334;0.00349;16118432.87
20250526 000000;0.00349;0.003571;0.003003;0.003192;20102000.45
20250527 000000;0.003192;0.003474;0.002953;0.00341;18537652.59
20250528 000000;0.00341;0.00349;0.003216;0.003286;17281104.09
20250529 000000;0.003286;0.003322;0.003107;0.003252;17256924.4
20250530 000000;0.003252;0.003282;0.003028;0.003134;18728929.25
20250531 000000;0.003134;0.004725;0.0031;0.003487;24595414.52
20250601 000000;0.003487;0.003748;0.003477;0.003738;14719061.88
20250602 000000;0.003738;0.0045;0.00284;0.003402;19340051.42
20250603 000000;0.003402;0.003707;0.003212;0.003637;15825155.74
20250604 000000;0.003637;0.003833;0.003564;0.003631;15445299.91
20250605 000000;0.003631;0.003648;0.0029;0.003016;17727386.9
20250606 000000;0.003016;0.003165;0.00292;0.003123;18062833.97
20250607 000000;0.003123;0.003309;0.003059;0.003203;19024171.24
20250608 000000;0.003203;0.003806;0.00317;0.003222;19796430.3
20250609 000000;0.003222;0.0038;0.0029;0.003134;21953081.54
20250610 000000;0.003134;0.003298;0.003002;0.003075;17172999.7
20250611 000000;0.003075;0.003148;0.003;0.003125;18713469.28
20250612 000000;0.003125;0.003127;0.0028;0.003019;20063643.87
20250613 000000;0.003019;0.00333;0.002984;0.003218;19661743.42
20250614 000000;0.003218;0.003223;0.0032;0.003209;18054967.1
20250615 000000;0.003209;0.003801;0.003026;0.003096;22315270.59
20250616 000000;0.003096;0.003431;0.00304;0.003264;17930380.26
20250617 000000;0.003264;0.003289;0.00304;0.003176;18192622.29
20250618 000000;0.003176;0.003179;0.003084;0.003131;17537837.46
20250619 000000;0.003131;0.003225;0.002902;0.003091;19018925.4
20250620 000000;0.003091;0.003206;0.00285;0.00313;18600856.22
20250621 000000;0.00313;0.003233;0.003026;0.003184;17957358.81
20250622 000000;0.003184;0.003232;0.00278;0.003087;20191647.26
20250623 000000;0.003087;0.003354;0.003059;0.003267;18673951.12
20250624 000000;0.003267;0.00335;0.003166;0.003228;16991684.54
20250625 000000;0.003228;0.003301;0.003131;0.0033;16616591.05
20250626 000000;0.0033;0.003301;0.0028;0.003015;20224689.78
20250627 000000;0.003015;0.003208;0.002956;0.003019;20369230.73
20250628 000000;0.003019;0.003382;0.00286;0.003138;19082053.07
20250629 000000;0.003138;0.003379;0.003069;0.003232;17448119.12
20250630 000000;0.003232;0.003643;0.003136;0.00331;18182883.59
20250701 000000;0.00331;0.0039;0.003185;0.003652;19097294.86
20250702 000000;0.003652;0.003724;0.003525;0.003597;15835613.71
20250703 000000;0.003597;0.004059;0.003577;0.004059;15140196.83
20250704 000000;0.004059;0.004252;0.003951;0.004013;14565583.41
20250705 000000;0.004013;0.004295;0.003876;0.003965;14459401.38
20250706 000000;0.003965;0.003969;0.003791;0.003888;13722541.31
20250707 000000;0.003888;0.003903;0.003418;0.0035;16078072.19
20250708 000000;0.0035;0.003655;0.003428;0.003614;15809332.62
20250709 000000;0.003614;0.003844;0.0033;0.003597;16459278.59
20250710 000000;0.003597;0.003841;0.00352;0.003738;15467793.39
20250711 000000;0.003738;0.003977;0.003712;0.003823;14642204.12
20250712 000000;0.003823;0.004354;0.003819;0.003914;14921647.38
20250713 000000;0.003914;0.003957;0.003466;0.003537;14971777.72
20250714 000000;0.003537;0.003796;0.003515;0.003628;15319745.82
20250715 000000;0.003628;0.003767;0.003477;0.003566;15126729.84
20250716 000000;0.003566;0.003844;0.003525;0.003744;15322185.87
20250717 000000;0.003744;0.00518;0.0037;0.004802;17095678.48
20250718 000000;0.004802;0.0059;0.0048;0.005015;15158764.76
20250719 000000;0.005015;0.00503;0.0049;0.004925;11158623.32
20250720 000000;0.004925;0.005279;0.0048;0.004934;11770474.89
20250721 000000;0.004934;0.005265;0.0048;0.004933;11224265.48
20250722 000000;0.004933;0.005199;0.004837;0.005122;12737874.18
20250723 000000;0.005122;0.005402;0.004948;0.005038;11229453.08
20250724 000000;0.005038;0.0056;0.004986;0.005209;12200598.77
20250725 000000;0.005209;0.005839;0.005181;0.005487;12636303.09
20250726 000000;0.005487;0.005703;0.005196;0.005376;10782951.35
20250727 000000;0.005376;0.005554;0.005221;0.005531;10596957.44
20250728 000000;0.005531;0.006;0.0053;0.005665;10687214.99
20250729 000000;0.005665;0.006;0.004977;0.005058;13818793.44
20250730 000000;0.005058;0.005214;0.004981;0.005205;10875796.97
20250731 000000;0.005205;0.00582;0.005045;0.005271;11411236.81
20250801 000000;0.005271;0.005299;0.004631;0.00484;11636949.15
20250802 000000;0.00484;0.00534;0.004702;0.005325;11700621.39
20250803 000000;0.005325;0.005657;0.005159;0.005314;10962337.8
20250804 000000;0.005314;0.00554;0.005175;0.005441;10611715.4
20250805 000000;0.005441;0.00581;0.00528;0.005505;9788263.88
20250806 000000;0.005505;0.005798;0.00531;0.005469;10452756.19
20250807 000000;0.005469;0.005567;0.004586;0.005154;11348755.99
20250808 000000;0.005154;0.0056;0.00495;0.005077;11998341.94
20250809 000000;0.005077;0.005163;0.004958;0.005147;10927718.46
20250810 000000;0.005147;0.00556;0.005093;0.005315;10547070.86
20250811 000000;0.005315;0.005555;0.004713;0.005413;12119782.01
20250812 000000;0.005413;0.005573;0.00479;0.005263;13429244.25
20250813 000000;0.005263;0.005598;0.005076;0.005222;10815519.65
20250814 000000;0.005222;0.0056;0.00472;0.005205;12020141.56
20250815 000000;0.005205;0.005549;0.005104;0.005218;10883750.27
20250816 000000;0.005218;0.005589;0.005155;0.005164;10648778.81
20250817 000000;0.005164;0.005289;0.004863;0.005154;11508534.33
20250818 000000;0.005154;0.005356;0.004403;0.004786;12785567.26
20250819 000000;0.004786;0.005181;0.004508;0.004838;11625180.65
20250820 000000;0.004838;0.005108;0.004739;0.004962;11195731.81
20250821 000000;0.004962;0.004983;0.00453;0.004706;11042849.02
20250822 000000;0.004706;0.005143;0.004676;0.005087;11851840.47
20250823 000000;0.005087;0.0056;0.005012;0.005104;11370040.26
20250824 000000;0.005104;0.005119;0.004702;0.004784;11384385.31
20250825 000000;0.004784;0.004977;0.00436;0.004413;12719627.74
20250826 000000;0.004413;0.004517;0.0043;0.004494;12757970.3
20250827 000000;0.004494;0.004679;0.0044;0.004469;12416216.6
20250828 000000;0.004469;0.0052;0.00441;0.004917;12517213.56
20250829 000000;0.004917;0.00552;0.004908;0.004992;11902361.95
20250830 000000;0.004992;0.005226;0.004937;0.005029;10975032.85
20250831 000000;0.005029;0.005235;0.004942;0.005173;11383138.07
20250901 000000;0.005173;0.005235;0.004703;0.004723;11518884.33
20250902 000000;0.004723;0.004788;0.004633;0.004647;11808035.5
20250903 000000;0.004647;0.004783;0.004401;0.004517;12739522.25
20250904 000000;0.004517;0.004531;0.003865;0.004191;13750666.8
20250905 000000;0.004191;0.004221;0.004002;0.004104;13142620.21
20250906 000000;0.004104;0.004116;0.003898;0.003964;13745570.48
20250907 000000;0.003964;0.004121;0.003915;0.004054;14270977.09
20250908 000000;0.004054;0.0043;0.003917;0.004251;14580122.86
20250909 000000;0.004251;0.004782;0.00424;0.004307;13964982.99
20250910 000000;0.004307;0.004383;0.00394;0.0042;13877871.11
20250911 000000;0.0042;0.004227;0.004009;0.004013;13216426.8
20250912 000000;0.004013;0.004039;0.003814;0.004001;14899134.34
20250913 000000;0.004001;0.004106;0.003971;0.004027;13390219.88
20250914 000000;0.004027;0.00455;0.004002;0.00445;13660776.21
20250915 000000;0.00445;0.004541;0.004323;0.004464;12765585.84
20250916 000000;0.004464;0.004518;0.004257;0.004285;12027162.65
20250917 000000;0.004285;0.004308;0.004044;0.004259;13537166.21
20250918 000000;0.004259;0.005228;0.00389;0.004165;16318649
20250919 000000;0.004165;0.004277;0.0041;0.004259;13151865.02
20250920 000000;0.004259;0.004305;0.004145;0.004243;13394361.39
20250921 000000;0.004243;0.004246;0.004085;0.004094;12589774.94
20250922 000000;0.004094;0.004097;0.003698;0.003831;14472004.02
20250923 000000;0.003831;0.004008;0.003585;0.00372;16538360.49
20250924 000000;0.00372;0.004196;0.003654;0.004044;14904746.51
20250925 000000;0.004044;0.00405;0.003829;0.003921;14148646.43
20250926 000000;0.003921;0.00395;0.003867;0.003929;14702678.31
20250927 000000;0.003929;0.003987;0.0038;0.003861;14492187.4
20250928 000000;0.003861;0.004002;0.0037;0.003914;14099522.5
20250929 000000;0.003914;0.00469;0.003893;0.004047;16522510.22
20250930 000000;0.004047;0.004441;0.004018;0.004139;14390770.87
20251001 000000;0.004139;0.00418;0.00389;0.0039;14080410.35
20251002 000000;0.0039;0.003977;0.003727;0.00395;14819418.19
20251003 000000;0.00395;0.004399;0.003571;0.004069;15531805.67
20251004 000000;0.004069;0.004442;0.004061;0.004175;13801705.87
20251005 000000;0.004175;0.004353;0.004056;0.004061;14454819.82
20251006 000000;0.004061;0.004163;0.003699;0.004159;14406825.73
20251007 000000;0.004159;0.004162;0.003801;0.003902;13621856.65
20251008 000000;0.003902;0.004155;0.003824;0.00409;15322349.73
20251009 000000;0.00409;0.004106;0.003845;0.003946;14041886.97
20251010 000000;0.003946;0.004251;0.003622;0.00387;14508285.57
20251011 000000;0.00387;0.00485;0.003545;0.003706;17329872.56
20251012 000000;0.003706;0.004048;0.003477;0.003886;15497603.79
20251013 000000;0.003886;0.004159;0.003854;0.00397;14621953.56
20251014 000000;0.00397;0.0048;0.00397;0.003985;15463320.86
20251015 000000;0.003985;0.004372;0.003922;0.00393;14367188.14
20251016 000000;0.00393;0.004006;0.003635;0.003658;15323113.87
20251017 000000;0.003658;0.004232;0.003298;0.003558;20236114.8
20251018 000000;0.003558;0.003982;0.003448;0.003774;16077758.53
20251019 000000;0.003774;0.003775;0.003214;0.003383;16496436.17
20251020 000000;0.003383;0.003755;0.003361;0.003584;17137135.51
20251021 000000;0.003584;0.0045;0.003144;0.003477;19944759.73
20251022 000000;0.003477;0.003478;0.003281;0.003393;17736587.23
20251023 000000;0.003393;0.003468;0.003281;0.003441;16132121.6
20251024 000000;0.003441;0.003459;0.003024;0.003399;17383002.15
20251025 000000;0.003399;0.00496;0.003024;0.003477;25931849.01
20251026 000000;0.003477;0.00438;0.003458;0.003878;16708884.89
20251027 000000;0.003878;0.003997;0.00346;0.003688;17680455.83
20251028 000000;0.003688;0.003822;0.003559;0.003568;15074688.84
20251029 000000;0.003568;0.003845;0.003567;0.003589;15666256.19
20251030 000000;0.003589;0.003684;0.00321;0.003522;16768143.8
20251031 000000;0.003522;0.004129;0.0033;0.003514;23311608.35
20251101 000000;0.003514;0.004236;0.003097;0.003437;26937676.88
20251102 000000;0.003437;0.00353;0.00336;0.003403;17123509.49
20251103 000000;0.003403;0.003527;0.0031;0.003245;20452065.65
20251104 000000;0.003245;0.003263;0.002294;0.00263;24201522.66
20251105 000000;0.00263;0.002676;0.002501;0.002554;22399207.01
20251106 000000;0.002554;0.002817;0.00208;0.002392;25331988.14
20251107 000000;0.002392;0.003192;0.002141;0.002859;27026218.77
20251108 000000;0.002859;0.00289;0.002695;0.002706;20720713.32
20251109 000000;0.002706;0.00302;0.002669;0.00275;21876470.48
20251110 000000;0.00275;0.002899;0.002649;0.002732;20575674.2
20251111 000000;0.002732;0.00274;0.002651;0.002692;19265164.34
20251112 000000;0.002692;0.002781;0.002503;0.002609;21935476.61
20251113 000000;0.002609;0.002983;0.002441;0.00265;22543226.86
20251114 000000;0.00265;0.002662;0.002374;0.002546;23873411.96
20251115 000000;0.002546;0.003182;0.002532;0.00254;23386280.55
20251116 000000;0.00254;0.002551;0.002103;0.002114;25880792.51
20251117 000000;0.002114;0.00248;0.002109;0.002146;25817225.78
20251118 000000;0.002146;0.00263;0.001913;0.002287;28279906.43
20251119 000000;0.002287;0.002597;0.00187;0.002223;29740922.22
20251120 000000;0.002223;0.002349;0.002129;0.00227;23971541.72
20251121 000000;0.00227;0.002275;0.002168;0.002213;24615488.91
20251122 000000;0.002213;0.002642;0.002182;0.002519;24856615.26
20251123 000000;0.002519;0.002986;0.002103;0.002146;31711328.98
20251124 000000;0.002146;0.002404;0.001921;0.002359;30604960.95
20251125 000000;0.002359;0.002475;0.001403;0.001801;48408840.96
20251126 000000;0.001801;0.002252;0.001795;0.002136;27150713.75
20251127 000000;0.002136;0.002207;0.002128;0.002199;26247472.87
20251128 000000;0.002199;0.002207;0.001957;0.002003;27072170.73
20251129 000000;0.002003;0.002127;0.001921;0.001926;27838282.41
20251130 000000;0.001926;0.002041;0.001885;0.002033;27917295.32
20251201 000000;0.002033;0.002041;0.0018;0.001833;28936090.57
20251202 000000;0.001833;0.002109;0.001831;0.001941;32659240.38
20251203 000000;0.001941;0.002127;0.00187;0.002126;29472365.46
20251204 000000;0.002126;0.002126;0.001833;0.001894;27643533.78
20251205 000000;0.001894;0.001951;0.001884;0.001946;28922091.27
20251206 000000;0.001946;0.001961;0.001935;0.00195;28180199.85
20251207 000000;0.00195;0.002173;0.00183;0.002128;28797376.54
20251208 000000;0.002128;0.0024;0.002103;0.002209;25268240.22
20251209 000000;0.002209;0.0024;0.002047;0.002153;26517023.62
20251210 000000;0.002153;0.00268;0.002153;0.002422;24656343.65
20251211 000000;0.002422;0.002707;0.00242;0.002595;20985727.12
20251212 000000;0.002595;0.002686;0.002261;0.002376;22352018.43
20251213 000000;0.002376;0.00248;0.002343;0.002464;23504480.22
20251214 000000;0.002464;0.00248;0.002324;0.002328;24371956.78
20251215 000000;0.002328;0.002493;0.00215;0.002424;25387786.65
20251216 000000;0.002424;0.003078;0.002399;0.002546;22370533.29
20251217 000000;0.002546;0.002695;0.002361;0.002366;21349374.18
20251218 000000;0.002366;0.002576;0.002216;0.00226;23837437.26
20251219 000000;0.00226;0.002324;0.002171;0.002192;25756752.73
20251220 000000;0.002192;0.002343;0.002172;0.002336;24874503.55
20251221 000000;0.002336;0.002355;0.002165;0.002167;24092311.06
20251222 000000;0.002167;0.002314;0.002111;0.002114;26163125.55
20251223 000000;0.002114;0.002181;0.002047;0.00214;26048247.77
20251224 000000;0.00214;0.002205;0.002102;0.002106;25494888.22
20251225 000000;0.002106;0.002144;0.002104;0.002126;26466702.83
20251226 000000;0.002126;0.002129;0.002102;0.002106;26259070.84
20251227 000000;0.002106;0.002129;0.002067;0.002115;26295406.82
20251228 000000;0.002115;0.002143;0.002097;0.002118;26691930.3
20251229 000000;0.002118;0.002127;0.002042;0.002073;27288745.7
20251230 000000;0.002073;0.002096;0.00197;0.002017;27095789.53
20251231 000000;0.002017;0.002038;0.001971;0.002014;28331678.97
