20260101 000000;0.002014;0.002038;0.00201;0.002028;27281502.49
20260102 000000;0.002028;0.002064;0.001801;0.001997;28483378.94
20260103 000000;0.001997;0.002039;0.00195;0.00196;27146244.41
20260104 000000;0.00196;0.001962;0.00185;0.001884;29124237.39
20260105 000000;0.001884;0.00217;0.00187;0.002085;29561408.05
20260106 000000;0.002085;0.002107;0.001967;0.001972;27965005.1
20260107 000000;0.001972;0.00209;0.001834;0.001913;29320934.06
20260108 000000;0.001913;0.001965;0.001877;0.001901;27617196.24
20260109 000000;0.001901;0.001903;0.001818;0.001839;31083757.56
20260110 000000;0.001839;0.001848;0.001711;0.001724;30922663.87
20260111 000000;0.001724;0.001816;0.001712;0.001792;30703298.67
20260112 000000;0.001792;0.001877;0.001776;0.001874;28686380.62
20260113 000000;0.001874;0.001924;0.001857;0.001916;27853981.27
20260114 000000;0.001916;0.00205;0.001844;0.001875;29325026.43
20260115 000000;0.001875;0.001937;0.001859;0.001876;27920842.43
20260116 000000;0.001876;0.002042;0.00186;0.002006;28349725.67
20260117 000000;0.002006;0.002198;0.001909;0.002001;29656188.04
20260118 000000;0.002001;0.002019;0.001832;0.001834;27802350.21
20260119 000000;0.001834;0.001837;0.001368;0.001559;55349420.38
20260120 000000;0.001559;0.001587;0.001446;0.001451;38447859.98
20260121 000000;0.001451;0.00158;0.001286;0.001361;44369441.65
20260122 000000;0.001361;0.00142;0.001326;0.001334;39629016.59
20260123 000000;0.001334;0.001378;0.001256;0.001295;44437619.43
20260124 000000;0.001295;0.001349;0.001257;0.001302;43002561.1
20260125 000000;0.001302;0.001307;0.001246;0.001257;45717665.26
20260126 000000;0.001257;0.001311;0.001241;0.001281;42485600.9
20260127 000000;0.001281;0.001293;0.001263;0.001272;45323648.11
20260128 000000;0.001272;0.001296;0.001236;0.001263;44174939.23
20260129 000000;0.001263;0.001379;0.001252;0.001303;42807899.74
20260130 000000;0.001303;0.001661;0.001096;0.001237;46770854.08
20260131 000000;0.001237;0.001261;0.001165;0.001196;47137512.93
20260201 000000;0.001196;0.001216;0.00113;0.001202;44863748.04
20260202 000000;0.001202;0.001276;0.001197;0.001239;45058430.24
20260203 000000;0.001239;0.001304;0.0012;0.001235;45286221.64
20260204 000000;0.001235;0.00124;0.001196;0.001208;47608658.84
20260205 000000;0.001208;0.001212;0.00111;0.001157;45046083.26
20260206 000000;0.001157;0.001179;0.00106;0.001171;48919121.68
20260207 000000;0.001171;0.00118;0.001139;0.001167;45844861.48
20260208 000000;0.001167;0.001217;0.001136;0.001204;46688671.96
20260209 000000;0.001204;0.00121;0.001137;0.001205;47507586
20260210 000000;0.001205;0.001211;0.001129;0.001165;46421816.8
20260211 000000;0.001165;0.001167;0.001134;0.001155;49429390.59
20260212 000000;0.001155;0.001186;0.001114;0.00116;46654096.8
20260213 000000;0.00116;0.001204;0.001086;0.001192;46307253.34
20260214 000000;0.001192;0.001221;0.001154;0.001194;46744801.79
20260215 000000;0.001194;0.00122;0.001154;0.001214;45422690.64
20260216 000000;0.001214;0.001217;0.001193;0.001196;45771572.7
20260217 000000;0.001196;0.001237;0.001156;0.00121;47521761.44
20260218 000000;0.00121;0.001221;0.001171;0.001213;45339809.19
20260219 000000;0.001213;0.001318;0.001206;0.001282;44384459.77
20260220 000000;0.001282;0.001289;0.001246;0.001256;44668922.56
20260221 000000;0.001256;0.001258;0.001172;0.001179;47087813.44
20260222 000000;0.001179;0.001188;0.001171;0.001176;45709853.74
20260223 000000;0.001176;0.001208;0.001154;0.001174;46456911.9
20260224 000000;0.001174;0.001182;0.001152;0.001172;45116898.63
20260225 000000;0.001172;0.001175;0.001111;0.001157;46752979.29
20260226 000000;0.001157;0.001281;0.001155;0.001279;46988880.85
20260227 000000;0.001279;0.00131;0.001273;0.0013;42989059.44
20260228 000000;0.0013;0.001415;0.001266;0.001292;43705375.37
20260301 000000;0.001292;0.001373;0.00124;0.001285;42066861.81
20260302 000000;0.001285;0.001414;0.001273;0.001328;43636174.47
20260303 000000;0.001328;0.001366;0.001174;0.001205;43448196.27
20260304 000000;0.001205;0.001224;0.001193;0.001212;45866098.31
20260305 000000;0.001212;0.001239;0.001204;0.001235;46071935.76
20260306 000000;0.001235;0.001239;0.001168;0.001173;45336651.39
20260307 000000;0.001173;0.001196;0.001161;0.001194;44529303.75
20260308 000000;0.001194;0.001195;0.001159;0.001174;45329575.22
20260309 000000;0.001174;0.001191;0.001163;0.001178;45709027.84
20260310 000000;0.001178;0.001183;0.001147;0.001163;47055257.49
20260311 000000;0.001163;0.001195;0.001159;0.00119;47331951.63
20260312 000000;0.00119;0.001208;0.001182;0.001191;43740558.51
20260313 000000;0.001191;0.001198;0.001177;0.001187;45908196.09
20260314 000000;0.001187;0.001626;0.001115;0.001193;58022656.22
20260315 000000;0.001193;0.00122;0.001156;0.001182;45456186.08
20260316 000000;0.001182;0.001494;0.001156;0.001214;53345222.52
20260317 000000;0.001214;0.001221;0.001184;0.001215;45703084.17
20260318 000000;0.001215;0.00122;0.00117;0.00118;47525420.55
20260319 000000;0.00118;0.001188;0.001146;0.001152;47351118.99
20260320 000000;0.001152;0.001167;0.001146;0.001152;46001241.28
20260321 000000;0.001152;0.001171;0.00108;0.001124;47037661.67
20260322 000000;0.001124;0.00116;0.001121;0.001142;49177727.92
20260323 000000;0.001142;0.001147;0.001129;0.001136;50090146.03
20260324 000000;0.001136;0.001148;0.00107;0.001126;48248043.85
20260325 000000;0.001126;0.001148;0.001114;0.001127;47816820.89
20260326 000000;0.001127;0.001146;0.001092;0.001128;51132531.29
20260327 000000;0.001128;0.001138;0.001113;0.001128;47468393.47
20260328 000000;0.001128;0.001131;0.001113;0.00112;49811273.69
20260329 000000;0.00112;0.001147;0.001082;0.001118;47299862.08
20260330 000000;0.001118;0.001122;0.001103;0.001116;50243803.59
20260331 000000;0.001116;0.001121;0.0011;0.001109;50428841.95
20260401 000000;0.001109;0.001132;0.001105;0.001129;46554918.62
20260402 000000;0.001129;0.001154;0.001122;0.001148;51435558.41
20260403 000000;0.001148;0.001164;0.001142;0.001159;47601477.18
20260404 000000;0.001159;0.001222;0.001149;0.001209;48634112.91
20260405 000000;0.001209;0.001212;0.001201;0.001205;45509824.62
20260406 000000;0.001205;0.001228;0.001201;0.001212;48523384.16
20260407 000000;0.001212;0.001221;0.001197;0.001219;44314873.43
20260408 000000;0.001219;0.001222;0.001186;0.001203;46494784.85
20260409 000000;0.001203;0.001207;0.001194;0.001198;43684474.89
20260410 000000;0.001198;0.001207;0.001196;0.001202;45359582.2
20260411 000000;0.001202;0.001206;0.001171;0.001191;45737672.51
20260412 000000;0.001191;0.001198;0.001129;0.001166;45551189.18
20260413 000000;0.001166;0.001169;0.00116;0.001169;46621754.23
20260414 000000;0.001169;0.001258;0.001164;0.001193;47298704.44
20260415 000000;0.001193;0.001198;0.001113;0.001159;45832160.91
20260416 000000;0.001159;0.001176;0.001047;0.00112;48554263.16
20260417 000000;0.00112;0.001301;0.001044;0.001288;47035492.64
20260418 000000;0.001288;0.001409;0.001272;0.001404;43362741.99
20260419 000000;0.001404;0.001408;0.00138;0.00139;37795867.43
20260420 000000;0.00139;0.001412;0.001382;0.001406;37883657.19
20260421 000000;0.001406;0.001413;0.001347;0.00135;39145706.35
20260422 000000;0.00135;0.001465;0.001347;0.001437;39200661.42
20260423 000000;0.001437;0.001467;0.001434;0.001444;37406852.85
20260424 000000;0.001444;0.001464;0.001411;0.00142;39313998.31
20260425 000000;0.00142;0.001433;0.001387;0.001428;38830528.09
20260426 000000;0.001428;0.001433;0.001409;0.001416;38192766.41
20260427 000000;0.001416;0.001466;0.001397;0.001451;37164046.58
20260428 000000;0.001451;0.001469;0.001399;0.001399;37633837.97
20260429 000000;0.001399;0.001404;0.001375;0.001379;40855463.5
20260430 000000;0.001379;0.001387;0.001363;0.001374;40597098.9
20260501 000000;0.001374;0.001406;0.001374;0.001398;40742169.31
20260502 000000;0.001398;0.001407;0.001375;0.001396;40535156.43
20260503 000000;0.001396;0.0014;0.001374;0.001385;39171835.82
20260504 000000;0.001385;0.00152;0.001381;0.001426;38256032.28
20260505 000000;0.001426;0.001433;0.001414;0.001428;37477892.06
20260506 000000;0.001428;0.001431;0.001403;0.001428;39946285.6
20260507 000000;0.001428;0.001432;0.001406;0.001422;38302411.56
20260508 000000;0.001422;0.001431;0.001406;0.001414;38007586.97
20260509 000000;0.001414;0.001418;0.001395;0.0014;38672818.77
20260510 000000;0.0014;0.001406;0.001301;0.00138;39814720.11
20260511 000000;0.00138;0.001399;0.00136;0.001369;40214228.41
20260512 000000;0.001369;0.001414;0.00135;0.001377;41226500.63
20260513 000000;0.001377;0.001385;0.001341;0.001354;41110111.9
20260514 000000;0.001354;0.001364;0.001297;0.001318;40507734.03
20260515 000000;0.001318;0.001345;0.001288;0.001319;40025846.17
20260516 000000;0.001319;0.001323;0.001286;0.001291;43108652.91
20260517 000000;0.001291;0.001304;0.00129;0.001299;41535805.36
20260518 000000;0.001299;0.001308;0.001266;0.001302;40083743.22
20260519 000000;0.001302;0.001308;0.001255;0.00126;43066378.4
20260520 000000;0.00126;0.001263;0.001232;0.001234;44137022.07
20260521 000000;0.001234;0.001725;0.001195;0.00127;47841425.22
20260522 000000;0.00127;0.001296;0.001238;0.001258;44233643.3
20260523 000000;0.001258;0.001283;0.001253;0.001268;43751019.93
20260524 000000;0.001268;0.001273;0.001264;0.001269;43356372.66
20260525 000000;0.001269;0.001273;0.001126;0.001239;47070356.79
20260526 000000;0.001239;0.001264;0.001234;0.001254;42271603.83
20260527 000000;0.001254;0.001258;0.00121;0.001226;45708960.43
20260528 000000;0.001226;0.001232;0.001213;0.001223;44785924.72
20260529 000000;0.001223;0.001228;0.001192;0.001198;45216378.82
20260530 000000;0.001198;0.001223;0.001191;0.001212;42443167.32
20260531 000000;0.001212;0.001255;0.001192;0.001245;42874181.65
20260601 000000;0.001245;0.001253;0.001161;0.001207;44564471.95
20260602 000000;0.001207;0.001644;0.001183;0.00119;49379304.47
20260603 000000;0.00119;0.001225;0.001188;0.001218;45464857.61
20260604 000000;0.001218;0.00123;0.001195;0.001214;44025024.12
20260605 000000;0.001214;0.001226;0.001163;0.00117;46066174.4
20260606 000000;0.00117;0.001193;0.001149;0.001168;47354324.15
20260607 000000;0.001168;0.001187;0.001148;0.001163;49520262.9
20260608 000000;0.001163;0.001174;0.001148;0.001166;45773762.37
20260609 000000;0.001166;0.00117;0.001148;0.001167;46920033.09
20260610 000000;0.001167;0.001192;0.001132;0.001133;49154708.74
20260611 000000;0.001133;0.001142;0.001107;0.001122;46943160.41
20260612 000000;0.001122;0.001125;0.00111;0.001119;48654544.72
20260613 000000;0.001119;0.001127;0.001103;0.001124;48503770.84
20260614 000000;0.001124;0.001134;0.001113;0.001127;47368296.16
20260615 000000;0.001127;0.00116;0.001119;0.001149;48724166.94
20260616 000000;0.001149;0.001174;0.001132;0.001151;48782238.08
20260617 000000;0.001151;0.001159;0.000991;0.001006;49224719.62
20260618 000000;0.001006;0.00107;0.001006;0.001057;53452500.6
20260619 000000;0.001057;0.00107;0.001036;0.001042;51085845.08
20260620 000000;0.001042;0.001056;0.001036;0.001043;40216570.23
