20240403 000000;0.0000000005;0.000000001445;0.0000000005;0.000000001186;5771327386987665
20240404 000000;0.000000001186;0.0000000012;0.00000000102;0.000000001085;6668510665750776
20240405 000000;0.000000001085;0.000000001116;0.00000000095;0.000000000985;10277701104973055
20240406 000000;0.000000000985;0.000000000998;0.000000000818;0.000000000933;9456962925020367
20240407 000000;0.000000000933;0.000000001081;0.000000000868;0.000000001071;7595002589906971
20240408 000000;0.000000001071;0.00000000117;0.000000000866;0.000000000932;8845260948271479
20240409 000000;0.000000000932;0.000000001022;0.0000000008;0.000000000834;10286708889464024
20240410 000000;0.000000000834;0.000000000918;0.0000000007;0.000000000796;10760555651759736
20240411 000000;0.000000000796;0.00000000083;0.000000000547;0.000000000594;12355031356939719
20240412 000000;0.000000000594;0.000000000837;0.000000000558;0.000000000664;12668857607680236
20240413 000000;0.000000000664;0.00000000075;0.000000000533;0.00000000066;10396995752985499
20240414 000000;0.00000000066;0.00000000075;0.000000000632;0.000000000734;7514527823278905
20240415 000000;0.000000000734;0.000000000966;0.000000000715;0.000000000917;7697157763543376
20240416 000000;0.000000000917;0.00000000094;0.000000000752;0.000000000799;7994673064538662
20240417 000000;0.000000000799;0.000000000847;0.0000000007;0.000000000779;11117597214335603
20240418 000000;0.000000000779;0.00000000082;0.00000000071;0.000000000797;10836852794707953
20240419 000000;0.000000000797;0.000000000804;0.000000000701;0.000000000759;11039371074325817
20240420 000000;0.000000000759;0.000000000764;0.000000000703;0.000000000731;9492533671264238
20240421 000000;0.000000000731;0.000000001038;0.000000000725;0.000000000924;9289616878046448
20240422 000000;0.000000000924;0.000000001135;0.000000000819;0.000000000999;10412525185011350
20240423 000000;0.000000000999;0.00000000102;0.00000000089;0.00000000092;9900925365789404
20240424 000000;0.00000000092;0.000000000934;0.000000000736;0.000000000811;11551213471417889
20240425 000000;0.000000000811;0.000000000816;0.000000000659;0.000000000762;9254075014071321
20240426 000000;0.000000000762;0.000000000856;0.000000000722;0.000000000789;8686017498364586
20240427 000000;0.000000000789;0.000000000796;0.00000000069;0.000000000715;9326095317727613
20240428 000000;0.000000000715;0.000000000748;0.000000000682;0.000000000686;9439499454667683
20240429 000000;0.000000000686;0.000000000705;0.000000000625;0.000000000671;13711664944366630
20240430 000000;0.000000000671;0.000000000675;0.000000000568;0.000000000614;13046780862770062
20240501 000000;0.000000000614;0.00000000075;0.00000000055;0.000000000689;17838689063844731
20240502 000000;0.000000000689;0.00000000075;0.00000000063;0.000000000712;20826461010266335
20240503 000000;0.000000000712;0.00000000083;0.000000000691;0.000000000801;19407421949693741
20240504 000000;0.000000000801;0.00000000083;0.000000000771;0.000000000793;15923069199973794
20240505 000000;0.000000000793;0.000000000799;0.000000000702;0.000000000737;14647215970109488
20240506 000000;0.000000000737;0.000000000783;0.000000000715;0.000000000735;10977312535805493
20240507 000000;0.000000000735;0.000000000775;0.000000000728;0.00000000073;13780210979729221
20240508 000000;0.00000000073;0.000000000744;0.000000000676;0.000000000689;24203796172390964
20240509 000000;0.000000000689;0.000000000801;0.000000000688;0.00000000078;15202870509828514
20240510 000000;0.00000000078;0.000000000783;0.0000000007;0.000000000719;9632944819456074
20240511 000000;0.000000000719;0.00000000076;0.0000000007;0.000000000731;6805012215252315
20240512 000000;0.000000000731;0.000000000741;0.000000000703;0.00000000071;3505327818453433
20240513 000000;0.00000000071;0.000000000728;0.000000000658;0.000000000671;2991975234700791
20240514 000000;0.000000000671;0.000000000692;0.000000000592;0.000000000624;2391034988245566
20240515 000000;0.000000000624;0.00000000071;0.000000000568;0.00000000067;3568530769700704
20240516 000000;0.00000000067;0.000000000709;0.000000000642;0.000000000662;3260401770276253
20240517 000000;0.000000000662;0.0000000007;0.000000000652;0.00000000067;3395909336850523
20240518 000000;0.00000000067;0.000000000689;0.000000000636;0.000000000643;3677891796559859
20240519 000000;0.000000000643;0.000000000652;0.0000000006;0.000000000619;3927741210120618
20240520 000000;0.000000000619;0.000000000663;0.000000000593;0.000000000645;4229039737064348
20240521 000000;0.000000000645;0.000000000717;0.000000000625;0.000000000646;2141263475753856
20240522 000000;0.000000000646;0.000000000655;0.00000000056;0.000000000583;753524965104539
20240523 000000;0.000000000583;0.000000000598;0.0000000005;0.000000000519;3553018731468322
20240524 000000;0.000000000519;0.000000000563;0.00000000051;0.000000000515;2920257223951092
20240525 000000;0.000000000515;0.00000000063;0.0000000005;0.000000000573;2327396764610355
20240526 000000;0.000000000573;0.000000000583;0.000000000525;0.000000000557;1357017105912932
20240527 000000;0.000000000557;0.00000000064;0.000000000529;0.000000000613;2007602479468267
20240528 000000;0.000000000613;0.000000000634;0.000000000562;0.000000000584;597278665687431
20240529 000000;0.000000000584;0.000000000584;0.000000000522;0.000000000534;3629924807035458
20240530 000000;0.000000000534;0.000000000554;0.000000000513;0.000000000527;3919100517516061
20240531 000000;0.000000000527;0.000000000605;0.000000000526;0.000000000545;3806884172003674
20240601 000000;0.000000000545;0.000000000558;0.000000000522;0.000000000539;3532484633109568
20240602 000000;0.000000000539;0.000000000547;0.000000000511;0.000000000518;3733092361506853
20240603 000000;0.000000000518;0.000000000536;0.00000000051;0.000000000512;2928292635427746
20240604 000000;0.000000000512;0.000000000597;0.000000000509;0.000000000569;1747426745912528
20240605 000000;0.000000000569;0.000000000768;0.000000000552;0.00000000058;1904048554855755
20240606 000000;0.00000000058;0.00000000065;0.000000000553;0.000000000606;822734476846669
20240607 000000;0.000000000606;0.000000000663;0.000000000578;0.000000000588;727477504370322
20240608 000000;0.000000000588;0.000000000588;0.000000000541;0.000000000553;432785676703812
20240609 000000;0.000000000553;0.000000000593;0.00000000053;0.000000000538;1421413781718872
20240610 000000;0.000000000538;0.000000000559;0.000000000506;0.000000000516;3109429818526366
20240611 000000;0.000000000516;0.000000000529;0.000000000457;0.000000000468;2622032419025166
20240612 000000;0.000000000468;0.00000000052;0.000000000458;0.000000000474;2668893401707074
20240613 000000;0.000000000474;0.000000000478;0.000000000415;0.000000000422;1904294134090670
20240614 000000;0.000000000422;0.000000000472;0.000000000411;0.000000000421;1143181155203926
20240615 000000;0.000000000421;0.000000000444;0.000000000414;0.00000000042;613691706384363
20240616 000000;0.00000000042;0.000000000434;0.000000000407;0.000000000426;391430557542323
20240617 000000;0.000000000426;0.000000000431;0.000000000371;0.000000000374;1959263331135235
20240618 000000;0.000000000374;0.000000000387;0.000000000342;0.000000000361;2127492440801445
20240619 000000;0.000000000361;0.000000000433;0.000000000356;0.00000000037;1949755664578188
20240620 000000;0.00000000037;0.000000000391;0.000000000356;0.000000000359;1966705764601275
20240621 000000;0.000000000359;0.000000000392;0.000000000344;0.000000000382;1798373338417462
20240622 000000;0.000000000382;0.00000000045;0.000000000365;0.000000000444;1302233057678866
20240623 000000;0.000000000444;0.000000000562;0.000000000431;0.000000000473;1704489677991236
20240624 000000;0.000000000473;0.000000000488;0.000000000431;0.000000000434;1536681021528997
20240625 000000;0.000000000434;0.000000000499;0.000000000429;0.000000000478;1429209734548628
20240626 000000;0.000000000478;0.000000000488;0.000000000414;0.000000000441;757310537325827
20240627 000000;0.000000000441;0.000000000495;0.00000000042;0.000000000483;2126067502268083
20240628 000000;0.000000000483;0.000000000484;0.000000000427;0.000000000446;1406004357647220
20240629 000000;0.000000000446;0.000000000476;0.000000000443;0.000000000459;919634075609026
20240630 000000;0.000000000459;0.000000000478;0.00000000044;0.000000000449;287647847618906
20240701 000000;0.000000000449;0.000000000462;0.000000000407;0.000000000412;153117858294301
20240702 000000;0.000000000412;0.00000000043;0.000000000403;0.00000000043;143164145205344
20240703 000000;0.00000000043;0.000000000433;0.000000000365;0.000000000372;235761576542078
20240704 000000;0.000000000372;0.000000000378;0.000000000351;0.000000000352;187737962810332
20240705 000000;0.000000000352;0.000000000359;0.0000000003;0.000000000335;244253704829153
20240706 000000;0.000000000335;0.000000000369;0.000000000332;0.000000000368;93016619934466
20240707 000000;0.000000000368;0.000000000373;0.0000000003;0.000000000301;150986948184874
20240708 000000;0.000000000301;0.000000000329;0.000000000286;0.000000000308;166466492818093
20240709 000000;0.000000000308;0.000000000326;0.000000000295;0.000000000315;142358444116486
20240710 000000;0.000000000315;0.000000000344;0.00000000031;0.000000000317;162226044223625
20240711 000000;0.000000000317;0.000000000317;0.00000000028;0.000000000287;134806442958295
20240712 000000;0.000000000287;0.000000000304;0.000000000277;0.000000000296;75214208589850
20240713 000000;0.000000000296;0.0000000003;0.000000000254;0.000000000265;117171730802289
20240714 000000;0.000000000265;0.000000000284;0.000000000262;0.000000000279;109437447092368
20240715 000000;0.000000000279;0.00000000033;0.000000000277;0.000000000322;260070260500695
20240716 000000;0.000000000322;0.000000000326;0.000000000285;0.00000000029;199156628541353
20240717 000000;0.00000000029;0.000000000294;0.000000000278;0.00000000029;189876829929517
20240718 000000;0.00000000029;0.000000000314;0.000000000279;0.00000000029;265533258147860
20240719 000000;0.00000000029;0.000000000307;0.00000000028;0.0000000003;205452166110476
20240720 000000;0.0000000003;0.000000000303;0.00000000028;0.00000000029;162974927121425
20240721 000000;0.00000000029;0.000000000302;0.000000000284;0.000000000296;101231857210395
20240722 000000;0.000000000296;0.000000000569;0.000000000295;0.000000000483;1339016048888097
20240723 000000;0.000000000483;0.000000000581;0.000000000475;0.000000000482;629883899150468
20240724 000000;0.000000000482;0.000000000488;0.000000000405;0.000000000406;348440898593409
20240725 000000;0.000000000406;0.00000000046;0.000000000373;0.000000000387;269393312110017
20240726 000000;0.000000000387;0.000000000424;0.000000000387;0.00000000041;172656629415248
20240727 000000;0.00000000041;0.00000000047;0.000000000373;0.000000000389;434307756237630
20240728 000000;0.000000000389;0.000000000393;0.000000000351;0.000000000369;241040452614817
20240729 000000;0.000000000369;0.000000000394;0.000000000355;0.000000000386;239465042317362
20240730 000000;0.000000000386;0.000000000388;0.000000000351;0.000000000371;227562155129939
20240731 000000;0.000000000371;0.000000000379;0.000000000344;0.0000000003444;211642500690876
20240801 000000;0.0000000003444;0.0000000003444;0.0000000003159;0.000000000328;221898191592341
20240802 000000;0.000000000328;0.0000000003302;0.0000000002887;0.0000000002927;217745693292321
20240803 000000;0.0000000002927;0.0000000003301;0.00000000028;0.0000000002942;399071247107768
20240804 000000;0.0000000002942;0.0000000003129;0.0000000002713;0.0000000002799;200545488507494
20240805 000000;0.0000000002799;0.0000000002844;0.0000000002111;0.0000000002773;556223534618596
20240806 000000;0.0000000002773;0.0000000003066;0.0000000002765;0.0000000002918;215587355672866
20240807 000000;0.0000000002918;0.0000000003136;0.0000000002768;0.0000000002865;224816362797471
20240808 000000;0.0000000002865;0.0000000003398;0.0000000002781;0.0000000003104;204605895636737
20240809 000000;0.0000000003104;0.0000000003386;0.000000000305;0.0000000003112;140841607925689
20240810 000000;0.0000000003112;0.0000000003303;0.000000000301;0.0000000003247;136055133989406
20240811 000000;0.0000000003247;0.0000000003331;0.0000000002913;0.0000000002962;144419470471684
20240812 000000;0.0000000002962;0.0000000003142;0.0000000002835;0.0000000003101;112510371946792
20240813 000000;0.0000000003101;0.0000000003122;0.0000000002908;0.0000000002945;130918415411954
20240814 000000;0.0000000002945;0.0000000003098;0.0000000002831;0.0000000002862;121454525512668
20240815 000000;0.0000000002862;0.0000000002944;0.0000000002707;0.0000000002863;152931235366747
20240816 000000;0.0000000002863;0.0000000002945;0.0000000002741;0.0000000002792;195099372471614
20240817 000000;0.0000000002792;0.000000000292;0.0000000002747;0.0000000002841;176144341424134
20240818 000000;0.0000000002841;0.0000000002915;0.00000000028;0.0000000002844;179543943064461
20240819 000000;0.0000000002844;0.0000000002868;0.0000000002727;0.0000000002848;157670894932791
20240820 000000;0.0000000002848;0.00000000029;0.0000000002731;0.0000000002779;241380309215760
20240821 000000;0.0000000002779;0.0000000002815;0.0000000002677;0.0000000002778;190444156756845
20240822 000000;0.0000000002778;0.0000000002923;0.000000000262;0.0000000002709;299852723130932
20240823 000000;0.0000000002709;0.0000000002954;0.0000000002635;0.0000000002841;272153028165034
20240824 000000;0.0000000002841;0.0000000003113;0.0000000002811;0.0000000002994;293589027773182
20240825 000000;0.0000000002994;0.000000000305;0.0000000002824;0.0000000003008;220131837974182
20240826 000000;0.0000000003008;0.0000000003033;0.00000000027;0.0000000002757;257610343999035
20240827 000000;0.0000000002757;0.0000000002761;0.0000000002402;0.0000000002481;338997813547639
20240828 000000;0.0000000002481;0.0000000002565;0.0000000002341;0.000000000241;263987465090374
20240829 000000;0.000000000241;0.0000000002517;0.0000000002314;0.0000000002343;262963808604012
20240830 000000;0.0000000002343;0.0000000002459;0.000000000226;0.0000000002396;254303524416790
20240831 000000;0.0000000002396;0.0000000002446;0.0000000002223;0.000000000237;191488682013197
20240901 000000;0.000000000237;0.0000000002372;0.0000000002223;0.0000000002229;161926835590240
20240902 000000;0.0000000002229;0.0000000002267;0.000000000218;0.0000000002252;173733425061109
20240903 000000;0.0000000002252;0.0000000002318;0.000000000219;0.0000000002196;115238601223923
20240904 000000;0.0000000002196;0.0000000002307;0.0000000002114;0.0000000002251;119947010436972
20240905 000000;0.0000000002251;0.0000000002316;0.000000000216;0.0000000002284;119287014051042
20240906 000000;0.0000000002284;0.0000000002345;0.0000000002069;0.0000000002118;124553327894601
20240907 000000;0.0000000002118;0.0000000002286;0.0000000002044;0.0000000002047;144923287888564
20240908 000000;0.0000000002047;0.0000000002241;0.0000000002044;0.0000000002173;122883775863936
20240909 000000;0.0000000002173;0.0000000002248;0.000000000206;0.0000000002205;148754356410412
20240910 000000;0.0000000002205;0.0000000002306;0.0000000002119;0.000000000224;156884128643016
20240911 000000;0.000000000224;0.0000000002284;0.0000000002079;0.0000000002163;208891294901212
20240912 000000;0.0000000002163;0.0000000002283;0.000000000209;0.0000000002256;171853493876931
20240913 000000;0.0000000002256;0.0000000002436;0.0000000002143;0.000000000243;168534979109596
20240914 000000;0.000000000243;0.0000000002488;0.0000000002323;0.0000000002367;186054220675165
20240915 000000;0.0000000002367;0.0000000002418;0.0000000002225;0.000000000227;99075465040400
20240916 000000;0.000000000227;0.0000000002407;0.0000000002144;0.0000000002212;240762011381788
20240917 000000;0.0000000002212;0.0000000002386;0.0000000002102;0.0000000002345;256845706311880
20240918 000000;0.0000000002345;0.0000000002374;0.0000000002246;0.0000000002371;135083557229741
20240919 000000;0.0000000002371;0.000000000362;0.000000000237;0.0000000003097;775089265509123
20240920 000000;0.0000000003097;0.000000000335;0.0000000002878;0.0000000003;463707433504176
20240921 000000;0.0000000003;0.0000000003307;0.0000000002924;0.0000000003166;298713618810044
20240922 000000;0.0000000003166;0.0000000003188;0.0000000002901;0.000000000308;113558842456499
20240923 000000;0.000000000308;0.0000000003265;0.0000000002842;0.0000000002935;269014474495450
20240924 000000;0.0000000002935;0.0000000003086;0.000000000263;0.0000000003025;295571669606995
20240925 000000;0.0000000003025;0.000000000305;0.0000000002646;0.0000000002687;271881614254365
20240926 000000;0.0000000002687;0.0000000002886;0.0000000002611;0.0000000002765;271404236881212
20240927 000000;0.0000000002765;0.0000000003055;0.0000000002712;0.0000000002839;219550735201552
20240928 000000;0.0000000002839;0.0000000003896;0.0000000002783;0.0000000002975;314617150002763
20240929 000000;0.0000000002975;0.0000000003113;0.0000000002836;0.0000000002887;182111800843522
20240930 000000;0.0000000002887;0.0000000002936;0.0000000002797;0.0000000002835;198625569937800
20241001 000000;0.0000000002835;0.0000000003115;0.0000000002533;0.0000000002618;248449977895797
20241002 000000;0.0000000002618;0.0000000002809;0.000000000244;0.0000000002476;161924338734381
20241003 000000;0.0000000002476;0.0000000002622;0.000000000238;0.0000000002472;134828395460601
20241004 000000;0.0000000002472;0.0000000002799;0.0000000002401;0.0000000002766;292264816912113
20241005 000000;0.0000000002766;0.0000000002918;0.000000000257;0.0000000002671;163880176767963
20241006 000000;0.0000000002671;0.0000000002816;0.0000000002559;0.0000000002783;105419848678279
20241007 000000;0.0000000002783;0.0000000002955;0.0000000002614;0.0000000002708;222798629315113
20241008 000000;0.0000000002708;0.000000000289;0.0000000002692;0.0000000002835;130476371615887
20241009 000000;0.0000000002835;0.0000000002883;0.0000000002476;0.000000000259;171732686565568
20241010 000000;0.000000000259;0.0000000002789;0.0000000002535;0.0000000002631;122836072776502
20241011 000000;0.0000000002631;0.00000000028;0.0000000002631;0.0000000002721;128534956206558
20241012 000000;0.0000000002721;0.0000000002806;0.0000000002636;0.0000000002686;107826948840369
20241013 000000;0.0000000002686;0.0000000002696;0.0000000002463;0.0000000002488;107278388023730
20241014 000000;0.0000000002488;0.00000000027;0.0000000002462;0.0000000002655;132008044558012
20241015 000000;0.0000000002655;0.0000000002672;0.0000000002468;0.0000000002534;296946772312717
20241016 000000;0.0000000002534;0.0000000002636;0.0000000002424;0.0000000002495;328721959048267
20241017 000000;0.0000000002495;0.0000000002507;0.0000000002372;0.0000000002455;297233880157734
20241018 000000;0.0000000002455;0.0000000002835;0.0000000002337;0.0000000002834;415641339405394
20241019 000000;0.0000000002834;0.000000000297;0.0000000002676;0.0000000002786;321276433109872
20241020 000000;0.0000000002786;0.0000000002853;0.0000000002443;0.0000000002612;331233700189517
20241021 000000;0.0000000002612;0.0000000002668;0.0000000002315;0.0000000002441;481165185862707
20241022 000000;0.0000000002441;0.0000000002508;0.000000000235;0.0000000002387;341810017428841
20241023 000000;0.0000000002387;0.0000000002463;0.0000000002225;0.0000000002295;369591598327871
20241024 000000;0.0000000002295;0.0000000002642;0.0000000002186;0.0000000002528;458412066014919
20241025 000000;0.0000000002528;0.0000000002572;0.000000000222;0.0000000002262;384373400177296
20241026 000000;0.0000000002262;0.000000000239;0.0000000002126;0.0000000002165;344805349653627
20241027 000000;0.0000000002165;0.0000000002306;0.0000000002;0.0000000002053;375922310923442
20241028 000000;0.0000000002053;0.0000000002192;0.0000000002022;0.0000000002169;405821295233600
20241029 000000;0.0000000002169;0.0000000002311;0.0000000002112;0.0000000002198;439510907443991
20241030 000000;0.0000000002198;0.000000000224;0.0000000002073;0.0000000002112;432306098889143
20241031 000000;0.0000000002112;0.0000000002214;0.0000000001927;0.0000000001957;380345877434929
20241101 000000;0.0000000001957;0.0000000002044;0.0000000001827;0.0000000001855;521242760673170
20241102 000000;0.0000000001855;0.000000000262;0.0000000001696;0.0000000002286;825316120663749
20241103 000000;0.0000000002286;0.0000000002291;0.0000000001986;0.0000000002071;487752488747398
20241104 000000;0.0000000002071;0.0000000002084;0.00000000019;0.0000000001945;366177681649027
20241105 000000;0.0000000001945;0.0000000002177;0.0000000001934;0.0000000002047;366395033147459
20241106 000000;0.0000000002047;0.000000000252;0.0000000002047;0.000000000224;507704707108200
20241107 000000;0.000000000224;0.0000000002408;0.0000000002161;0.0000000002278;382631947636642
20241108 000000;0.0000000002278;0.0000000002293;0.0000000002061;0.0000000002112;356199486407291
20241109 000000;0.0000000002112;0.0000000002354;0.0000000002011;0.0000000002328;438648200920668
20241110 000000;0.0000000002328;0.0000000002333;0.0000000002121;0.0000000002277;527239218429328
20241111 000000;0.0000000002277;0.0000000002401;0.000000000215;0.0000000002399;445367601937886
20241112 000000;0.0000000002399;0.0000000002489;0.0000000001891;0.0000000001977;770348798981674
20241113 000000;0.0000000001977;0.000000000202;0.0000000001757;0.0000000001977;679307707963067
20241114 000000;0.0000000001977;0.0000000002251;0.0000000001782;0.00000000021;769306704598341
20241115 000000;0.00000000021;0.0000000002681;0.0000000002048;0.0000000002561;667581240568190
20241116 000000;0.0000000002561;0.0000000004709;0.000000000247;0.0000000004356;1392445062509157
20241117 000000;0.0000000004356;0.0000000004912;0.0000000003492;0.0000000003841;1004059744591427
20241118 000000;0.0000000003841;0.0000000003845;0.0000000003126;0.0000000003255;515662511608943
20241119 000000;0.0000000003255;0.0000000003592;0.000000000271;0.0000000002858;480674207943084
20241120 000000;0.0000000002858;0.0000000003042;0.0000000002461;0.000000000268;504540687793625
20241121 000000;0.000000000268;0.0000000003459;0.0000000002406;0.000000000296;613656419489986
20241122 000000;0.000000000296;0.000000000355;0.0000000002853;0.0000000003058;565164031495700
20241123 000000;0.0000000003058;0.0000000003183;0.000000000275;0.0000000002821;470187806246627
20241124 000000;0.0000000002821;0.000000000325;0.0000000002739;0.0000000002821;409911877070575
20241125 000000;0.0000000002821;0.0000000003166;0.00000000026;0.0000000002632;515386862804794
20241126 000000;0.0000000002632;0.0000000002755;0.0000000002402;0.0000000002524;405181527495292
20241127 000000;0.0000000002524;0.0000000003114;0.0000000002437;0.0000000002908;398031981119419
20241128 000000;0.0000000002908;0.000000000295;0.000000000265;0.0000000002781;337369196935111
20241129 000000;0.0000000002781;0.00000000034;0.0000000002778;0.0000000003296;457237403105872
20241130 000000;0.0000000003296;0.00000000034;0.00000000029;0.0000000002947;372179076467053
20241201 000000;0.0000000002947;0.0000000003338;0.0000000002815;0.000000000311;410883825936273
20241202 000000;0.000000000311;0.0000000003201;0.000000000251;0.0000000002548;496824066588448
20241203 000000;0.0000000002548;0.0000000003015;0.0000000002501;0.0000000002868;618992010426591
20241204 000000;0.0000000002868;0.0000000003019;0.00000000027;0.0000000002761;388166626158899
20241205 000000;0.0000000002761;0.0000000003026;0.0000000002693;0.0000000002762;475190145396252
20241206 000000;0.0000000002762;0.0000000002897;0.0000000002631;0.0000000002802;391029577240645
20241207 000000;0.0000000002802;0.00000000031;0.0000000002761;0.0000000002976;442161452173923
20241208 000000;0.0000000002976;0.0000000003073;0.0000000002802;0.0000000002895;357781143677778
20241209 000000;0.0000000002895;0.0000000002903;0.0000000002504;0.0000000002583;435831733987462
20241210 000000;0.0000000002583;0.0000000002642;0.000000000228;0.0000000002519;484837191701456
20241211 000000;0.0000000002519;0.0000000002813;0.0000000002388;0.0000000002593;508774386350374
20241212 000000;0.0000000002593;0.00000000033;0.0000000002576;0.0000000002868;698935970559638
20241213 000000;0.0000000002868;0.0000000003;0.0000000002767;0.0000000002826;423427254602439
20241214 000000;0.0000000002826;0.0000000002887;0.0000000002624;0.0000000002648;340644822329884
20241215 000000;0.0000000002648;0.0000000002898;0.0000000002623;0.0000000002726;442342816723579
20241216 000000;0.0000000002726;0.000000000285;0.0000000002576;0.000000000262;599701717473837
20241217 000000;0.000000000262;0.0000000002899;0.0000000002516;0.0000000002712;605515547018490
20241218 000000;0.0000000002712;0.0000000003209;0.0000000002533;0.000000000266;965254061130195
20241219 000000;0.000000000266;0.0000000002834;0.0000000002331;0.0000000002381;738437667034398
20241220 000000;0.0000000002381;0.0000000002584;0.0000000002188;0.0000000002549;569106830078694
20241221 000000;0.0000000002549;0.0000000002609;0.0000000002232;0.000000000233;481358552827879
20241222 000000;0.000000000233;0.0000000002495;0.000000000214;0.0000000002291;558302819183981
20241223 000000;0.0000000002291;0.0000000002367;0.0000000002194;0.0000000002305;351758852957559
20241224 000000;0.0000000002305;0.0000000002428;0.0000000002257;0.0000000002334;313773648384004
20241225 000000;0.0000000002334;0.0000000002344;0.0000000002206;0.0000000002255;391339572901891
20241226 000000;0.0000000002255;0.0000000002333;0.0000000002039;0.0000000002079;398310078218277
20241227 000000;0.0000000002079;0.0000000002184;0.000000000202;0.0000000002049;385402433292792
20241228 000000;0.0000000002049;0.0000000002175;0.0000000001966;0.0000000002139;412252466491629
20241229 000000;0.0000000002139;0.0000000002232;0.0000000002041;0.0000000002136;351682243488810
20241230 000000;0.0000000002136;0.000000000223;0.0000000001974;0.0000000002001;368666494242153
20241231 000000;0.0000000002001;0.0000000002077;0.0000000001919;0.0000000001966;389005189363919
