20230622 000000;0.004419;0.004583;0.004418;0.004529;3721364.3
20230623 000000;0.004529;0.0048;0.004437;0.004671;3948119.31
20230624 000000;0.004671;0.004801;0.004648;0.004707;4222400.81
20230625 000000;0.004707;0.005051;0.004557;0.004673;5104551.5
20230626 000000;0.004673;0.004941;0.004416;0.004517;3903387.12
20230627 000000;0.004517;0.004654;0.004506;0.004618;3635854.02
20230628 000000;0.004618;0.004633;0.004326;0.004328;3810285.13
20230629 000000;0.004328;0.004454;0.004317;0.004396;3762105.69
20230630 000000;0.004396;0.004531;0.004307;0.004442;3775379.34
20230701 000000;0.004442;0.004612;0.004388;0.004609;3706732.3
20230702 000000;0.004609;0.004794;0.004518;0.00454;3953225.15
20230703 000000;0.00454;0.004694;0.004507;0.004608;3734180.82
20230704 000000;0.004608;0.004712;0.004574;0.004669;3548802.79
20230705 000000;0.004669;0.004793;0.004528;0.004579;3624087.46
20230706 000000;0.004579;0.004613;0.004475;0.004499;3628395.85
20230707 000000;0.004499;0.004523;0.004446;0.004503;3661471
20230708 000000;0.004503;0.004523;0.004447;0.004486;3652920.76
20230709 000000;0.004486;0.004713;0.004486;0.004608;3637365.57
20230710 000000;0.004608;0.004633;0.004477;0.004592;3614143.62
20230711 000000;0.004592;0.00496;0.004587;0.004882;3587641.82
20230712 000000;0.004882;0.004896;0.004706;0.00481;3502932.53
20230713 000000;0.00481;0.005457;0.004673;0.004749;3936772.48
20230714 000000;0.004749;0.004881;0.004648;0.004713;3561364.31
20230715 000000;0.004713;0.004904;0.004646;0.004795;3799645.8
20230716 000000;0.004795;0.00493;0.004716;0.004826;3419222.12
20230717 000000;0.004826;0.004843;0.004706;0.004794;3483438.53
20230718 000000;0.004794;0.004884;0.004677;0.004716;4417273.49
20230719 000000;0.004716;0.004799;0.004677;0.004788;3539587.97
20230720 000000;0.004788;0.004906;0.004677;0.004692;3762226.64
20230721 000000;0.004692;0.004944;0.004637;0.004815;3471070.83
20230722 000000;0.004815;0.005035;0.004767;0.004994;6995619.27
20230723 000000;0.004994;0.005191;0.004944;0.005071;6206673.85
20230724 000000;0.005071;0.005265;0.004754;0.004873;7845334.8
20230725 000000;0.004873;0.005589;0.004754;0.005184;7403580.64
20230726 000000;0.005184;0.005701;0.004906;0.005059;10191964.81
20230727 000000;0.005059;0.005238;0.004892;0.004949;4368963.54
20230728 000000;0.004949;0.005635;0.004937;0.005441;4321443.06
20230729 000000;0.005441;0.007176;0.005313;0.006174;12291078.21
20230730 000000;0.006174;0.006517;0.005319;0.005442;4383308.35
20230731 000000;0.005442;0.005506;0.005174;0.005258;3214280.88
20230801 000000;0.005258;0.005315;0.00512;0.005155;3510001.73
20230802 000000;0.005155;0.005364;0.00512;0.00513;3228409.97
20230803 000000;0.00513;0.005205;0.00512;0.005159;3265940.25
20230804 000000;0.005159;0.005506;0.00512;0.005486;3866995.61
20230805 000000;0.005486;0.005814;0.005391;0.005573;3225993.73
20230806 000000;0.005573;0.005775;0.005131;0.005388;3467586.84
20230807 000000;0.005388;0.005408;0.005125;0.005182;3171597.38
20230808 000000;0.005182;0.005408;0.00517;0.005319;3347786.84
20230809 000000;0.005319;0.005361;0.00512;0.005171;3445154.03
20230810 000000;0.005171;0.005415;0.00514;0.005256;3379401.05
20230811 000000;0.005256;0.005311;0.005171;0.005291;3759327.58
20230812 000000;0.005291;0.005345;0.005253;0.005312;3136394.85
20230813 000000;0.005312;0.005343;0.00518;0.005212;3150393.1
20230814 000000;0.005212;0.005274;0.005172;0.005232;3200512.9
20230815 000000;0.005232;0.005252;0.004969;0.004979;3264346.75
20230816 000000;0.004979;0.005004;0.004536;0.004568;4199977.55
20230817 000000;0.004568;0.004692;0.004173;0.00426;4497910.03
20230818 000000;0.00426;0.004595;0.004254;0.004434;4454669.06
20230819 000000;0.004434;0.004525;0.004367;0.00446;3736337.81
20230820 000000;0.00446;0.004523;0.004377;0.004455;3715734
20230821 000000;0.004455;0.004483;0.004284;0.00435;3767890.31
20230822 000000;0.00435;0.004369;0.004226;0.004287;3825019.87
20230823 000000;0.004287;0.004433;0.004243;0.004378;6461865.92
20230824 000000;0.004378;0.004427;0.004318;0.004361;3734933.85
20230825 000000;0.004361;0.004383;0.004285;0.004359;3751492.16
20230826 000000;0.004359;0.004605;0.004358;0.00454;3143511.36
20230827 000000;0.00454;0.005;0.004466;0.004582;4486012.74
20230828 000000;0.004582;0.004582;0.004358;0.004449;3709293.46
20230829 000000;0.004449;0.00455;0.004327;0.004477;4219227.16
20230830 000000;0.004477;0.004499;0.004318;0.004352;3815931.49
20230831 000000;0.004352;0.0044;0.004217;0.004241;3897355.44
20230901 000000;0.004241;0.004282;0.004187;0.004203;3895846.47
20230902 000000;0.004203;0.004308;0.004117;0.004261;3905448.2
20230903 000000;0.004261;0.004332;0.004166;0.00425;5706810.82
20230904 000000;0.00425;0.004303;0.004198;0.00424;3916155.22
20230905 000000;0.00424;0.004245;0.004155;0.004204;3905584.84
20230906 000000;0.004204;0.004249;0.004157;0.004212;3952739.29
20230907 000000;0.004212;0.004234;0.004167;0.004227;4400230.7
20230908 000000;0.004227;0.004281;0.004147;0.004245;4775722.52
20230909 000000;0.004245;0.004314;0.004177;0.004244;4230776.67
20230910 000000;0.004244;0.004297;0.004169;0.004277;3929957.53
20230911 000000;0.004277;0.004297;0.004098;0.004139;4090780.59
20230912 000000;0.004139;0.004199;0.004099;0.004183;3967159.76
20230913 000000;0.004183;0.004653;0.004107;0.004382;4029695.04
20230914 000000;0.004382;0.004584;0.004378;0.004534;4387394.67
20230915 000000;0.004534;0.004754;0.004409;0.004604;5933351.68
20230916 000000;0.004604;0.004683;0.004466;0.004624;3959887.77
20230917 000000;0.004624;0.004643;0.004467;0.004495;3655872.69
20230918 000000;0.004495;0.004503;0.004317;0.004464;3819403.62
20230919 000000;0.004464;0.004573;0.004414;0.004553;3690106.32
20230920 000000;0.004553;0.004763;0.004517;0.004748;3767605.83
20230921 000000;0.004748;0.005688;0.004588;0.005261;11950752.45
20230922 000000;0.005261;0.005465;0.005019;0.005299;8141806.92
20230923 000000;0.005299;0.005758;0.005265;0.005393;11909346.27
20230924 000000;0.005393;0.005398;0.004767;0.004767;15045165.79
20230925 000000;0.004767;0.004836;0.004585;0.004811;8257946.67
20230926 000000;0.004811;0.004957;0.004757;0.004814;5826720.32
20230927 000000;0.004814;0.005105;0.004795;0.00493;6487388.24
20230928 000000;0.00493;0.005096;0.0049;0.005085;5922496.49
20230929 000000;0.005085;0.005086;0.004827;0.004907;5402291.37
20230930 000000;0.004907;0.004932;0.00481;0.004851;6068810.02
20231001 000000;0.004851;0.004946;0.004828;0.004918;5837760.17
20231002 000000;0.004918;0.004946;0.004757;0.004799;5915281.02
20231003 000000;0.004799;0.004799;0.004613;0.004616;5693950.74
20231004 000000;0.004616;0.004697;0.004552;0.004657;5773414.55
20231005 000000;0.004657;0.004763;0.004642;0.00472;6085447.54
20231006 000000;0.00472;0.00479;0.004676;0.00479;5897750.97
20231007 000000;0.00479;0.0048;0.004723;0.004787;5832004.3
20231008 000000;0.004787;0.004789;0.00466;0.004706;5583456.33
20231009 000000;0.004706;0.004742;0.004491;0.004565;5924388.59
20231010 000000;0.004565;0.004579;0.004482;0.004546;5872112.57
20231011 000000;0.004546;0.00472;0.004411;0.004477;5947355.57
20231012 000000;0.004477;0.0045;0.004407;0.004489;6015696.69
20231013 000000;0.004489;0.004577;0.004463;0.004547;6084233.09
20231014 000000;0.004547;0.004601;0.00451;0.004579;5859585.31
20231015 000000;0.004579;0.004735;0.004546;0.004681;5776571.28
20231016 000000;0.004681;0.004753;0.004606;0.004724;5808555.14
20231017 000000;0.004724;0.004826;0.004628;0.004796;5625293.62
20231018 000000;0.004796;0.004853;0.004641;0.004688;5874848.38
20231019 000000;0.004688;0.004688;0.004479;0.004609;6222805.79
20231020 000000;0.004609;0.004778;0.004568;0.004765;6358643.35
20231021 000000;0.004765;0.005035;0.00474;0.004923;6042362.39
20231022 000000;0.004923;0.004941;0.004778;0.004893;5589057.38
20231023 000000;0.004893;0.00517;0.004818;0.005109;7568428.09
20231024 000000;0.005109;0.005279;0.004951;0.005107;7075697.16
20231025 000000;0.005107;0.005198;0.005005;0.005147;5477936.46
20231026 000000;0.005147;0.005179;0.004901;0.005;5641764.25
20231027 000000;0.005;0.005059;0.00493;0.005014;5323489.42
20231028 000000;0.005014;0.005149;0.004969;0.005122;8653573.92
20231029 000000;0.005122;0.005149;0.00501;0.005109;5670719.06
20231030 000000;0.005109;0.005231;0.005071;0.005205;6719492.03
20231031 000000;0.005205;0.005265;0.004971;0.005236;8956569.43
20231101 000000;0.005236;0.005577;0.005071;0.005487;9106280.64
20231102 000000;0.005487;0.005811;0.00543;0.005574;9394990.65
20231103 000000;0.005574;0.005649;0.00521;0.005532;6037562.6
20231104 000000;0.005532;0.005806;0.005397;0.005725;5313746.02
20231105 000000;0.005725;0.00598;0.005464;0.005549;7629915.55
20231106 000000;0.005549;0.005561;0.005355;0.005502;8384851.2
20231107 000000;0.005502;0.005537;0.005374;0.005494;5126447.49
20231108 000000;0.005494;0.005742;0.005463;0.005662;15301014.14
20231109 000000;0.005662;0.005818;0.005452;0.005654;11693931.85
20231110 000000;0.005654;0.005792;0.005555;0.005776;5282584.29
20231111 000000;0.005776;0.005917;0.005604;0.00589;4926760.3
20231112 000000;0.00589;0.005944;0.005692;0.005878;4977750.39
20231113 000000;0.005878;0.006201;0.005839;0.005958;11410023.36
20231114 000000;0.005958;0.006012;0.005564;0.005726;7498376.84
20231115 000000;0.005726;0.006107;0.005548;0.006066;47049099.13
20231116 000000;0.006066;0.006107;0.005776;0.005813;21784684.97
20231117 000000;0.005813;0.005947;0.005635;0.005915;12005617.01
20231118 000000;0.005915;0.006195;0.005448;0.00578;17821695.17
20231119 000000;0.00578;0.005988;0.005644;0.00597;11917415.57
20231120 000000;0.00597;0.006159;0.005812;0.006125;15180694.98
20231121 000000;0.006125;0.006174;0.0054;0.005483;10564301.06
20231122 000000;0.005483;0.005827;0.005425;0.005781;10435065.81
20231123 000000;0.005781;0.006151;0.005624;0.006127;9871801.2
20231124 000000;0.006127;0.006668;0.006045;0.006539;11009103.21
20231125 000000;0.006539;0.006901;0.006112;0.006362;24519244.54
20231126 000000;0.006362;0.006413;0.005947;0.006097;11839493.11
20231127 000000;0.006097;0.006097;0.005811;0.005922;7372189.35
20231128 000000;0.005922;0.006034;0.005771;0.005968;8489914.22
20231129 000000;0.005968;0.006001;0.005876;0.005983;5586351.8
20231130 000000;0.005983;0.005985;0.005787;0.005835;7730008.83
20231201 000000;0.005835;0.006052;0.005779;0.005974;7018085.33
20231202 000000;0.005974;0.006052;0.005897;0.006012;9204464.67
20231203 000000;0.006012;0.006014;0.005811;0.005931;5949440.18
20231204 000000;0.005931;0.00602;0.00582;0.005938;6403594
20231205 000000;0.005938;0.00644;0.005872;0.006174;10087474.04
20231206 000000;0.006174;0.006174;0.005917;0.005982;10526210.15
20231207 000000;0.005982;0.006054;0.0058;0.005996;7039130.85
20231208 000000;0.005996;0.006219;0.005977;0.006204;12276065.54
20231209 000000;0.006204;0.006398;0.006191;0.006239;5871560.91
20231210 000000;0.006239;0.006259;0.006024;0.006153;32718427.21
20231211 000000;0.006153;0.006297;0.005861;0.006014;9911318.37
20231212 000000;0.006014;0.006082;0.005828;0.005902;5690174.08
20231213 000000;0.005902;0.006005;0.005728;0.005967;5196051.88
20231214 000000;0.005967;0.006092;0.005908;0.006049;11100801.83
20231215 000000;0.006049;0.006055;0.005806;0.00581;7781863.32
20231216 000000;0.00581;0.005949;0.005667;0.005863;9025738.78
20231217 000000;0.005863;0.005884;0.005635;0.00566;7200553.02
20231218 000000;0.00566;0.005767;0.00526;0.005542;6892059.88
20231219 000000;0.005542;0.005641;0.005483;0.005517;5487323.06
20231220 000000;0.005517;0.005731;0.00544;0.005634;5895913.26
20231221 000000;0.005634;0.005714;0.005585;0.005671;5661903.78
20231222 000000;0.005671;0.005773;0.005607;0.005751;6604939.93
20231223 000000;0.005751;0.005797;0.005643;0.005741;8731345.74
20231224 000000;0.005741;0.00579;0.00562;0.005626;6485032.75
20231225 000000;0.005626;0.005823;0.00557;0.005755;6735826.49
20231226 000000;0.005755;0.006232;0.005676;0.005869;8958212.74
20231227 000000;0.005869;0.006178;0.005869;0.006076;7943335.02
20231228 000000;0.006076;0.006143;0.005768;0.005834;6212315.79
20231229 000000;0.005834;0.0063;0.005674;0.00572;8671319.09
20231230 000000;0.00572;0.005746;0.00563;0.005718;5147549.13
20231231 000000;0.005718;0.005782;0.005614;0.00566;5363204.66
