20230622 000000;0.0004843;0.000497;0.0004655;0.0004703;64436954.64
20230623 000000;0.0004703;0.0004954;0.0004692;0.0004845;64897389.54
20230624 000000;0.0004845;0.0004964;0.0004724;0.0004854;36873435.03
20230625 000000;0.0004854;0.0005052;0.0004817;0.0004913;40290520.75
20230626 000000;0.0004913;0.0004915;0.0004627;0.0004706;35651623.69
20230627 000000;0.0004706;0.0004835;0.0004695;0.0004817;41444861.19
20230628 000000;0.0004817;0.0004823;0.0004366;0.0004482;40416516.05
20230629 000000;0.0004482;0.0004627;0.0004451;0.0004545;64224133.01
20230630 000000;0.0004545;0.0004855;0.0004433;0.0004767;133856278.58
20230701 000000;0.0004767;0.0004852;0.0004716;0.0004809;42115837.77
20230702 000000;0.0004809;0.0004882;0.0004675;0.0004841;42361956.02
20230703 000000;0.0004841;0.0005303;0.0004832;0.0005051;77409436.41
20230704 000000;0.0005051;0.0005173;0.0005013;0.0005028;37047723.24
20230705 000000;0.0005028;0.0005205;0.0004762;0.0004884;50798309.77
20230706 000000;0.0004884;0.0005045;0.0004638;0.0004638;43510752.48
20230707 000000;0.0004638;0.0004733;0.000459;0.0004673;39632648.78
20230708 000000;0.0004673;0.0004749;0.0004555;0.0004658;40323102.6
20230709 000000;0.0004658;0.000473;0.0004491;0.0004581;45602604.98
20230710 000000;0.0004581;0.0004743;0.0004481;0.0004652;46114974.2
20230711 000000;0.0004652;0.0004875;0.0004627;0.0004783;50770029
20230712 000000;0.0004783;0.0004849;0.0004712;0.0004773;45377890.35
20230713 000000;0.0004773;0.0005119;0.0004704;0.0005108;54990661.26
20230714 000000;0.0005108;0.0005248;0.0004825;0.0004982;38633966.25
20230715 000000;0.0004982;0.0005114;0.0004914;0.0005006;34474046.5
20230716 000000;0.0005006;0.0005075;0.0004876;0.0004889;64102413.33
20230717 000000;0.0004889;0.0005082;0.0004857;0.0005;79386157.95
20230718 000000;0.0005;0.0005027;0.0004747;0.0004773;36236267.34
20230719 000000;0.0004773;0.0005066;0.0004746;0.0004799;51544949.8
20230720 000000;0.0004799;0.0004945;0.0004747;0.0004871;38936939.52
20230721 000000;0.0004871;0.0004945;0.0004824;0.0004867;43225762.84
20230722 000000;0.0004867;0.0004928;0.0004657;0.0004732;131401429.7
20230723 000000;0.0004732;0.0004889;0.0004703;0.0004839;41031840.37
20230724 000000;0.0004839;0.0004855;0.0004429;0.0004583;47849012.37
20230725 000000;0.0004583;0.0004705;0.0004508;0.0004577;46586895.74
20230726 000000;0.0004577;0.0004835;0.0004515;0.0004672;62274380.64
20230727 000000;0.0004672;0.000477;0.0004607;0.0004612;42481147.95
20230728 000000;0.0004612;0.000475;0.0004587;0.0004727;39214217.26
20230729 000000;0.0004727;0.0004801;0.0004654;0.0004726;37557275.67
20230730 000000;0.0004726;0.0004773;0.0004548;0.0004603;44285433.5
20230731 000000;0.0004603;0.0005035;0.0004578;0.0004691;70503846.2
20230801 000000;0.0004691;0.0004794;0.0004451;0.0004786;55291317.48
20230802 000000;0.0004786;0.0004822;0.0004636;0.0004689;50104621.08
20230803 000000;0.0004689;0.0004695;0.0004542;0.0004555;42128889.5
20230804 000000;0.0004555;0.0004599;0.0004457;0.0004515;43722150.63
20230805 000000;0.0004515;0.0004636;0.000447;0.0004599;40664252.62
20230806 000000;0.0004599;0.0004769;0.0004599;0.0004728;43772329.18
20230807 000000;0.0004728;0.0004995;0.0004681;0.000478;60280793.43
20230808 000000;0.000478;0.000478;0.0004649;0.0004709;41759004.1
20230809 000000;0.0004709;0.0004855;0.0004667;0.0004727;42732259.91
20230810 000000;0.0004727;0.0004765;0.0004649;0.0004729;38580350.24
20230811 000000;0.0004729;0.0004806;0.0004676;0.0004716;40435642.04
20230812 000000;0.0004716;0.0004835;0.0004689;0.0004807;45845586.16
20230813 000000;0.0004807;0.0005039;0.000478;0.0004902;49292427.59
20230814 000000;0.0004902;0.0004943;0.0004788;0.0004796;55112680.02
20230815 000000;0.0004796;0.0004803;0.0004252;0.0004503;65457466.4
20230816 000000;0.0004503;0.000451;0.0004124;0.0004166;64284179.74
20230817 000000;0.0004166;0.0004207;0.000342;0.0003802;95667769.23
20230818 000000;0.0003802;0.0003984;0.0003784;0.0003945;78121732.53
20230819 000000;0.0003945;0.0004047;0.0003935;0.0004013;66294434.3
20230820 000000;0.0004013;0.0004079;0.0003988;0.0004051;50690124.08
20230821 000000;0.0004051;0.0004063;0.0003892;0.0003943;91057087.15
20230822 000000;0.0003943;0.0004016;0.0003801;0.0003945;43989761.99
20230823 000000;0.0003945;0.0004052;0.0003908;0.0003986;50218312.18
20230824 000000;0.0003986;0.0004029;0.0003912;0.0003959;44100838.96
20230825 000000;0.0003959;0.0003988;0.0003886;0.0003955;42054084.69
20230826 000000;0.0003955;0.0003985;0.0003894;0.0003908;35485258.74
20230827 000000;0.0003908;0.0003988;0.000389;0.000392;42230175.75
20230828 000000;0.000392;0.0003972;0.0003835;0.000394;42128645.5
20230829 000000;0.000394;0.0004108;0.0003841;0.0004083;44514574.18
20230830 000000;0.0004083;0.0004093;0.0003953;0.0003999;45507095.42
20230831 000000;0.0003999;0.0004034;0.0003813;0.0003891;43845277.07
20230901 000000;0.0003891;0.0003947;0.0003773;0.0003828;46193430.54
20230902 000000;0.0003828;0.0003888;0.0003797;0.0003865;55002479.07
20230903 000000;0.0003865;0.0003886;0.0003797;0.0003841;48420176.38
20230904 000000;0.0003841;0.0003918;0.0003812;0.0003849;44532929.95
20230905 000000;0.0003849;0.0003954;0.0003811;0.0003919;55836187.33
20230906 000000;0.0003919;0.0004094;0.0003899;0.0004022;83068361.83
20230907 000000;0.0004022;0.0004171;0.0003973;0.0004166;69348513.05
20230908 000000;0.0004166;0.0004195;0.0004026;0.0004129;60604235.11
20230909 000000;0.0004129;0.0004182;0.0004049;0.0004107;57960990.61
20230910 000000;0.0004107;0.0004107;0.0003861;0.0003935;59404275.07
20230911 000000;0.0003935;0.0003953;0.0003731;0.0003793;65355623.56
20230912 000000;0.0003793;0.00054;0.0003787;0.0004708;1142161606.17
20230913 000000;0.0004708;0.0005008;0.0004415;0.0004439;279644673.66
20230914 000000;0.0004439;0.0004688;0.0004228;0.000458;260190504.55
20230915 000000;0.000458;0.0005467;0.000458;0.0005296;540747590.46
20230916 000000;0.0005296;0.0005418;0.0004983;0.0005127;195480576.84
20230917 000000;0.0005127;0.000514;0.0004606;0.0004806;125445785.96
20230918 000000;0.0004806;0.0005142;0.0004788;0.000488;107210783.93
20230919 000000;0.000488;0.0006342;0.0004683;0.0005953;421953895.78
20230920 000000;0.0005953;0.0006028;0.0005542;0.0005872;185872912.21
20230921 000000;0.0005872;0.0005919;0.0005318;0.0005345;98811568.63
20230922 000000;0.0005345;0.0005573;0.0005234;0.0005333;176669453.53
20230923 000000;0.0005333;0.00055;0.0005122;0.0005214;200792486.68
20230924 000000;0.0005214;0.000523;0.0004968;0.0004998;89134692.06
20230925 000000;0.0004998;0.0005202;0.0004948;0.00051;77687777.46
20230926 000000;0.00051;0.0005278;0.0004933;0.0004987;82965960.79
20230927 000000;0.0004987;0.0005099;0.0004898;0.0004967;84213682.15
20230928 000000;0.0004967;0.0004999;0.0004912;0.0004942;65569424.05
20230929 000000;0.0004942;0.000501;0.0004832;0.0004891;76809835.36
20230930 000000;0.0004891;0.0005012;0.0004821;0.0004913;65319432.2
20231001 000000;0.0004913;0.0005184;0.0004892;0.0005125;106916188.91
20231002 000000;0.0005125;0.0005159;0.0004767;0.0004905;114508465.86
20231003 000000;0.0004905;0.0004973;0.0004763;0.0004788;93171912.65
20231004 000000;0.0004788;0.0004807;0.0004581;0.0004771;86682562.98
20231005 000000;0.0004771;0.0004954;0.000473;0.0004789;75406345.76
20231006 000000;0.0004789;0.0004869;0.0004773;0.0004823;58393161.86
20231007 000000;0.0004823;0.0004896;0.0004767;0.0004855;57034720.44
20231008 000000;0.0004855;0.0004861;0.0004682;0.0004775;58721153.08
20231009 000000;0.0004775;0.0004934;0.0004598;0.0004655;58536530.63
20231010 000000;0.0004655;0.0004669;0.0004505;0.0004528;57822404.75
20231011 000000;0.0004528;0.0004541;0.0004382;0.0004446;59118968.34
20231012 000000;0.0004446;0.0004448;0.0004307;0.0004378;70229998.47
20231013 000000;0.0004378;0.0004451;0.0004342;0.0004404;70615849.61
20231014 000000;0.0004404;0.0004469;0.0004381;0.0004408;66893217.33
20231015 000000;0.0004408;0.0004471;0.0004366;0.0004417;64801003.15
20231016 000000;0.0004417;0.0004566;0.00044;0.0004431;72749038.4
20231017 000000;0.0004431;0.0004443;0.0004228;0.0004237;73896582.61
20231018 000000;0.0004237;0.000431;0.0004152;0.000419;86542015.5
20231019 000000;0.000419;0.0004394;0.000407;0.0004243;146422428.26
20231020 000000;0.0004243;0.0004427;0.0004202;0.0004345;84218118.73
20231021 000000;0.0004345;0.0004454;0.0004296;0.000438;132824716.66
20231022 000000;0.000438;0.0004521;0.0004309;0.0004518;137852376.48
20231023 000000;0.0004518;0.0004678;0.0004455;0.0004633;87351918.04
20231024 000000;0.0004633;0.0004915;0.0004592;0.0004725;97547749.94
20231025 000000;0.0004725;0.0004888;0.0004623;0.0004841;98445336.08
20231026 000000;0.0004841;0.0004997;0.000472;0.0004881;99324146.83
20231027 000000;0.0004881;0.0004976;0.0004726;0.0004904;92787869.81
20231028 000000;0.0004904;0.0005128;0.0004873;0.0005003;93321909.51
20231029 000000;0.0005003;0.0005448;0.0004903;0.0005189;102926538.25
20231030 000000;0.0005189;0.0005318;0.0005147;0.0005253;128866049.88
20231031 000000;0.0005253;0.0005306;0.0004842;0.0004979;78840250.14
20231101 000000;0.0004979;0.0005188;0.0004784;0.0005143;77230362.58
20231102 000000;0.0005143;0.000526;0.0004897;0.0005001;96547057.7
20231103 000000;0.0005001;0.0005047;0.0004816;0.0005039;91593725.9
20231104 000000;0.0005039;0.0005144;0.0005003;0.0005109;81552635.63
20231105 000000;0.0005109;0.0005203;0.0005021;0.0005096;76025156.05
20231106 000000;0.0005096;0.0005377;0.0005066;0.0005332;82962167.55
20231107 000000;0.0005332;0.0005408;0.0004979;0.0005194;149985067.82
20231108 000000;0.0005194;0.0005357;0.0005113;0.0005317;78835155.79
20231109 000000;0.0005317;0.0005632;0.0004825;0.0005366;101419021.82
20231110 000000;0.0005366;0.0005597;0.0005214;0.000558;108186237.77
20231111 000000;0.000558;0.0005665;0.000532;0.0005459;121532359.17
20231112 000000;0.0005459;0.0005666;0.0005237;0.0005626;189403518.58
20231113 000000;0.0005626;0.0005703;0.0005152;0.0005156;72724789.3
20231114 000000;0.0005156;0.0005244;0.0004809;0.0004974;57741230.77
20231115 000000;0.0004974;0.0005211;0.0004927;0.0005187;116021163.31
20231116 000000;0.0005187;0.0005273;0.0004855;0.0004893;126048036.22
20231117 000000;0.0004893;0.0005057;0.0004654;0.0004907;117907682.47
20231118 000000;0.0004907;0.0004909;0.0004655;0.0004856;109665028.18
20231119 000000;0.0004856;0.0004949;0.0004716;0.0004938;99744387.59
20231120 000000;0.0004938;0.0005006;0.0004811;0.000485;140527289.33
20231121 000000;0.000485;0.0004943;0.0004391;0.0004424;98206104.47
20231122 000000;0.0004424;0.0004743;0.0004418;0.0004688;147227446.65
20231123 000000;0.0004688;0.0005857;0.0004628;0.0005465;750471445.67
20231124 000000;0.0005465;0.0007231;0.0005323;0.0005916;715415652.07
20231125 000000;0.0005916;0.0006847;0.0005593;0.0006276;478328885.19
20231126 000000;0.0006276;0.0006473;0.000548;0.0005969;187852720.75
20231127 000000;0.0005969;0.0006168;0.0005682;0.0005838;112862993.46
20231128 000000;0.0005838;0.0006007;0.0005681;0.0005849;132113307.06
20231129 000000;0.0005849;0.0005907;0.0005691;0.0005761;83154975.19
20231130 000000;0.0005761;0.0006206;0.0005642;0.000568;92492815.21
20231201 000000;0.000568;0.0005842;0.0005646;0.0005761;78067273.85
20231202 000000;0.0005761;0.0005933;0.000574;0.0005877;68160157.34
20231203 000000;0.0005877;0.0006056;0.0005743;0.0005911;187009216.13
20231204 000000;0.0005911;0.0006086;0.0005525;0.000607;210611108.08
20231205 000000;0.000607;0.000655;0.0005941;0.0006212;128312233.18
20231206 000000;0.0006212;0.000662;0.0005911;0.0006281;241071063.5
20231207 000000;0.0006281;0.0006593;0.0006011;0.0006207;102403684.92
20231208 000000;0.0006207;0.0006462;0.0006207;0.0006436;97477031.12
20231209 000000;0.0006436;0.0006686;0.000642;0.0006555;147825940.42
20231210 000000;0.0006555;0.0006683;0.0006245;0.0006416;68392658.06
20231211 000000;0.0006416;0.0006437;0.0005599;0.0005868;85043196.13
20231212 000000;0.0005868;0.0006002;0.0005686;0.0005857;82663356.68
20231213 000000;0.0005857;0.000607;0.0005545;0.0005999;66791462.24
20231214 000000;0.0005999;0.0006127;0.0005879;0.00061;60956578.89
20231215 000000;0.00061;0.0006118;0.0005717;0.0005731;90456981.09
20231216 000000;0.0005731;0.0006118;0.000566;0.0006063;69273684.19
20231217 000000;0.0006063;0.0006077;0.0005751;0.0005788;84471121.52
20231218 000000;0.0005788;0.0005851;0.0005372;0.0005751;59908655.22
20231219 000000;0.0005751;0.0005946;0.0005618;0.0005661;56220138.68
20231220 000000;0.0005661;0.0005948;0.0005594;0.0005907;53402295.01
20231221 000000;0.0005907;0.000601;0.0005803;0.0005943;62935670.29
20231222 000000;0.0005943;0.0006197;0.0005863;0.0006151;87313494.65
20231223 000000;0.0006151;0.000636;0.0005945;0.0006345;123297920.2
20231224 000000;0.0006345;0.00075;0.0006267;0.0006957;447176835.01
20231225 000000;0.0006957;0.0007141;0.0006688;0.0006853;207315703.33
20231226 000000;0.0006853;0.00071;0.0006619;0.0006835;136394972.18
20231227 000000;0.0006835;0.0007206;0.0006774;0.0006844;192902792.16
20231228 000000;0.0006844;0.0006997;0.0006441;0.0006591;83382172.87
20231229 000000;0.0006591;0.000684;0.0006374;0.0006569;92349406.57
20231230 000000;0.0006569;0.0006669;0.0006361;0.0006477;53548642.64
20231231 000000;0.0006477;0.0006589;0.0006209;0.0006367;73687930.62
