20250101 000000;0.000738;0.0007606;0.000715;0.000757;18744029.86
20250102 000000;0.000757;0.000792;0.0007542;0.0007716;21329499.93
20250103 000000;0.0007716;0.0008228;0.0007582;0.0008162;44840346.38
20250104 000000;0.0008162;0.0008314;0.0008032;0.00082;51486124.94
20250105 000000;0.00082;0.0009787;0.0008023;0.0008753;138620418.13
20250106 000000;0.0008753;0.0009154;0.0008539;0.0008777;74531189.28
20250107 000000;0.0008777;0.0008852;0.0007816;0.0007839;34794126.42
20250108 000000;0.0007839;0.0007914;0.0007269;0.0007576;29153499.58
20250109 000000;0.0007576;0.0007665;0.0007167;0.0007337;32138298.88
20250110 000000;0.0007337;0.000763;0.0007283;0.0007481;23302477.26
20250111 000000;0.0007481;0.0007532;0.0007308;0.000738;22067244.29
20250112 000000;0.000738;0.0007456;0.000713;0.0007238;21494113.61
20250113 000000;0.0007238;0.0007409;0.00065;0.0006902;33977322.89
20250114 000000;0.0006902;0.0007251;0.0006874;0.0007188;19321759.63
20250115 000000;0.0007188;0.0007534;0.0006947;0.0007534;28171146.31
20250116 000000;0.0007534;0.0008294;0.0007312;0.0007662;162306745.89
20250117 000000;0.0007662;0.0014;0.0007647;0.0011645;788630042.02
20250118 000000;0.0011645;0.0013093;0.0009706;0.0010578;881194719.8
20250119 000000;0.0010578;0.0010742;0.0008969;0.0009454;344128293.64
20250120 000000;0.0009454;0.001013;0.0008557;0.0008767;91378836.67
20250121 000000;0.0008767;0.0009584;0.0008372;0.0008961;56495299.91
20250122 000000;0.0008961;0.0009031;0.0008487;0.0008584;49921915.77
20250123 000000;0.0008584;0.0010445;0.0008167;0.0010141;177617682.19
20250124 000000;0.0010141;0.00125;0.0009918;0.0010976;502224408.35
20250125 000000;0.0010976;0.0011877;0.0010136;0.0010421;149342679.65
20250126 000000;0.0010421;0.0018181;0.0010328;0.001638;791967459.6
20250127 000000;0.001638;0.001638;0.0013397;0.0013616;399752363.82
20250128 000000;0.0013616;0.002081;0.0013251;0.0017413;771886434.51
20250129 000000;0.0017413;0.0019644;0.0016338;0.0017158;400789816.17
20250130 000000;0.0017158;0.0018977;0.0016876;0.0016876;210895909.19
20250131 000000;0.0016876;0.0017211;0.0015224;0.0015345;233092828.99
20250201 000000;0.0015345;0.001573;0.0012886;0.0013041;99286375.58
20250202 000000;0.0013041;0.0013191;0.00108;0.0011234;63739374.94
20250203 000000;0.0011234;0.001227;0.0008698;0.0011479;244716731.93
20250204 000000;0.0011479;0.0012661;0.0010085;0.0010851;184759329.45
20250205 000000;0.0010851;0.001262;0.0010559;0.0011226;328749024.41
20250206 000000;0.0011226;0.0012199;0.0010371;0.0010458;140498355.75
20250207 000000;0.0010458;0.0011709;0.0010114;0.0010339;172653072.93
20250208 000000;0.0010339;0.0010931;0.0010054;0.0010517;89687993.51
20250209 000000;0.0010517;0.0010809;0.0009598;0.0009936;30714178.84
20250210 000000;0.0009936;0.0010231;0.0009681;0.000979;28258643.55
20250211 000000;0.000979;0.001022;0.0009194;0.0009263;38123468.51
20250212 000000;0.0009263;0.0009594;0.0008808;0.0009537;38785069.55
20250213 000000;0.0009537;0.0009616;0.0008961;0.0009145;70804303.35
20250214 000000;0.0009145;0.0009497;0.0009002;0.0009186;61353526.94
20250215 000000;0.0009186;0.0009284;0.0008582;0.000874;49869903.31
20250216 000000;0.000874;0.0010696;0.0008522;0.0009415;238665049.18
20250217 000000;0.0009415;0.0010302;0.0008992;0.0009093;10760631940.52
20250218 000000;0.0009093;0.0009351;0.0008711;0.0009321;3989759952.11
20250219 000000;0.0009321;0.0009715;0.0008825;0.0008947;4921756751.43
20250220 000000;0.0008947;0.0009292;0.0008912;0.0009063;3220427170.37
20250221 000000;0.0009063;0.0009267;0.0008403;0.0008549;4539286044.12
20250222 000000;0.0008549;0.000942;0.0008494;0.0008909;3912536394.71
20250223 000000;0.0008909;0.00094;0.0008651;0.0008944;5135877409.55
20250224 000000;0.0008944;0.0008987;0.00074;0.0007558;4590568990.74
20250225 000000;0.0007558;0.000775;0.0007157;0.0007671;4440149440.59
20250226 000000;0.0007671;0.0007925;0.0007362;0.000763;2989925944.89
20250227 000000;0.000763;0.0007865;0.0007477;0.0007661;2301503880.58
20250228 000000;0.0007661;0.0007664;0.0006959;0.0007559;3956341831.42
20250301 000000;0.0007559;0.0007804;0.0007286;0.0007664;3820754162.98
20250302 000000;0.0007664;0.0008175;0.0007391;0.0008146;4359757508.18
20250303 000000;0.0008146;0.0008147;0.0006816;0.0006881;2677000254.14
20250304 000000;0.0006881;0.0006918;0.0006164;0.0006732;3071506460.64
20250305 000000;0.0006732;0.0007147;0.0006676;0.0007005;2558984404.85
20250306 000000;0.0007005;0.0007199;0.0006707;0.0006771;1623178118.27
20250307 000000;0.0006771;0.0006933;0.0006433;0.0006517;2123818985.15
20250308 000000;0.0006517;0.0006586;0.0006288;0.0006373;1219357399.27
20250309 000000;0.0006373;0.0006548;0.000559;0.0005718;3579586380
20250310 000000;0.0005718;0.0006136;0.0005373;0.0005522;2553985490.85
20250311 000000;0.0005522;0.0005968;0.0005197;0.0005769;3092498028.27
20250312 000000;0.0005769;0.0006017;0.0005619;0.0005985;1842562922.16
20250313 000000;0.0005985;0.0006013;0.0005663;0.0005791;2126303168.85
20250314 000000;0.0005791;0.000668;0.0005775;0.0006359;5127231667.25
20250315 000000;0.0006359;0.0008605;0.0006292;0.0007573;26998293124.94
20250316 000000;0.0007573;0.0008599;0.0006865;0.0006872;24455447466.08
20250317 000000;0.0006872;0.0007429;0.0006872;0.0007109;7927071787.67
20250318 000000;0.0007109;0.0007113;0.0006458;0.0006708;4397048229.43
20250319 000000;0.0006708;0.0006934;0.0006629;0.0006863;4231056083.53
20250320 000000;0.0006863;0.0006908;0.0006593;0.0006685;2514992596.66
20250321 000000;0.0006685;0.0007203;0.0006395;0.0006728;6371051552.08
20250322 000000;0.0006728;0.000694;0.0006648;0.0006685;3107267798.33
20250323 000000;0.0006685;0.0006809;0.000658;0.0006681;1577821629.25
20250324 000000;0.0006681;0.0006912;0.0006581;0.0006911;2078756857.32
20250325 000000;0.0006911;0.0006926;0.0006485;0.000668;3738659001.84
20250326 000000;0.000668;0.0006828;0.0006498;0.0006562;7909357612.68
20250327 000000;0.0006562;0.0006716;0.0006464;0.0006514;76520448186.01
20250328 000000;0.0006514;0.0006568;0.0006063;0.0006226;10508312233.94
20250329 000000;0.0006226;0.0006541;0.0005814;0.0005917;5334893116.67
20250330 000000;0.0005917;0.0006146;0.0005852;0.000601;1424925445.06
20250331 000000;0.000601;0.0006019;0.0005706;0.0005819;1660605567.57
20250401 000000;0.0005819;0.0006081;0.00058;0.0005886;6942890897.19
20250402 000000;0.0005886;0.0005886;0.0005185;0.0005285;7356546456.46
20250403 000000;0.0005285;0.000551;0.000511;0.0005354;7813872391.57
20250404 000000;0.0005354;0.0005515;0.0005228;0.0005444;130149354277.68
20250405 000000;0.0005444;0.0005469;0.0005291;0.0005382;51146049695.98
20250406 000000;0.0005382;0.0005427;0.0004737;0.0004866;32526293224.95
20250407 000000;0.0004866;0.0005164;0.0004432;0.0004975;87713598361.94
20250408 000000;0.0004975;0.0005124;0.0004663;0.0004713;5275881786.26
20250409 000000;0.0004713;0.0005379;0.0004519;0.0005278;40238231812.77
20250410 000000;0.0005278;0.0006356;0.0005022;0.0005723;52254872909.08
20250411 000000;0.0005723;0.0006809;0.0005688;0.0006045;1194875529.28
20250412 000000;0.0006045;0.0006119;0.0005829;0.0005978;82067832.7
20250413 000000;0.0005978;0.0006107;0.0005391;0.0005481;64651670.07
20250414 000000;0.0005481;0.0005602;0.000541;0.0005445;69961342.96
20250415 000000;0.0005445;0.0005586;0.0005234;0.000524;63087607.19
20250416 000000;0.000524;0.0005407;0.0005117;0.0005218;1054736121.73
20250417 000000;0.0005218;0.000535;0.0005144;0.0005296;18268569882.52
20250418 000000;0.0005296;0.0005391;0.0005179;0.0005266;5396344992.82
20250419 000000;0.0005266;0.0005608;0.0005261;0.0005473;2757255088.66
20250420 000000;0.0005473;0.000565;0.0005268;0.000536;1086218002.67
20250421 000000;0.000536;0.0006011;0.0005319;0.0005497;3136452778.66
20250422 000000;0.0005497;0.0005832;0.0005411;0.0005794;1883655624.7
20250423 000000;0.0005794;0.000672;0.0005786;0.0006258;3641727162.55
20250424 000000;0.0006258;0.0006311;0.000577;0.0006162;3526572677.55
20250425 000000;0.0006162;0.0006491;0.0006091;0.0006285;2235947309.83
20250426 000000;0.0006285;0.0006536;0.0006108;0.0006291;1297558317.07
20250427 000000;0.0006291;0.0007;0.0005976;0.000616;3529295832.52
20250428 000000;0.000616;0.0006344;0.0005892;0.0006255;1463570781.95
20250429 000000;0.0006255;0.0006325;0.0005878;0.0005968;994547870.5
20250430 000000;0.0005968;0.000609;0.0005715;0.0005892;1394531734.86
20250501 000000;0.0005892;0.0006198;0.0005892;0.0005977;903057934.63
20250502 000000;0.0005977;0.00062;0.0005864;0.0006039;735841738.33
20250503 000000;0.0006039;0.0006043;0.0005566;0.0005614;568350041.01
20250504 000000;0.0005614;0.0005674;0.000541;0.0005513;644865901.57
20250505 000000;0.0005513;0.0005601;0.0005372;0.0005491;534850514.82
20250506 000000;0.0005491;0.0005538;0.00051;0.0005302;643420124.61
20250507 000000;0.0005302;0.0005555;0.0005302;0.0005454;671520413.76
20250508 000000;0.0005454;0.000611;0.0005422;0.0006071;831462866.03
20250509 000000;0.0006071;0.0006616;0.0006036;0.0006438;1701752929.84
20250510 000000;0.0006438;0.000699;0.0006354;0.0006789;2153411867.29
20250511 000000;0.0006789;0.0006847;0.0006364;0.0006528;857503869.66
20250512 000000;0.0006528;0.0006789;0.0006144;0.0006561;1513737658.69
20250513 000000;0.0006561;0.0006771;0.0006119;0.0006665;1018918397.65
20250514 000000;0.0006665;0.0007557;0.0006416;0.0006732;6139224214.62
20250515 000000;0.0006732;0.000684;0.0006109;0.0006415;2231806032.98
20250516 000000;0.0006415;0.0006894;0.0006177;0.0006278;1769558625.63
20250517 000000;0.0006278;0.0006304;0.000592;0.0006041;693328149.52
20250518 000000;0.0006041;0.0006407;0.000592;0.0006267;763378924.65
20250519 000000;0.0006267;0.0006296;0.0005881;0.0006171;852079362.67
20250520 000000;0.0006171;0.0006278;0.0005988;0.0006144;532237496.11
20250521 000000;0.0006144;0.0006357;0.0006059;0.0006246;667002819.5
20250522 000000;0.0006246;0.0006512;0.0006236;0.0006473;660781981.34
20250523 000000;0.0006473;0.000661;0.0005904;0.0005932;931191544.45
20250524 000000;0.0005932;0.0006493;0.0005897;0.0006295;1263461540.8
20250525 000000;0.0006295;0.0006329;0.0005782;0.0006032;784278871.17
20250526 000000;0.0006032;0.0006131;0.0005918;0.0005977;433435417.13
20250527 000000;0.0005977;0.0006126;0.0005842;0.0006046;590651735.92
20250528 000000;0.0006046;0.0006082;0.0005709;0.0005897;594007792.34
20250529 000000;0.0005897;0.0006053;0.0005739;0.000575;463109456.6
20250530 000000;0.000575;0.0005783;0.0005025;0.0005078;1018712854.53
20250531 000000;0.0005078;0.0005938;0.0004937;0.0005318;5564124078.37
20250601 000000;0.0005318;0.0005438;0.0005137;0.0005394;905917622.15
20250602 000000;0.0005394;0.0005477;0.0005223;0.000547;645527030.01
20250603 000000;0.000547;0.0005544;0.0005383;0.0005419;541477268.03
20250604 000000;0.0005419;0.0005464;0.0005309;0.0005339;602512364.98
20250605 000000;0.0005339;0.0005635;0.0004883;0.0004971;1152966541.53
20250606 000000;0.0004971;0.0005263;0.000496;0.000509;385657697.92
20250607 000000;0.000509;0.0005306;0.0005081;0.0005266;331711960.53
20250608 000000;0.0005266;0.0005295;0.0005134;0.0005221;313279101.66
20250609 000000;0.0005221;0.0005456;0.0005135;0.0005442;384452805.25
20250610 000000;0.0005442;0.0005559;0.0005339;0.0005547;634026091.39
20250611 000000;0.0005547;0.0005569;0.0005209;0.0005278;566668014.35
20250612 000000;0.0005278;0.0005301;0.0004921;0.0004933;515490482.54
20250613 000000;0.0004933;0.0004935;0.0004592;0.0004814;614559545.18
20250614 000000;0.0004814;0.0004893;0.0004713;0.0004784;530645000.14
20250615 000000;0.0004784;0.0004875;0.0004745;0.0004838;345781049.52
20250616 000000;0.0004838;0.0005029;0.0004775;0.0004799;488575373.87
20250617 000000;0.0004799;0.0004861;0.0004555;0.0004606;380691454.73
20250618 000000;0.0004606;0.0005027;0.0004576;0.00047;2871157468.19
20250619 000000;0.00047;0.0004744;0.0004583;0.0004648;448186161.62
20250620 000000;0.0004648;0.0004765;0.0004431;0.0004525;516711877.6
20250621 000000;0.0004525;0.0004581;0.0004263;0.0004385;429639875.18
20250622 000000;0.0004385;0.0004453;0.0003976;0.0004179;547181389.56
20250623 000000;0.0004179;0.0004586;0.0004163;0.0004564;520427827.97
20250624 000000;0.0004564;0.0004679;0.0004543;0.0004622;525327951.45
20250625 000000;0.0004622;0.000464;0.0004488;0.000451;488919609.68
20250626 000000;0.000451;0.0004622;0.0004388;0.0004414;575010878.61
20250627 000000;0.0004414;0.0004522;0.0004358;0.0004452;377681566.47
20250628 000000;0.0004452;0.0004678;0.0004434;0.0004624;629279187.61
20250629 000000;0.0004624;0.0004717;0.000453;0.0004676;460023672.79
20250630 000000;0.0004676;0.0004694;0.0004511;0.0004519;516222547.25
20250701 000000;0.0004519;0.0004833;0.000436;0.0004398;1226343165.57
20250702 000000;0.0004398;0.0004749;0.0004365;0.0004661;632500526.47
20250703 000000;0.0004661;0.0004718;0.0004543;0.0004618;486313375.67
20250704 000000;0.0004618;0.0004631;0.0004411;0.0004535;813747743.61
20250705 000000;0.0004535;0.0004709;0.0004431;0.0004529;1169906950.48
20250706 000000;0.0004529;0.0004636;0.0004482;0.0004598;406870996.63
20250707 000000;0.0004598;0.0004638;0.0004448;0.0004506;514223998.56
20250708 000000;0.0004506;0.0004615;0.0004442;0.0004596;423925388.96
20250709 000000;0.0004596;0.0004744;0.0004535;0.0004716;604333177.27
20250710 000000;0.0004716;0.0004972;0.0004692;0.0004945;698668627.52
20250711 000000;0.0004945;0.0005224;0.0004853;0.0005011;1109628966.29
20250712 000000;0.0005011;0.0005151;0.0004825;0.0004924;648499105.91
20250713 000000;0.0004924;0.0005386;0.0004908;0.0005117;1788861785.49
20250714 000000;0.0005117;0.0005323;0.0005009;0.0005135;787595839.29
20250715 000000;0.0005135;0.0005319;0.0004944;0.0005268;619659932.77
20250716 000000;0.0005268;0.0005486;0.0005192;0.0005386;836912243.99
20250717 000000;0.0005386;0.0005519;0.0005217;0.0005389;1049433769.63
20250718 000000;0.0005389;0.0005622;0.0005231;0.0005334;702572337.79
20250719 000000;0.0005334;0.0005417;0.0005227;0.00054;305394778.65
20250720 000000;0.00054;0.0005706;0.0005394;0.0005626;895594696.31
20250721 000000;0.0005626;0.0005824;0.0005506;0.0005754;896805540.05
20250722 000000;0.0005754;0.0005798;0.0005459;0.0005702;716457156.28
20250723 000000;0.0005702;0.0005706;0.0005093;0.0005267;871847193.87
20250724 000000;0.0005267;0.0005328;0.0004919;0.0005177;491114543.94
20250725 000000;0.0005177;0.0005294;0.0005003;0.0005289;421757253.75
20250726 000000;0.0005289;0.000537;0.0005255;0.0005264;400522964.92
20250727 000000;0.0005264;0.00054;0.0005253;0.0005365;440978893.81
20250728 000000;0.0005365;0.000545;0.0005038;0.0005075;539660891.52
20250729 000000;0.0005075;0.0005205;0.0004821;0.0005001;563260018.42
20250730 000000;0.0005001;0.0005009;0.000473;0.000496;533255439.65
20250731 000000;0.000496;0.0005074;0.000469;0.0004706;375915064.19
20250801 000000;0.0004706;0.0004723;0.0004497;0.0004607;679750488.78
20250802 000000;0.0004607;0.00052;0.0004433;0.000458;4166735220.18
20250803 000000;0.000458;0.0004725;0.0004476;0.0004666;761616872.28
20250804 000000;0.0004666;0.0004782;0.0004614;0.0004768;547678977.01
20250805 000000;0.0004768;0.0004774;0.0004569;0.0004659;685822308.8
20250806 000000;0.0004659;0.00065;0.0004541;0.0005845;10054850522.74
20250807 000000;0.0005845;0.0006241;0.0005247;0.0005384;6510059565.64
20250808 000000;0.0005384;0.0005445;0.0005248;0.000533;1614048291.76
20250809 000000;0.000533;0.0005445;0.0005297;0.000533;1187255222.57
20250810 000000;0.000533;0.0005448;0.0005205;0.0005322;882685910.04
20250811 000000;0.0005322;0.0005396;0.0005;0.000506;824492972.8
20250812 000000;0.000506;0.0005285;0.0004974;0.0005282;878881565.92
20250813 000000;0.0005282;0.0005383;0.0005243;0.0005342;701044802.46
20250814 000000;0.0005342;0.0005384;0.0004753;0.0004856;1076881269.83
20250815 000000;0.0004856;0.0004984;0.0004702;0.0004824;890790390.62
20250816 000000;0.0004824;0.0005223;0.0004816;0.0005053;1372930500.95
20250817 000000;0.0005053;0.0005118;0.0004989;0.0005046;685238574.36
20250818 000000;0.0005046;0.0005145;0.0004858;0.0004946;1172951643.47
20250819 000000;0.0004946;0.000505;0.0004804;0.0004814;737968228.06
20250820 000000;0.0004814;0.0005023;0.0004781;0.0004983;628201824.12
20250821 000000;0.0004983;0.0005042;0.0004819;0.0004862;453575039.69
20250822 000000;0.0004862;0.0005177;0.0004707;0.0005115;719502215.29
20250823 000000;0.0005115;0.0006151;0.0004996;0.0005813;5498108238.67
20250824 000000;0.0005813;0.0005949;0.0005206;0.0005386;8178355115.32
20250825 000000;0.0005386;0.0005584;0.0004905;0.0005045;2201751355.76
20250826 000000;0.0005045;0.0005498;0.0005003;0.0005137;1533892474.99
20250827 000000;0.0005137;0.0005171;0.0004953;0.0004961;779331612.21
20250828 000000;0.0004961;0.0005049;0.0004877;0.0005043;583831002.66
20250829 000000;0.0005043;0.0005104;0.0004771;0.0004901;903911810.63
20250830 000000;0.0004901;0.0004972;0.000482;0.0004915;465267650.33
20250831 000000;0.0004915;0.0004979;0.0004793;0.0004797;346871573
20250901 000000;0.0004797;0.0004889;0.0004608;0.0004691;594870861.77
20250902 000000;0.0004691;0.0004851;0.0004659;0.0004786;678024887.33
20250903 000000;0.0004786;0.0004852;0.0004729;0.0004831;394166816.48
20250904 000000;0.0004831;0.0004855;0.000461;0.0004663;446084577.91
20250905 000000;0.0004663;0.0004812;0.0004658;0.0004757;480423898
20250906 000000;0.0004757;0.0004782;0.0004661;0.0004688;371921332.49
20250907 000000;0.0004688;0.0004768;0.000468;0.0004745;451197394.71
20250908 000000;0.0004745;0.0004915;0.0004736;0.0004876;598912934.44
20250909 000000;0.0004876;0.0004975;0.0004778;0.0004851;698396016.15
20250910 000000;0.0004851;0.0005352;0.0004824;0.0004961;2884612055.09
20250911 000000;0.0004961;0.0004996;0.0004875;0.0004959;636059767.27
20250912 000000;0.0004959;0.0005074;0.0004898;0.0005056;711635497.46
20250913 000000;0.0005056;0.0005124;0.0004971;0.0005091;722239206.9
20250914 000000;0.0005091;0.0005092;0.0004899;0.000492;468148336.46
20250915 000000;0.000492;0.0005334;0.0004719;0.0004858;2524548872.72
20250916 000000;0.0004858;0.000494;0.0004785;0.0004881;540431271.79
20250917 000000;0.0004881;0.0005005;0.0004802;0.0004969;591202060.66
20250918 000000;0.0004969;0.0005045;0.0004942;0.000501;816291953.06
20250919 000000;0.000501;0.0006;0.0004792;0.0004881;1085980648.38
20250920 000000;0.0004881;0.0004965;0.0004844;0.0004916;569007931.92
20250921 000000;0.0004916;0.0005071;0.0004839;0.0004842;762999502.33
20250922 000000;0.0004842;0.0004855;0.0004233;0.0004545;862860493.13
20250923 000000;0.0004545;0.0004802;0.0004449;0.0004553;654978480.85
20250924 000000;0.0004553;0.0004648;0.0004478;0.0004565;544065357.34
20250925 000000;0.0004565;0.000457;0.0004247;0.0004301;564831506
20250926 000000;0.0004301;0.0004462;0.0004274;0.0004419;390188706.49
20250927 000000;0.0004419;0.0004448;0.0004367;0.0004399;237240711.13
20250928 000000;0.0004399;0.0004485;0.0004302;0.0004474;347321869.38
20250929 000000;0.0004474;0.000448;0.0004329;0.0004402;330831867.87
20250930 000000;0.0004402;0.0004407;0.0004245;0.0004333;368564909.67
20251001 000000;0.0004333;0.0004515;0.0004309;0.0004512;458605077.89
20251002 000000;0.0004512;0.0004637;0.0004473;0.0004595;489268053.06
20251003 000000;0.0004595;0.000468;0.0004527;0.0004617;364161943.78
20251004 000000;0.0004617;0.000463;0.0004371;0.0004517;817880443.62
20251005 000000;0.0004517;0.0004649;0.000445;0.0004474;611553854.64
20251006 000000;0.0004474;0.0004622;0.0004457;0.0004555;447456196.64
20251007 000000;0.0004555;0.0004583;0.0004339;0.0004353;412049694.56
20251008 000000;0.0004353;0.0004479;0.0004307;0.0004439;344146153.93
20251009 000000;0.0004439;0.000444;0.0004269;0.0004365;394214363.68
20251010 000000;0.0004365;0.0004434;0.0001657;0.0003243;1551959619.36
20251011 000000;0.0003243;0.0003452;0.0003153;0.0003293;1062308964.51
20251012 000000;0.0003293;0.0003717;0.0003232;0.0003643;567043576.63
20251013 000000;0.0003643;0.000401;0.0003602;0.0003917;1124567941.56
20251014 000000;0.0003917;0.0003926;0.0003457;0.0003731;622279045.99
20251015 000000;0.0003731;0.0003977;0.0003544;0.0003598;1164291861.91
20251016 000000;0.0003598;0.0003688;0.0003418;0.0003491;729163318.52
20251017 000000;0.0003491;0.0003696;0.0003291;0.000347;1352523283.3
20251018 000000;0.000347;0.0003544;0.0003423;0.0003487;506056553.5
20251019 000000;0.0003487;0.0003737;0.0003428;0.0003647;1859227230.48
20251020 000000;0.0003647;0.0003906;0.0003524;0.0003572;1541476202.92
20251021 000000;0.0003572;0.0003688;0.0003409;0.0003415;649850405.46
20251022 000000;0.0003415;0.0003499;0.0003299;0.0003406;540050772.45
20251023 000000;0.0003406;0.0003526;0.0003386;0.0003501;355452431.68
20251024 000000;0.0003501;0.0003577;0.0003368;0.0003436;518604185.84
20251025 000000;0.0003436;0.0003466;0.0003402;0.0003435;371429279.56
20251026 000000;0.0003435;0.0003517;0.0003409;0.0003456;603005073.92
20251027 000000;0.0003456;0.0003567;0.0003373;0.0003427;769812249.34
20251028 000000;0.0003427;0.0003649;0.0003265;0.0003344;3678727542.82
20251029 000000;0.0003344;0.0003446;0.0003254;0.0003372;1037464707.06
20251030 000000;0.0003372;0.0003413;0.000303;0.0003145;982965759.88
20251031 000000;0.0003145;0.000323;0.0003112;0.0003185;700040424.16
20251101 000000;0.0003185;0.0003252;0.0003163;0.0003237;383162654.24
20251102 000000;0.0003237;0.0003249;0.0003106;0.0003215;498026177.39
20251103 000000;0.0003215;0.000322;0.0002778;0.0002835;659842282.69
20251104 000000;0.0002835;0.0002927;0.0002597;0.0002775;674947440.71
20251105 000000;0.0002775;0.0002959;0.0002639;0.0002918;422709869.16
20251106 000000;0.0002918;0.000294;0.0002755;0.000287;395338250.65
20251107 000000;0.000287;0.0003213;0.0002815;0.0003158;876303826.54
20251108 000000;0.0003158;0.0003237;0.000304;0.0003117;763367868.57
20251109 000000;0.0003117;0.0003145;0.0002988;0.0003116;469781984.32
20251110 000000;0.0003116;0.0003178;0.0003056;0.000312;528843430.9
20251111 000000;0.000312;0.0003811;0.0003021;0.0003309;4241481136.68
20251112 000000;0.0003309;0.0003667;0.0003043;0.0003124;3320023768.28
20251113 000000;0.0003124;0.0003205;0.0002846;0.0002927;833624688.68
20251114 000000;0.0002927;0.0002942;0.0002791;0.0002843;589259632.9
20251115 000000;0.0002843;0.0002955;0.0002834;0.0002871;346014477.43
20251116 000000;0.0002871;0.0002903;0.0002707;0.0002771;426060720.54
20251117 000000;0.0002771;0.0002849;0.0002667;0.0002711;506983315.94
20251118 000000;0.0002711;0.000281;0.0002664;0.0002769;358685119.2
20251119 000000;0.0002769;0.0002789;0.0002578;0.0002763;465672858.78
20251120 000000;0.0002763;0.0002848;0.0002606;0.0002658;661937806.68
20251121 000000;0.0002658;0.0003809;0.0002379;0.0002818;3659716676.25
20251122 000000;0.0002818;0.0003168;0.0002526;0.0002816;6653013253.83
20251123 000000;0.0002816;0.0002848;0.0002647;0.0002658;1444536908.1
20251124 000000;0.0002658;0.0002722;0.0002588;0.0002707;836308254.59
20251125 000000;0.0002707;0.0002733;0.0002622;0.0002699;506696300.12
20251126 000000;0.0002699;0.0002725;0.0002645;0.0002718;757023921.01
20251127 000000;0.0002718;0.0002757;0.0002689;0.0002711;470199854.62
20251128 000000;0.0002711;0.0002746;0.0002645;0.0002677;402261829.52
20251129 000000;0.0002677;0.0002995;0.0002657;0.0002681;1324761965.54
20251130 000000;0.0002681;0.0002733;0.0002622;0.0002645;575381265.58
20251201 000000;0.0002645;0.0002655;0.0002409;0.0002491;594913813.75
20251202 000000;0.0002491;0.0002635;0.0002468;0.000258;418816745.74
20251203 000000;0.000258;0.0002688;0.000258;0.0002668;399892938.45
20251204 000000;0.0002668;0.0002682;0.0002556;0.00026;331547029.21
20251205 000000;0.00026;0.00033;0.0002557;0.0002729;3470244063.08
20251206 000000;0.0002729;0.0002884;0.0002619;0.0002673;2438343779.17
20251207 000000;0.0002673;0.000271;0.0002549;0.0002637;750405705.82
20251208 000000;0.0002637;0.0002681;0.0002606;0.0002645;568413657.47
20251209 000000;0.0002645;0.0002721;0.0002603;0.0002694;754110009.46
20251210 000000;0.0002694;0.0002802;0.0002633;0.0002643;1129150876.05
20251211 000000;0.0002643;0.0002667;0.0002542;0.0002633;575285264.52
20251212 000000;0.0002633;0.0003043;0.0002548;0.000264;1217094659.58
20251213 000000;0.000264;0.0002652;0.0002587;0.0002612;554723945.28
20251214 000000;0.0002612;0.0002618;0.0002488;0.0002513;435472848.02
20251215 000000;0.0002513;0.0002574;0.0002406;0.0002468;454458265.18
20251216 000000;0.0002468;0.0002656;0.0002425;0.0002483;684564494.48
20251217 000000;0.0002483;0.0002512;0.0002383;0.0002409;519557693.24
20251218 000000;0.0002409;0.0002439;0.0002263;0.0002305;495212562.9
20251219 000000;0.0002305;0.000246;0.0002283;0.0002448;388616874.56
20251220 000000;0.0002448;0.0002448;0.0002403;0.0002409;332090731.85
20251221 000000;0.0002409;0.0002717;0.0002384;0.000241;2443833906.77
20251222 000000;0.000241;0.0002497;0.0002398;0.0002419;642978265.46
20251223 000000;0.0002419;0.0002433;0.0002381;0.0002411;403536440.61
20251224 000000;0.0002411;0.0002419;0.0002358;0.0002405;326622681.78
20251225 000000;0.0002405;0.0002445;0.0002378;0.0002384;301485276.51
20251226 000000;0.0002384;0.000244;0.0002371;0.0002421;299645971.83
20251227 000000;0.0002421;0.000247;0.0002411;0.0002466;388522590.75
20251228 000000;0.0002466;0.0002471;0.0002412;0.0002437;466257350.96
20251229 000000;0.0002437;0.0002473;0.0002389;0.0002397;454311987.24
20251230 000000;0.0002397;0.0002412;0.0002376;0.0002396;278432720.02
20251231 000000;0.0002396;0.00026;0.000235;0.000247;2096388169.49
