20240101 000000;0.1538;0.1751;0.15;0.1735;1750577.37
20240102 000000;0.1735;0.18;0.1305;0.1425;2371552.89
20240103 000000;0.1425;0.1501;0.0815;0.0888;5957777.53
20240104 000000;0.0888;0.143;0.0878;0.1339;4180653.4
20240105 000000;0.1339;0.1347;0.0985;0.1146;1952674.23
20240106 000000;0.1146;0.1161;0.0821;0.096;3040060.38
20240107 000000;0.096;0.1094;0.0855;0.0902;2077759.38
20240108 000000;0.0902;0.141;0.0655;0.1284;5473145.54
20240109 000000;0.1284;0.1588;0.09678;0.1304;3848728.09
20240110 000000;0.1304;0.21;0.11;0.1689;5952315.92
20240111 000000;0.1689;0.34;0.15547;0.27922;19896453.52
20240112 000000;0.27922;0.2875;0.185;0.21347;11401522.89
20240113 000000;0.21347;0.289;0.18333;0.27524;8601310.07
20240114 000000;0.27524;0.3842;0.24701;0.32469;11003170.94
20240115 000000;0.32469;0.38931;0.21515;0.29065;10503063.86
20240116 000000;0.29065;0.341;0.25;0.29446;9914622
20240117 000000;0.29446;0.4569;0.28944;0.42882;8683930.7
20240118 000000;0.42882;0.53184;0.35;0.36324;12441731.02
20240119 000000;0.36324;0.41797;0.31;0.39997;6385573.25
20240120 000000;0.39997;0.40896;0.329;0.33737;3096156.98
20240121 000000;0.33737;0.34761;0.2816;0.29802;3086571.38
20240122 000000;0.29802;0.30772;0.2262;0.2329;4537748.58
20240123 000000;0.2329;0.28679;0.20743;0.279;5193963.49
20240124 000000;0.279;0.37;0.27324;0.34951;7988193.46
20240125 000000;0.34951;0.41;0.32249;0.38421;4388881.65
20240126 000000;0.38421;0.38806;0.34565;0.35114;2917400.32
20240127 000000;0.35114;0.36469;0.3;0.34417;3797940.15
20240128 000000;0.34417;0.3746;0.31305;0.33022;2912766.58
20240129 000000;0.33022;0.33224;0.28792;0.31455;2236531.79
20240130 000000;0.31455;0.35999;0.28104;0.28335;2993551.79
20240131 000000;0.28335;0.3;0.243;0.25198;2227776.68
20240201 000000;0.25198;0.25294;0.21152;0.22822;4692942.07
20240202 000000;0.22822;0.28888;0.20283;0.26031;4961765.7
20240203 000000;0.26031;0.28406;0.23321;0.24366;3386348.7
20240204 000000;0.24366;0.24406;0.21119;0.21196;2510356.55
20240205 000000;0.21196;0.22509;0.202;0.21293;2038732.83
20240206 000000;0.21293;0.21637;0.17954;0.1886;2921194.34
20240207 000000;0.1886;0.245;0.17024;0.21694;4963482.97
20240208 000000;0.21694;0.247;0.20824;0.21868;3354448.77
20240209 000000;0.21868;0.2658;0.21385;0.25069;3105295.14
20240210 000000;0.25069;0.3502;0.25069;0.31796;4192104.15
20240211 000000;0.31796;0.34279;0.293;0.29633;2544024.18
20240212 000000;0.29633;0.38;0.2818;0.36948;4231707.72
20240213 000000;0.36948;0.40549;0.361;0.37013;4043750.77
20240214 000000;0.37013;0.47465;0.36024;0.43648;3146470.41
20240215 000000;0.43648;0.47437;0.39757;0.4042;2611734.42
20240216 000000;0.4042;0.41954;0.3523;0.37293;2311392.2
20240217 000000;0.37293;0.4;0.33989;0.38705;2143744.62
20240218 000000;0.38705;0.447;0.36845;0.41063;2392244.71
20240219 000000;0.41063;0.41571;0.37579;0.37906;2547182.85
20240220 000000;0.37906;0.4065;0.3124;0.3982;3241811.42
20240221 000000;0.3982;0.39831;0.3137;0.35001;3211077.95
20240222 000000;0.35001;0.35022;0.29525;0.30663;2427787.01
20240223 000000;0.30663;0.31692;0.28344;0.29641;1675615.41
20240224 000000;0.29641;0.34315;0.28531;0.34175;1791582.23
20240225 000000;0.34175;0.376;0.31195;0.34968;1149503.73
20240226 000000;0.34968;0.49;0.34556;0.46998;2678893.7
20240227 000000;0.46998;0.688;0.45662;0.60607;6837369.19
20240228 000000;0.60607;0.9;0.591;0.8831;7363773.6
20240229 000000;0.8831;0.9;0.70986;0.82904;3861425.57
20240301 000000;0.82904;1.32998;0.81034;1.23875;7976777.87
20240302 000000;1.23875;1.46925;1.12;1.38652;5554004.18
20240303 000000;1.38652;1.82322;1.34844;1.61083;6169220.51
20240304 000000;1.61083;1.93;1.31677;1.46526;7672497.95
20240305 000000;1.46526;1.96625;1.035;1.54514;15441918.76
20240306 000000;1.54514;2.264;1.43479;1.85217;7859122.97
20240307 000000;1.85217;1.89559;1.6245;1.7104;3062888.93
20240308 000000;1.7104;2.4;1.68895;2.158;5186863.09
20240309 000000;2.158;2.2598;2.025;2.16084;1908702.24
20240310 000000;2.16084;2.5;2.0311;2.13355;2264679.8
20240311 000000;2.13355;2.28297;2.00846;2.10655;1617726.77
20240312 000000;2.10655;2.199;1.69;2.1634;2063261.92
20240313 000000;2.1634;2.81;2.10986;2.65042;2346823.95
20240314 000000;2.65042;3.51;2.65042;3.16;4264235.18
20240315 000000;3.16;3.6;2.67003;2.82361;2901960.86
20240316 000000;2.82361;2.95;2.05004;2.22412;2033418.69
20240317 000000;2.22412;3.4;2.16282;3.03876;2787427.91
20240318 000000;3.03876;3.29;2.5;2.54949;3367434.73
20240319 000000;2.54949;2.75;2.08001;2.3141;3441145.89
20240320 000000;2.3141;2.75;1.95106;2.59387;2850158.57
20240321 000000;2.59387;2.62483;2.22479;2.2798;1050162.01
20240322 000000;2.2798;2.49008;2.12;2.23954;1107152.29
20240323 000000;2.23954;2.47717;2.14367;2.27498;733080.95
20240324 000000;2.27498;2.94444;2.22226;2.81667;962937.13
20240325 000000;2.81667;2.9888;2.62985;2.69014;1109551.73
20240326 000000;2.69014;3.4;2.6501;3.24589;1369522.05
20240327 000000;3.24589;3.45;2.9856;3.05067;1079527.84
20240328 000000;3.05067;4;2.91196;3.75219;2183825.86
20240329 000000;3.75219;4.266;3.50114;3.91567;2140566.86
20240330 000000;3.91567;4.65;3.91567;4.26474;1623627.62
20240331 000000;4.26474;4.87998;4.177;4.58044;1035101.67
20240401 000000;4.58044;4.64988;3.94973;4.21412;1176341.79
20240402 000000;4.21412;4.23679;3.58337;3.84315;1266663.49
20240403 000000;3.84315;4.2183;3.6;3.63295;838335.39
20240404 000000;3.63295;4.03804;3.47352;3.55209;695932.57
20240405 000000;3.55209;3.60433;3.17325;3.22209;909456.24
20240406 000000;3.22209;3.60822;3.19;3.56039;545528.88
20240407 000000;3.56039;3.92;3.45686;3.75844;750311.85
20240408 000000;3.75844;4.36;3.63219;4.2061;1079226.49
20240409 000000;4.2061;4.22156;3.5315;3.58956;903246.18
20240410 000000;3.58956;3.81;3.3;3.62181;1135650.28
20240411 000000;3.62181;3.93995;3.43059;3.45616;670782.62
20240412 000000;3.45616;3.559;2.43169;2.65867;1664618.8
20240413 000000;2.65867;2.88345;1.96006;2.32554;3157852.14
20240414 000000;2.32554;3.10034;2.24539;3.06327;3806510.8
20240415 000000;3.0632;3.15;2.4628;2.745;1202039.22
20240416 000000;2.745;2.7935;2.4107;2.6802;2080450.75
20240417 000000;2.6802;2.841;2.3278;2.423;1202166.44
20240418 000000;2.423;2.75;2.2476;2.5868;1115315.79
20240419 000000;2.5868;3.0754;2.2517;2.921;1663796.15
20240420 000000;2.921;3.0908;2.7164;3.0269;894216.1
20240421 000000;3.0269;3.211;2.898;2.9508;819503.4
20240422 000000;2.9508;3.0765;2.7845;2.9087;894322.91
20240423 000000;2.9087;3.1158;2.7436;3.0147;1206715.45
20240424 000000;3.0147;3.5599;2.9769;3.0975;1598150.01
20240425 000000;3.0975;3.3487;2.8462;3.1518;2327181.74
20240426 000000;3.1518;3.1812;2.8216;2.8472;962667.37
20240427 000000;2.8472;2.8781;2.6123;2.7672;1357704.5
20240428 000000;2.7672;2.8638;2.6292;2.65;1165666.42
20240429 000000;2.65;2.81;2.5526;2.7681;654641.7
20240430 000000;2.7681;2.8029;2.3243;2.4991;1197225.44
20240501 000000;2.4991;2.71;2.2666;2.6138;1491371.56
20240502 000000;2.6138;2.8481;2.5009;2.7327;767553.72
20240503 000000;2.7327;3.1585;2.7236;3.11;1113215.67
20240504 000000;3.11;3.49;3.002;3.3936;1117122.82
20240505 000000;3.3936;3.499;3.1733;3.2202;853867.74
20240506 000000;3.2202;3.724;3.2115;3.3621;1110210.48
20240507 000000;3.3621;3.5736;2.9974;3.0288;1445529.39
20240508 000000;3.0288;3.0288;2.7377;2.779;1104253.51
20240509 000000;2.779;3.181;2.7758;3.1231;1048555.54
20240510 000000;3.1231;3.2534;2.9029;2.9756;883477.15
20240511 000000;2.9756;3.15;2.9756;3.0065;438568.53
20240512 000000;3.0065;3.0603;2.93;2.971;433616.48
20240513 000000;2.971;3.42;2.7591;3.0094;1519204.67
20240514 000000;3.0094;3.1579;2.7678;2.7846;1075736.99
20240515 000000;2.7846;3.0935;2.7614;3.0489;1185668.36
20240516 000000;3.0489;3.1452;2.75;2.8419;803533.55
20240517 000000;2.8419;2.95;2.76;2.7922;888532.05
20240518 000000;2.7922;2.8341;2.51;2.5559;1153099.82
20240519 000000;2.5559;2.6267;2.421;2.5314;657730.8
20240520 000000;2.5314;2.8722;2.5;2.824;1654577.89
20240521 000000;2.824;2.9;2.66;2.752;1162056.65
20240522 000000;2.752;3.272;2.7291;3.0338;1816498.04
20240523 000000;3.0338;3.0552;2.7;2.924;1093507.93
20240524 000000;2.924;2.9389;2.72;2.8701;670332.8
20240525 000000;2.8701;3.095;2.8427;3.0921;693263.86
20240526 000000;3.0921;3.272;2.921;2.9516;960821.58
20240527 000000;2.9516;3.48;2.943;3.3995;1687845.18
20240528 000000;3.3995;3.84;3.168;3.7768;1810561.02
20240529 000000;3.7768;4.0775;3.6701;3.676;1529303.03
20240530 000000;3.676;3.8;3.3171;3.3669;1329955.68
20240531 000000;3.3669;3.5555;3.1817;3.3052;780575.27
20240601 000000;3.3052;3.4503;3.2633;3.2771;624743.66
20240602 000000;3.2771;3.3519;3.1011;3.1999;860774
20240603 000000;3.1999;3.5134;3.0742;3.2666;998528.03
20240604 000000;3.2666;3.5017;3.204;3.4058;694553.58
20240605 000000;3.4058;3.585;3.3591;3.3933;1012902.76
20240606 000000;3.3933;3.4508;3.2217;3.2321;708899.43
20240607 000000;3.2321;3.3399;2.5372;2.86;1081649.47
20240608 000000;2.86;2.95;2.6511;2.7074;497605.45
20240609 000000;2.7074;2.8295;2.6451;2.7739;403254.66
20240610 000000;2.7739;2.901;2.6459;2.6927;554144.82
20240611 000000;2.6927;2.73;2.4;2.5459;1044913.68
20240612 000000;2.5459;2.91;2.4384;2.6658;773875.64
20240613 000000;2.6658;2.6658;2.3588;2.3859;706970.75
20240614 000000;2.3859;2.5277;2.2099;2.3408;719283.73
20240615 000000;2.3408;2.461;2.3086;2.4197;448520.32
20240616 000000;2.4197;2.6349;2.3642;2.6076;513847.28
20240617 000000;2.6076;2.6437;2.2293;2.3051;775968.1
20240618 000000;2.3051;2.3255;1.8837;2.0663;1125172.02
20240619 000000;2.0663;2.1624;1.968;2.0309;1053537.59
20240620 000000;2.0309;2.1877;1.9489;1.9528;746184.34
20240621 000000;1.9528;1.983;1.74;1.7609;936585.15
20240622 000000;1.7609;1.8178;1.7041;1.7419;347420.15
20240623 000000;1.7419;1.8036;1.575;1.5854;407391.52
20240624 000000;1.5854;1.8588;1.4831;1.8286;1148655.48
20240625 000000;1.8286;2.085;1.81;2.0389;1481874.02
20240626 000000;2.0389;2.159;1.9161;2.0056;1302637.21
20240627 000000;2.0056;2.2724;1.9672;2.1176;2241974.15
20240628 000000;2.1176;2.1451;1.9;1.9844;614681.58
20240629 000000;1.9844;2.1725;1.9844;2.0915;936055.04
20240630 000000;2.0915;2.2156;1.9;2.1992;855346.24
20240701 000000;2.1992;2.3516;2.1639;2.2709;1543296.06
20240702 000000;2.2709;2.3627;2.1603;2.207;852937.6
20240703 000000;2.207;2.207;1.7961;1.8098;1320871.91
20240704 000000;1.8098;1.8943;1.71;1.7273;1093638.95
20240705 000000;1.7273;1.9828;1.4916;1.9186;2270521.57
20240706 000000;1.9186;2.065;1.8792;2.0069;1695355.84
20240707 000000;2.0069;2.0146;1.6476;1.6659;1770176.36
20240708 000000;1.6659;1.8128;1.5369;1.6566;4108482.34
20240709 000000;1.6566;1.749;1.6;1.7004;1819133.79
20240710 000000;1.7004;1.78;1.6038;1.6477;1982898.66
20240711 000000;1.6477;1.7336;1.4971;1.5426;1060050.71
20240712 000000;1.5426;1.62;1.5292;1.5669;684745.26
20240713 000000;1.5669;1.6417;1.5651;1.6031;523243.65
20240714 000000;1.6031;1.7604;1.6005;1.7322;1145497.49
20240715 000000;1.7322;2.1758;1.7261;2.1606;2930246.88
20240716 000000;2.1606;2.3;2.067;2.2053;3784799.53
20240717 000000;2.2053;2.2974;2.0993;2.1697;1987215.73
20240718 000000;2.1697;2.4934;2.1697;2.4393;2427563.51
20240719 000000;2.4393;2.5834;2.3133;2.5435;2856887.54
20240720 000000;2.5435;2.6712;2.4607;2.6392;3050841.93
20240721 000000;2.6392;2.8413;2.4065;2.8224;2082749.57
20240722 000000;2.8224;2.892;2.6257;2.7373;1262161.4
20240723 000000;2.7373;2.7635;2.506;2.5545;9348212.09
20240724 000000;2.5545;2.6806;2.4535;2.4974;8837915.33
20240725 000000;2.4974;2.578;2.3209;2.5156;12045359.34
20240726 000000;2.5156;2.6747;2.5025;2.6674;6429406.23
20240727 000000;2.6674;2.703;2.4097;2.4854;6292908.22
20240728 000000;2.4854;2.5076;2.3848;2.411;3615176.28
20240729 000000;2.411;2.567;2.281;2.283;6365710.73
20240730 000000;2.283;2.39;2.25;2.287;3310021.63
20240731 000000;2.287;2.354;2.143;2.178;3585489.83
20240801 000000;2.178;2.195;1.821;1.962;10716925.17
20240802 000000;1.962;1.985;1.644;1.664;9301538.78
20240803 000000;1.664;1.737;1.537;1.598;8686451.96
20240804 000000;1.598;1.635;1.351;1.439;11190134.18
20240805 000000;1.439;1.47;1.07;1.26;34254701.6
20240806 000000;1.26;1.473;1.257;1.416;12591135.74
20240807 000000;1.416;1.777;1.37;1.608;19884085.02
20240808 000000;1.608;1.946;1.549;1.911;15663524.43
20240809 000000;1.911;1.955;1.764;1.819;8676184.33
20240810 000000;1.819;1.859;1.764;1.815;4402272.75
20240811 000000;1.815;1.892;1.624;1.628;5204930.1
20240812 000000;1.628;1.82;1.625;1.725;3879467.19
20240813 000000;1.725;1.748;1.643;1.702;1689130.82
20240814 000000;1.702;1.748;1.561;1.574;2196029.22
20240815 000000;1.574;1.603;1.43;1.475;1730516.31
20240816 000000;1.475;1.504;1.339;1.393;2518087.35
20240817 000000;1.393;1.457;1.361;1.42;1604352.18
20240818 000000;1.42;1.478;1.387;1.391;1662902.39
20240819 000000;1.391;1.443;1.327;1.435;1730119.06
20240820 000000;1.435;1.62;1.416;1.555;2321401.57
20240821 000000;1.555;1.61;1.47;1.561;1026546.63
20240822 000000;1.561;1.66;1.527;1.62;1870664.25
20240823 000000;1.62;1.885;1.592;1.842;3559558.43
20240824 000000;1.842;2.034;1.787;1.968;2434107.45
20240825 000000;1.968;1.97;1.846;1.907;978887.5
20240826 000000;1.907;1.946;1.765;1.769;1374686.53
20240827 000000;1.769;1.823;1.549;1.572;1008514.85
20240828 000000;1.572;1.656;1.484;1.583;2256416.25
20240829 000000;1.583;1.689;1.522;1.54;546062.5
20240830 000000;1.54;1.575;1.439;1.548;995949.78
20240831 000000;1.548;1.578;1.501;1.518;353782
20240901 000000;1.518;1.526;1.381;1.396;646513.81
20240902 000000;1.396;1.557;1.385;1.54;546723.47
20240903 000000;1.54;1.637;1.489;1.49;2545202.6
20240904 000000;1.49;1.646;1.421;1.64;1650286.5
20240905 000000;1.64;1.641;1.505;1.533;942301.41
20240906 000000;1.533;1.605;1.401;1.489;1363687.05
20240907 000000;1.489;1.535;1.463;1.48;498032.12
20240908 000000;1.48;1.591;1.471;1.571;596017.87
20240909 000000;1.571;1.765;1.514;1.671;1304613.62
20240910 000000;1.671;1.718;1.626;1.646;1538141.8
20240911 000000;1.646;1.651;1.498;1.542;1318644.45
20240912 000000;1.542;1.594;1.452;1.56;1540107.26
20240913 000000;1.56;1.665;1.505;1.635;5298342.51
20240914 000000;1.635;1.646;1.55;1.567;3411834.17
20240915 000000;1.567;1.598;1.484;1.501;3385081.59
20240916 000000;1.501;1.521;1.452;1.509;4183878.65
20240917 000000;1.509;1.583;1.491;1.537;4341518.63
20240918 000000;1.537;1.625;1.445;1.617;6656829.57
20240919 000000;1.617;1.82;1.592;1.774;9704780.45
20240920 000000;1.774;1.905;1.726;1.78;8102251.93
20240921 000000;1.78;1.786;1.666;1.776;4360890.15
20240922 000000;1.776;1.783;1.624;1.693;4349939.12
20240923 000000;1.693;1.791;1.676;1.744;11617295.71
20240924 000000;1.744;2.041;1.702;1.992;22471507.35
20240925 000000;1.992;2.139;1.963;2.019;18197747.11
20240926 000000;2.019;2.297;1.985;2.211;22216700.2
20240927 000000;2.211;2.429;2.187;2.266;14971279.59
20240928 000000;2.266;2.381;2.217;2.369;9996705.21
20240929 000000;2.369;2.578;2.249;2.452;12885851.09
20240930 000000;2.452;2.639;2.331;2.461;13633531.84
20241001 000000;2.461;2.6;2.154;2.297;20350286.01
20241002 000000;2.297;2.495;2.098;2.205;14920448.81
20241003 000000;2.205;2.296;1.969;2.038;14626360.86
20241004 000000;2.038;2.364;2.002;2.29;15046656.83
20241005 000000;2.29;2.389;2.188;2.252;6840460.66
20241006 000000;2.252;2.585;2.216;2.563;8595907.56
20241007 000000;2.563;2.806;2.524;2.525;15868619.32
20241008 000000;2.525;2.602;2.421;2.458;11276964.15
20241009 000000;2.458;2.562;2.301;2.324;11577673.9
20241010 000000;2.324;2.459;2.225;2.435;12876568.84
20241011 000000;2.435;2.815;2.417;2.758;14626154.77
20241012 000000;2.758;2.823;2.661;2.669;9116102.31
20241013 000000;2.669;2.864;2.596;2.665;10759789.69
20241014 000000;2.665;2.973;2.592;2.829;14572420.61
20241015 000000;2.829;2.862;2.55;2.647;14666003.12
20241016 000000;2.647;2.73;2.498;2.634;9994128.89
20241017 000000;2.634;2.667;2.444;2.546;8606132.75
20241018 000000;2.546;2.73;2.536;2.659;7670899.22
20241019 000000;2.659;2.747;2.575;2.643;3822532.32
20241020 000000;2.643;2.748;2.571;2.717;5648994.27
20241021 000000;2.717;2.784;2.486;2.5;6897080.61
20241022 000000;2.5;2.559;2.372;2.424;6247187.69
20241023 000000;2.424;2.555;2.331;2.508;7938199.18
20241024 000000;2.508;2.607;2.463;2.554;5988413.94
20241025 000000;2.554;2.598;2.198;2.314;10461337.75
20241026 000000;2.314;2.406;2.245;2.362;5209053.2
20241027 000000;2.362;2.52;2.332;2.489;4212316.55
20241028 000000;2.489;2.543;2.247;2.466;10219935.03
20241029 000000;2.466;2.698;2.442;2.615;8338326.45
20241030 000000;2.615;2.674;2.52;2.577;4888740.58
20241031 000000;2.577;2.6;2.352;2.383;5483389.8
20241101 000000;2.383;2.434;2.178;2.197;8032174.74
20241102 000000;2.197;2.246;2.116;2.178;3966986.08
20241103 000000;2.178;2.184;1.961;2.078;7794420.19
20241104 000000;2.078;2.136;1.878;1.922;7387333.01
20241105 000000;1.922;2.179;1.921;2.102;8786544.76
20241106 000000;2.102;2.515;2.101;2.407;19039175.77
20241107 000000;2.407;2.482;2.28;2.386;8598633.02
20241108 000000;2.386;2.513;2.198;2.316;13761801.51
20241109 000000;2.316;2.542;2.265;2.484;10542705.73
20241110 000000;2.484;2.873;2.444;2.744;59323993.3
20241111 000000;2.744;3.221;2.73;3.124;45533482.7
20241112 000000;3.124;3.374;2.817;3.251;22281350.5
20241113 000000;3.251;4.734;2.87;4.165;22830954.58
20241114 000000;4.165;4.355;3.538;3.589;17598595.58
20241115 000000;3.589;3.96;3.367;3.893;7495861.13
20241116 000000;3.893;3.971;3.56;3.602;2039600.81
20241117 000000;3.602;3.942;3.374;3.612;3786210.51
20241118 000000;3.612;3.719;3.367;3.45;3238795.73
20241119 000000;3.45;3.56;3.196;3.286;5091223.69
20241120 000000;3.286;3.368;3.029;3.046;3821980.49
20241121 000000;3.046;3.385;2.977;3.264;5314818.37
20241122 000000;3.264;3.439;3.04;3.209;3525624.26
20241123 000000;3.209;3.575;3.132;3.27;7228100.61
20241124 000000;3.27;3.472;3.009;3.169;4983652.19
20241125 000000;3.169;3.65;3.061;3.182;11045104.49
20241126 000000;3.182;3.377;2.903;3.012;5774775
20241127 000000;3.012;3.179;2.961;3.114;2025110.97
20241128 000000;3.114;3.215;2.982;3.079;1594042.02
20241129 000000;3.079;3.329;3.055;3.286;2403963.85
20241130 000000;3.286;3.309;3.159;3.177;1637473.81
20241201 000000;3.177;3.45;3.054;3.439;3907000.26
20241202 000000;3.439;3.47;2.999;3.118;6026887.93
20241203 000000;3.118;3.36;2.923;3.279;7515195.93
20241204 000000;3.279;3.431;3.111;3.193;6053394.24
20241205 000000;3.193;3.443;3.037;3.348;8623572.24
20241206 000000;3.348;3.6;3.27;3.482;6339633.11
20241207 000000;3.482;4.014;3.404;3.879;4241525.93
20241208 000000;3.879;3.931;3.64;3.715;1608075.48
20241209 000000;3.715;3.719;2.581;3.049;5445059.69
20241210 000000;3.049;3.142;2.643;2.847;9451888.32
20241211 000000;2.847;3.134;2.755;3.048;2381195.43
20241212 000000;3.048;3.197;2.933;2.948;2925413.17
20241213 000000;2.948;3;2.847;2.958;1436813.81
20241214 000000;2.958;2.978;2.756;2.845;919234.67
20241215 000000;2.845;2.889;2.702;2.853;821887.56
20241216 000000;2.853;2.926;2.632;2.746;1610941.83
20241217 000000;2.746;2.871;2.67;2.707;2677625.71
20241218 000000;2.707;2.784;2.24;2.306;6144595.51
20241219 000000;2.306;2.325;2.025;2.066;9648247.29
20241220 000000;2.066;2.16;1.726;2.107;10842262.19
20241221 000000;2.107;2.253;1.857;1.888;4271598.35
20241222 000000;1.888;2.043;1.816;1.918;2833806.49
20241223 000000;1.918;2.051;1.846;2.03;3310872.69
20241224 000000;2.03;2.098;1.949;2.05;2158308.55
20241225 000000;2.05;2.083;1.943;1.98;1677079.61
20241226 000000;1.98;2.009;1.818;1.839;1498074.02
20241227 000000;1.839;1.935;1.798;1.828;1701372.55
20241228 000000;1.828;1.975;1.8;1.925;1581964.71
20241229 000000;1.925;1.953;1.817;1.835;1143529.92
20241230 000000;1.835;1.935;1.782;1.827;2299966.17
20241231 000000;1.827;1.955;1.735;1.863;2843011.81
