20250101 000000;0.0461;0.04726;0.04362;0.04612;58608300.73
20250102 000000;0.04612;0.04819;0.04572;0.04712;35307001.36
20250103 000000;0.04712;0.04998;0.04569;0.04978;21289692.12
20250104 000000;0.04978;0.05142;0.04853;0.04932;23794746.59
20250105 000000;0.04932;0.05006;0.04841;0.04945;26615196.46
20250106 000000;0.04945;0.05118;0.04812;0.04866;35128563.57
20250107 000000;0.04866;0.04889;0.0421;0.0422;70709512.32
20250108 000000;0.0422;0.04281;0.03684;0.03837;70830033.25
20250109 000000;0.03837;0.0394;0.03687;0.03788;37386405.58
20250110 000000;0.03788;0.03978;0.03787;0.03958;39123695.28
20250111 000000;0.03958;0.04062;0.03896;0.03969;13744610.6
20250112 000000;0.03969;0.03986;0.03779;0.03842;10494006.97
20250113 000000;0.03842;0.03946;0.03337;0.03613;73169181.52
20250114 000000;0.03613;0.0396;0.03609;0.03904;33501412.62
20250115 000000;0.03904;0.04138;0.03704;0.04125;58881717.97
20250116 000000;0.04125;0.04158;0.03894;0.03971;37604506.51
20250117 000000;0.03971;0.04387;0.0397;0.0434;27643181.13
20250118 000000;0.0434;0.04467;0.03758;0.03865;57406260.11
20250119 000000;0.03865;0.04136;0.03339;0.03403;381869723.17
20250120 000000;0.03403;0.03596;0.02988;0.03064;458017921.64
20250121 000000;0.03064;0.03245;0.02859;0.03161;89610743.76
20250122 000000;0.03161;0.03279;0.03112;0.03144;41760732.93
20250123 000000;0.03144;0.03181;0.02911;0.0304;59869988.93
20250124 000000;0.0304;0.0318;0.02891;0.02954;66265506.97
20250125 000000;0.02954;0.03086;0.02843;0.03005;60540589.4
20250126 000000;0.03005;0.03156;0.02924;0.02932;32678483.2
20250127 000000;0.02932;0.02932;0.02444;0.02795;122170822.31
20250128 000000;0.02795;0.02898;0.02522;0.02545;87284016.82
20250129 000000;0.02545;0.0288;0.02515;0.02745;67328773.94
20250130 000000;0.02745;0.02926;0.02716;0.02852;25887053.48
20250131 000000;0.02852;0.035;0.02831;0.03122;88656417.59
20250201 000000;0.03122;0.03214;0.02639;0.0266;50077714.83
20250202 000000;0.0266;0.02766;0.02012;0.0216;207973372.55
20250203 000000;0.0216;0.02214;0.01475;0.02143;690749338.24
20250204 000000;0.02143;0.02157;0.01857;0.01982;264656627.41
20250205 000000;0.01982;0.02063;0.01909;0.01964;145134546.03
20250206 000000;0.01964;0.01989;0.01798;0.01824;210169521.01
20250207 000000;0.01824;0.02024;0.01754;0.01828;250370172.31
20250208 000000;0.01828;0.0198;0.0177;0.01947;177544362.45
20250209 000000;0.01947;0.02035;0.01811;0.01966;116160529.2
20250210 000000;0.01966;0.02021;0.01841;0.01983;124177049.85
20250211 000000;0.01983;0.02149;0.01949;0.0201;123998133.35
20250212 000000;0.0201;0.02177;0.01922;0.02149;202609403.49
20250213 000000;0.02149;0.02336;0.02058;0.02079;130123793.46
20250214 000000;0.02079;0.02258;0.02037;0.021;77007551.87
20250215 000000;0.021;0.02134;0.01987;0.0201;59967339.29
20250216 000000;0.0201;0.02082;0.01965;0.02016;65510038.06
20250217 000000;0.02016;0.02103;0.01913;0.02011;130421051.33
20250218 000000;0.02011;0.02022;0.01768;0.01896;109465873.34
20250219 000000;0.01896;0.01977;0.01851;0.01927;55812836.32
20250220 000000;0.01927;0.02032;0.01904;0.0203;43226183.01
20250221 000000;0.0203;0.02239;0.01994;0.02029;69828978.52
20250222 000000;0.02029;0.02289;0.02015;0.02229;42355006.66
20250223 000000;0.02229;0.02236;0.02082;0.0212;30816020.22
20250224 000000;0.0212;0.02135;0.01685;0.01754;137787847.75
20250225 000000;0.01754;0.02051;0.01658;0.01959;180636677.67
20250226 000000;0.01959;0.02094;0.01932;0.02078;87349481.6
20250227 000000;0.02078;0.02179;0.0202;0.02084;53219214.28
20250228 000000;0.02084;0.02222;0.01907;0.02133;161668271.91
20250301 000000;0.02133;0.0215;0.01929;0.01995;46298750.38
20250302 000000;0.01995;0.02373;0.01952;0.02356;108930730.78
20250303 000000;0.02356;0.02393;0.01938;0.01953;113027918.1
20250304 000000;0.01953;0.01973;0.01648;0.01799;226038392.91
20250305 000000;0.01799;0.01884;0.01762;0.01844;117440446.76
20250306 000000;0.01844;0.01874;0.01736;0.01776;93307193.83
20250307 000000;0.01776;0.01867;0.01663;0.01755;150923304.87
20250308 000000;0.01755;0.01764;0.01625;0.01681;130449348.4
20250309 000000;0.01681;0.01688;0.01359;0.01426;303478563.06
20250310 000000;0.01426;0.01608;0.01414;0.0147;269483411.61
20250311 000000;0.0147;0.01558;0.01346;0.01499;240367642.45
20250312 000000;0.01499;0.01566;0.01446;0.01538;116739344.92
20250313 000000;0.01538;0.01572;0.01472;0.01529;128702035.49
20250314 000000;0.01529;0.01631;0.01521;0.01569;100526206.41
20250315 000000;0.01569;0.01669;0.01549;0.01653;59767209.87
20250316 000000;0.01653;0.0169;0.01523;0.01539;54775122.09
20250317 000000;0.01539;0.01693;0.01537;0.01676;68444136.47
20250318 000000;0.01676;0.0168;0.01585;0.01677;42491489.47
20250319 000000;0.01677;0.01706;0.01616;0.01701;89540951.59
20250320 000000;0.01701;0.01733;0.01635;0.01701;78229901.16
20250321 000000;0.01701;0.01763;0.01616;0.01635;85587917.97
20250322 000000;0.01635;0.01794;0.01628;0.01718;72003052.91
20250323 000000;0.01718;0.01762;0.01693;0.01736;39947580.58
20250324 000000;0.01736;0.01861;0.01703;0.01829;75817389.4
20250325 000000;0.01829;0.01854;0.0177;0.01824;38538974.19
20250326 000000;0.01824;0.01924;0.01791;0.01846;38976460.5
20250327 000000;0.01846;0.01931;0.01801;0.01828;23172655.55
20250328 000000;0.01828;0.0187;0.01603;0.01631;75493993.11
20250329 000000;0.01631;0.01659;0.01475;0.0152;55902943.69
20250330 000000;0.0152;0.01562;0.01469;0.01503;54013730.35
20250331 000000;0.01503;0.01532;0.01432;0.01483;50359805.66
20250401 000000;0.01483;0.01552;0.01456;0.01478;23113437.81
20250402 000000;0.01478;0.01479;0.01268;0.01304;427932458.8
20250403 000000;0.01304;0.01367;0.0123;0.0129;103261337.25
20250404 000000;0.0129;0.01334;0.01232;0.01308;162882012.21
20250405 000000;0.01308;0.0134;0.01283;0.01309;28583932.33
20250406 000000;0.01309;0.01309;0.01096;0.01127;229659352.8
20250407 000000;0.01127;0.01272;0.01043;0.01202;657536685.14
20250408 000000;0.01202;0.01233;0.01122;0.01141;48669496.01
20250409 000000;0.01141;0.01286;0.01087;0.01263;171707597.77
20250410 000000;0.01263;0.01268;0.01169;0.01198;77121715.03
20250411 000000;0.01198;0.01254;0.01189;0.01236;60593511.24
20250412 000000;0.01236;0.01285;0.01209;0.01267;58291384.16
20250413 000000;0.01267;0.01277;0.01097;0.01128;93761489.88
20250414 000000;0.01128;0.01163;0.01067;0.01092;83554084.49
20250415 000000;0.01092;0.01122;0.01027;0.01034;59249117.13
20250416 000000;0.01034;0.01076;0.00975;0.01066;259328552.85
20250417 000000;0.01066;0.01172;0.01063;0.01095;430986029.92
20250418 000000;0.01095;0.01164;0.01095;0.01154;213651842.46
20250419 000000;0.01154;0.01209;0.01137;0.01182;216266032.35
20250420 000000;0.01182;0.01738;0.01162;0.01241;1037495546.99
20250421 000000;0.01241;0.01297;0.01188;0.01202;543682501.2
20250422 000000;0.01202;0.0131;0.0118;0.01288;521692435.88
20250423 000000;0.01288;0.01628;0.01279;0.01485;893847694.21
20250424 000000;0.01485;0.01551;0.01367;0.01484;671132153.55
20250425 000000;0.01484;0.01541;0.01448;0.01506;440879314.21
20250426 000000;0.01506;0.01629;0.01497;0.01591;471218104.17
20250427 000000;0.01591;0.01592;0.01409;0.01442;244337698.01
20250428 000000;0.01442;0.0154;0.01377;0.01522;248062664.65
20250429 000000;0.01522;0.01561;0.0144;0.01463;196654836.51
20250430 000000;0.01463;0.0159;0.01455;0.01588;331198432.94
20250501 000000;0.01588;0.01656;0.01563;0.01588;237532513.7
20250502 000000;0.01588;0.0161;0.01525;0.01563;132274027.78
20250503 000000;0.01563;0.01566;0.01393;0.01404;107904606.72
20250504 000000;0.01404;0.01424;0.01329;0.01363;62879628.96
20250505 000000;0.01363;0.0141;0.01327;0.01351;60724670.81
20250506 000000;0.01351;0.01379;0.0126;0.01333;93914703.18
20250507 000000;0.01333;0.01372;0.01298;0.01344;79537987.26
20250508 000000;0.01344;0.01648;0.01342;0.01612;242087668.37
20250509 000000;0.01612;0.02445;0.01603;0.01975;810643996.9
20250510 000000;0.01975;0.02322;0.01884;0.02177;568024231.42
20250511 000000;0.02177;0.02253;0.02027;0.02199;258102826.01
20250512 000000;0.02199;0.02515;0.02111;0.02224;456164500.42
20250513 000000;0.02224;0.03654;0.02059;0.03389;908447368.8
20250514 000000;0.03389;0.03932;0.03127;0.03476;1092142699.29
20250515 000000;0.03476;0.0375;0.02514;0.02601;882627872.82
20250516 000000;0.02601;0.02666;0.0237;0.02426;257742004.56
20250517 000000;0.02426;0.02455;0.02177;0.02225;158135933.87
20250518 000000;0.02225;0.02946;0.02217;0.02727;458276380.51
20250519 000000;0.02727;0.02762;0.02294;0.02499;204198208.06
20250520 000000;0.02499;0.02651;0.02343;0.02557;154375871.54
20250521 000000;0.02557;0.02759;0.02451;0.02609;156644239.11
20250522 000000;0.02609;0.02852;0.02596;0.02847;139940728.65
20250523 000000;0.02847;0.03091;0.02368;0.024;213535386.22
20250524 000000;0.024;0.02505;0.02369;0.02389;49947664.72
20250525 000000;0.02389;0.02482;0.02241;0.02451;70885887.22
20250526 000000;0.02451;0.02511;0.02369;0.02409;40968010.34
20250527 000000;0.02409;0.02527;0.02327;0.02446;45884410.81
20250528 000000;0.02446;0.02558;0.02348;0.02449;54303543.57
20250529 000000;0.02449;0.02583;0.02281;0.02291;68822894.62
20250530 000000;0.02291;0.02307;0.01898;0.01917;92399240.78
20250531 000000;0.01917;0.02037;0.01817;0.02012;63094424.35
20250601 000000;0.02012;0.02161;0.01963;0.02134;37202244.15
20250602 000000;0.02134;0.02232;0.0203;0.02179;44245434.71
20250603 000000;0.02179;0.02305;0.02141;0.02185;55353062.95
20250604 000000;0.02185;0.02246;0.02045;0.02085;31035146.34
20250605 000000;0.02085;0.02186;0.01852;0.01893;94063138.82
20250606 000000;0.01893;0.02035;0.01861;0.01888;40747209.7
20250607 000000;0.01888;0.02061;0.01885;0.02024;30145380.88
20250608 000000;0.02024;0.0207;0.01979;0.0203;32075380.95
20250609 000000;0.0203;0.02279;0.01983;0.02275;37722745.27
20250610 000000;0.02275;0.02415;0.02183;0.02411;72730607.47
20250611 000000;0.02411;0.02426;0.02154;0.02193;65001340.93
20250612 000000;0.02193;0.02194;0.01925;0.01935;73812769.54
20250613 000000;0.01935;0.01943;0.01749;0.01869;109455034.37
20250614 000000;0.01869;0.01912;0.01822;0.01855;32143916.43
20250615 000000;0.01855;0.01895;0.01822;0.01872;25925293.72
20250616 000000;0.01872;0.02008;0.01851;0.01894;42228186.74
20250617 000000;0.01894;0.01955;0.01762;0.01804;53994221.59
20250618 000000;0.01804;0.01845;0.01695;0.01816;53645746.32
20250619 000000;0.01816;0.01852;0.01756;0.01795;29536911.77
20250620 000000;0.01795;0.01858;0.0169;0.01719;33721393.76
20250621 000000;0.01719;0.01764;0.01566;0.01614;40934125.15
20250622 000000;0.01614;0.01653;0.01486;0.01591;54962700
20250623 000000;0.01591;0.01803;0.01574;0.01781;53798875.12
20250624 000000;0.01781;0.01842;0.01768;0.01805;54797570.28
20250625 000000;0.01805;0.01816;0.01718;0.01741;23617583.98
20250626 000000;0.01741;0.01881;0.01623;0.01659;60255040.26
20250627 000000;0.01659;0.01722;0.01638;0.01685;29420451.42
20250628 000000;0.01685;0.01783;0.01672;0.01746;33075730.21
20250629 000000;0.01746;0.01927;0.01723;0.01892;31227091.51
20250630 000000;0.01892;0.01906;0.01781;0.01802;36202524.03
20250701 000000;0.01802;0.01811;0.01671;0.01685;21354126.25
20250702 000000;0.01685;0.01939;0.01672;0.01888;48717118.93
20250703 000000;0.01888;0.01962;0.01837;0.01846;49793558.15
20250704 000000;0.01846;0.0187;0.01709;0.01734;42863865.24
20250705 000000;0.01734;0.01797;0.01697;0.01731;28675625.25
20250706 000000;0.01731;0.01849;0.01715;0.01809;36338610.83
20250707 000000;0.01809;0.01855;0.0176;0.0179;32736724.68
20250708 000000;0.0179;0.01845;0.01717;0.01818;41204745.68
20250709 000000;0.01818;0.01985;0.01793;0.01973;43785874.16
20250710 000000;0.01973;0.02261;0.01944;0.02227;100735302.83
20250711 000000;0.02227;0.02305;0.02101;0.02154;109025238.18
20250712 000000;0.02154;0.02174;0.0202;0.02088;63397772
20250713 000000;0.02088;0.02233;0.0205;0.02111;45695802.04
20250714 000000;0.02111;0.02264;0.0203;0.02088;62909647.59
20250715 000000;0.02088;0.02207;0.01986;0.02197;51988543.96
20250716 000000;0.02197;0.02438;0.02138;0.02282;99993032.08
20250717 000000;0.02282;0.02351;0.02149;0.02228;171607300.75
20250718 000000;0.02228;0.02468;0.02182;0.02258;160572707.94
20250719 000000;0.02258;0.02345;0.02169;0.02325;71390031.06
20250720 000000;0.02325;0.02586;0.02303;0.02448;99915797.62
20250721 000000;0.02448;0.02556;0.0237;0.02508;112474561.24
20250722 000000;0.02508;0.02548;0.02243;0.0239;156194243.34
20250723 000000;0.0239;0.0239;0.01987;0.02068;121174404.53
20250724 000000;0.02068;0.02107;0.01887;0.01989;104961651.02
20250725 000000;0.01989;0.02146;0.01938;0.02096;74519059.34
20250726 000000;0.02096;0.02141;0.02076;0.02095;30774487.02
20250727 000000;0.02095;0.02267;0.02091;0.02252;28289253.85
20250728 000000;0.02252;0.02297;0.02024;0.02053;70429801.26
20250729 000000;0.02053;0.02161;0.01963;0.02013;53240915.25
20250730 000000;0.02013;0.02039;0.01866;0.01988;70103051.79
20250731 000000;0.01988;0.02052;0.01873;0.01884;54981336.79
20250801 000000;0.01884;0.01892;0.01724;0.01806;65797606.64
20250802 000000;0.01806;0.01832;0.0171;0.01771;24732528.66
20250803 000000;0.01771;0.01834;0.01746;0.01815;13051456.85
20250804 000000;0.01815;0.01918;0.0181;0.01895;24073183.21
20250805 000000;0.01895;0.01906;0.01676;0.01744;24894931.64
20250806 000000;0.01744;0.01822;0.01684;0.01792;21906349.25
20250807 000000;0.01792;0.01917;0.01772;0.01908;33903041.56
20250808 000000;0.01908;0.01991;0.01869;0.01969;38622984.92
20250809 000000;0.01969;0.02139;0.01954;0.02086;38104469.82
20250810 000000;0.02086;0.02137;0.01989;0.02063;48183365.96
20250811 000000;0.02063;0.02131;0.01874;0.01893;54166569.91
20250812 000000;0.01893;0.02105;0.01861;0.02077;49473979.58
20250813 000000;0.02077;0.02257;0.02077;0.02206;125154876.22
20250814 000000;0.02206;0.02243;0.01871;0.01915;68862464.05
20250815 000000;0.01915;0.0197;0.0181;0.0187;43771888.13
20250816 000000;0.0187;0.0197;0.0187;0.01955;21261310.77
20250817 000000;0.01955;0.0204;0.0193;0.01961;38768515.74
20250818 000000;0.01961;0.01966;0.01855;0.01894;56781754.41
20250819 000000;0.01894;0.01925;0.01782;0.01789;56133007.02
20250820 000000;0.01789;0.01997;0.01782;0.01984;54899657.97
20250821 000000;0.01984;0.01991;0.01896;0.01911;70793372.66
20250822 000000;0.01911;0.02172;0.0182;0.02161;116757028.44
20250823 000000;0.02161;0.02212;0.02055;0.02171;92793611.71
20250824 000000;0.02171;0.02219;0.02054;0.02101;120069886.5
20250825 000000;0.02101;0.02148;0.01782;0.01823;93153848.21
20250826 000000;0.01823;0.01912;0.01805;0.01879;44443769.46
20250827 000000;0.01879;0.01919;0.01861;0.01871;36100637.22
20250828 000000;0.01871;0.02015;0.01855;0.02013;29235854.63
20250829 000000;0.02013;0.02015;0.01811;0.01858;56315350
20250830 000000;0.01858;0.01929;0.01821;0.01919;17726816.11
20250831 000000;0.01919;0.01953;0.01862;0.01865;14777071.23
20250901 000000;0.01865;0.01913;0.01706;0.01769;38876587.16
20250902 000000;0.01769;0.01867;0.01743;0.01854;24347820.08
20250903 000000;0.01854;0.01899;0.01825;0.01877;21642082.16
20250904 000000;0.01877;0.01892;0.01759;0.01782;19387643.12
20250905 000000;0.01782;0.01926;0.01779;0.01902;35277595.47
20250906 000000;0.01902;0.01927;0.01858;0.01887;14069686.3
20250907 000000;0.01887;0.01931;0.01872;0.01899;9764135.29
20250908 000000;0.01899;0.01979;0.01883;0.01972;11653053.92
20250909 000000;0.01972;0.02051;0.01938;0.02009;30216788.68
20250910 000000;0.02009;0.02081;0.01968;0.0202;24122426.56
20250911 000000;0.0202;0.02055;0.01956;0.02053;15392036.94
20250912 000000;0.02053;0.02198;0.02028;0.02179;23849213.62
20250913 000000;0.02179;0.02349;0.02163;0.02256;80506553.57
20250914 000000;0.02256;0.0226;0.02108;0.0216;20526814.16
20250915 000000;0.0216;0.02202;0.01972;0.02031;30974065.3
20250916 000000;0.02031;0.02087;0.01982;0.02076;11905098.86
20250917 000000;0.02076;0.02185;0.02025;0.0215;22543109.21
20250918 000000;0.0215;0.02169;0.02107;0.02145;19905306.44
20250919 000000;0.02145;0.02169;0.01976;0.01997;21322269.39
20250920 000000;0.01997;0.02054;0.01984;0.02031;6901943.42
20250921 000000;0.02031;0.02076;0.01984;0.01988;8150541.84
20250922 000000;0.01988;0.01998;0.01687;0.01718;47898705.12
20250923 000000;0.01718;0.01754;0.01654;0.01688;18659610.81
20250924 000000;0.01688;0.01753;0.01645;0.01701;41677322.9
20250925 000000;0.01701;0.01706;0.01546;0.01593;48551741.87
20250926 000000;0.01593;0.01677;0.01569;0.01666;18929765.7
20250927 000000;0.01666;0.01702;0.01643;0.01665;15017392.36
20250928 000000;0.01665;0.01691;0.01611;0.01681;17720791.3
20250929 000000;0.01681;0.01687;0.01618;0.01655;21311839.95
20250930 000000;0.01655;0.01677;0.01588;0.0166;18310718.19
20251001 000000;0.0166;0.01749;0.01645;0.0174;13045513.73
20251002 000000;0.0174;0.01829;0.01739;0.01812;12709822.59
20251003 000000;0.01812;0.01856;0.0176;0.01812;28762493.77
20251004 000000;0.01812;0.01818;0.01708;0.01755;31671109.8
20251005 000000;0.01755;0.01813;0.01715;0.01729;23993191.59
20251006 000000;0.01729;0.01847;0.01712;0.01821;13558475.23
20251007 000000;0.01821;0.01831;0.01662;0.01682;60970946.37
20251008 000000;0.01682;0.01805;0.01661;0.01774;25329325.93
20251009 000000;0.01774;0.01782;0.0162;0.01656;35835460.51
20251010 000000;0.01656;0.01712;0.00683;0.01139;255470307.76
20251011 000000;0.01139;0.01248;0.0109;0.01143;92027699.26
20251012 000000;0.01143;0.0135;0.01123;0.01312;85101588.99
20251013 000000;0.01312;0.01406;0.01264;0.01378;75934270.63
20251014 000000;0.01378;0.01382;0.01224;0.01327;55147866.21
20251015 000000;0.01327;0.01363;0.01236;0.01268;34056911.26
20251016 000000;0.01268;0.01292;0.01172;0.0122;47316614.67
20251017 000000;0.0122;0.01244;0.01087;0.01173;65208403.48
20251018 000000;0.01173;0.01267;0.01171;0.0121;53503335.09
20251019 000000;0.0121;0.01264;0.01193;0.01237;25505183.53
20251020 000000;0.01237;0.01298;0.01216;0.01266;22016405.17
20251021 000000;0.01266;0.01314;0.01207;0.01214;20347698.5
20251022 000000;0.01214;0.01231;0.01132;0.01184;37069771.62
20251023 000000;0.01184;0.01242;0.01178;0.01221;10436395.28
20251024 000000;0.01221;0.01266;0.01215;0.01255;35868953.22
20251025 000000;0.01255;0.01258;0.01232;0.01248;13492714.16
20251026 000000;0.01248;0.01314;0.01227;0.01303;24739708.15
20251027 000000;0.01303;0.01338;0.01245;0.01253;16530828.79
20251028 000000;0.01253;0.01278;0.01154;0.01176;30764899.26
20251029 000000;0.01176;0.01249;0.01161;0.01211;34026363.45
20251030 000000;0.01211;0.01225;0.01047;0.01097;52324333.46
20251031 000000;0.01097;0.01144;0.01082;0.01116;29429440.03
20251101 000000;0.01116;0.01187;0.01105;0.01177;40988855
20251102 000000;0.01177;0.01196;0.01129;0.01173;24524821.42
20251103 000000;0.01173;0.01174;0.00926;0.01001;90579963.74
20251104 000000;0.01001;0.01054;0.00903;0.00986;55386774.25
20251105 000000;0.00986;0.01027;0.00931;0.01005;51931581.57
20251106 000000;0.01005;0.01013;0.00947;0.01003;73255571.8
20251107 000000;0.01003;0.0175;0.01003;0.0137;366650765.71
20251108 000000;0.0137;0.01455;0.01219;0.01239;288962846.99
20251109 000000;0.01239;0.0128;0.01154;0.01255;68748805.02
20251110 000000;0.01255;0.01283;0.01195;0.01231;109486386.78
20251111 000000;0.01231;0.01255;0.01144;0.01148;35906221
20251112 000000;0.01148;0.01207;0.01101;0.0113;65467047.25
20251113 000000;0.0113;0.01176;0.01064;0.011;48648577.99
20251114 000000;0.011;0.01124;0.01034;0.01068;66126301.72
20251115 000000;0.01068;0.01121;0.01068;0.01083;20136228.45
20251116 000000;0.01083;0.01108;0.01021;0.01059;43698205.06
20251117 000000;0.01059;0.01098;0.01022;0.0104;32543903.79
20251118 000000;0.0104;0.01119;0.01017;0.0109;43800838.23
20251119 000000;0.0109;0.01095;0.00987;0.01047;32442812.2
20251120 000000;0.01047;0.01134;0.01005;0.01027;32716123.48
20251121 000000;0.01027;0.01065;0.0088;0.00964;68157282.99
20251122 000000;0.00964;0.00974;0.00918;0.00938;23519222.39
20251123 000000;0.00938;0.00964;0.00929;0.00941;28437005.16
20251124 000000;0.00941;0.010393;0.0093;0.01018;36209089.42
20251125 000000;0.01018;0.010295;0.009778;0.010195;22964482.92
20251126 000000;0.010195;0.010403;0.009878;0.010312;17443742.31
20251127 000000;0.010312;0.01088;0.01015;0.010482;32456786.22
20251128 000000;0.010482;0.011082;0.010196;0.010499;39664525.76
20251129 000000;0.010499;0.01072;0.010035;0.010069;22844205.75
20251130 000000;0.010069;0.010305;0.009878;0.009934;39462874.75
20251201 000000;0.009934;0.00997;0.00892;0.009275;46268824.69
20251202 000000;0.009275;0.010459;0.009257;0.010111;36722289.51
20251203 000000;0.010111;0.010441;0.009867;0.010275;40507072.93
20251204 000000;0.010275;0.01046;0.009904;0.010003;26005663.15
20251205 000000;0.010003;0.010136;0.009205;0.009433;34555258.18
20251206 000000;0.009433;0.009926;0.009364;0.009882;18507686.12
20251207 000000;0.009882;0.010156;0.009438;0.009655;39985267.35
20251208 000000;0.009655;0.010383;0.009606;0.010272;35558344.29
20251209 000000;0.010272;0.011214;0.00998;0.01075;34205121.6
20251210 000000;0.01075;0.010789;0.010087;0.010149;22725654.61
20251211 000000;0.010149;0.010171;0.009439;0.009879;34802344.77
20251212 000000;0.009879;0.009971;0.009076;0.009425;28840693.39
20251213 000000;0.009425;0.009767;0.009408;0.009709;15536424.42
20251214 000000;0.009709;0.009755;0.009072;0.009168;16502505.39
20251215 000000;0.009168;0.009468;0.008539;0.008898;36237995.62
20251216 000000;0.008898;0.009247;0.008732;0.009009;34804934.4
20251217 000000;0.009009;0.009247;0.008357;0.008475;30536432.43
20251218 000000;0.008475;0.008979;0.008014;0.008244;38209905.8
20251219 000000;0.008244;0.010189;0.008193;0.009592;81984751.78
20251220 000000;0.009592;0.010622;0.009379;0.009669;65182009.35
20251221 000000;0.009669;0.009717;0.009164;0.00932;31144813.67
20251222 000000;0.00932;0.009668;0.009245;0.009414;25180453.66
20251223 000000;0.009414;0.009638;0.009021;0.009184;32257266.61
20251224 000000;0.009184;0.009251;0.008883;0.009216;12645473.37
20251225 000000;0.009216;0.009433;0.008896;0.008947;14955092.76
20251226 000000;0.008947;0.009348;0.008934;0.009284;16486682.75
20251227 000000;0.009284;0.00956;0.009266;0.009524;9660807.87
20251228 000000;0.009524;0.00982;0.009435;0.009594;18866634.49
20251229 000000;0.009594;0.009922;0.009322;0.009346;21582051.66
20251230 000000;0.009346;0.009469;0.009127;0.009247;13195774.28
20251231 000000;0.009247;0.009556;0.008712;0.009455;33003357.38
