20230622 000000;0.01274;0.01324;0.01179;0.0123;3977640.58
20230623 000000;0.0123;0.01344;0.01229;0.01317;2074348.14
20230624 000000;0.01317;0.0162;0.0127;0.01345;26241032.56
20230625 000000;0.01345;0.01386;0.01317;0.01341;8421909.55
20230626 000000;0.01341;0.01469;0.01302;0.01339;8045528.1
20230627 000000;0.01339;0.01394;0.01332;0.01359;3004412.42
20230628 000000;0.01359;0.0136;0.0123;0.0126;16206829.23
20230629 000000;0.0126;0.01314;0.01252;0.01274;1716754.64
20230630 000000;0.01274;0.01353;0.01199;0.01342;8268902.27
20230701 000000;0.01342;0.01371;0.01314;0.01369;1695609.59
20230702 000000;0.01369;0.01373;0.01307;0.01365;1555490.85
20230703 000000;0.01365;0.01432;0.01352;0.0141;4857922.54
20230704 000000;0.0141;0.01425;0.0136;0.0138;10463088.43
20230705 000000;0.0138;0.01406;0.01291;0.01308;4498437.55
20230706 000000;0.01308;0.01358;0.01254;0.01258;10387359.44
20230707 000000;0.01258;0.0129;0.01245;0.0129;6560121.71
20230708 000000;0.0129;0.013;0.01262;0.01292;1364319.9
20230709 000000;0.01292;0.01312;0.01276;0.01289;3234601.72
20230710 000000;0.01289;0.01309;0.0124;0.01286;5494110.22
20230711 000000;0.01286;0.01312;0.01276;0.01309;8701988.36
20230712 000000;0.01309;0.01324;0.01279;0.01308;1431400.49
20230713 000000;0.01308;0.01423;0.01281;0.01421;8866574.97
20230714 000000;0.01421;0.0146;0.01326;0.01403;10585719.91
20230715 000000;0.01403;0.01446;0.01371;0.01402;2045645.43
20230716 000000;0.01402;0.01427;0.01361;0.01378;1326177.06
20230717 000000;0.01378;0.01448;0.01362;0.0142;2333559.59
20230718 000000;0.0142;0.0144;0.01352;0.01371;1582295.1
20230719 000000;0.01371;0.01396;0.01339;0.01346;1536137.96
20230720 000000;0.01346;0.01394;0.01321;0.01346;1345184.89
20230721 000000;0.01346;0.01373;0.01333;0.01362;1511727.33
20230722 000000;0.01362;0.01373;0.01302;0.01318;1250306.2
20230723 000000;0.01318;0.01352;0.01307;0.01337;1230308.13
20230724 000000;0.01337;0.01358;0.0125;0.01271;1620099
20230725 000000;0.01271;0.01278;0.01251;0.0127;1663091.95
20230726 000000;0.0127;0.01288;0.01234;0.01273;1385238.46
20230727 000000;0.01273;0.01293;0.01256;0.01278;1306116.46
20230728 000000;0.01278;0.01309;0.01269;0.0129;1750953.75
20230729 000000;0.0129;0.01305;0.01283;0.01297;1742529.9
20230730 000000;0.01297;0.01311;0.0125;0.01274;3950421.58
20230731 000000;0.01274;0.01294;0.01255;0.01271;1972564.3
20230801 000000;0.01271;0.01281;0.01214;0.01276;1888033.44
20230802 000000;0.01276;0.01282;0.0123;0.01241;1596456.03
20230803 000000;0.01241;0.01257;0.0123;0.01235;1378450.25
20230804 000000;0.01235;0.01258;0.01221;0.01233;1345362.63
20230805 000000;0.01233;0.01275;0.01218;0.01273;2026704.23
20230806 000000;0.01273;0.01306;0.0127;0.01282;2606689.16
20230807 000000;0.01282;0.01318;0.01257;0.01286;2197559.65
20230808 000000;0.01286;0.01304;0.01259;0.01286;1585507.53
20230809 000000;0.01286;0.01332;0.01278;0.01311;3483533.6
20230810 000000;0.01311;0.01354;0.01258;0.01267;1813889.3
20230811 000000;0.01267;0.01276;0.01243;0.01264;1619030.79
20230812 000000;0.01264;0.01299;0.01257;0.0128;1337129.44
20230813 000000;0.0128;0.01317;0.01268;0.01299;2496329.18
20230814 000000;0.01299;0.01311;0.01264;0.01289;1513499.43
20230815 000000;0.01289;0.01294;0.01094;0.01172;3210660.36
20230816 000000;0.01172;0.01177;0.01043;0.01079;1897224.48
20230817 000000;0.01079;0.01099;0.00848;0.00954;3539952.9
20230818 000000;0.00954;0.00972;0.00944;0.00965;4237897.15
20230819 000000;0.00965;0.01006;0.00961;0.00992;4313501.67
20230820 000000;0.00992;0.01015;0.00988;0.01005;4313594.3
20230821 000000;0.01005;0.01015;0.00957;0.00984;2636123.4
20230822 000000;0.00984;0.00987;0.0092;0.00969;4004443.85
20230823 000000;0.00969;0.00997;0.00951;0.00984;3403305.66
20230824 000000;0.00984;0.00989;0.00935;0.00953;2218341.92
20230825 000000;0.00953;0.0096;0.00925;0.00958;2170904.4
20230826 000000;0.00958;0.00968;0.00943;0.00944;1932984.03
20230827 000000;0.00944;0.00948;0.00922;0.00934;2081052.5
20230828 000000;0.00934;0.00965;0.00915;0.00952;2498829.25
20230829 000000;0.00952;0.01024;0.00912;0.01014;2545356.57
20230830 000000;0.01014;0.01017;0.00984;0.00997;2475681.05
20230831 000000;0.00997;0.01002;0.00928;0.00944;2685818.38
20230901 000000;0.00944;0.00949;0.00905;0.00913;1947317.24
20230902 000000;0.00913;0.00944;0.00909;0.00934;2474668.11
20230903 000000;0.00934;0.0094;0.00898;0.00906;1889452.45
20230904 000000;0.00906;0.00967;0.00905;0.00918;2498975.49
20230905 000000;0.00918;0.010799;0.00906;0.01015;12399820.51
20230906 000000;0.01015;0.0107;0.00928;0.00962;8711814.73
20230907 000000;0.00962;0.00977;0.00932;0.00972;2322936.29
20230908 000000;0.00972;0.00985;0.009491;0.00973;2333398.58
20230909 000000;0.00973;0.010095;0.00963;0.00977;2690391.21
20230910 000000;0.00977;0.00978;0.008757;0.00908;2029397.17
20230911 000000;0.00908;0.00935;0.0085;0.00876;9849295.07
20230912 000000;0.00876;0.00926;0.00875;0.00893;2194885.18
20230913 000000;0.00893;0.00927;0.00891;0.00917;1774542.83
20230914 000000;0.00917;0.009419;0.00911;0.009305;2200639.08
20230915 000000;0.009305;0.009555;0.009214;0.009523;4046230.45
20230916 000000;0.009523;0.009761;0.009462;0.009683;2125339.06
20230917 000000;0.009683;0.009683;0.008964;0.009081;1858188.48
20230918 000000;0.009081;0.009302;0.008928;0.00914;1984060.58
20230919 000000;0.00914;0.009496;0.009095;0.009441;2075086.47
20230920 000000;0.009441;0.009525;0.009206;0.009416;2519488.7
20230921 000000;0.009416;0.009545;0.009134;0.009299;2499811.63
20230922 000000;0.009299;0.009523;0.0092;0.009499;2707883.29
20230923 000000;0.009499;0.009752;0.009428;0.009722;4148351.4
20230924 000000;0.009722;0.00973;0.00922;0.009269;2993118.78
20230925 000000;0.009269;0.009773;0.009121;0.009717;4235060.88
20230926 000000;0.009717;0.01011;0.009587;0.010097;5020754.53
20230927 000000;0.010097;0.010355;0.009731;0.010055;24444115.28
20230928 000000;0.010055;0.0107;0.010025;0.010251;8660512.69
20230929 000000;0.010251;0.010859;0.0102;0.01052;4342045.21
20230930 000000;0.01052;0.010666;0.010228;0.010318;3087939.86
20231001 000000;0.010318;0.010659;0.010247;0.010558;3533403.06
20231002 000000;0.010558;0.010666;0.009489;0.009769;6743984.47
20231003 000000;0.009769;0.009844;0.009299;0.009359;3283276.33
20231004 000000;0.009359;0.009525;0.009027;0.009429;3067968.51
20231005 000000;0.009429;0.009579;0.009259;0.009263;2908004.95
20231006 000000;0.009263;0.009523;0.009255;0.009456;3226583.24
20231007 000000;0.009456;0.009585;0.009422;0.009534;2915962.88
20231008 000000;0.009534;0.009619;0.00932;0.00952;2882847.45
20231009 000000;0.00952;0.00962;0.008797;0.008968;3366869.73
20231010 000000;0.008968;0.009137;0.008726;0.008832;3515309.25
20231011 000000;0.008832;0.008906;0.008627;0.008747;3389287.39
20231012 000000;0.008747;0.008905;0.00862;0.00881;3146141.62
20231013 000000;0.00881;0.00915;0.008803;0.008935;3003315.05
20231014 000000;0.008935;0.009225;0.008896;0.008993;3211421.96
20231015 000000;0.008993;0.009325;0.008959;0.009173;2966916.77
20231016 000000;0.009173;0.009526;0.009123;0.009306;3364021.19
20231017 000000;0.009306;0.009354;0.008738;0.008876;2925651.28
20231018 000000;0.008876;0.009022;0.008634;0.008789;3282952.57
20231019 000000;0.008789;0.008969;0.0086;0.0088;3412843.89
20231020 000000;0.0088;0.009415;0.008792;0.009281;3105288.83
20231021 000000;0.009281;0.009642;0.009244;0.009509;3376408.89
20231022 000000;0.009509;0.010057;0.009417;0.010029;7595019.16
20231023 000000;0.010029;0.013346;0.009835;0.012931;28256780.91
20231024 000000;0.012931;0.013;0.0111;0.012157;9466407.98
20231025 000000;0.012157;0.013316;0.011646;0.012801;8266528.38
20231026 000000;0.012801;0.013215;0.01159;0.012594;5818079.9
20231027 000000;0.012594;0.01333;0.011962;0.012176;7416729.22
20231028 000000;0.012176;0.012387;0.011753;0.011848;2997227.83
20231029 000000;0.011848;0.012178;0.011651;0.012027;2927294.82
20231030 000000;0.012027;0.012304;0.011735;0.011897;3511679.35
20231031 000000;0.011897;0.012207;0.010949;0.011535;3195746.39
20231101 000000;0.011535;0.01214;0.01113;0.012088;3361432.84
20231102 000000;0.012088;0.012383;0.011521;0.011834;3726907.34
20231103 000000;0.011834;0.011965;0.011346;0.011882;2540482.55
20231104 000000;0.011882;0.012369;0.011807;0.012278;2540715.23
20231105 000000;0.012278;0.014235;0.012207;0.013248;13041357.8
20231106 000000;0.013248;0.014023;0.012998;0.013893;6017769.95
20231107 000000;0.013893;0.014089;0.012886;0.013469;5499389.57
20231108 000000;0.013469;0.013705;0.013239;0.013562;4302375
20231109 000000;0.013562;0.01488;0.011356;0.012908;5519553.34
20231110 000000;0.012908;0.013318;0.012422;0.013233;2582086.17
20231111 000000;0.013233;0.014306;0.013068;0.014001;3050799.1
20231112 000000;0.014001;0.014614;0.01335;0.014229;3363256.28
20231113 000000;0.014229;0.014938;0.013359;0.013359;3832791.71
20231114 000000;0.013359;0.013548;0.012214;0.012615;2948311.93
20231115 000000;0.012615;0.0133;0.012593;0.013212;2679172.07
20231116 000000;0.013212;0.01344;0.012322;0.012473;3037553.3
20231117 000000;0.012473;0.012863;0.011748;0.012346;2356419.77
20231118 000000;0.012346;0.01263;0.011805;0.012303;7016319.87
20231119 000000;0.012303;0.012489;0.01197;0.012441;2456389.58
20231120 000000;0.012441;0.013937;0.012423;0.012552;3670581.52
20231121 000000;0.012552;0.012768;0.010945;0.011109;4159990.41
20231122 000000;0.011109;0.012023;0.011059;0.011904;2360006.14
20231123 000000;0.011904;0.012171;0.011632;0.011851;2392614.5
20231124 000000;0.011851;0.012291;0.011823;0.012124;2576017.15
20231125 000000;0.012124;0.012702;0.012073;0.012677;4581961.35
20231126 000000;0.012677;0.012683;0.012018;0.012632;3330475.08
20231127 000000;0.012632;0.013422;0.012196;0.012501;5462063.6
20231128 000000;0.012501;0.012619;0.011794;0.012561;5617068.52
20231129 000000;0.012561;0.012927;0.012244;0.0124;4731699.81
20231130 000000;0.0124;0.012464;0.012081;0.012315;3040836.12
20231201 000000;0.012315;0.0127;0.012235;0.012395;4143200.54
20231202 000000;0.012395;0.013044;0.012387;0.012882;4072800.46
20231203 000000;0.012882;0.013264;0.012552;0.01281;3336153.35
20231204 000000;0.01281;0.014496;0.0122;0.013601;8750433.54
20231205 000000;0.013601;0.016826;0.013405;0.015152;10592643.26
20231206 000000;0.015152;0.015925;0.013747;0.013758;12424667.7
20231207 000000;0.013758;0.014226;0.013176;0.014086;6004396.95
20231208 000000;0.014086;0.014692;0.013935;0.014663;6576824.99
20231209 000000;0.014663;0.014795;0.014027;0.014157;4590354.4
20231210 000000;0.014157;0.014723;0.013855;0.014476;4653321.07
20231211 000000;0.014476;0.01457;0.0122;0.013139;5302100.32
20231212 000000;0.013139;0.013525;0.012816;0.013141;3570381.37
20231213 000000;0.013141;0.013466;0.012496;0.013331;2863082.68
20231214 000000;0.013331;0.013829;0.012865;0.0138;4185938.22
20231215 000000;0.0138;0.013813;0.012968;0.012996;4443796.78
20231216 000000;0.012996;0.014296;0.012892;0.014182;5759168.95
20231217 000000;0.014182;0.014305;0.013048;0.013169;4552924.03
20231218 000000;0.013169;0.013318;0.01205;0.012693;2481164.66
20231219 000000;0.012693;0.013139;0.012657;0.012832;6202114.66
20231220 000000;0.012832;0.013396;0.012676;0.013143;3791125.15
20231221 000000;0.013143;0.013463;0.012936;0.013396;4370959.14
20231222 000000;0.013396;0.014029;0.0132;0.013954;7885597.23
20231223 000000;0.013954;0.014188;0.013471;0.014092;3787839.23
20231224 000000;0.014092;0.014382;0.01318;0.013447;4205995.05
20231225 000000;0.013447;0.014446;0.013367;0.014172;9424776.94
20231226 000000;0.014172;0.015137;0.01346;0.014895;9511403.56
20231227 000000;0.014895;0.015226;0.014055;0.014644;5612763.15
20231228 000000;0.014644;0.014831;0.0136;0.013807;3805457.57
20231229 000000;0.013807;0.014339;0.013314;0.013797;2932102.76
20231230 000000;0.013797;0.013863;0.013325;0.013472;2240039.53
20231231 000000;0.013472;0.013612;0.012378;0.012772;2494656.19
