20240101 000000;0.057097;0.059;0.0526;0.057701;2693242.01
20240102 000000;0.057701;0.06544;0.057143;0.060423;5615938.28
20240103 000000;0.060423;0.06544;0.05;0.056304;5399349.57
20240104 000000;0.056304;0.064;0.053;0.058283;3524419.48
20240105 000000;0.058283;0.060378;0.053501;0.054802;2152909.19
20240106 000000;0.054802;0.054998;0.0495;0.051991;2950755.15
20240107 000000;0.051991;0.062;0.051282;0.053204;4648933.01
20240108 000000;0.053204;0.062;0.051;0.058574;4277511.72
20240109 000000;0.058574;0.058797;0.052152;0.057127;2537732.55
20240110 000000;0.057127;0.061405;0.052;0.060256;2334177.99
20240111 000000;0.060256;0.071904;0.059652;0.067855;8038157.93
20240112 000000;0.067855;0.070057;0.058429;0.062296;4288088.7
20240113 000000;0.062296;0.071761;0.062291;0.069257;3006928.66
20240114 000000;0.069257;0.071;0.063684;0.063804;1392032.58
20240115 000000;0.063804;0.069295;0.061405;0.067787;2969147.21
20240116 000000;0.067787;0.072265;0.063;0.069994;4018545.35
20240117 000000;0.069994;0.0766;0.06;0.073917;7586791.95
20240118 000000;0.073917;0.074;0.061158;0.061575;4286776.23
20240119 000000;0.061575;0.066244;0.055;0.060369;5777335.21
20240120 000000;0.060369;0.067237;0.057;0.057515;4433767.57
20240121 000000;0.057515;0.058291;0.054233;0.056645;3029576.58
20240122 000000;0.056645;0.056738;0.046367;0.048448;3810306.55
20240123 000000;0.048448;0.052326;0.045723;0.051906;3662723.75
20240124 000000;0.051906;0.05525;0.050097;0.050712;3085892.64
20240125 000000;0.050712;0.05101;0.0461;0.049381;2081941.11
20240126 000000;0.049381;0.053063;0.049103;0.050985;1552595.75
20240127 000000;0.050985;0.05708;0.050097;0.05661;2761651.4
20240128 000000;0.05661;0.061429;0.05661;0.057274;3271115.01
20240129 000000;0.057274;0.058466;0.0545;0.055233;2696406.62
20240130 000000;0.055233;0.055597;0.050276;0.050683;3362623.44
20240131 000000;0.050683;0.052356;0.047;0.048002;2071715.19
20240201 000000;0.048002;0.048451;0.04283;0.046997;4737246.77
20240202 000000;0.046997;0.048497;0.0431;0.046859;2796841.07
20240203 000000;0.046859;0.047114;0.0421;0.043504;1950857.05
20240204 000000;0.043504;0.044455;0.0411;0.043995;1662081.65
20240205 000000;0.043995;0.045444;0.0405;0.04288;2083477.29
20240206 000000;0.04288;0.04425;0.0412;0.042389;1838306.91
20240207 000000;0.042389;0.0439;0.0405;0.04346;1647573.85
20240208 000000;0.04346;0.04875;0.042848;0.043887;2308633.95
20240209 000000;0.043887;0.05;0.042675;0.04776;2918810.17
20240210 000000;0.04776;0.051445;0.045;0.050542;3202071.55
20240211 000000;0.050542;0.050779;0.048004;0.048178;2448606.76
20240212 000000;0.048178;0.055;0.048174;0.054476;3327867.01
20240213 000000;0.054476;0.054896;0.049776;0.0507;2265779.21
20240214 000000;0.0507;0.052922;0.045101;0.047806;5757621.26
20240215 000000;0.047806;0.050983;0.039506;0.043264;7812891.07
20240216 000000;0.043264;0.052;0.038888;0.049093;12890581.22
20240217 000000;0.049093;0.05349;0.046299;0.051034;6905345.75
20240218 000000;0.051034;0.063;0.050867;0.062539;7544861.65
20240219 000000;0.062539;0.077666;0.058184;0.073841;10675055.92
20240220 000000;0.073841;0.075411;0.065;0.073554;6784595.31
20240221 000000;0.073554;0.07489;0.06493;0.070553;5217069.34
20240222 000000;0.070553;0.079;0.070325;0.078753;4847823.44
20240223 000000;0.078753;0.087581;0.072824;0.074292;6832805.31
20240224 000000;0.074292;0.079;0.07046;0.073798;3479854.95
20240225 000000;0.073798;0.073922;0.067574;0.073188;4362425.49
20240226 000000;0.073188;0.073922;0.065;0.070623;3277333.89
20240227 000000;0.070623;0.071385;0.063636;0.0658;4204282.69
20240228 000000;0.0658;0.084;0.06239;0.0821;5227767.49
20240229 000000;0.0821;0.085;0.072462;0.072462;4059549.65
20240301 000000;0.072462;0.084999;0.067912;0.082358;6640674.46
20240302 000000;0.082358;0.124181;0.078874;0.1235;15337519.08
20240303 000000;0.1235;0.1449;0.11183;0.114047;7432676.18
20240304 000000;0.114047;0.137892;0.102738;0.122333;7701172.97
20240305 000000;0.122333;0.1329;0.107455;0.118727;6577115.09
20240306 000000;0.118727;0.15;0.11295;0.142598;6039713.2
20240307 000000;0.142598;0.142598;0.116381;0.124802;6014996.2
20240308 000000;0.124802;0.1348;0.1045;0.115809;5707106.58
20240309 000000;0.115809;0.129235;0.10332;0.109075;4945162.27
20240310 000000;0.109075;0.124802;0.104808;0.105859;3748067.93
20240311 000000;0.105859;0.132;0.092;0.124181;13164794.18
20240312 000000;0.124181;0.127314;0.105;0.113081;5164920.75
20240313 000000;0.113081;0.115802;0.102765;0.107;4762775.26
20240314 000000;0.107;0.115226;0.096801;0.10324;3329973.4
20240315 000000;0.10324;0.10556;0.094385;0.098424;3442337.04
20240316 000000;0.098424;0.12;0.086151;0.105332;7137969.38
20240317 000000;0.105332;0.120194;0.101;0.115101;4661418.23
20240318 000000;0.115101;0.121121;0.099916;0.100746;2278856.27
20240319 000000;0.100746;0.102227;0.09;0.090242;3112021.19
20240320 000000;0.090242;0.099;0.080519;0.095;5400400.09
20240321 000000;0.095;0.108619;0.085851;0.106388;8483596.56
20240322 000000;0.106388;0.12;0.084;0.090692;8365039.24
20240323 000000;0.090692;0.1055;0.08846;0.093939;5250766.01
20240324 000000;0.093939;0.1105;0.081;0.108012;7686055.54
20240325 000000;0.108012;0.10962;0.091201;0.102233;6800923.03
20240326 000000;0.102233;0.1185;0.099;0.1106;5039209.91
20240327 000000;0.1106;0.110719;0.092;0.09644;4691818.84
20240328 000000;0.09644;0.116;0.090636;0.101926;5711711.49
20240329 000000;0.101926;0.101926;0.092;0.095042;2351422.7
20240330 000000;0.095042;0.095042;0.0875;0.091377;3546853.72
20240331 000000;0.091377;0.0915;0.084522;0.089345;4029661.57
20240401 000000;0.089345;0.105001;0.0841;0.095331;6008654.22
20240402 000000;0.095331;0.102738;0.08;0.085425;6048491.46
20240403 000000;0.085425;0.095;0.083329;0.09251;4161717
20240404 000000;0.09251;0.098;0.088459;0.0916;2713114.08
20240405 000000;0.0916;0.092383;0.072168;0.074638;8072300.57
20240406 000000;0.074638;0.082082;0.071385;0.078065;7243320.35
20240407 000000;0.078065;0.078246;0.0694;0.072299;4821447.05
20240408 000000;0.072299;0.085;0.069975;0.081534;7770911.12
20240409 000000;0.081534;0.083;0.0715;0.076805;3466030.48
20240410 000000;0.076805;0.077315;0.07;0.073056;2136077.05
20240411 000000;0.073056;0.075029;0.065909;0.066662;3345231.25
20240412 000000;0.066662;0.0722;0.053587;0.061455;7455458.09
20240413 000000;0.061455;0.063;0.047507;0.055536;8012689.54
20240414 000000;0.055536;0.06578;0.050097;0.06578;6162844.04
20240415 000000;0.06578;0.0768;0.063016;0.066109;5961483.52
20240416 000000;0.066109;0.069528;0.05995;0.063944;3226643.33
20240417 000000;0.063944;0.0644;0.055674;0.058183;3814402.97
20240418 000000;0.058183;0.064263;0.058056;0.062159;3560966.33
20240419 000000;0.062159;0.066239;0.056503;0.059922;4236973.25
20240420 000000;0.059922;0.065909;0.058429;0.061771;1805067.42
20240421 000000;0.061771;0.063944;0.061;0.062159;1353388.98
20240422 000000;0.062159;0.063331;0.057708;0.058541;3732900.61
20240423 000000;0.058541;0.061848;0.056134;0.058639;1426928.51
20240424 000000;0.058639;0.06;0.055;0.055972;2414670.67
20240425 000000;0.055972;0.075008;0.051;0.066158;4399976.67
20240426 000000;0.066158;0.071277;0.060425;0.065561;2797435.68
20240427 000000;0.065561;0.065561;0.0607;0.064051;1697311.77
20240428 000000;0.064051;0.06534;0.059999;0.061031;1097850.5
20240429 000000;0.061031;0.061541;0.0558;0.05796;998616.23
20240430 000000;0.05796;0.058637;0.0513;0.057383;1468520.03
20240501 000000;0.057383;0.057479;0.045603;0.051069;4155725.36
20240502 000000;0.051069;0.052447;0.046989;0.050058;2814261.87
20240503 000000;0.050058;0.062;0.04915;0.061337;3163354.66
20240504 000000;0.061337;0.063737;0.058445;0.060624;1755084.98
20240505 000000;0.060624;0.0661;0.059032;0.063309;2933886.31
20240506 000000;0.063309;0.064048;0.055596;0.057479;2026954.84
20240507 000000;0.057479;0.059722;0.052;0.053416;1986396.84
20240508 000000;0.053416;0.054233;0.049;0.050393;1924253.86
20240509 000000;0.050393;0.053329;0.048018;0.050559;1953210.51
20240510 000000;0.050559;0.050966;0.046068;0.046832;3622733.46
20240511 000000;0.046832;0.049;0.046;0.046211;774928.8
20240512 000000;0.046211;0.046988;0.041264;0.045525;1794548.2
20240513 000000;0.045525;0.045801;0.037157;0.03958;6179804.58
20240514 000000;0.03958;0.041;0.031554;0.035109;7553200.09
20240515 000000;0.035109;0.044;0.032411;0.043717;7481455.48
20240516 000000;0.043717;0.0485;0.0402;0.040721;3643148.65
20240517 000000;0.040721;0.045223;0.040448;0.043307;1758185.74
20240518 000000;0.043307;0.044101;0.0404;0.04154;2457123.71
20240519 000000;0.04154;0.042448;0.036501;0.036785;3509589.52
20240520 000000;0.036785;0.0489;0.035;0.047698;4819447.15
20240521 000000;0.047698;0.058;0.044569;0.049361;8696210.61
20240522 000000;0.049361;0.057286;0.04929;0.050886;3554560.88
20240523 000000;0.050886;0.05141;0.044799;0.04915;2744159.2
20240524 000000;0.04915;0.051325;0.041712;0.044403;2683731.58
20240525 000000;0.044403;0.0498;0.03823;0.041333;3320025.7
20240526 000000;0.041333;0.044923;0.040583;0.041127;1794540.98
20240527 000000;0.041127;0.044551;0.03823;0.041541;3605810.92
20240528 000000;0.041541;0.042875;0.035763;0.04;3531262.91
20240529 000000;0.04;0.0425;0.035779;0.040046;4016021.4
20240530 000000;0.040046;0.042;0.036232;0.03654;2133007.49
20240531 000000;0.03654;0.038412;0.034131;0.036338;1651272.94
20240601 000000;0.036338;0.039;0.031;0.033397;2956084.97
20240602 000000;0.033397;0.03922;0.032564;0.038158;2614282.93
20240603 000000;0.038158;0.038285;0.034358;0.036724;2933389.77
20240604 000000;0.036724;0.038798;0.0363;0.037331;1392804.33
20240605 000000;0.037331;0.038158;0.034452;0.035937;2051695.95
20240606 000000;0.035937;0.037841;0.035;0.03671;2478562.41
20240607 000000;0.03671;0.039998;0.030706;0.032589;5816473.42
20240608 000000;0.032589;0.035;0.031398;0.033343;1995203.23
20240609 000000;0.033343;0.033343;0.0267;0.02904;4075075.05
20240610 000000;0.02904;0.029594;0.024;0.026898;6257916.2
20240611 000000;0.026898;0.0304;0.023;0.026342;6066702.26
20240612 000000;0.026342;0.034818;0.025587;0.033011;4789643.48
20240613 000000;0.033011;0.035224;0.026278;0.0264;2537717.17
20240614 000000;0.0264;0.029233;0.02593;0.027763;2511167.81
20240615 000000;0.027763;0.030273;0.024675;0.028797;1751832.33
20240616 000000;0.028797;0.029169;0.026001;0.028087;871634.38
20240617 000000;0.028087;0.03197;0.023349;0.02593;5242760.06
20240618 000000;0.02593;0.026942;0.022651;0.024748;4262730.1
20240619 000000;0.024748;0.026586;0.023965;0.026059;2028561.94
20240620 000000;0.026059;0.027855;0.025;0.026718;1599284.7
20240621 000000;0.026718;0.027522;0.02406;0.0248;1567767.05
20240622 000000;0.0248;0.027799;0.0238;0.025803;1723323.88
20240623 000000;0.025803;0.027485;0.02442;0.025973;1129137.32
20240624 000000;0.025973;0.028;0.024119;0.026741;3004737.59
20240625 000000;0.026741;0.030977;0.0247;0.027304;3953488.59
20240626 000000;0.027304;0.027948;0.0236;0.025629;2035214.76
20240627 000000;0.025629;0.027039;0.024506;0.026266;2064988.58
20240628 000000;0.026266;0.028265;0.0243;0.025342;1480106.26
20240629 000000;0.025342;0.0275;0.0245;0.026766;1739002.12
20240630 000000;0.026766;0.0318;0.025844;0.028818;1470710.71
20240701 000000;0.028818;0.036;0.028669;0.03293;3321094.72
20240702 000000;0.03293;0.03697;0.03115;0.032555;1923945.58
20240703 000000;0.032555;0.034127;0.026;0.028104;1618620.92
20240704 000000;0.028104;0.031001;0.023324;0.023594;4204988.62
20240705 000000;0.023594;0.026032;0.0196;0.025858;6127954.41
20240706 000000;0.025858;0.028039;0.024092;0.027216;1825804.35
20240707 000000;0.027216;0.027545;0.023256;0.02326;1024982.51
20240708 000000;0.02326;0.024953;0.021111;0.022904;1870480.94
20240709 000000;0.022904;0.024997;0.02236;0.024274;2877166.81
20240710 000000;0.024274;0.029586;0.019314;0.021365;7078684.69
20240711 000000;0.021365;0.02369;0.020998;0.022235;2666293.76
20240712 000000;0.022235;0.02359;0.021016;0.02306;2344047.82
20240713 000000;0.02306;0.0256;0.021897;0.023355;1839542.47
20240714 000000;0.023355;0.024094;0.0217;0.022396;1491306.98
20240715 000000;0.022396;0.0317;0.021612;0.028301;6284785.01
20240716 000000;0.028301;0.035899;0.026203;0.033576;4401819.39
20240717 000000;0.033576;0.0369;0.029272;0.031175;4063775.03
20240718 000000;0.031175;0.036899;0.030896;0.032657;1342261.26
20240719 000000;0.032657;0.0376;0.030711;0.03495;2038630.99
20240720 000000;0.03495;0.03522;0.029;0.03053;3953562.81
20240721 000000;0.03053;0.0325;0.029055;0.031058;2114164.51
20240722 000000;0.031058;0.031426;0.028361;0.02957;935692.72
20240723 000000;0.02957;0.031185;0.02677;0.027018;1884595.91
20240724 000000;0.027018;0.0298;0.025019;0.025154;3336231.94
20240725 000000;0.025154;0.028697;0.022576;0.025634;4972902.13
20240726 000000;0.025634;0.028999;0.024956;0.0265;1854785.29
20240727 000000;0.0265;0.028088;0.02484;0.025961;1368516.34
20240728 000000;0.025961;0.026473;0.024;0.024;1621419.77
20240729 000000;0.024;0.02725;0.021862;0.023014;3787521.27
20240730 000000;0.023014;0.02445;0.022112;0.023966;3599207.94
20240731 000000;0.023966;0.026302;0.0206;0.021517;3432500.55
20240801 000000;0.021517;0.024588;0.0214;0.02396;2233158.39
20240802 000000;0.02396;0.024169;0.020479;0.021048;2638155.86
20240803 000000;0.021048;0.021649;0.017454;0.017473;3698535.88
20240804 000000;0.017473;0.01789;0.0147;0.016172;4425479.2
20240805 000000;0.016172;0.017442;0.013;0.016443;10858042.28
20240806 000000;0.016443;0.0189;0.0164;0.01886;3085176.12
20240807 000000;0.01886;0.019489;0.01562;0.016512;3007325.09
20240808 000000;0.016512;0.0218;0.016412;0.0218;2125001.41
20240809 000000;0.0218;0.0238;0.0189;0.019695;2603228.04
20240810 000000;0.019695;0.0215;0.019695;0.020408;897862.01
20240811 000000;0.020408;0.024602;0.020339;0.020732;2039493.27
20240812 000000;0.020732;0.022688;0.020549;0.021456;1831998.18
20240813 000000;0.021456;0.021657;0.020666;0.021297;963239.5
20240814 000000;0.021297;0.021791;0.01961;0.019873;1184670.75
20240815 000000;0.019873;0.020803;0.0179;0.018722;1315072.24
20240816 000000;0.018722;0.020262;0.018002;0.019645;1725005.85
20240817 000000;0.019645;0.0204;0.018298;0.018483;573241.26
20240818 000000;0.018483;0.019476;0.018333;0.019141;1304039.11
20240819 000000;0.019141;0.021817;0.016983;0.02;1798680.6
20240820 000000;0.02;0.020996;0.017651;0.018013;2742217.45
20240821 000000;0.018013;0.019619;0.017363;0.018877;1714604.55
20240822 000000;0.018877;0.020389;0.01825;0.019562;1662481.12
20240823 000000;0.019562;0.0264;0.019407;0.022888;4369418.68
20240824 000000;0.022888;0.027;0.0225;0.024922;4615508.47
20240825 000000;0.024922;0.027798;0.024001;0.026474;1523854.75
20240826 000000;0.026474;0.027448;0.0242;0.02525;2269915.19
20240827 000000;0.02525;0.026429;0.022531;0.02326;2373450.82
20240828 000000;0.02326;0.025524;0.021604;0.025368;2638511.02
20240829 000000;0.025368;0.026;0.024;0.024172;1170816.19
20240830 000000;0.024172;0.024429;0.022513;0.023799;1626883.87
20240831 000000;0.023799;0.024453;0.023379;0.023822;538260.32
20240901 000000;0.023822;0.023878;0.021124;0.02131;1194958.19
20240902 000000;0.02131;0.0225;0.020997;0.022457;1145862.15
20240903 000000;0.022457;0.023885;0.018917;0.01952;2119345.16
20240904 000000;0.01952;0.022;0.0185;0.020001;2568991.68
20240905 000000;0.020001;0.02096;0.0185;0.019105;1505211.59
20240906 000000;0.019105;0.019661;0.017;0.01815;1830675.65
20240907 000000;0.01815;0.01879;0.017088;0.01777;1295283.74
20240908 000000;0.01777;0.019252;0.01777;0.01866;1257596.37
20240909 000000;0.01866;0.020899;0.018532;0.019559;1332603.61
20240910 000000;0.019559;0.020468;0.018552;0.02004;1714852.36
20240911 000000;0.02004;0.020409;0.018555;0.01896;2335757.48
20240912 000000;0.01896;0.020059;0.018554;0.019683;1833461.25
20240913 000000;0.019683;0.021348;0.019091;0.020235;2044433.64
20240914 000000;0.020235;0.0205;0.0191;0.019193;1168670.06
20240915 000000;0.019193;0.019462;0.018724;0.019;1380474.84
20240916 000000;0.019;0.019512;0.018726;0.019299;1318673.09
20240917 000000;0.019299;0.019494;0.018324;0.019095;2462020.95
20240918 000000;0.019095;0.021549;0.0182;0.0184;3592143.36
20240919 000000;0.0184;0.02155;0.0182;0.019554;5129952.06
20240920 000000;0.019554;0.023;0.0182;0.019477;4448546.28
20240921 000000;0.019477;0.0237;0.019;0.0225;4952519.77
20240922 000000;0.0225;0.0243;0.0213;0.023178;2614098.16
20240923 000000;0.023178;0.0265;0.022899;0.025801;3870129.62
20240924 000000;0.025801;0.035;0.023974;0.03199;9095075.9
20240925 000000;0.03199;0.036499;0.02872;0.032335;5176362.34
20240926 000000;0.032335;0.034778;0.030511;0.03199;3963387.07
20240927 000000;0.03199;0.0345;0.030511;0.031999;4081889.68
20240928 000000;0.031999;0.032449;0.0272;0.028207;4161481.06
20240929 000000;0.028207;0.029365;0.027133;0.028033;2610496.86
20240930 000000;0.028033;0.028332;0.02602;0.026516;2592397.68
20241001 000000;0.026516;0.0314;0.02397;0.02834;5375673.12
20241002 000000;0.02834;0.030548;0.0246;0.024853;2815672.36
20241003 000000;0.024853;0.026135;0.022224;0.023735;3861479.29
20241004 000000;0.023735;0.0279;0.021616;0.024727;8960044.65
20241005 000000;0.024727;0.027579;0.024727;0.025643;2627098.53
20241006 000000;0.025643;0.026354;0.025039;0.0251;1089856.17
20241007 000000;0.0251;0.026337;0.022336;0.022579;4663359.2
20241008 000000;0.022579;0.023043;0.021109;0.021812;3060822.28
20241009 000000;0.021812;0.022615;0.02036;0.02036;1814338.13
20241010 000000;0.02036;0.021714;0.02036;0.021443;1626734.67
20241011 000000;0.021443;0.02498;0.020907;0.023218;2531728.47
20241012 000000;0.023218;0.0245;0.022003;0.022738;2412483.93
20241013 000000;0.022738;0.023361;0.022001;0.022801;1430586.44
20241014 000000;0.022801;0.026769;0.022007;0.023582;4435007.75
20241015 000000;0.023582;0.023968;0.0216;0.0222;2998953.42
20241016 000000;0.0222;0.024991;0.021133;0.021984;3072032
20241017 000000;0.021984;0.0235;0.019888;0.020871;3916405.76
20241018 000000;0.020871;0.021656;0.019444;0.020322;2925621.09
20241019 000000;0.020322;0.020922;0.019751;0.020417;1636720.79
20241020 000000;0.020417;0.020429;0.019;0.020272;2574691.22
20241021 000000;0.020272;0.020272;0.019;0.019601;1852787.27
20241022 000000;0.019601;0.019976;0.018085;0.018692;2573555.8
20241023 000000;0.018692;0.019348;0.0175;0.018355;2993239.06
20241024 000000;0.018355;0.018675;0.016623;0.018057;4044613.21
20241025 000000;0.018057;0.0184;0.015701;0.016012;3233670.59
20241026 000000;0.016012;0.017629;0.016;0.017;1963710.83
20241027 000000;0.017;0.017502;0.016066;0.016449;1708734.01
20241028 000000;0.016449;0.0178;0.015783;0.017308;2693443.43
20241029 000000;0.017308;0.0219;0.017147;0.020907;7064236
20241030 000000;0.020907;0.022866;0.0206;0.021939;4340801.99
20241031 000000;0.021939;0.022376;0.0195;0.019713;4421239.68
20241101 000000;0.019713;0.0215;0.019155;0.019229;1574704.22
20241102 000000;0.019229;0.019359;0.018001;0.018425;1055861.96
20241103 000000;0.018425;0.018612;0.017395;0.018143;2199443.12
20241104 000000;0.018143;0.02;0.0178;0.018747;2511128.2
20241105 000000;0.018747;0.019461;0.016188;0.01714;3519064.52
20241106 000000;0.01714;0.019987;0.01714;0.018498;6025456.09
20241107 000000;0.018498;0.019874;0.017246;0.018062;5422596.39
20241108 000000;0.018062;0.0227;0.017005;0.021317;6442026.74
20241109 000000;0.021317;0.026;0.020351;0.023286;5610339.49
20241110 000000;0.023286;0.024458;0.020601;0.022051;12402066.12
20241111 000000;0.022051;0.024411;0.020831;0.022958;9290855.76
20241112 000000;0.022958;0.031;0.022406;0.030417;14127200.03
20241113 000000;0.030417;0.048599;0.029073;0.037409;24907139.05
20241114 000000;0.037409;0.058;0.0348;0.05295;15457243.63
20241115 000000;0.05295;0.074;0.052059;0.064;14323314.37
20241116 000000;0.064;0.072033;0.060906;0.065986;5330573.34
20241117 000000;0.065986;0.067715;0.0545;0.056768;5524549.29
20241118 000000;0.056768;0.063545;0.050886;0.057732;5196481.09
20241119 000000;0.057732;0.057732;0.044361;0.05073;5849151.4
20241120 000000;0.05073;0.05073;0.044573;0.044999;5243570.68
20241121 000000;0.044999;0.066992;0.044315;0.06473;8895329.18
20241122 000000;0.06473;0.0699;0.056874;0.065476;6284051.57
20241123 000000;0.065476;0.073;0.06333;0.065576;7960295.72
20241124 000000;0.065576;0.067769;0.0555;0.06018;4396182.39
20241125 000000;0.06018;0.063147;0.0562;0.0567;2839303.03
20241126 000000;0.0567;0.059;0.050876;0.056622;2840228.32
20241127 000000;0.056622;0.0689;0.056622;0.063942;4523892.41
20241128 000000;0.063942;0.065995;0.05724;0.059226;3753499.45
20241129 000000;0.059226;0.0712;0.0581;0.061447;3119503.59
20241130 000000;0.061447;0.071787;0.059503;0.071613;7550267.74
20241201 000000;0.071613;0.071999;0.0653;0.06847;4031310.35
20241202 000000;0.06847;0.071994;0.061011;0.062919;5657906.95
20241203 000000;0.062919;0.065766;0.054;0.062;6694697.69
20241204 000000;0.062;0.063827;0.059254;0.060723;3826552.85
20241205 000000;0.060723;0.0685;0.055;0.058202;5283819.63
20241206 000000;0.058202;0.0638;0.054609;0.062075;5674279.84
20241207 000000;0.062075;0.0638;0.055001;0.058914;3824677.35
20241208 000000;0.058914;0.066588;0.0565;0.058608;4691574.98
20241209 000000;0.058608;0.058832;0.044581;0.046819;7185325.52
20241210 000000;0.046819;0.058883;0.045004;0.049263;6318972.88
20241211 000000;0.049263;0.049544;0.038862;0.04234;13387336.26
20241212 000000;0.04234;0.048985;0.039222;0.044771;6483637.54
20241213 000000;0.044771;0.047985;0.041752;0.043838;3509164.49
20241214 000000;0.043838;0.044325;0.038;0.040455;6468973.08
20241215 000000;0.040455;0.04381;0.038354;0.038503;3569724.08
20241216 000000;0.038503;0.043989;0.037828;0.042177;4104720.18
20241217 000000;0.042177;0.042177;0.0367;0.038544;3917220.14
20241218 000000;0.038544;0.039322;0.033;0.0356;5649313.19
20241219 000000;0.0356;0.038897;0.027;0.031216;8276861.14
20241220 000000;0.031216;0.033168;0.02501;0.030353;8619011
20241221 000000;0.030353;0.034;0.029328;0.030286;4585306.09
20241222 000000;0.030286;0.030406;0.028051;0.029251;3573329.84
20241223 000000;0.029251;0.032699;0.0285;0.031476;4482063.83
20241224 000000;0.031476;0.036314;0.03012;0.034064;4316945.61
20241225 000000;0.034064;0.035985;0.030751;0.033918;4077165.76
20241226 000000;0.033918;0.035363;0.031;0.031234;1746237.1
20241227 000000;0.031234;0.035885;0.03;0.030566;3811294.92
20241228 000000;0.030566;0.030566;0.028291;0.02895;2823145.78
20241229 000000;0.02895;0.032006;0.027879;0.028199;3968747.97
20241230 000000;0.028199;0.030212;0.0264;0.027757;3905216.23
20241231 000000;0.027757;0.0347;0.027;0.031784;6923547.89
