20230728 000000;0.001;0.004427;0.00037;0.003174;71234700.27
20230729 000000;0.003174;0.00499;0.00285;0.003204;67753438.74
20230730 000000;0.003204;0.003347;0.002761;0.002993;32401135.53
20230731 000000;0.002993;0.0037;0.002824;0.003178;38878076.81
20230801 000000;0.003178;0.003645;0.002884;0.003177;38642713.41
20230802 000000;0.003177;0.003325;0.002955;0.003108;35895955.71
20230803 000000;0.003108;0.003115;0.0028;0.002843;51247787.46
20230804 000000;0.002843;0.003025;0.0028;0.002941;43187792.14
20230805 000000;0.002941;0.003166;0.002633;0.002723;43437842.84
20230806 000000;0.002723;0.003628;0.002722;0.003082;35297183.9
20230807 000000;0.003082;0.003429;0.00284;0.003392;38049002.25
20230808 000000;0.003392;0.00499;0.002868;0.004263;50100932.43
20230809 000000;0.004263;0.00499;0.003405;0.004852;27237025.96
20230810 000000;0.004852;0.006812;0.004426;0.005689;45964922.75
20230811 000000;0.005689;0.006111;0.00465;0.005481;16728231.73
20230812 000000;0.005481;0.0078;0.0054;0.007776;17640418.35
20230813 000000;0.007776;0.008795;0.00683;0.008134;55581676.47
20230814 000000;0.008134;0.009;0.006915;0.008662;82963595.78
20230815 000000;0.008662;0.014;0.008111;0.012884;148621610.92
20230816 000000;0.012884;0.025;0.011401;0.018876;58179007.31
20230817 000000;0.018876;0.02847;0.014446;0.024425;61738464.11
20230818 000000;0.024425;0.029924;0.019;0.027015;21479991.61
20230819 000000;0.027015;0.0285;0.023;0.025666;32300602.42
20230820 000000;0.025666;0.0274;0.019319;0.023863;15535182.56
20230821 000000;0.023863;0.02738;0.018;0.020381;15441464.81
20230822 000000;0.020381;0.022;0.0153;0.021802;24374656.34
20230823 000000;0.021802;0.0245;0.019373;0.023049;13319684.48
20230824 000000;0.023049;0.024905;0.0185;0.022422;14625053.07
20230825 000000;0.022422;0.02345;0.018;0.020264;12910393.28
20230826 000000;0.020264;0.028141;0.019;0.026759;15029585.68
20230827 000000;0.026759;0.028888;0.022;0.025782;12574451.05
20230828 000000;0.025782;0.027271;0.022;0.023552;11097289.56
20230829 000000;0.023552;0.027252;0.022;0.025334;15290401.65
20230830 000000;0.025334;0.025751;0.020024;0.021418;12234517.5
20230831 000000;0.021418;0.023338;0.0191;0.020716;15506549.93
20230901 000000;0.020716;0.02086;0.018;0.018794;6975962.32
20230902 000000;0.018794;0.021345;0.01801;0.019007;8668792.56
20230903 000000;0.019007;0.021;0.018;0.018687;5448634.3
20230904 000000;0.018687;0.019134;0.015671;0.017296;43512557.69
20230905 000000;0.017296;0.018183;0.015671;0.016995;18219034.76
20230906 000000;0.016995;0.017329;0.015;0.016236;20698376.32
20230907 000000;0.016236;0.02;0.016;0.019023;7478754.44
20230908 000000;0.019023;0.019776;0.015998;0.016714;8015142.88
20230909 000000;0.016714;0.017179;0.01586;0.015876;4533607.25
20230910 000000;0.015876;0.017999;0.015719;0.016128;5742609.83
20230911 000000;0.016128;0.016622;0.01389;0.01457;12534338.61
20230912 000000;0.01457;0.016217;0.014217;0.015067;6272151.01
20230913 000000;0.015067;0.015667;0.013;0.015083;11770585.3
20230914 000000;0.015083;0.015112;0.012066;0.013667;11990277.04
20230915 000000;0.013667;0.016112;0.0135;0.015089;9117453.32
20230916 000000;0.015089;0.0169;0.014983;0.015655;4950090.02
20230917 000000;0.015655;0.01778;0.0149;0.015277;8009965.91
20230918 000000;0.015277;0.017889;0.01455;0.016958;19653323.58
20230919 000000;0.016958;0.017776;0.014773;0.015165;18827946
20230920 000000;0.015165;0.016334;0.0132;0.014223;14068353.86
20230921 000000;0.014223;0.01465;0.0125;0.013778;13416998.05
20230922 000000;0.013778;0.01449;0.012388;0.012855;12922134.13
20230923 000000;0.012855;0.015955;0.012318;0.01504;11744919.02
20230924 000000;0.01504;0.015799;0.013958;0.014014;10231580.7
20230925 000000;0.014014;0.015515;0.013288;0.014474;11908624.75
20230926 000000;0.014474;0.015209;0.0134;0.014109;11004396.37
20230927 000000;0.014109;0.01521;0.013888;0.014953;10654682.94
20230928 000000;0.014953;0.0175;0.014837;0.016203;10352738.24
20230929 000000;0.016203;0.019777;0.016201;0.018175;10032790.18
20230930 000000;0.018175;0.018999;0.0165;0.016887;8370984.66
20231001 000000;0.016887;0.018335;0.01682;0.017314;6973987.27
20231002 000000;0.017314;0.018204;0.015869;0.016462;10455498.02
20231003 000000;0.016462;0.016889;0.015169;0.01543;11620977.85
20231004 000000;0.01543;0.0163;0.015063;0.015508;11275180.89
20231005 000000;0.015508;0.01602;0.0144;0.014556;11779408.11
20231006 000000;0.014556;0.015333;0.014166;0.014936;10302077.5
20231007 000000;0.014936;0.015988;0.014555;0.014868;10233587.92
20231008 000000;0.014868;0.016;0.0135;0.014584;10807675.43
20231009 000000;0.014584;0.015559;0.0136;0.014327;11917073.36
20231010 000000;0.014327;0.014947;0.013208;0.013542;11463926.83
20231011 000000;0.013542;0.014837;0.013334;0.013588;16450367.24
20231012 000000;0.013588;0.015483;0.013445;0.013861;12137571.36
20231013 000000;0.013861;0.014948;0.013351;0.014117;9577463.71
20231014 000000;0.014117;0.014721;0.013289;0.014163;10306548.84
20231015 000000;0.014163;0.014491;0.013671;0.013948;9751106.74
20231016 000000;0.013948;0.014682;0.012632;0.012838;12428507.67
20231017 000000;0.012838;0.01372;0.012148;0.013001;15940158.46
20231018 000000;0.013001;0.014391;0.012001;0.013783;15621059.61
20231019 000000;0.013783;0.01695;0.0134;0.015658;13947724.11
20231020 000000;0.015658;0.019223;0.015162;0.018299;11530735.97
20231021 000000;0.018299;0.018889;0.016401;0.017442;10551882.24
20231022 000000;0.017442;0.023251;0.015506;0.02286;14069527.48
20231023 000000;0.02286;0.026805;0.021007;0.024509;15257413.3
20231024 000000;0.024509;0.027167;0.020834;0.021769;12705569.28
20231025 000000;0.021769;0.029;0.02105;0.025562;9899772.16
20231026 000000;0.025562;0.028999;0.021314;0.024949;14006069.79
20231027 000000;0.024949;0.0275;0.0226;0.026735;9910329.93
20231028 000000;0.026735;0.033;0.025831;0.030071;11141959.08
20231029 000000;0.030071;0.034;0.0275;0.031163;12636820.22
20231030 000000;0.031163;0.0329;0.029001;0.030082;7167278.02
20231031 000000;0.030082;0.031;0.026551;0.028522;9318554.77
20231101 000000;0.028522;0.033;0.028302;0.030844;6896128.22
20231102 000000;0.030844;0.032499;0.0275;0.027859;8392076.05
20231103 000000;0.027859;0.0339;0.027;0.032216;10453385.91
20231104 000000;0.032216;0.032399;0.029107;0.031132;6383730.92
20231105 000000;0.031132;0.034578;0.0308;0.033047;6449826.58
20231106 000000;0.033047;0.039;0.03;0.034527;13921070.39
20231107 000000;0.034527;0.038304;0.031501;0.034204;14044939.25
20231108 000000;0.034204;0.0489;0.032;0.044001;19350619.88
20231109 000000;0.044001;0.052;0.040222;0.047532;13282513.9
20231110 000000;0.047532;0.049799;0.042;0.046249;9143655.66
20231111 000000;0.046249;0.0495;0.043;0.045812;5483153.66
20231112 000000;0.045812;0.048967;0.043524;0.048248;7119336.05
20231113 000000;0.048248;0.048248;0.035195;0.04077;12094398.91
20231114 000000;0.04077;0.042;0.0355;0.038964;9224348.59
20231115 000000;0.038964;0.051258;0.0378;0.048833;9306718.76
20231116 000000;0.048833;0.058;0.0454;0.050099;12065743.87
20231117 000000;0.050099;0.0579;0.045;0.049793;10283348.15
20231118 000000;0.049793;0.058098;0.047;0.055958;7371174.73
20231119 000000;0.055958;0.066;0.055129;0.059545;7151841.57
20231120 000000;0.059545;0.071;0.057501;0.059967;11138842.49
20231121 000000;0.059967;0.063424;0.048;0.052951;12841599.39
20231122 000000;0.052951;0.065;0.0492;0.055936;7187862.45
20231123 000000;0.055936;0.057;0.050597;0.053724;5666592.41
20231124 000000;0.053724;0.061;0.051111;0.052372;5876543.39
20231125 000000;0.052372;0.055;0.051159;0.051545;3902955.13
20231126 000000;0.051545;0.055999;0.049225;0.05435;5548242.92
20231127 000000;0.05435;0.054401;0.0481;0.049902;5937926.47
20231128 000000;0.049902;0.055;0.0438;0.051161;8045978.67
20231129 000000;0.051161;0.052356;0.0477;0.048237;4890811.27
20231130 000000;0.048237;0.050079;0.029877;0.047058;13411676.61
20231201 000000;0.047058;0.05;0.041003;0.042851;7176245.12
20231202 000000;0.042851;0.046299;0.041141;0.043627;6678131.96
20231203 000000;0.043627;0.045;0.03605;0.0367;7831798.28
20231204 000000;0.0367;0.043162;0.032634;0.037972;16018431.14
20231205 000000;0.037972;0.043;0.034175;0.041613;9496895.24
20231206 000000;0.041613;0.0526;0.039412;0.049595;9896334.63
20231207 000000;0.049595;0.053;0.04444;0.048501;6695118.94
20231208 000000;0.048501;0.050389;0.042774;0.044661;6030205.6
20231209 000000;0.044661;0.0524;0.04128;0.048666;7907162.66
20231210 000000;0.048666;0.054999;0.048585;0.050261;10591627.98
20231211 000000;0.050261;0.050817;0.04036;0.044842;8143374.09
20231212 000000;0.044842;0.0522;0.043091;0.04539;6116023
20231213 000000;0.04539;0.0505;0.04166;0.047522;7800754.63
20231214 000000;0.047522;0.056;0.042801;0.049606;9902559.5
20231215 000000;0.049606;0.050316;0.04;0.041552;9044477.58
20231216 000000;0.041552;0.046318;0.0391;0.04242;7763294.62
20231217 000000;0.04242;0.046999;0.040461;0.041513;5668365.19
20231218 000000;0.041513;0.04667;0.039135;0.046092;5785327.64
20231219 000000;0.046092;0.049;0.041601;0.043089;6238175.69
20231220 000000;0.043089;0.04649;0.037001;0.042087;6438641.94
20231221 000000;0.042087;0.042147;0.039655;0.040609;2988148.22
20231222 000000;0.040609;0.041;0.036523;0.036923;5564896.61
20231223 000000;0.036923;0.041;0.0347;0.039758;8044360.1
20231224 000000;0.039758;0.042751;0.0353;0.042134;5702544.67
20231225 000000;0.042134;0.051666;0.040135;0.045152;7301194.01
20231226 000000;0.045152;0.0463;0.040331;0.040966;4291329.07
20231227 000000;0.040966;0.048;0.0392;0.047966;4064532.71
20231228 000000;0.047966;0.0537;0.047118;0.052286;7003648.93
20231229 000000;0.052286;0.0545;0.047735;0.048882;3734152.96
20231230 000000;0.048882;0.057742;0.046034;0.051531;2534407.43
20231231 000000;0.051531;0.059;0.049568;0.057097;3175786.98
