20240101 000000;0.000000068477;0.0000000705;0.0000000651;0.000000068161;3642968795146
20240102 000000;0.000000068161;0.0000000745;0.000000067806;0.000000069144;7814123213807
20240103 000000;0.000000069144;0.000000070499;0.000000062222;0.000000063094;5809415629476
20240104 000000;0.000000063094;0.0000000664;0.000000062355;0.000000065067;2783953211817
20240105 000000;0.000000065067;0.00000006624;0.000000062222;0.000000064908;2787598055845
20240106 000000;0.000000064908;0.000000065311;0.00000006;0.00000006289;3873974200765
20240107 000000;0.00000006289;0.0000000638;0.000000062223;0.000000062303;2117532740480
20240108 000000;0.000000062303;0.000000064798;0.000000061199;0.000000063552;3048797268032
20240109 000000;0.000000063552;0.000000064477;0.000000061232;0.000000063558;2804297433960
20240110 000000;0.000000063558;0.000000072;0.00000006248;0.000000070514;3954779493438
20240111 000000;0.000000070514;0.0000000715;0.0000000663;0.0000000674;4491552148210
20240112 000000;0.0000000674;0.0000000696;0.000000063062;0.000000064156;2959103223904
20240113 000000;0.000000064156;0.0000000678;0.000000062;0.000000065592;1967731594421
20240114 000000;0.000000065592;0.000000066389;0.00000006189;0.000000061902;1859342404701
20240115 000000;0.000000061902;0.0000000641;0.0000000615;0.000000062955;2015561838213
20240116 000000;0.000000062955;0.000000063998;0.000000061;0.000000062221;3293181563294
20240117 000000;0.000000062221;0.000000067954;0.000000061531;0.000000061804;2391649277451
20240118 000000;0.000000061804;0.000000064833;0.0000000595;0.000000060355;3752174205103
20240119 000000;0.000000060355;0.000000061199;0.000000058;0.000000059396;2984866246772
20240120 000000;0.000000059396;0.000000062398;0.000000058;0.000000060261;2843272668334
20240121 000000;0.000000060261;0.000000061779;0.000000059177;0.000000060512;2171828226495
20240122 000000;0.000000060512;0.0000000615;0.000000057;0.00000005713;2703689975785
20240123 000000;0.00000005713;0.000000059999;0.000000052;0.000000054513;4566420554260
20240124 000000;0.000000054513;0.000000056197;0.000000053347;0.000000053972;2720805953733
20240125 000000;0.000000053972;0.000000056599;0.000000053103;0.000000055411;2103337496165
20240126 000000;0.000000055411;0.0000000577;0.000000054164;0.000000056526;2420651217714
20240127 000000;0.000000056526;0.000000059;0.000000055744;0.000000057301;1749125395473
20240128 000000;0.000000057301;0.000000058999;0.000000055;0.000000055022;2794821437958
20240129 000000;0.000000055022;0.000000058066;0.000000054512;0.000000056316;2177849715854
20240130 000000;0.000000056316;0.000000058297;0.000000056274;0.000000056786;1951126552176
20240131 000000;0.000000056786;0.0000000581;0.000000055268;0.000000056095;2002243255374
20240201 000000;0.000000056095;0.0000000577;0.0000000551;0.000000057298;1856865140019
20240202 000000;0.000000057298;0.00000005788;0.000000056503;0.00000005741;1904770794540
20240203 000000;0.00000005741;0.000000061499;0.000000057002;0.000000060752;4190803084118
20240204 000000;0.000000060752;0.000000061676;0.000000059;0.000000059111;2978653800960
20240205 000000;0.000000059111;0.000000061677;0.000000059;0.000000060387;2363032830287
20240206 000000;0.000000060387;0.000000063;0.00000005985;0.000000062101;2142311628039
20240207 000000;0.000000062101;0.000000066;0.000000060701;0.000000065763;2881429114348
20240208 000000;0.000000065763;0.000000068;0.000000063;0.000000065169;3150450963968
20240209 000000;0.000000065169;0.000000066999;0.000000063702;0.000000064522;2723768190764
20240210 000000;0.000000064522;0.000000065667;0.00000006291;0.000000063494;2433098719003
20240211 000000;0.000000063494;0.00000006524;0.00000006291;0.000000063566;2198581059782
20240212 000000;0.000000063566;0.000000072;0.000000063099;0.000000070257;5377845346724
20240213 000000;0.000000070257;0.000000072;0.0000000691;0.000000070429;3140308832638
20240214 000000;0.000000070429;0.000000074688;0.000000068522;0.000000070117;4534120056192
20240215 000000;0.000000070117;0.000000091921;0.000000066;0.000000081397;15677436474811
20240216 000000;0.000000081397;0.0000000858;0.0000000775;0.000000083569;4741518130329
20240217 000000;0.000000083569;0.00000009399;0.0000000807;0.000000090956;6138117420391
20240218 000000;0.000000090956;0.0000001064;0.000000089702;0.000000105362;6085732924584
20240219 000000;0.000000105362;0.00000012;0.000000091888;0.000000092752;8787132712032
20240220 000000;0.000000092752;0.00000011379;0.00000009;0.000000110253;7557153562965
20240221 000000;0.000000110253;0.00000011379;0.000000101;0.000000110361;4335791463774
20240222 000000;0.000000110361;0.00000012;0.000000106;0.000000110002;4489556793617
20240223 000000;0.000000110002;0.0000001135;0.000000096;0.000000096132;4052005833754
20240224 000000;0.000000096132;0.000000102699;0.000000095566;0.0000000995;2716663397375
20240225 000000;0.0000000995;0.00000010396;0.000000098402;0.000000102954;2636485658733
20240226 000000;0.000000102954;0.00000010428;0.000000098;0.000000100055;3630298190539
20240227 000000;0.000000100055;0.00000010289;0.000000095;0.000000102042;4149296522162
20240228 000000;0.000000102042;0.000000118997;0.000000095;0.000000113899;9330784242302
20240229 000000;0.000000113899;0.000000118994;0.000000105044;0.0000001096;5756593647302
20240301 000000;0.0000001096;0.000000116;0.000000105;0.0000001155;4117339665549
20240302 000000;0.0000001155;0.000000132483;0.000000112526;0.000000123052;9362927006833
20240303 000000;0.000000123052;0.000000123356;0.0000001133;0.000000122379;5832788788746
20240304 000000;0.000000122379;0.000000134999;0.000000119572;0.000000134488;7869455878676
20240305 000000;0.000000134488;0.00000013499;0.0000001017;0.000000112315;10659369711969
20240306 000000;0.000000112315;0.000000126797;0.000000112315;0.00000012;5259138142597
20240307 000000;0.00000012;0.0000001377;0.000000115002;0.000000123537;6848713919283
20240308 000000;0.000000123537;0.000000129998;0.000000111;0.000000116699;6414985718384
20240309 000000;0.000000116699;0.00000011967;0.000000102;0.000000107315;6184472604823
20240310 000000;0.000000107315;0.00000012469;0.0000001063;0.000000119514;5611695332334
20240311 000000;0.000000119514;0.00000013;0.000000114807;0.000000122992;5994182056328
20240312 000000;0.000000122992;0.000000124789;0.0000001112;0.000000117396;4502826452294
20240313 000000;0.000000117396;0.000000122499;0.000000114;0.000000117757;3929711656954
20240314 000000;0.000000117757;0.000000118799;0.000000102544;0.000000114409;6314862316654
20240315 000000;0.000000114409;0.0000001156;0.0000001;0.000000106127;6905110560140
20240316 000000;0.000000106127;0.000000112;0.0000000937;0.000000096174;5812857414520
20240317 000000;0.000000096174;0.000000102999;0.0000000895;0.000000100232;5295033595104
20240318 000000;0.000000100232;0.000000101159;0.000000087;0.00000009174;3777829774351
20240319 000000;0.00000009174;0.0000000947;0.000000077;0.000000080451;8123094487222
20240320 000000;0.000000080451;0.00000010375;0.0000000781;0.000000097359;4911549687960
20240321 000000;0.000000097359;0.000000098817;0.000000089;0.000000095585;3355294271419
20240322 000000;0.000000095585;0.000000098376;0.00000008436;0.000000086042;2639220149879
20240323 000000;0.000000086042;0.000000091796;0.000000086042;0.00000009006;2049240780538
20240324 000000;0.00000009006;0.000000096879;0.000000088741;0.00000009384;3153296962181
20240325 000000;0.00000009384;0.000000105315;0.000000091525;0.00000010101;3904987871255
20240326 000000;0.00000010101;0.0000001038;0.000000093617;0.000000094899;3621545796590
20240327 000000;0.000000094899;0.000000097978;0.000000087001;0.000000088242;3366116628301
20240328 000000;0.000000088242;0.000000090345;0.0000000851;0.000000086151;2652239538896
20240329 000000;0.000000086151;0.000000095;0.000000085512;0.000000086953;2655773113485
20240330 000000;0.000000086953;0.000000089103;0.00000008556;0.000000086414;1859778733089
20240331 000000;0.000000086414;0.00000009167;0.0000000862;0.0000000886;2616838810689
20240401 000000;0.0000000886;0.00000008889;0.000000081313;0.000000085197;2755998040618
20240402 000000;0.000000085197;0.000000088;0.000000078;0.000000083137;4213844089394
20240403 000000;0.000000083137;0.000000085978;0.00000008;0.000000082009;2925754573376
20240404 000000;0.000000082009;0.00000008843;0.0000000807;0.00000008384;3657526036982
20240405 000000;0.00000008384;0.000000087;0.00000008001;0.000000084991;2867177595572
20240406 000000;0.000000084991;0.000000089899;0.0000000849;0.000000089024;2090782181332
20240407 000000;0.000000089024;0.000000108;0.000000087;0.000000105621;6649339192500
20240408 000000;0.000000105621;0.000000133183;0.000000100463;0.00000011684;8755920865912
20240409 000000;0.00000011684;0.00000011684;0.0000001046;0.00000010677;4643394575915
20240410 000000;0.00000010677;0.000000113903;0.000000100024;0.00000011122;4879155314520
20240411 000000;0.00000011122;0.0000001174;0.000000107775;0.000000113123;3334470709943
20240412 000000;0.000000113123;0.000000114028;0.000000095;0.000000099815;4193387252428
20240413 000000;0.000000099815;0.000000102614;0.000000082;0.00000009;4158933539930
20240414 000000;0.00000009;0.000000104041;0.000000084001;0.0000001003;6128013617717
20240415 000000;0.0000001003;0.0000001048;0.000000091001;0.000000097104;2615377914051
20240416 000000;0.000000097104;0.000000098581;0.000000091113;0.000000098161;2399582626615
20240417 000000;0.000000098161;0.00000010999;0.0000000952;0.000000100243;4855302052506
20240418 000000;0.000000100243;0.000000120901;0.000000100243;0.000000114499;3999378198775
20240419 000000;0.000000114499;0.0000001213;0.000000105679;0.000000118474;3257030873768
20240420 000000;0.000000118474;0.000000121198;0.000000104685;0.000000108794;5258617040756
20240421 000000;0.000000108794;0.000000110878;0.000000100001;0.00000010231;3350220423553
20240422 000000;0.00000010231;0.000000105;0.0000000963;0.000000096632;2401113441259
20240423 000000;0.000000096632;0.00000010341;0.00000009645;0.000000099078;1745323517930
20240424 000000;0.000000099078;0.000000103807;0.000000097;0.000000098;2125506254323
20240425 000000;0.000000098;0.000000101684;0.000000097001;0.00000010017;1426507744712
20240426 000000;0.00000010017;0.000000101402;0.000000095928;0.000000099033;1582360758803
20240427 000000;0.000000099033;0.000000102;0.000000095001;0.000000099993;1736955618262
20240428 000000;0.000000099993;0.000000102;0.000000098501;0.000000099981;1654610078421
20240429 000000;0.000000099981;0.000000100299;0.00000009322;0.000000097615;1982561950231
20240430 000000;0.000000097615;0.0000001;0.000000086701;0.000000092186;1871707815067
20240501 000000;0.000000092186;0.000000094822;0.000000081;0.000000088399;2681156014681
20240502 000000;0.000000088399;0.0000001;0.000000085207;0.0000000919;1423884140740
20240503 000000;0.0000000919;0.000000094801;0.000000086406;0.00000009267;2052945092000
20240504 000000;0.00000009267;0.000000102158;0.000000091;0.000000092679;2433973843870
20240505 000000;0.000000092679;0.000000099499;0.00000009203;0.000000096367;1293107391521
20240506 000000;0.000000096367;0.000000098018;0.0000000895;0.00000009101;1486521679720
20240507 000000;0.00000009101;0.0000000935;0.00000008815;0.000000088897;1376660317452
20240508 000000;0.000000088897;0.000000091;0.000000084974;0.000000087869;1827316216162
20240509 000000;0.000000087869;0.000000094127;0.000000085549;0.000000090025;1961384354611
20240510 000000;0.000000090025;0.000000092449;0.000000085001;0.000000086472;1529264866123
20240511 000000;0.000000086472;0.000000088879;0.000000085005;0.000000086654;924961961824
20240512 000000;0.000000086654;0.0000000883;0.000000085001;0.000000086691;1050753776882
20240513 000000;0.000000086691;0.000000087518;0.000000083709;0.000000084931;1690954903122
20240514 000000;0.000000084931;0.000000086339;0.000000082333;0.000000084602;1618988116654
20240515 000000;0.000000084602;0.0000000875;0.000000077;0.000000087478;1760310663266
20240516 000000;0.000000087478;0.00000008838;0.000000081103;0.00000008345;1610957826811
20240517 000000;0.00000008345;0.0000000886;0.0000000822;0.000000086243;1325234682459
20240518 000000;0.000000086243;0.00000009536;0.000000085;0.000000092491;2058632468110
20240519 000000;0.000000092491;0.0000000984;0.0000000913;0.000000093082;3621899412228
20240520 000000;0.000000093082;0.00000011;0.000000090906;0.00000010886;3326050828448
20240521 000000;0.00000010886;0.000000114998;0.0000001022;0.000000110638;3747304377703
20240522 000000;0.000000110638;0.0000001127;0.000000105504;0.000000108204;1560581393814
20240523 000000;0.000000108204;0.000000114;0.000000104111;0.000000107525;2341812927459
20240524 000000;0.000000107525;0.0000001147;0.00000010309;0.000000112779;2120288173911
20240525 000000;0.000000112779;0.000000126;0.000000111;0.000000122457;2941574271797
20240526 000000;0.000000122457;0.00000012697;0.000000115611;0.00000012098;2134528230906
20240527 000000;0.00000012098;0.000000123787;0.000000115995;0.000000119033;3052857363357
20240528 000000;0.000000119033;0.000000119956;0.00000009552;0.000000110229;3485151574234
20240529 000000;0.000000110229;0.00000011603;0.000000104005;0.000000108865;2045747629458
20240530 000000;0.000000108865;0.00000011;0.000000103991;0.000000107277;1732486206164
20240531 000000;0.000000107277;0.000000116029;0.00000010605;0.00000011265;2312404062685
20240601 000000;0.00000011265;0.000000121;0.00000011;0.0000001201;1809924134213
20240602 000000;0.0000001201;0.000000121977;0.000000108666;0.000000114604;2069690199500
20240603 000000;0.000000114604;0.000000119486;0.000000110666;0.000000118919;2127966083540
20240604 000000;0.000000118919;0.000000122899;0.00000011692;0.000000122483;2723306149822
20240605 000000;0.000000122483;0.000000141;0.000000120979;0.000000138578;5083294004639
20240606 000000;0.000000138578;0.0000001416;0.000000100771;0.000000103937;7769165603413
20240607 000000;0.000000103937;0.000000112;0.00000009;0.000000099405;7721630152049
20240608 000000;0.000000099405;0.00000010394;0.000000096501;0.000000102413;1613805395741
20240609 000000;0.000000102413;0.0000001099;0.000000099692;0.000000107273;1849941010473
20240610 000000;0.000000107273;0.0000001097;0.0000001025;0.000000106339;1593333175231
20240611 000000;0.000000106339;0.000000106346;0.000000093902;0.00000009963;2654782695578
20240612 000000;0.00000009963;0.000000106;0.000000097;0.000000101248;2617625569612
20240613 000000;0.000000101248;0.00000010437;0.00000009542;0.000000096702;1563318723232
20240614 000000;0.000000096702;0.000000099901;0.000000092701;0.000000095269;1869065428650
20240615 000000;0.000000095269;0.0000001003;0.000000095215;0.000000098846;973415738764
20240616 000000;0.000000098846;0.000000103901;0.000000097101;0.000000099925;1081575218986
20240617 000000;0.000000099925;0.000000101282;0.0000000934;0.000000099918;1453968034696
20240618 000000;0.000000099918;0.000000099971;0.000000091068;0.000000092871;2287866601832
20240619 000000;0.000000092871;0.000000108;0.00000009279;0.000000100139;1633300878518
20240620 000000;0.000000100139;0.000000101422;0.000000095803;0.000000096317;1594251031691
20240621 000000;0.000000096317;0.000000099;0.000000094001;0.00000009681;1386906912962
20240622 000000;0.00000009681;0.00000009798;0.000000093704;0.000000095069;2244848031512
20240623 000000;0.000000095069;0.000000097;0.000000089001;0.000000089747;3110154927039
20240624 000000;0.000000089747;0.000000092301;0.00000008533;0.000000090226;3140855067529
20240625 000000;0.000000090226;0.000000091999;0.000000082;0.000000090588;2083396659598
20240626 000000;0.000000090588;0.0000000932;0.000000088612;0.000000090853;2216140632916
20240627 000000;0.000000090853;0.00000009393;0.000000089209;0.000000092;1521957809556
20240628 000000;0.000000092;0.000000099;0.000000086333;0.000000087684;3000889792474
20240629 000000;0.000000087684;0.000000090755;0.0000000855;0.000000086133;2295304033433
20240630 000000;0.000000086133;0.000000089229;0.0000000835;0.000000088997;1559841796660
20240701 000000;0.000000088997;0.000000089875;0.000000085702;0.000000086498;1229536513720
20240702 000000;0.000000086498;0.000000087119;0.000000083201;0.000000084712;1646144120662
20240703 000000;0.000000084712;0.000000084999;0.000000078371;0.000000079941;2005619228843
20240704 000000;0.000000079941;0.000000081408;0.000000069474;0.000000073421;4581625421851
20240705 000000;0.000000073421;0.000000073423;0.000000064839;0.000000069276;4821295389351
20240706 000000;0.000000069276;0.000000083241;0.0000000692;0.000000081676;3228742754633
20240707 000000;0.000000081676;0.000000082121;0.0000000684;0.000000070529;2744900337335
20240708 000000;0.000000070529;0.000000078;0.000000069555;0.00000007495;2328277610591
20240709 000000;0.00000007495;0.000000079;0.00000007425;0.000000076032;2507407497344
20240710 000000;0.000000076032;0.000000079201;0.000000075002;0.000000078006;1764270906647
20240711 000000;0.000000078006;0.000000083204;0.000000075702;0.000000081846;2346870321608
20240712 000000;0.000000081846;0.00000008285;0.0000000777;0.00000007971;1884805570853
20240713 000000;0.00000007971;0.000000084399;0.0000000795;0.000000081928;1494043837743
20240714 000000;0.000000081928;0.000000085484;0.000000078771;0.000000078811;2680898055140
20240715 000000;0.000000078811;0.000000082998;0.000000078811;0.000000082318;2401412943540
20240716 000000;0.000000082318;0.00000008366;0.000000078277;0.000000078715;1980256549105
20240717 000000;0.000000078715;0.000000085;0.000000071098;0.000000073111;3836517886141
20240718 000000;0.000000073111;0.000000076333;0.000000070015;0.000000073642;2822098202561
20240719 000000;0.000000073642;0.000000078998;0.000000070711;0.000000077384;1925951510902
20240720 000000;0.000000077384;0.000000087;0.000000075436;0.000000081061;5123336188284
20240721 000000;0.000000081061;0.00000008611;0.000000078;0.000000084152;7039376847359
20240722 000000;0.000000084152;0.000000085;0.00000007279;0.000000077087;2403874122046
20240723 000000;0.000000077087;0.000000084888;0.0000000709;0.000000076199;6909609638739
20240724 000000;0.000000076199;0.0000000775;0.000000070291;0.000000071245;1478053822773
20240725 000000;0.000000071245;0.000000073279;0.0000000675;0.000000070223;2740946539137
20240726 000000;0.000000070223;0.000000074085;0.000000069276;0.000000071969;1338308220598
20240727 000000;0.000000071969;0.0000000745;0.000000069218;0.000000072258;1668141888822
20240728 000000;0.000000072258;0.00000007299;0.000000068743;0.000000069766;1757847806551
20240729 000000;0.000000069766;0.000000073098;0.00000006876;0.000000070101;2140988998456
20240730 000000;0.000000070101;0.00000007109;0.00000006777;0.00000006872;2185093836847
20240731 000000;0.00000006872;0.000000069265;0.000000065523;0.000000065811;2080365893802
20240801 000000;0.000000065811;0.00000006761;0.000000061001;0.000000066417;2498928251155
20240802 000000;0.000000066417;0.000000066459;0.000000059;0.000000059462;2174288295884
20240803 000000;0.000000059462;0.000000062999;0.000000057001;0.000000058504;2111240244958
20240804 000000;0.000000058504;0.0000000595;0.0000000526;0.000000052952;4688049876590
20240805 000000;0.000000052952;0.00000005679;0.00000004;0.000000051114;7210226454094
20240806 000000;0.000000051114;0.000000056314;0.000000050309;0.000000052119;2586288991798
20240807 000000;0.000000052119;0.000000055099;0.000000046;0.0000000481;2879413421804
20240808 000000;0.0000000481;0.000000054036;0.000000047081;0.000000053693;3138085618631
20240809 000000;0.000000053693;0.000000056099;0.000000051686;0.000000051761;1900327892143
20240810 000000;0.000000051761;0.000000052992;0.00000005;0.000000052251;1309655713449
20240811 000000;0.000000052251;0.000000054123;0.000000049601;0.000000049777;2241787646170
20240812 000000;0.000000049777;0.000000054501;0.0000000485;0.000000054363;2792448330436
20240813 000000;0.000000054363;0.00000005489;0.000000050301;0.000000053011;2269919347421
20240814 000000;0.000000053011;0.000000055;0.000000051053;0.000000051444;1819085534937
20240815 000000;0.000000051444;0.000000052364;0.000000048025;0.00000004984;2771674572200
20240816 000000;0.00000004984;0.000000051367;0.000000048412;0.000000050233;2040931383842
20240817 000000;0.000000050233;0.0000000505;0.000000048204;0.000000048588;1998196845922
20240818 000000;0.000000048588;0.000000050289;0.000000048175;0.00000004948;1565388910106
20240819 000000;0.00000004948;0.000000049785;0.000000046658;0.000000047867;1811966368340
20240820 000000;0.000000047867;0.00000005;0.000000046201;0.000000048014;3054357954255
20240821 000000;0.000000048014;0.000000050056;0.000000047683;0.000000048556;1963614541154
20240822 000000;0.000000048556;0.00000005;0.000000047712;0.000000049139;2571218678309
20240823 000000;0.000000049139;0.000000056999;0.000000048;0.000000055091;2649635814017
20240824 000000;0.000000055091;0.00000005656;0.000000052;0.00000005403;3600956702906
20240825 000000;0.00000005403;0.0000000666;0.000000045693;0.00000005702;3686798326185
20240826 000000;0.00000005702;0.000000058;0.000000046647;0.000000052;3883667528125
20240827 000000;0.000000052;0.000000053614;0.00000004822;0.00000004822;2782916566237
20240828 000000;0.00000004822;0.000000050962;0.000000047001;0.000000049395;2945255574297
20240829 000000;0.000000049395;0.000000052069;0.0000000485;0.000000049576;2476369637919
20240830 000000;0.000000049576;0.000000050329;0.000000047299;0.000000048715;1940102625587
20240831 000000;0.000000048715;0.000000049098;0.000000046304;0.000000047546;2391960876266
20240901 000000;0.000000047546;0.0000000494;0.0000000465;0.00000004708;1903562815566
20240902 000000;0.00000004708;0.000000049599;0.000000046732;0.000000048171;2274220736978
20240903 000000;0.000000048171;0.000000049999;0.0000000465;0.000000046731;3533157276897
20240904 000000;0.000000046731;0.000000047398;0.000000043;0.00000004551;3866378392041
20240905 000000;0.00000004551;0.000000046324;0.000000043462;0.000000044319;2643696461578
20240906 000000;0.000000044319;0.000000045499;0.000000039531;0.00000004147;3634026935045
20240907 000000;0.00000004147;0.000000042899;0.000000040887;0.000000041909;1568978984402
20240908 000000;0.000000041909;0.000000043401;0.0000000411;0.000000042179;1070219726942
20240909 000000;0.000000042179;0.000000045489;0.000000041863;0.000000044481;1867592967630
20240910 000000;0.000000044481;0.0000000465;0.000000043103;0.000000045511;1922007807326
20240911 000000;0.000000045511;0.000000045552;0.000000043;0.000000045161;2104662808066
20240912 000000;0.000000045161;0.000000047031;0.000000042989;0.00000004608;3956744573929
20240913 000000;0.00000004608;0.000000053015;0.0000000446;0.000000045779;5043999026921
20240914 000000;0.000000045779;0.000000052975;0.0000000426;0.000000046748;7850417294940
20240915 000000;0.000000046748;0.00000004728;0.000000044295;0.000000044366;1070285675375
20240916 000000;0.000000044366;0.000000045499;0.000000043333;0.000000044459;1052345674161
20240917 000000;0.000000044459;0.000000047806;0.000000043512;0.000000046889;2185120875373
20240918 000000;0.000000046889;0.000000047824;0.000000045371;0.000000047561;1534743081697
20240919 000000;0.000000047561;0.0000000548;0.000000046644;0.000000052853;5291347565448
20240920 000000;0.000000052853;0.0000000532;0.000000050662;0.000000052317;1183958513893
20240921 000000;0.000000052317;0.0000000529;0.000000051223;0.0000000529;790417181154
20240922 000000;0.0000000529;0.000000054199;0.00000005178;0.000000052229;1265561468099
20240923 000000;0.000000052229;0.000000060134;0.0000000518;0.000000057352;3300222784351
20240924 000000;0.000000057352;0.000000058284;0.000000054701;0.000000057225;2149607933450
20240925 000000;0.000000057225;0.000000058;0.000000052812;0.000000054055;1858942993421
20240926 000000;0.000000054055;0.000000058;0.00000005371;0.00000005606;1729717433207
20240927 000000;0.00000005606;0.0000000597;0.000000055204;0.00000005941;3092483034589
20240928 000000;0.00000005941;0.000000060099;0.000000057857;0.000000059027;1491867482748
20240929 000000;0.000000059027;0.000000059399;0.000000056013;0.000000057387;2216521593228
20240930 000000;0.000000057387;0.00000006;0.0000000534;0.000000054299;3158402248506
20241001 000000;0.000000054299;0.000000058;0.0000000501;0.000000050613;2294525728344
20241002 000000;0.000000050613;0.000000052298;0.000000047328;0.000000049052;1219240960374
20241003 000000;0.000000049052;0.000000051242;0.000000048;0.000000049871;1336451517770
20241004 000000;0.000000049871;0.00000005647;0.000000049871;0.000000054209;1857761661229
20241005 000000;0.000000054209;0.000000055444;0.000000050429;0.00000005171;2047543950172
20241006 000000;0.00000005171;0.000000052544;0.000000050418;0.000000051434;847774478461
20241007 000000;0.000000051434;0.0000000542;0.000000050392;0.000000051679;1517823690485
20241008 000000;0.000000051679;0.000000051935;0.000000050102;0.000000050396;1379305727785
20241009 000000;0.000000050396;0.000000051192;0.000000049;0.000000049161;932123175407
20241010 000000;0.000000049161;0.000000050901;0.000000047401;0.000000049071;1584414937911
20241011 000000;0.000000049071;0.00000005095;0.0000000488;0.000000050489;1147607656458
20241012 000000;0.000000050489;0.000000053301;0.000000049999;0.000000050942;1537374918326
20241013 000000;0.000000050942;0.000000052;0.0000000503;0.000000051522;1180897029903
20241014 000000;0.000000051522;0.000000057;0.000000050804;0.000000056452;1520637754825
20241015 000000;0.000000056452;0.000000056498;0.000000052566;0.000000055085;2043841481502
20241016 000000;0.000000055085;0.00000005678;0.000000054147;0.000000056255;2725210523330
20241017 000000;0.000000056255;0.000000056709;0.000000053003;0.00000005399;3182681492722
20241018 000000;0.00000005399;0.000000063799;0.000000053001;0.000000060373;3400742752431
20241019 000000;0.000000060373;0.000000060756;0.000000057511;0.000000059009;3046460834749
20241020 000000;0.000000059009;0.0000000605;0.000000055001;0.00000005822;5207026922146
20241021 000000;0.00000005822;0.000000059819;0.000000055105;0.000000057433;2409008780276
20241022 000000;0.000000057433;0.000000058;0.000000054124;0.000000055402;2351910600701
20241023 000000;0.000000055402;0.0000000564;0.000000051383;0.000000053741;2009575751039
20241024 000000;0.000000053741;0.000000056797;0.000000051386;0.000000052444;3832938577685
20241025 000000;0.000000052444;0.000000053886;0.000000048482;0.000000050941;2277972903961
20241026 000000;0.000000050941;0.0000000515;0.000000048002;0.00000005123;2477035487013
20241027 000000;0.00000005123;0.000000051901;0.000000050206;0.000000051241;1671372462110
20241028 000000;0.000000051241;0.000000055107;0.000000050901;0.000000052695;2873130275595
20241029 000000;0.000000052695;0.0000000566;0.00000005261;0.000000055114;2265980755251
20241030 000000;0.000000055114;0.000000055538;0.000000053333;0.00000005393;2030486357719
20241031 000000;0.00000005393;0.000000055901;0.000000052714;0.000000053559;2413055586178
20241101 000000;0.000000053559;0.0000000549;0.000000052202;0.000000053347;2084211031861
20241102 000000;0.000000053347;0.000000054601;0.000000052324;0.000000053065;2204392878569
20241103 000000;0.000000053065;0.000000053075;0.000000050444;0.000000050882;1998753900118
20241104 000000;0.000000050882;0.000000052871;0.000000049468;0.000000049671;2182588003402
20241105 000000;0.000000049671;0.000000053496;0.000000049555;0.000000051883;2499542078987
20241106 000000;0.000000051883;0.000000063;0.000000051883;0.000000060805;5016670240890
20241107 000000;0.000000060805;0.000000069878;0.000000059731;0.000000069868;4016778326935
20241108 000000;0.000000069868;0.000000071723;0.000000064603;0.000000066768;2698491461858
20241109 000000;0.000000066768;0.00000007279;0.000000065317;0.000000071363;2632535418847
20241110 000000;0.000000071363;0.00000007519;0.000000070883;0.000000072428;2832415701793
20241111 000000;0.000000072428;0.000000089998;0.000000071002;0.000000089849;5941626589912
20241112 000000;0.000000089849;0.0000001;0.000000082967;0.000000084386;5961029896378
20241113 000000;0.000000084386;0.000000086485;0.000000075234;0.000000076314;6420463061960
20241114 000000;0.000000076314;0.000000081733;0.000000073615;0.000000073806;3517116604385
20241115 000000;0.000000073806;0.000000078;0.000000072;0.0000000768;3029573161475
20241116 000000;0.0000000768;0.0000000774;0.000000073;0.000000073277;3444990768068
20241117 000000;0.000000073277;0.000000074927;0.0000000666;0.000000070668;3620625264811
20241118 000000;0.000000070668;0.000000087999;0.000000067848;0.000000086995;4772572428619
20241119 000000;0.000000086995;0.000000088999;0.000000078263;0.000000080939;14708067797653
20241120 000000;0.000000080939;0.000000081864;0.000000062885;0.000000064995;5910337496231
20241121 000000;0.000000064995;0.000000073999;0.000000064116;0.000000069568;4548940917205
20241122 000000;0.000000069568;0.00000007198;0.000000066;0.000000069013;3911125570889
20241123 000000;0.000000069013;0.000000077601;0.000000068414;0.000000072206;4385654534364
20241124 000000;0.000000072206;0.000000073022;0.000000065328;0.000000068724;4830721390753
20241125 000000;0.000000068724;0.00000006981;0.000000066;0.000000066259;3724155678258
20241126 000000;0.000000066259;0.000000067134;0.000000060024;0.000000064021;6369221295895
20241127 000000;0.000000064021;0.000000072751;0.000000062552;0.000000072129;3976455919849
20241128 000000;0.000000072129;0.0000000733;0.000000065873;0.000000066565;3418604804174
20241129 000000;0.000000066565;0.000000068484;0.000000065343;0.000000066546;3161403912319
20241130 000000;0.000000066546;0.000000072;0.000000065;0.00000006814;3877096112720
20241201 000000;0.00000006814;0.00000007195;0.0000000675;0.000000070906;3514785409769
20241202 000000;0.000000070906;0.000000072326;0.000000065;0.000000067148;3862267576706
20241203 000000;0.000000067148;0.000000067999;0.00000006223;0.00000006406;3395724868403
20241204 000000;0.00000006406;0.000000072615;0.000000063599;0.000000071919;5650276232615
20241205 000000;0.000000071919;0.000000074893;0.0000000693;0.00000007079;4464822254105
20241206 000000;0.00000007079;0.0000000818;0.0000000704;0.000000079836;5199032617092
20241207 000000;0.000000079836;0.000000081329;0.000000074135;0.0000000752;3034251570657
20241208 000000;0.0000000752;0.000000077589;0.00000007137;0.000000076135;4682468995746
20241209 000000;0.000000076135;0.000000076485;0.000000061739;0.000000065691;5215406263987
20241210 000000;0.000000065691;0.000000068888;0.000000060125;0.000000065352;4426910367770
20241211 000000;0.000000065352;0.000000069799;0.000000063184;0.000000067531;2650416501122
20241212 000000;0.000000067531;0.0000000736;0.000000066149;0.000000069356;2998807536635
20241213 000000;0.000000069356;0.000000071153;0.0000000675;0.000000069431;2204181409991
20241214 000000;0.000000069431;0.000000072349;0.000000068802;0.000000071989;3444699952261
20241215 000000;0.000000071989;0.000000076;0.000000070325;0.000000073933;2311977368291
20241216 000000;0.000000073933;0.000000079548;0.000000073119;0.000000076286;3360442234986
20241217 000000;0.000000076286;0.000000078;0.000000068314;0.000000071217;3233300481061
20241218 000000;0.000000071217;0.000000072332;0.000000066004;0.000000066004;3214697409060
20241219 000000;0.000000066004;0.000000067905;0.000000060877;0.000000062199;3741614319224
20241220 000000;0.000000062199;0.000000064999;0.0000000515;0.000000059234;10595828103689
20241221 000000;0.000000059234;0.000000061901;0.000000055;0.000000058903;4099947807806
20241222 000000;0.000000058903;0.000000062373;0.00000005624;0.000000057804;2294326205468
20241223 000000;0.000000057804;0.000000060512;0.000000056099;0.000000060511;2796305183645
20241224 000000;0.000000060511;0.000000067315;0.000000059083;0.000000063593;2551336363518
20241225 000000;0.000000063593;0.0000000656;0.0000000612;0.000000062551;2474118797444
20241226 000000;0.000000062551;0.000000064;0.000000057001;0.000000058227;2893698628744
20241227 000000;0.000000058227;0.000000061643;0.000000055;0.000000057695;2843110404542
20241228 000000;0.000000057695;0.00000006009;0.000000056744;0.000000059985;2331063988975
20241229 000000;0.000000059985;0.00000006;0.000000056762;0.000000057337;1960807976348
20241230 000000;0.000000057337;0.000000060972;0.000000056501;0.000000058304;2826887108753
20241231 000000;0.000000058304;0.000000058382;0.000000054702;0.00000005651;3778023812694
