20250101 000000;0.00000005651;0.00000006056;0.0000000543;0.000000056381;3945171390028
20250102 000000;0.000000056381;0.000000059714;0.000000054;0.000000057888;3720949516105
20250103 000000;0.000000057888;0.000000062499;0.000000057027;0.000000062398;3664667078517
20250104 000000;0.000000062398;0.000000065498;0.000000060626;0.000000064289;2748545497507
20250105 000000;0.000000064289;0.0000000654;0.000000062401;0.000000064186;2025643942314
20250106 000000;0.000000064186;0.000000064868;0.0000000615;0.000000063674;2586965401140
20250107 000000;0.000000063674;0.000000063698;0.000000055005;0.000000056455;3501680878881
20250108 000000;0.000000056455;0.000000058572;0.0000000518;0.000000054339;2660574784662
20250109 000000;0.000000054339;0.0000000555;0.000000052301;0.000000053495;2116677396726
20250110 000000;0.000000053495;0.000000055497;0.000000052679;0.000000054278;1499732985120
20250111 000000;0.000000054278;0.000000054843;0.00000005261;0.000000054199;1044026356977
20250112 000000;0.000000054199;0.00000005476;0.000000050459;0.000000051558;3156747536475
20250113 000000;0.000000051558;0.00000005309;0.000000047202;0.000000050323;2708958583164
20250114 000000;0.000000050323;0.00000005446;0.000000049703;0.000000052962;2637237172002
20250115 000000;0.000000052962;0.000000056094;0.000000049229;0.000000055239;2869860992738
20250116 000000;0.000000055239;0.000000056;0.000000052001;0.000000053363;3110586336973
20250117 000000;0.000000053363;0.000000056322;0.000000052842;0.00000005489;3228619434632
20250118 000000;0.00000005489;0.000000055489;0.000000047001;0.000000048685;10589353212511
20250119 000000;0.000000048685;0.000000055532;0.000000045112;0.000000047563;12244825744736
20250120 000000;0.000000047563;0.000000050536;0.000000044;0.000000045051;11102430536023
20250121 000000;0.000000045051;0.000000048864;0.0000000438;0.000000046712;5534261223358
20250122 000000;0.000000046712;0.000000048447;0.000000046012;0.000000046219;3695135555187
20250123 000000;0.000000046219;0.000000048447;0.000000045266;0.000000047921;3924288210497
20250124 000000;0.000000047921;0.0000000545;0.000000046846;0.000000049337;5599120127167
20250125 000000;0.000000049337;0.000000051001;0.0000000478;0.000000049373;3687227065808
20250126 000000;0.000000049373;0.000000054;0.000000048999;0.000000051352;5746630606453
20250127 000000;0.000000051352;0.000000052014;0.0000000474;0.000000050763;4266252865202
20250128 000000;0.000000050763;0.000000052499;0.0000000485;0.00000004991;3524449093610
20250129 000000;0.00000004991;0.0000000521;0.00000004833;0.000000050567;3053723321385
20250130 000000;0.000000050567;0.000000053998;0.000000050201;0.000000052454;2873449022381
20250131 000000;0.000000052454;0.000000055531;0.00000005;0.000000052973;5263025254850
20250201 000000;0.000000052973;0.000000053689;0.000000049356;0.000000049797;2576702023721
20250202 000000;0.000000049797;0.000000050256;0.000000043759;0.000000044244;5287693592920
20250203 000000;0.000000044244;0.000000046393;0.000000035112;0.000000044621;9326857664243
20250204 000000;0.000000044621;0.000000045561;0.000000040786;0.00000004267;3902975532436
20250205 000000;0.00000004267;0.000000044691;0.000000041873;0.000000042317;3029402619077
20250206 000000;0.000000042317;0.000000044195;0.000000040516;0.000000041644;2825109037323
20250207 000000;0.000000041644;0.000000044338;0.0000000401;0.000000041053;3121513828417
20250208 000000;0.000000041053;0.0000000425;0.000000039556;0.0000000414;3758964618044
20250209 000000;0.0000000414;0.000000043499;0.000000040224;0.000000041053;3729502923663
20250210 000000;0.000000041053;0.000000043296;0.0000000401;0.000000042362;3000093324258
20250211 000000;0.000000042362;0.000000044;0.000000040501;0.000000041484;3501109135371
20250212 000000;0.000000041484;0.000000045;0.000000039714;0.000000043808;3293958503717
20250213 000000;0.000000043808;0.000000043834;0.000000041;0.000000041373;3628026071126
20250214 000000;0.000000041373;0.000000044601;0.000000040928;0.00000004298;3806320307191
20250215 000000;0.00000004298;0.000000044375;0.000000041609;0.000000042316;2275463572448
20250216 000000;0.000000042316;0.0000000436;0.000000041206;0.000000041701;2575330965334
20250217 000000;0.000000041701;0.0000000445;0.000000041182;0.00000004329;2608445560139
20250218 000000;0.00000004329;0.000000043294;0.0000000407;0.000000041671;3008968766068
20250219 000000;0.000000041671;0.0000000422;0.0000000406;0.000000042073;2965039739792
20250220 000000;0.000000042073;0.000000042089;0.0000000405;0.000000041249;3875136590955
20250221 000000;0.000000041249;0.000000043499;0.000000039591;0.000000039673;3829766002788
20250222 000000;0.000000039673;0.0000000423;0.000000039299;0.000000040629;2933556341926
20250223 000000;0.000000040629;0.000000043;0.0000000396;0.000000042019;3601490179392
20250224 000000;0.000000042019;0.000000042868;0.000000038026;0.00000003887;4046739295284
20250225 000000;0.00000003887;0.000000039499;0.000000036019;0.000000039057;4301009605892
20250226 000000;0.000000039057;0.00000003986;0.000000035661;0.000000036426;3709019243934
20250227 000000;0.000000036426;0.00000003925;0.0000000355;0.000000036684;4167296521942
20250228 000000;0.000000036684;0.0000000413;0.0000000325;0.000000039813;7557061013960
20250301 000000;0.000000039813;0.00000004253;0.000000037;0.000000039002;4642067390995
20250302 000000;0.000000039002;0.000000050567;0.0000000385;0.000000047858;7176693009702
20250303 000000;0.000000047858;0.000000051799;0.000000040216;0.000000041518;5459050009810
20250304 000000;0.000000041518;0.000000045035;0.000000037723;0.000000041856;5390329968259
20250305 000000;0.000000041856;0.000000043457;0.00000004;0.000000042699;3832518968135
20250306 000000;0.000000042699;0.000000045525;0.000000041;0.000000041711;3370654105259
20250307 000000;0.000000041711;0.00000004461;0.000000039403;0.000000040449;4433080888012
20250308 000000;0.000000040449;0.000000042888;0.000000039507;0.000000040787;2758522122728
20250309 000000;0.000000040787;0.000000041806;0.000000037;0.000000037838;2775877311031
20250310 000000;0.000000037838;0.000000043;0.00000003635;0.000000038415;6421546329652
20250311 000000;0.000000038415;0.000000040498;0.000000036;0.000000039994;4725746907438
20250312 000000;0.000000039994;0.000000040408;0.000000038017;0.000000039523;3393009944521
20250313 000000;0.000000039523;0.0000000415;0.000000038501;0.000000040128;4159413512130
20250314 000000;0.000000040128;0.000000044;0.0000000398;0.000000041463;3865309004672
20250315 000000;0.000000041463;0.000000044024;0.000000040872;0.000000043029;2535722750476
20250316 000000;0.000000043029;0.000000046954;0.000000041949;0.000000043491;3810375286318
20250317 000000;0.000000043491;0.000000048;0.000000042709;0.000000044511;2909381797008
20250318 000000;0.000000044511;0.000000045523;0.0000000409;0.000000042354;3292344897607
20250319 000000;0.000000042354;0.000000048001;0.000000041673;0.000000045141;5746052064503
20250320 000000;0.000000045141;0.000000046855;0.000000043003;0.00000004306;2963912181007
20250321 000000;0.00000004306;0.000000044679;0.000000043;0.000000043709;2753610187514
20250322 000000;0.000000043709;0.000000045871;0.00000004348;0.000000044405;2258202640064
20250323 000000;0.000000044405;0.000000045888;0.000000044;0.000000044829;2218409396761
20250324 000000;0.000000044829;0.000000050662;0.00000004425;0.000000050312;4064840795568
20250325 000000;0.000000050312;0.000000054999;0.00000005013;0.000000052079;3697649492075
20250326 000000;0.000000052079;0.000000053885;0.000000050169;0.000000051174;2519171036873
20250327 000000;0.000000051174;0.000000051972;0.000000048001;0.000000049195;3351361929029
20250328 000000;0.000000049195;0.000000051619;0.0000000452;0.000000049753;4259106457662
20250329 000000;0.000000049753;0.000000050596;0.000000045402;0.000000046448;2853844915686
20250330 000000;0.000000046448;0.000000048056;0.0000000457;0.000000045839;2162761437421
20250331 000000;0.000000045839;0.000000047827;0.0000000455;0.000000046304;2531449792655
20250401 000000;0.000000046304;0.000000050894;0.000000045992;0.000000049595;2253736539005
20250402 000000;0.000000049595;0.00000005099;0.0000000458;0.00000004628;3285874946405
20250403 000000;0.00000004628;0.000000052499;0.000000045058;0.000000047052;3142114354015
20250404 000000;0.000000047052;0.000000047981;0.000000045701;0.000000047487;2427781970389
20250405 000000;0.000000047487;0.000000048599;0.000000046837;0.000000047119;2209080041734
20250406 000000;0.000000047119;0.000000048746;0.000000042058;0.0000000428;3205818953076
20250407 000000;0.0000000428;0.000000044158;0.000000036002;0.000000041728;5423860876464
20250408 000000;0.000000041728;0.000000044219;0.000000039058;0.000000039921;3705275691394
20250409 000000;0.000000039921;0.000000047701;0.0000000385;0.000000046856;4050465068387
20250410 000000;0.000000046856;0.000000048301;0.00000004569;0.000000046823;4405411212774
20250411 000000;0.000000046823;0.000000048799;0.000000046344;0.000000047366;2788344146345
20250412 000000;0.000000047366;0.00000005645;0.000000047007;0.000000052612;4459056592662
20250413 000000;0.000000052612;0.000000055996;0.000000051356;0.000000053457;4492757258001
20250414 000000;0.000000053457;0.0000000585;0.000000050311;0.000000050727;6176506441845
20250415 000000;0.000000050727;0.0000000528;0.000000049162;0.000000049204;3331965627943
20250416 000000;0.000000049204;0.000000051088;0.000000048002;0.000000048685;3108014683221
20250417 000000;0.000000048685;0.0000000507;0.00000004845;0.000000050403;2338222321405
20250418 000000;0.000000050403;0.000000051;0.000000048001;0.000000049884;2813818673589
20250419 000000;0.000000049884;0.000000051767;0.000000049411;0.000000051469;2131669565252
20250420 000000;0.000000051469;0.000000051962;0.000000048664;0.000000048902;2836224641649
20250421 000000;0.000000048902;0.0000000554;0.0000000475;0.000000049649;4939495026597
20250422 000000;0.000000049649;0.00000005341;0.000000048;0.000000051865;4255836319074
20250423 000000;0.000000051865;0.000000053;0.000000048672;0.000000051661;3687883173645
20250424 000000;0.000000051661;0.000000051682;0.000000048;0.000000048652;3065627834856
20250425 000000;0.000000048652;0.0000000502;0.000000047169;0.000000049503;3011836854861
20250426 000000;0.000000049503;0.0000000502;0.000000048103;0.000000048826;2874727760148
20250427 000000;0.000000048826;0.000000049888;0.00000004717;0.000000048;2499869525757
20250428 000000;0.000000048;0.000000048799;0.000000046312;0.000000047005;3436171082285
20250429 000000;0.000000047005;0.000000047409;0.0000000422;0.000000043572;3798551245898
20250430 000000;0.000000043572;0.000000044396;0.000000040002;0.000000043186;5255381605628
20250501 000000;0.000000043186;0.000000047195;0.0000000425;0.000000046242;3865469069785
20250502 000000;0.000000046242;0.000000046266;0.000000041099;0.000000041577;2971609817974
20250503 000000;0.000000041577;0.000000042208;0.000000040501;0.000000041732;3002345802277
20250504 000000;0.000000041732;0.000000042699;0.000000040807;0.000000041846;2041715912928
20250505 000000;0.000000041846;0.000000045023;0.000000038707;0.000000042242;4427216402596
20250506 000000;0.000000042242;0.0000000426;0.000000038551;0.000000040016;3120769957152
20250507 000000;0.000000040016;0.000000041999;0.000000040008;0.000000040321;2414917670688
20250508 000000;0.000000040321;0.000000049024;0.000000040303;0.000000048845;3516624123449
20250509 000000;0.000000048845;0.000000055;0.000000047567;0.000000050709;5724770767483
20250510 000000;0.000000050709;0.000000053891;0.000000049706;0.000000053444;3299417263180
20250511 000000;0.000000053444;0.0000000546;0.0000000501;0.000000051568;3512431691178
20250512 000000;0.000000051568;0.000000057;0.0000000507;0.000000053159;4034282039151
20250513 000000;0.000000053159;0.000000055555;0.0000000507;0.000000055015;2698253582031
20250514 000000;0.000000055015;0.000000055549;0.000000051;0.000000051829;2505401363999
20250515 000000;0.000000051829;0.00000005281;0.0000000475;0.000000049631;2753032122465
20250516 000000;0.000000049631;0.00000005225;0.000000047532;0.000000048721;3040766384461
20250517 000000;0.000000048721;0.000000049144;0.000000046;0.000000046511;2448350710776
20250518 000000;0.000000046511;0.000000050397;0.000000046;0.000000047165;2877331777425
20250519 000000;0.000000047165;0.000000049301;0.000000045;0.000000048675;2430037025564
20250520 000000;0.000000048675;0.00000005;0.000000047156;0.000000048148;2349481668256
20250521 000000;0.000000048148;0.000000050492;0.000000047194;0.000000048671;2662127887125
20250522 000000;0.000000048671;0.000000051639;0.000000047897;0.000000048888;2243855804408
20250523 000000;0.000000048888;0.000000050888;0.000000045;0.000000045232;2805067745959
20250524 000000;0.000000045232;0.000000047687;0.000000045232;0.000000045856;1979642146316
20250525 000000;0.000000045856;0.000000048313;0.000000045014;0.000000047183;2216341267691
20250526 000000;0.000000047183;0.000000047591;0.000000045759;0.000000046799;1886413348278
20250527 000000;0.000000046799;0.00000005083;0.000000045818;0.000000048718;2538463641255
20250528 000000;0.000000048718;0.000000049048;0.00000004701;0.000000048187;2069855102831
20250529 000000;0.000000048187;0.0000000505;0.000000047;0.0000000478;3167829933504
20250530 000000;0.0000000478;0.000000049499;0.000000045;0.000000045403;2631474619221
20250531 000000;0.000000045403;0.000000046001;0.000000044334;0.000000044985;1992174856937
20250601 000000;0.000000044985;0.00000004531;0.0000000444;0.00000004498;1691006508085
20250602 000000;0.00000004498;0.000000046502;0.000000044325;0.000000046136;2039201430561
20250603 000000;0.000000046136;0.00000004746;0.000000045468;0.000000046085;2432263723514
20250604 000000;0.000000046085;0.000000048813;0.000000046001;0.000000046608;2069411957156
20250605 000000;0.000000046608;0.000000048077;0.000000044298;0.000000044535;3994553564882
20250606 000000;0.000000044535;0.000000046007;0.000000043901;0.000000044977;2445278935445
20250607 000000;0.000000044977;0.0000000464;0.000000043501;0.000000045906;2286657459438
20250608 000000;0.000000045906;0.000000046385;0.000000044931;0.000000044963;1729388667121
20250609 000000;0.000000044963;0.000000047445;0.000000043545;0.00000004723;2925025882470
20250610 000000;0.00000004723;0.000000050001;0.000000046009;0.000000049802;2493058016779
20250611 000000;0.000000049802;0.00000005;0.000000044265;0.000000046093;5977481763987
20250612 000000;0.000000046093;0.000000046098;0.000000042501;0.000000043835;2755895022309
20250613 000000;0.000000043835;0.000000043993;0.000000040001;0.000000041889;3577419683087
20250614 000000;0.000000041889;0.000000042344;0.000000039404;0.000000041002;2149922175602
20250615 000000;0.000000041002;0.000000041124;0.00000004012;0.000000040869;1576784974283
20250616 000000;0.000000040869;0.000000045587;0.000000040704;0.000000042264;3056469386434
20250617 000000;0.000000042264;0.000000045;0.000000040557;0.000000041135;3144774770983
20250618 000000;0.000000041135;0.000000042068;0.000000040401;0.000000040996;2340518238154
20250619 000000;0.000000040996;0.000000041997;0.000000040524;0.00000004094;1885218131758
20250620 000000;0.00000004094;0.000000043479;0.000000039;0.000000039673;2486617203999
20250621 000000;0.000000039673;0.000000040831;0.00000003706;0.00000003752;2935734308574
20250622 000000;0.00000003752;0.000000039672;0.000000034998;0.000000036569;3460871735030
20250623 000000;0.000000036569;0.000000041361;0.000000036561;0.000000040922;2796247371193
20250624 000000;0.000000040922;0.000000043083;0.000000040452;0.000000041034;2521946380454
20250625 000000;0.000000041034;0.00000004234;0.000000041;0.000000041005;2623166368486
20250626 000000;0.000000041005;0.000000042093;0.000000039617;0.0000000402;2449430771916
20250627 000000;0.0000000402;0.000000043499;0.000000039893;0.000000041621;3662716169777
20250628 000000;0.000000041621;0.0000000423;0.000000040411;0.000000040851;1724682549020
20250629 000000;0.000000040851;0.000000042515;0.000000040361;0.000000041849;2281144649575
20250630 000000;0.000000041849;0.000000042899;0.0000000401;0.0000000406;2103103069187
20250701 000000;0.0000000406;0.000000040885;0.000000038871;0.000000039328;2467507676429
20250702 000000;0.000000039328;0.000000042963;0.000000039124;0.000000042163;2386219428232
20250703 000000;0.000000042163;0.0000000427;0.000000041301;0.000000041934;2259777399898
20250704 000000;0.000000041934;0.000000042303;0.000000039099;0.000000039957;2525291030051
20250705 000000;0.000000039957;0.0000000415;0.000000039101;0.000000040161;2111062773745
20250706 000000;0.000000040161;0.00000004137;0.000000039599;0.00000004086;2315250938408
20250707 000000;0.00000004086;0.0000000419;0.0000000399;0.000000040362;1917904136249
20250708 000000;0.000000040362;0.000000044444;0.000000039699;0.000000041642;3175552838492
20250709 000000;0.000000041642;0.000000045;0.000000040702;0.000000043758;2690203947187
20250710 000000;0.000000043758;0.000000047768;0.0000000422;0.000000046611;2482162381469
20250711 000000;0.000000046611;0.000000048588;0.000000045336;0.00000004646;3023330912080
20250712 000000;0.00000004646;0.000000047732;0.000000045005;0.000000045481;2640173491779
20250713 000000;0.000000045481;0.00000004749;0.000000044121;0.000000046372;3347859302338
20250714 000000;0.000000046372;0.000000049298;0.000000045218;0.000000046514;3445822952953
20250715 000000;0.000000046514;0.000000049249;0.000000045001;0.000000048699;3584520705074
20250716 000000;0.000000048699;0.000000053672;0.000000047234;0.000000052353;4467224978708
20250717 000000;0.000000052353;0.000000055867;0.000000050819;0.000000055463;3573273519971
20250718 000000;0.000000055463;0.000000057999;0.000000052003;0.000000053857;3722763222256
20250719 000000;0.000000053857;0.000000056981;0.000000052626;0.000000055316;2491322252664
20250720 000000;0.000000055316;0.000000060699;0.000000054636;0.000000058688;3048439296127
20250721 000000;0.000000058688;0.000000068;0.000000057373;0.000000062412;4805952632751
20250722 000000;0.000000062412;0.00000006364;0.0000000578;0.000000060471;3819950323519
20250723 000000;0.000000060471;0.000000060474;0.000000056257;0.000000059194;2988008920325
20250724 000000;0.000000059194;0.000000060689;0.0000000568;0.000000058845;2681419121144
20250725 000000;0.000000058845;0.000000061999;0.000000055556;0.00000006085;2824734025586
20250726 000000;0.00000006085;0.0000000628;0.000000060021;0.000000061066;1825751205423
20250727 000000;0.000000061066;0.000000062953;0.00000006;0.00000006232;2331162698712
20250728 000000;0.00000006232;0.000000063899;0.000000059087;0.000000060339;2526066356931
20250729 000000;0.000000060339;0.0000000624;0.000000058108;0.00000005901;2466551514777
20250730 000000;0.00000005901;0.00000006;0.000000055501;0.000000058492;3014883388506
20250731 000000;0.000000058492;0.00000006;0.000000055315;0.000000055757;2434177626617
20250801 000000;0.000000055757;0.00000005651;0.0000000508;0.000000051763;2451661715156
20250802 000000;0.000000051763;0.000000053599;0.000000048904;0.000000049901;2780842522774
20250803 000000;0.000000049901;0.000000055517;0.000000048;0.000000053639;2541010897039
20250804 000000;0.000000053639;0.000000060821;0.000000052927;0.000000057541;3223780621338
20250805 000000;0.000000057541;0.000000057542;0.000000054424;0.000000055241;2066060785747
20250806 000000;0.000000055241;0.00000005953;0.00000005461;0.000000058035;2505906149159
20250807 000000;0.000000058035;0.000000061535;0.000000056863;0.000000060923;2272957410201
20250808 000000;0.000000060923;0.000000064801;0.000000060011;0.000000064231;1903151394128
20250809 000000;0.000000064231;0.000000070801;0.000000062885;0.000000068885;2648943848392
20250810 000000;0.000000068885;0.0000000705;0.000000066;0.000000067148;2202373278584
20250811 000000;0.000000067148;0.000000070044;0.000000064254;0.000000065146;3229837235715
20250812 000000;0.000000065146;0.000000071898;0.000000065143;0.000000070926;2454045614192
20250813 000000;0.000000070926;0.000000072925;0.000000070059;0.000000072341;2135854026744
20250814 000000;0.000000072341;0.000000072799;0.000000064333;0.000000067151;4341950106192
20250815 000000;0.000000067151;0.000000069608;0.0000000648;0.000000065278;2316896835392
20250816 000000;0.000000065278;0.000000066797;0.000000064143;0.000000065061;1826515881286
20250817 000000;0.000000065061;0.000000067997;0.000000064798;0.000000066081;1867538321569
20250818 000000;0.000000066081;0.00000006716;0.000000061;0.000000064043;3373450930224
20250819 000000;0.000000064043;0.000000066203;0.000000060001;0.000000061074;4271575065683
20250820 000000;0.000000061074;0.000000066;0.000000060001;0.000000065001;2432785813350
20250821 000000;0.000000065001;0.000000066353;0.000000061011;0.000000062457;3387684577419
20250822 000000;0.000000062457;0.00000008059;0.000000061399;0.00000006953;4229815053162
20250823 000000;0.00000006953;0.000000069571;0.000000065272;0.000000067074;2494339262687
20250824 000000;0.000000067074;0.000000069456;0.000000064125;0.000000066776;1947078929862
20250825 000000;0.000000066776;0.000000066943;0.000000059002;0.000000060384;2467784843594
20250826 000000;0.000000060384;0.00000006381;0.000000059524;0.000000063235;2150751282782
20250827 000000;0.000000063235;0.000000063762;0.000000061515;0.000000061646;1696730750456
20250828 000000;0.000000061646;0.000000063401;0.000000060031;0.000000061161;1832910733831
20250829 000000;0.000000061161;0.000000061669;0.000000058027;0.000000059595;2042868685458
20250830 000000;0.000000059595;0.000000061;0.00000005782;0.00000005868;1847640732571
20250831 000000;0.00000005868;0.000000066353;0.000000058506;0.000000060956;2016894986298
20250901 000000;0.000000060956;0.000000062054;0.00000005621;0.000000057826;2690873580835
20250902 000000;0.000000057826;0.000000060401;0.000000056;0.000000057143;2721929098316
20250903 000000;0.000000057143;0.000000058914;0.000000056143;0.00000005844;2061199410761
20250904 000000;0.00000005844;0.000000058537;0.000000055193;0.000000056292;2207704100939
20250905 000000;0.000000056292;0.000000059901;0.000000055314;0.000000057201;2450900882785
20250906 000000;0.000000057201;0.000000057478;0.0000000556;0.00000005594;1655268403480
20250907 000000;0.00000005594;0.000000057316;0.000000055001;0.000000055262;2365965771433
20250908 000000;0.000000055262;0.000000057639;0.000000055;0.000000055682;2000721883310
20250909 000000;0.000000055682;0.000000057177;0.000000055;0.000000055834;1835747789464
20250910 000000;0.000000055834;0.000000058341;0.00000005518;0.000000056376;2082939238667
20250911 000000;0.000000056376;0.000000057751;0.000000055927;0.000000057255;1915216121740
20250912 000000;0.000000057255;0.000000061897;0.00000005705;0.000000060982;2069810428049
20250913 000000;0.000000060982;0.000000061009;0.000000057299;0.000000059851;2723086404948
20250914 000000;0.000000059851;0.000000060333;0.000000057002;0.000000058128;1904407182194
20250915 000000;0.000000058128;0.000000058345;0.000000056;0.000000056698;2081147683224
20250916 000000;0.000000056698;0.000000056907;0.000000055123;0.000000055802;1851729738199
20250917 000000;0.000000055802;0.00000005775;0.00000005358;0.000000056002;2325032375086
20250918 000000;0.000000056002;0.000000058;0.000000054219;0.000000057251;2281100960522
20250919 000000;0.000000057251;0.000000057901;0.000000053301;0.000000054142;2225882248136
20250920 000000;0.000000054142;0.000000057575;0.000000053401;0.000000054042;2603729267583
20250921 000000;0.000000054042;0.000000054241;0.0000000531;0.000000053406;1895326782975
20250922 000000;0.000000053406;0.000000103472;0.000000048;0.000000080121;13648277746568
20250923 000000;0.000000080121;0.000000114835;0.00000008;0.000000091817;5519528392911
20250924 000000;0.000000091817;0.000000098997;0.00000009;0.000000095377;3336488343689
20250925 000000;0.000000095377;0.000000095384;0.0000000776;0.000000078124;3713634364885
20250926 000000;0.000000078124;0.00000009168;0.000000078124;0.000000084429;2965627585105
20250927 000000;0.000000084429;0.000000088701;0.000000081156;0.000000082185;1602022614405
20250928 000000;0.000000082185;0.000000082298;0.00000007778;0.000000080852;2290731383686
20250929 000000;0.000000080852;0.000000081;0.000000076;0.000000077911;2115919455356
20250930 000000;0.000000077911;0.000000078918;0.000000071568;0.000000075166;2992347601973
20251001 000000;0.000000075166;0.000000084919;0.000000075158;0.000000081891;2201875612529
20251002 000000;0.000000081891;0.00000008691;0.000000080389;0.00000008515;1791697578690
20251003 000000;0.00000008515;0.000000089875;0.000000084;0.000000086987;1765333065024
20251004 000000;0.000000086987;0.000000088999;0.000000082341;0.000000083017;1898112962231
20251005 000000;0.000000083017;0.000000089001;0.000000082491;0.000000084081;2218085984256
20251006 000000;0.000000084081;0.000000087376;0.000000082416;0.000000085012;1957757039993
20251007 000000;0.000000085012;0.000000086553;0.000000078871;0.000000079853;2137579654261
20251008 000000;0.000000079853;0.0000000807;0.000000076102;0.000000079415;2168395761390
20251009 000000;0.000000079415;0.000000079473;0.00000007032;0.000000072272;2563633123846
20251010 000000;0.000000072272;0.000000073411;0.000000054222;0.000000062024;3874362344220
20251011 000000;0.000000062024;0.000000064552;0.0000000575;0.00000006255;3579751845829
20251012 000000;0.00000006255;0.00000007122;0.000000060388;0.000000069647;2690280658183
20251013 000000;0.000000069647;0.000000076204;0.000000067099;0.000000072953;2394528925201
20251014 000000;0.000000072953;0.000000073985;0.000000067254;0.000000072148;2176103370664
20251015 000000;0.000000072148;0.000000073356;0.000000068207;0.00000006905;2252840916885
20251016 000000;0.00000006905;0.000000071829;0.000000066001;0.00000006717;2144434366132
20251017 000000;0.00000006717;0.000000069249;0.000000063;0.000000065369;2328308802918
20251018 000000;0.000000065369;0.000000068;0.000000064712;0.000000066624;1892340782746
20251019 000000;0.000000066624;0.0000000699;0.000000064974;0.000000067936;2085444147125
20251020 000000;0.000000067936;0.000000071894;0.000000065888;0.000000066729;2232243721591
20251021 000000;0.000000066729;0.000000068727;0.000000062199;0.000000064388;3341987973479
20251022 000000;0.000000064388;0.000000066;0.000000061113;0.000000062716;2392423889098
20251023 000000;0.000000062716;0.0000000654;0.000000062715;0.000000063489;1772559994674
20251024 000000;0.000000063489;0.00000008;0.000000063485;0.000000067497;3197259234723
20251025 000000;0.000000067497;0.000000068418;0.000000066255;0.000000068152;1488931559535
20251026 000000;0.000000068152;0.000000072501;0.000000067477;0.000000070565;2680378334807
20251027 000000;0.000000070565;0.000000073499;0.000000068126;0.000000068339;2011610034378
20251028 000000;0.000000068339;0.000000070863;0.000000064558;0.000000065881;1840593791398
20251029 000000;0.000000065881;0.000000067844;0.000000062;0.000000063683;2154463298757
20251030 000000;0.000000063683;0.000000064798;0.000000058695;0.000000060767;2780711076700
20251031 000000;0.000000060767;0.000000062822;0.000000059503;0.000000060004;1982269945814
20251101 000000;0.000000060004;0.0000000625;0.000000059499;0.000000061358;1539492330929
20251102 000000;0.000000061358;0.000000062274;0.00000005906;0.000000060732;1697886347042
20251103 000000;0.000000060732;0.000000061268;0.000000055;0.000000055083;2871011930793
20251104 000000;0.000000055083;0.000000057429;0.000000048203;0.00000005099;4034021520571
20251105 000000;0.00000005099;0.000000055066;0.000000049101;0.000000052841;2765896263067
20251106 000000;0.000000052841;0.000000054093;0.00000005;0.000000050676;2081240015677
20251107 000000;0.000000050676;0.000000063498;0.000000048811;0.00000006202;4961627634091
20251108 000000;0.00000006202;0.000000063499;0.00000005901;0.000000059433;2074039800258
20251109 000000;0.000000059433;0.000000062998;0.000000057857;0.0000000611;1918817707278
20251110 000000;0.0000000611;0.000000062999;0.000000058326;0.000000059344;2192089605021
20251111 000000;0.000000059344;0.000000061584;0.000000058334;0.000000058894;1946232852991
20251112 000000;0.000000058894;0.000000060968;0.000000057372;0.000000058067;1694878732368
20251113 000000;0.000000058067;0.000000062822;0.000000055109;0.000000057507;3022375634684
20251114 000000;0.000000057507;0.000000057536;0.000000053915;0.000000055284;2505822900442
20251115 000000;0.000000055284;0.000000058006;0.000000053888;0.000000056812;1809249511353
20251116 000000;0.000000056812;0.000000058093;0.000000051093;0.000000054194;2329302915561
20251117 000000;0.000000054194;0.000000055767;0.0000000511;0.00000005242;2433237164541
20251118 000000;0.00000005242;0.000000056253;0.000000051186;0.000000055288;2015145396470
20251119 000000;0.000000055288;0.000000055743;0.0000000501;0.000000054238;1912021118508
20251120 000000;0.000000054238;0.000000054636;0.000000049311;0.0000000502;2189883030448
20251121 000000;0.0000000502;0.000000053105;0.000000049384;0.000000051455;2688631750667
20251122 000000;0.000000051455;0.000000053564;0.000000051418;0.000000053003;1604471436569
20251123 000000;0.000000053003;0.000000057799;0.000000052999;0.000000054808;2157752219461
20251124 000000;0.000000054808;0.000000058499;0.000000054013;0.000000057195;2003241345955
20251125 000000;0.000000057195;0.000000057206;0.000000052601;0.0000000547;2383722273587
20251126 000000;0.0000000547;0.000000056286;0.000000053065;0.000000055479;1872096693720
20251127 000000;0.000000055479;0.000000055907;0.000000053319;0.000000054021;2287909050722
20251128 000000;0.000000054021;0.000000054093;0.000000051304;0.000000051338;1942747650354
20251129 000000;0.000000051338;0.000000052382;0.000000049569;0.00000004957;1907115292206
20251130 000000;0.00000004957;0.000000051701;0.000000049152;0.000000050295;2082514295481
20251201 000000;0.000000050295;0.000000050354;0.000000045283;0.000000046875;3444775603195
20251202 000000;0.000000046875;0.00000005414;0.00000004637;0.000000051538;3299188544127
20251203 000000;0.000000051538;0.000000055706;0.000000050997;0.000000054599;2415031953260
20251204 000000;0.000000054599;0.00000005679;0.000000051725;0.000000052244;2252682147411
20251205 000000;0.000000052244;0.000000052575;0.000000049944;0.000000050705;2131929253000
20251206 000000;0.000000050705;0.000000051026;0.000000049755;0.00000005098;1678467982414
20251207 000000;0.00000005098;0.000000052038;0.000000047045;0.000000050632;2579438113358
20251208 000000;0.000000050632;0.0000000534;0.000000050158;0.000000051347;2687378109896
20251209 000000;0.000000051347;0.000000056051;0.000000050725;0.000000053344;2874775579723
20251210 000000;0.000000053344;0.000000056299;0.0000000518;0.000000052015;2870189200559
20251211 000000;0.000000052015;0.000000052488;0.000000049;0.0000000508;2279375404757
20251212 000000;0.0000000508;0.0000000525;0.000000047801;0.000000048776;2088237048593
20251213 000000;0.000000048776;0.0000000505;0.000000048057;0.000000048796;1994432465223
20251214 000000;0.000000048796;0.000000050901;0.00000004639;0.000000047966;2023246526179
20251215 000000;0.000000047966;0.000000049998;0.000000045203;0.000000046287;2551398555920
20251216 000000;0.000000046287;0.000000047111;0.000000043;0.000000044638;3287192923552
20251217 000000;0.000000044638;0.000000045559;0.000000041479;0.000000042442;3037782013175
20251218 000000;0.000000042442;0.000000044754;0.000000041111;0.000000042555;3107131880437
20251219 000000;0.000000042555;0.000000047946;0.000000041481;0.000000045598;3316686166236
20251220 000000;0.000000045598;0.00000004676;0.000000044;0.000000045105;2517628376078
20251221 000000;0.000000045105;0.000000045951;0.000000044023;0.000000044889;2215698863047
20251222 000000;0.000000044889;0.000000046181;0.000000043894;0.000000044242;2220650898669
20251223 000000;0.000000044242;0.000000045495;0.00000004185;0.000000042867;2392234335896
20251224 000000;0.000000042867;0.000000044757;0.000000042839;0.000000043949;2417831874833
20251225 000000;0.000000043949;0.000000044594;0.000000042432;0.000000042995;2142173281668
20251226 000000;0.000000042995;0.000000044527;0.000000042388;0.000000042428;2124027837569
20251227 000000;0.000000042428;0.000000043199;0.000000041725;0.000000042287;2072457232595
20251228 000000;0.000000042287;0.000000042699;0.000000041045;0.00000004151;1945768818441
20251229 000000;0.00000004151;0.000000042792;0.000000040136;0.000000040725;2352185982334
20251230 000000;0.000000040725;0.000000041796;0.000000040289;0.000000040756;2451694285145
20251231 000000;0.000000040756;0.000000040967;0.000000039194;0.000000039937;2957588673545
