20260101 000000;0.00000005006;0.00000005109;0.00000004945;0.00000005057;1491366392207
20260102 000000;0.00000005057;0.00000005236;0.00000004994;0.00000005152;2415038908176
20260103 000000;0.00000005152;0.00000005238;0.00000005114;0.00000005177;1245410559492
20260104 000000;0.00000005177;0.00000005526;0.00000005165;0.00000005313;1485890697654
20260105 000000;0.00000005313;0.00000005514;0.00000005291;0.00000005488;1191152462416
20260106 000000;0.00000005488;0.0000000562;0.0000000535;0.00000005467;1382990846730
20260107 000000;0.00000005467;0.00000005492;0.00000005173;0.00000005215;1214727781045
20260108 000000;0.00000005215;0.00000005243;0.00000005016;0.00000005029;1377419435204
20260109 000000;0.00000005029;0.00000005122;0.00000004948;0.00000005091;1231764750085
20260110 000000;0.00000005091;0.00000005202;0.00000005087;0.00000005129;1241992024075
20260111 000000;0.00000005129;0.00000005306;0.00000005115;0.00000005209;1212645418170
20260112 000000;0.00000005209;0.00000005499;0.00000005062;0.00000005115;1326935607325
20260113 000000;0.00000005115;0.00000005481;0.00000005096;0.00000005339;1634818096985
20260114 000000;0.00000005339;0.00000005397;0.00000005219;0.00000005272;1204730335427
20260115 000000;0.00000005272;0.00000005376;0.00000005193;0.00000005341;1252450680671
20260116 000000;0.00000005341;0.00000005435;0.00000005184;0.0000000533;1139301622567
20260117 000000;0.0000000533;0.00000005388;0.0000000528;0.00000005322;1057267744297
20260118 000000;0.00000005322;0.00000005331;0.00000005;0.00000005178;1418285577094
20260119 000000;0.00000005178;0.00000005179;0.00000005015;0.00000005039;1179860671561
20260120 000000;0.00000005039;0.00000005061;0.0000000434;0.00000004355;2927416198936
20260121 000000;0.00000004355;0.00000004505;0.00000004194;0.0000000443;1854480954803
20260122 000000;0.0000000443;0.00000004544;0.00000004323;0.00000004369;1757763502982
20260123 000000;0.00000004369;0.00000004419;0.00000004212;0.00000004222;1474682835257
20260124 000000;0.00000004222;0.00000004309;0.00000004214;0.00000004251;1433898370353
20260125 000000;0.00000004251;0.00000004264;0.00000003914;0.00000004068;1834719099917
20260126 000000;0.00000004068;0.00000004244;0.00000004056;0.00000004208;1717945864661
20260127 000000;0.00000004208;0.00000004317;0.00000004046;0.00000004269;1758844934390
20260128 000000;0.00000004269;0.0000000433;0.00000004185;0.00000004255;1472747810317
20260129 000000;0.00000004255;0.00000004277;0.00000003892;0.00000003966;1771211590080
20260130 000000;0.00000003966;0.00000003999;0.00000003715;0.00000003841;2584141873190
20260131 000000;0.00000003841;0.0000000387;0.0000000335;0.0000000352;2311660991676
20260201 000000;0.0000000352;0.00000003549;0.00000003264;0.00000003323;2148910691700
20260202 000000;0.00000003323;0.00000003815;0.00000003154;0.00000003669;2717854276677
20260203 000000;0.00000003669;0.0000000414;0.00000003583;0.00000003725;2437477995485
20260204 000000;0.00000003725;0.00000003972;0.00000003502;0.00000003531;1929917844685
20260205 000000;0.00000003531;0.00000003574;0.00000002791;0.00000002885;2794277664385
20260206 000000;0.00000002885;0.00000003846;0.00000002766;0.00000003328;2483947885993
20260207 000000;0.00000003328;0.00000003642;0.00000003211;0.00000003407;2009582047425
20260208 000000;0.00000003407;0.00000003695;0.00000003374;0.00000003477;1825255943846
20260209 000000;0.00000003477;0.0000000366;0.00000003224;0.00000003375;1817909656595
20260210 000000;0.00000003375;0.0000000346;0.0000000322;0.0000000327;1712409986612
20260211 000000;0.0000000327;0.00000003485;0.0000000317;0.00000003299;1987684379579
20260212 000000;0.00000003299;0.00000003505;0.00000003176;0.00000003267;2133780480631
20260213 000000;0.00000003267;0.00000003575;0.00000003223;0.0000000348;1824715003054
20260214 000000;0.0000000348;0.00000003577;0.000000034;0.00000003541;1603652493572
20260215 000000;0.00000003541;0.00000003722;0.00000003347;0.00000003371;1722887272812
20260216 000000;0.00000003371;0.00000003481;0.0000000332;0.00000003434;1781216693731
20260217 000000;0.00000003434;0.00000003641;0.0000000335;0.0000000347;1764679967482
20260218 000000;0.0000000347;0.00000003905;0.00000003399;0.00000003477;1848303678204
20260219 000000;0.00000003477;0.00000003581;0.0000000333;0.00000003526;1751720626570
20260220 000000;0.00000003526;0.000000036;0.00000003425;0.00000003549;1740938056655
20260221 000000;0.00000003549;0.000000037;0.00000003498;0.00000003536;1988130196762
20260222 000000;0.00000003536;0.0000000361;0.0000000341;0.00000003482;1739719872655
20260223 000000;0.00000003482;0.00000003522;0.00000003231;0.00000003295;1775843951732
20260224 000000;0.00000003295;0.00000003369;0.00000003182;0.00000003309;1802339593616
20260225 000000;0.00000003309;0.00000003948;0.00000003297;0.00000003713;2208657136881
20260226 000000;0.00000003713;0.00000004094;0.00000003557;0.00000003709;1825073620720
20260227 000000;0.00000003709;0.00000003814;0.000000035;0.00000003548;1860603917943
20260228 000000;0.00000003548;0.00000003637;0.00000003357;0.00000003582;1800027695933
20260301 000000;0.00000003582;0.00000003899;0.00000003392;0.00000003499;1680752777528
20260302 000000;0.00000003499;0.00000003797;0.00000003448;0.00000003677;1614056548428
20260303 000000;0.00000003677;0.00000003725;0.0000000352;0.00000003618;1817371452995
20260304 000000;0.00000003618;0.00000004;0.00000003541;0.00000003936;1972366452623
20260305 000000;0.00000003936;0.00000004;0.00000003778;0.00000003939;1582952071454
20260306 000000;0.00000003939;0.00000003971;0.000000037;0.00000003714;1672649516858
20260307 000000;0.00000003714;0.00000003848;0.00000003622;0.00000003699;1702815716296
20260308 000000;0.00000003699;0.00000003748;0.00000003625;0.00000003691;1603903048714
20260309 000000;0.00000003691;0.00000003876;0.00000003669;0.00000003793;1594857284089
20260310 000000;0.00000003793;0.0000000396;0.00000003767;0.00000003837;1643116514154
20260311 000000;0.00000003837;0.00000003896;0.00000003752;0.00000003843;1641852630525
20260312 000000;0.00000003843;0.000000039;0.000000037;0.0000000384;1534760628422
20260313 000000;0.0000000384;0.00000003993;0.00000003811;0.00000003874;1560756159899
20260314 000000;0.00000003874;0.0000000398;0.00000003842;0.0000000393;1559820662092
20260315 000000;0.0000000393;0.00000004036;0.00000003877;0.00000003984;1749405776623
20260316 000000;0.00000003984;0.00000004766;0.0000000391;0.00000004307;1758081720467
20260317 000000;0.00000004307;0.00000004499;0.00000004114;0.00000004289;1404633279835
20260318 000000;0.00000004289;0.00000004336;0.00000004;0.00000004041;1642322402330
20260319 000000;0.00000004041;0.0000000409;0.00000003801;0.00000003898;1522934627937
20260320 000000;0.00000003898;0.00000003972;0.00000003831;0.00000003919;1513326415585
20260321 000000;0.00000003919;0.00000004007;0.00000003854;0.00000003858;1492855309352
20260322 000000;0.00000003858;0.00000004009;0.0000000371;0.0000000376;1642107885332
20260323 000000;0.0000000376;0.00000004142;0.00000003664;0.00000003897;1647422832470
20260324 000000;0.00000003897;0.00000003949;0.00000003804;0.00000003884;1492682737490
20260325 000000;0.00000003884;0.00000003961;0.00000003854;0.000000039;1521977853457
20260326 000000;0.000000039;0.00000003912;0.00000003657;0.00000003762;1833054675564
20260327 000000;0.00000003762;0.00000003795;0.00000003582;0.00000003625;2458094149497
20260328 000000;0.00000003625;0.00000003703;0.0000000359;0.00000003612;2059433586040
20260329 000000;0.00000003612;0.00000003656;0.00000003532;0.00000003597;2350471219054
20260330 000000;0.00000003597;0.00000003748;0.00000003589;0.0000000365;2972068590338
20260331 000000;0.0000000365;0.00000003981;0.00000003573;0.00000003957;3371272897113
20260401 000000;0.00000003957;0.00000004043;0.00000003757;0.00000003953;3133114313706
20260402 000000;0.00000003953;0.00000003954;0.00000003664;0.0000000374;2348353691385
20260403 000000;0.0000000374;0.00000003779;0.00000003696;0.00000003742;2292994129169
20260404 000000;0.00000003742;0.00000003789;0.00000003699;0.00000003749;2459637479882
20260405 000000;0.00000003749;0.00000003864;0.0000000367;0.00000003837;2194120432534
20260406 000000;0.00000003837;0.0000000395;0.00000003757;0.00000003805;2345940677484
20260407 000000;0.00000003805;0.00000004018;0.00000003745;0.00000003981;2206191133288
20260408 000000;0.00000003981;0.00000004101;0.00000003833;0.0000000395;1983711417314
20260409 000000;0.0000000395;0.00000004015;0.00000003849;0.00000003897;2105374431681
20260410 000000;0.00000003897;0.00000004023;0.00000003868;0.00000003971;2030533480438
20260411 000000;0.00000003971;0.000000042;0.00000003923;0.00000004039;1880822192974
20260412 000000;0.00000004039;0.00000004048;0.00000003856;0.00000003924;2165314276990
20260413 000000;0.00000003924;0.00000004249;0.00000003836;0.00000004124;2045204586153
20260414 000000;0.00000004124;0.00000004185;0.00000003981;0.00000004026;1954457815258
20260415 000000;0.00000004026;0.0000000414;0.00000004013;0.00000004075;1929914323811
20260416 000000;0.00000004075;0.00000004111;0.0000000395;0.00000004037;2055492512422
20260417 000000;0.00000004037;0.00000004343;0.00000003977;0.00000004173;1884751023605
20260418 000000;0.00000004173;0.00000004219;0.00000003987;0.00000004043;1754194803387
20260419 000000;0.00000004043;0.00000004084;0.00000003906;0.00000003941;2102784466150
20260420 000000;0.00000003941;0.00000004192;0.00000003906;0.00000004097;2179000831369
20260421 000000;0.00000004097;0.00000004346;0.00000004059;0.00000004255;2102563568429
20260422 000000;0.00000004255;0.00000004466;0.00000004211;0.00000004414;1772909182123
20260423 000000;0.00000004414;0.00000004418;0.00000004201;0.00000004259;2069753024068
20260424 000000;0.00000004259;0.00000004264;0.00000004198;0.00000004206;1931824204810
20260425 000000;0.00000004206;0.00000004251;0.00000004162;0.00000004181;1881668273159
20260426 000000;0.00000004181;0.00000004313;0.00000004179;0.00000004292;1908185743122
20260427 000000;0.00000004292;0.00000004342;0.00000004112;0.0000000416;1989065044663
20260428 000000;0.0000000416;0.00000004185;0.00000003982;0.00000004139;2223725339708
20260429 000000;0.00000004139;0.00000004245;0.00000003887;0.00000003899;2561202295089
20260430 000000;0.00000003899;0.00000003944;0.00000003841;0.00000003867;2411953807029
20260501 000000;0.00000003867;0.00000003939;0.00000003839;0.00000003892;2220547881036
20260502 000000;0.00000003892;0.00000003968;0.00000003878;0.00000003941;2249092384234
20260503 000000;0.00000003941;0.00000004078;0.00000003866;0.00000003983;2313575153989
20260504 000000;0.00000003983;0.00000004072;0.00000003911;0.00000003962;2208765957480
20260505 000000;0.00000003962;0.00000004086;0.00000003952;0.00000004004;2013166735591
20260506 000000;0.00000004004;0.00000004163;0.00000003974;0.0000000405;2366780273038
20260507 000000;0.0000000405;0.00000004057;0.00000003889;0.00000003917;2212658478777
20260508 000000;0.00000003917;0.00000004007;0.00000003893;0.00000003977;2287426457653
20260509 000000;0.00000003977;0.00000004033;0.00000003963;0.00000004005;2021869459806
20260510 000000;0.00000004005;0.0000000421;0.00000003911;0.00000004147;2306164236553
20260511 000000;0.00000004147;0.00000004257;0.00000004038;0.00000004172;2138345079139
20260512 000000;0.00000004172;0.00000004204;0.00000003966;0.00000004083;2296116411991
20260513 000000;0.00000004083;0.00000004135;0.00000003965;0.00000003974;2116515511269
20260514 000000;0.00000003974;0.00000004191;0.00000003919;0.00000004136;2143773283531
20260515 000000;0.00000004136;0.00000004137;0.00000003899;0.00000003965;2088335950112
20260516 000000;0.00000003965;0.00000003978;0.00000003843;0.0000000389;2324852808537
20260517 000000;0.0000000389;0.00000003935;0.00000003824;0.00000003841;2151800831544
20260518 000000;0.00000003841;0.00000003846;0.00000003698;0.00000003795;2113721417946
20260519 000000;0.00000003795;0.00000003841;0.00000003648;0.00000003728;2533687875403
20260520 000000;0.00000003728;0.00000003811;0.00000003718;0.00000003768;2104804218612
20260521 000000;0.00000003768;0.00000003891;0.00000003765;0.00000003805;2193561496914
20260522 000000;0.00000003805;0.00000003944;0.00000003671;0.00000003697;2264961718059
20260523 000000;0.00000003697;0.00000003798;0.00000003626;0.00000003729;2328129293338
20260524 000000;0.00000003729;0.00000003758;0.00000003639;0.00000003692;2211711860522
20260525 000000;0.00000003692;0.00000003767;0.00000003673;0.00000003712;2269974685615
20260526 000000;0.00000003712;0.00000003754;0.00000003622;0.00000003648;2324343435548
20260527 000000;0.00000003648;0.00000003679;0.00000003555;0.00000003558;2367796303061
20260528 000000;0.00000003558;0.00000003569;0.00000003472;0.00000003521;2375969956973
20260529 000000;0.00000003521;0.00000003564;0.00000003472;0.00000003504;2348948044532
20260530 000000;0.00000003504;0.00000003885;0.00000003478;0.00000003577;2821344009118
20260531 000000;0.00000003577;0.00000003635;0.00000003502;0.00000003553;2573471815985
20260601 000000;0.00000003553;0.00000003589;0.00000003456;0.00000003515;2105916218487
20260602 000000;0.00000003515;0.00000003531;0.00000003257;0.00000003264;2389201564977
20260603 000000;0.00000003264;0.00000003374;0.00000003167;0.00000003232;2657621923152
20260604 000000;0.00000003232;0.00000003261;0.00000003056;0.00000003155;2872437516641
20260605 000000;0.00000003155;0.00000003169;0.00000002703;0.0000000277;2720837418811
20260606 000000;0.0000000277;0.00000002816;0.00000002658;0.00000002765;3183964088549
20260607 000000;0.00000002765;0.00000003043;0.00000002762;0.00000003025;2818950636912
20260608 000000;0.00000003025;0.00000003123;0.00000002975;0.00000003088;2865397033809
20260609 000000;0.00000003088;0.00000003092;0.00000002892;0.00000002928;2766423573098
20260610 000000;0.00000002928;0.0000000296;0.00000002867;0.00000002898;3007315848464
20260611 000000;0.00000002898;0.00000003023;0.00000002897;0.00000003001;2652219741111
20260612 000000;0.00000003001;0.00000003073;0.00000002953;0.00000003016;2790523987296
20260613 000000;0.00000003016;0.00000003145;0.00000002991;0.00000003049;2708595613534
20260614 000000;0.00000003049;0.00000003134;0.00000002919;0.00000003111;2787951919111
20260615 000000;0.00000003111;0.0000000351;0.00000003087;0.00000003292;2700309317689
20260616 000000;0.00000003292;0.00000003525;0.00000003226;0.00000003443;2610662302844
20260617 000000;0.00000003443;0.0000000348;0.00000003265;0.00000003286;2551838164744
20260618 000000;0.00000003286;0.00000003316;0.00000003119;0.00000003187;2791843148018
20260619 000000;0.00000003187;0.00000003294;0.00000003133;0.00000003192;2585163944994
20260620 000000;0.00000003192;0.00000003249;0.00000003175;0.00000003219;2064892557120
