20250101 000000;0.0000002039;0.0000002212;0.0000001994;0.0000002159;1499024371235
20250102 000000;0.0000002159;0.0000002363;0.0000002152;0.0000002241;1141016901257
20250103 000000;0.0000002241;0.0000002486;0.0000002224;0.0000002423;761866234184
20250104 000000;0.0000002423;0.0000002487;0.0000002303;0.0000002397;1096369607863
20250105 000000;0.0000002397;0.0000002454;0.0000002319;0.0000002371;585977943134
20250106 000000;0.0000002371;0.0000002485;0.0000002305;0.000000235;1000580824493
20250107 000000;0.000000235;0.000000236;0.0000002095;0.0000002101;962990825324
20250108 000000;0.0000002101;0.0000002133;0.0000001994;0.0000002084;949851111620
20250109 000000;0.0000002084;0.0000002101;0.0000001917;0.0000001949;830315048759
20250110 000000;0.0000001949;0.0000002035;0.0000001937;0.0000001982;813991908390
20250111 000000;0.0000001982;0.0000002041;0.0000001933;0.0000001996;793967722780
20250112 000000;0.0000001996;0.0000002022;0.0000001937;0.0000001955;792532646756
20250113 000000;0.0000001955;0.0000002006;0.0000001752;0.0000001848;1373123481444
20250114 000000;0.0000001848;0.0000001939;0.000000184;0.0000001913;775742793838
20250115 000000;0.0000001913;0.00000021;0.0000001902;0.0000002037;1774929497134
20250116 000000;0.0000002037;0.0000002043;0.0000001911;0.0000001929;1165997752021
20250117 000000;0.0000001929;0.0000002094;0.0000001927;0.0000002054;2920237213137
20250118 000000;0.0000002054;0.0000002098;0.0000001742;0.0000001776;4710186298768
20250119 000000;0.0000001776;0.0000008179;0.0000001773;0.0000003011;76686660710093
20250120 000000;0.0000003011;0.0000004005;0.0000002467;0.0000002499;23533077665861
20250121 000000;0.0000002499;0.0000003478;0.0000002279;0.0000003062;15844280745956
20250122 000000;0.0000003062;0.00000036;0.000000293;0.0000003021;7751040751408
20250123 000000;0.0000003021;0.0000003475;0.0000002841;0.0000003313;4949495195463
20250124 000000;0.0000003313;0.0000003631;0.0000003173;0.0000003232;3828403701061
20250125 000000;0.0000003232;0.0000003349;0.0000003002;0.0000003031;3332629425888
20250126 000000;0.0000003031;0.0000003074;0.0000002551;0.0000002554;3616976606320
20250127 000000;0.0000002554;0.0000002719;0.0000002391;0.0000002669;3580567079648
20250128 000000;0.0000002669;0.0000002698;0.0000002303;0.000000232;2215534506823
20250129 000000;0.000000232;0.0000002493;0.0000002305;0.0000002355;1721154483304
20250130 000000;0.0000002355;0.0000003371;0.0000002327;0.0000002905;6733312138696
20250131 000000;0.0000002905;0.0000003299;0.0000002785;0.0000002847;5179930759400
20250201 000000;0.0000002847;0.0000003038;0.0000002408;0.0000002455;3300865208766
20250202 000000;0.0000002455;0.0000002823;0.0000002301;0.0000002364;4140925709750
20250203 000000;0.0000002364;0.0000002682;0.0000001856;0.0000002482;6946225368789
20250204 000000;0.0000002482;0.0000002672;0.0000002208;0.0000002329;3837631937211
20250205 000000;0.0000002329;0.0000002518;0.000000226;0.000000233;1997161639876
20250206 000000;0.000000233;0.0000002494;0.0000002271;0.0000002303;1807934653378
20250207 000000;0.0000002303;0.0000002387;0.0000002147;0.0000002229;1713751851454
20250208 000000;0.0000002229;0.0000002246;0.0000002133;0.0000002181;1231869500730
20250209 000000;0.0000002181;0.0000002237;0.000000205;0.0000002138;1673522760174
20250210 000000;0.0000002138;0.0000002347;0.0000001881;0.0000001997;6113653534902
20250211 000000;0.0000001997;0.0000002281;0.0000001997;0.0000002084;3370509557936
20250212 000000;0.0000002084;0.0000002215;0.0000001962;0.0000002151;2519898047777
20250213 000000;0.0000002151;0.0000002205;0.0000002038;0.0000002093;1686491949236
20250214 000000;0.0000002093;0.0000002189;0.0000002044;0.0000002079;1908838001340
20250215 000000;0.0000002079;0.0000002108;0.0000002035;0.0000002057;1206785361785
20250216 000000;0.0000002057;0.0000002067;0.0000001982;0.0000002002;1709722150242
20250217 000000;0.0000002002;0.0000002093;0.0000001932;0.0000001964;2281590768703
20250218 000000;0.0000001964;0.0000001992;0.000000185;0.00000019;1953175113584
20250219 000000;0.00000019;0.0000001946;0.0000001878;0.0000001929;1268064299926
20250220 000000;0.0000001929;0.0000001956;0.0000001873;0.0000001918;2132289542162
20250221 000000;0.0000001918;0.0000002014;0.0000001853;0.0000001886;2809687292755
20250222 000000;0.0000001886;0.0000001933;0.0000001879;0.0000001922;2591191280740
20250223 000000;0.0000001922;0.0000001946;0.0000001876;0.0000001897;1570497883027
20250224 000000;0.0000001897;0.0000001911;0.0000001559;0.0000001579;3207301463516
20250225 000000;0.0000001579;0.0000001682;0.00000015;0.0000001636;1972615397513
20250226 000000;0.0000001636;0.0000001676;0.0000001517;0.0000001602;2268049541076
20250227 000000;0.0000001602;0.000000162;0.0000001545;0.0000001582;1224630978339
20250228 000000;0.0000001582;0.0000001631;0.0000001414;0.0000001518;2285086118408
20250301 000000;0.0000001518;0.0000001556;0.0000001487;0.0000001528;1003003043112
20250302 000000;0.0000001528;0.0000002;0.0000001516;0.0000001716;3249148458799
20250303 000000;0.0000001716;0.0000001716;0.0000001461;0.0000001484;1717743674421
20250304 000000;0.0000001484;0.0000001555;0.0000001405;0.0000001519;1704652492391
20250305 000000;0.0000001519;0.0000001595;0.0000001478;0.0000001557;1398798367582
20250306 000000;0.0000001557;0.000000161;0.0000001501;0.0000001516;1041623066635
20250307 000000;0.0000001516;0.0000001546;0.0000001436;0.0000001446;1526492920866
20250308 000000;0.0000001446;0.0000001475;0.000000142;0.0000001455;1029310858372
20250309 000000;0.0000001455;0.0000001464;0.0000001321;0.0000001336;1046584454007
20250310 000000;0.0000001336;0.00000015;0.0000001228;0.0000001389;2802555383420
20250311 000000;0.0000001389;0.0000001431;0.0000001327;0.0000001352;3595787493419
20250312 000000;0.0000001352;0.0000001388;0.0000001305;0.000000137;1483504707912
20250313 000000;0.000000137;0.0000001377;0.0000001295;0.0000001325;1619542921704
20250314 000000;0.0000001325;0.00000014;0.0000001318;0.0000001356;1626460674884
20250315 000000;0.0000001356;0.0000001394;0.000000135;0.000000138;1148350156387
20250316 000000;0.000000138;0.0000001394;0.0000001315;0.0000001323;1063581879848
20250317 000000;0.0000001323;0.0000001374;0.0000001323;0.0000001364;986550824956
20250318 000000;0.0000001364;0.0000001367;0.0000001298;0.0000001334;1618327266055
20250319 000000;0.0000001334;0.0000001606;0.0000001332;0.0000001559;2457447142658
20250320 000000;0.0000001559;0.0000001635;0.0000001443;0.0000001448;2739962964634
20250321 000000;0.0000001448;0.000000146;0.0000001388;0.0000001425;1196057041978
20250322 000000;0.0000001425;0.0000001465;0.0000001403;0.000000141;1637354101081
20250323 000000;0.000000141;0.0000001454;0.0000001405;0.0000001421;1169559539101
20250324 000000;0.0000001421;0.0000001666;0.0000001414;0.0000001577;3067640918282
20250325 000000;0.0000001577;0.0000001648;0.0000001527;0.0000001618;1243150173750
20250326 000000;0.0000001618;0.0000001737;0.0000001588;0.0000001621;1596879561322
20250327 000000;0.0000001621;0.0000001647;0.0000001574;0.0000001577;840458444132
20250328 000000;0.0000001577;0.0000001588;0.0000001462;0.0000001484;1064808810888
20250329 000000;0.0000001484;0.0000001502;0.0000001372;0.0000001389;721232500351
20250330 000000;0.0000001389;0.0000001428;0.0000001284;0.0000001318;1152935240518
20250331 000000;0.0000001318;0.0000001332;0.0000001271;0.0000001298;1027598570203
20250401 000000;0.0000001298;0.0000001383;0.000000129;0.0000001328;1461725378975
20250402 000000;0.0000001328;0.0000001369;0.0000001246;0.0000001253;2209010997204
20250403 000000;0.0000001253;0.0000001294;0.0000001206;0.0000001269;996938208129
20250404 000000;0.0000001269;0.0000001295;0.0000001234;0.0000001273;1067269210401
20250405 000000;0.0000001273;0.0000001286;0.0000001228;0.000000125;1019795934209
20250406 000000;0.000000125;0.0000001255;0.000000109;0.0000001132;2430163768689
20250407 000000;0.0000001132;0.0000001184;0.0000001013;0.0000001146;1808296480712
20250408 000000;0.0000001146;0.000000119;0.0000001083;0.0000001102;1584880434442
20250409 000000;0.0000001102;0.0000001274;0.0000001053;0.0000001242;2083954855664
20250410 000000;0.0000001242;0.0000001245;0.0000001121;0.0000001149;2518889242686
20250411 000000;0.0000001149;0.0000001185;0.0000001138;0.0000001167;2788438294360
20250412 000000;0.0000001167;0.0000001441;0.0000001144;0.0000001355;4101521666613
20250413 000000;0.0000001355;0.0000001366;0.000000124;0.0000001262;2760509412903
20250414 000000;0.0000001262;0.000000131;0.000000124;0.0000001249;2433735601284
20250415 000000;0.0000001249;0.0000001298;0.000000121;0.0000001216;1722324456682
20250416 000000;0.0000001216;0.0000001255;0.0000001196;0.0000001227;1560272097815
20250417 000000;0.0000001227;0.0000001287;0.0000001222;0.0000001268;1432261764166
20250418 000000;0.0000001268;0.0000001299;0.0000001263;0.0000001276;1055730992135
20250419 000000;0.0000001276;0.0000001306;0.0000001251;0.0000001268;1279653264738
20250420 000000;0.0000001268;0.000000128;0.0000001231;0.0000001245;1224183745866
20250421 000000;0.0000001245;0.0000001332;0.000000124;0.0000001282;1755621547269
20250422 000000;0.0000001282;0.0000001409;0.0000001257;0.00000014;1473721302416
20250423 000000;0.00000014;0.0000001441;0.0000001361;0.0000001394;2333681037066
20250424 000000;0.0000001394;0.000000142;0.0000001326;0.0000001367;1480815297223
20250425 000000;0.0000001367;0.0000001415;0.0000001338;0.0000001402;1505097868945
20250426 000000;0.0000001402;0.000000145;0.0000001382;0.0000001421;1501600049358
20250427 000000;0.0000001421;0.0000001487;0.0000001353;0.0000001372;1539562281400
20250428 000000;0.0000001372;0.0000001403;0.0000001297;0.0000001325;2164396662636
20250429 000000;0.0000001325;0.000000136;0.00000013;0.0000001307;1408102636097
20250430 000000;0.0000001307;0.0000001346;0.0000001267;0.0000001317;1294322112776
20250501 000000;0.0000001317;0.0000001361;0.0000001308;0.0000001333;1206456301924
20250502 000000;0.0000001333;0.0000001358;0.0000001317;0.0000001336;711264091525
20250503 000000;0.0000001336;0.0000001345;0.0000001287;0.0000001306;939684177791
20250504 000000;0.0000001306;0.0000001316;0.0000001273;0.0000001276;692155443584
20250505 000000;0.0000001276;0.0000001291;0.0000001222;0.0000001237;1363859818809
20250506 000000;0.0000001237;0.0000001239;0.0000001184;0.0000001224;908083554333
20250507 000000;0.0000001224;0.000000124;0.0000001193;0.0000001219;892025442308
20250508 000000;0.0000001219;0.0000001417;0.0000001215;0.0000001404;1262145741957
20250509 000000;0.0000001404;0.0000001524;0.000000138;0.0000001493;1927439652691
20250510 000000;0.0000001493;0.0000001692;0.0000001481;0.0000001689;2129192928329
20250511 000000;0.0000001689;0.00000017;0.0000001464;0.0000001537;2124952065730
20250512 000000;0.0000001537;0.0000001632;0.000000146;0.0000001522;2220093315509
20250513 000000;0.0000001522;0.0000001798;0.000000146;0.000000179;5797263996258
20250514 000000;0.000000179;0.0000001858;0.0000001682;0.00000017;2845406016502
20250515 000000;0.00000017;0.0000001721;0.0000001554;0.0000001581;1849718312041
20250516 000000;0.0000001581;0.0000001588;0.0000001456;0.0000001468;4051034030289
20250517 000000;0.0000001468;0.0000001521;0.0000001417;0.0000001438;4178650214484
20250518 000000;0.0000001438;0.0000001555;0.0000001432;0.0000001505;1362087742961
20250519 000000;0.0000001505;0.0000001517;0.0000001416;0.000000149;1120893982158
20250520 000000;0.000000149;0.000000152;0.0000001419;0.0000001443;993297685035
20250521 000000;0.0000001443;0.0000001512;0.0000001421;0.0000001461;1054035053263
20250522 000000;0.0000001461;0.0000001554;0.0000001461;0.0000001525;1090855408299
20250523 000000;0.0000001525;0.0000001562;0.0000001437;0.0000001441;1267221066332
20250524 000000;0.0000001441;0.0000001491;0.0000001438;0.0000001454;679927398863
20250525 000000;0.0000001454;0.0000001463;0.0000001401;0.0000001458;874274969625
20250526 000000;0.0000001458;0.0000001487;0.0000001421;0.0000001432;790122504092
20250527 000000;0.0000001432;0.0000001485;0.0000001401;0.0000001442;1083869026432
20250528 000000;0.0000001442;0.0000001463;0.000000141;0.0000001442;1169208691830
20250529 000000;0.0000001442;0.0000001475;0.00000014;0.0000001402;1130996923213
20250530 000000;0.0000001402;0.0000001413;0.0000001309;0.000000132;1485511912213
20250531 000000;0.000000132;0.0000001371;0.0000001292;0.0000001364;1058082095291
20250601 000000;0.0000001364;0.0000001383;0.0000001331;0.0000001369;781793807085
20250602 000000;0.0000001369;0.0000001388;0.0000001333;0.0000001386;971609523238
20250603 000000;0.0000001386;0.0000001406;0.0000001355;0.0000001356;1824050954267
20250604 000000;0.0000001356;0.0000001381;0.0000001308;0.0000001313;1122281572228
20250605 000000;0.0000001313;0.0000001332;0.0000001172;0.000000121;1623261557148
20250606 000000;0.000000121;0.0000001303;0.0000001194;0.0000001287;1002744173612
20250607 000000;0.0000001287;0.0000001326;0.0000001276;0.0000001295;708926130359
20250608 000000;0.0000001295;0.0000001297;0.000000123;0.0000001238;1240023361121
20250609 000000;0.0000001238;0.0000001324;0.0000001217;0.000000132;1523624766698
20250610 000000;0.000000132;0.000000142;0.0000001314;0.0000001402;1054485738245
20250611 000000;0.0000001402;0.0000001421;0.000000134;0.0000001351;1058653637947
20250612 000000;0.0000001351;0.0000001352;0.0000001271;0.0000001281;1160387579087
20250613 000000;0.0000001281;0.0000001281;0.0000001187;0.0000001228;994072489942
20250614 000000;0.0000001228;0.0000001228;0.0000001178;0.0000001193;580732948740
20250615 000000;0.0000001193;0.0000001215;0.0000001176;0.0000001203;662348642415
20250616 000000;0.0000001203;0.0000001259;0.0000001185;0.0000001196;1025122705934
20250617 000000;0.0000001196;0.0000001223;0.0000001107;0.0000001136;971746038531
20250618 000000;0.0000001136;0.0000001157;0.0000001094;0.0000001134;1058342189377
20250619 000000;0.0000001134;0.0000001148;0.0000001085;0.0000001103;1114835776429
20250620 000000;0.0000001103;0.0000001148;0.0000001056;0.0000001079;1255716762127
20250621 000000;0.0000001079;0.0000001145;0.0000001026;0.0000001112;1713912323606
20250622 000000;0.0000001112;0.0000001166;0.0000001017;0.0000001064;1438725857857
20250623 000000;0.0000001064;0.0000001175;0.0000001036;0.000000116;846165354897
20250624 000000;0.000000116;0.0000001183;0.0000001144;0.0000001174;790589224166
20250625 000000;0.0000001174;0.0000001189;0.0000001139;0.0000001157;877587097976
20250626 000000;0.0000001157;0.0000001212;0.0000001146;0.0000001159;1435095801066
20250627 000000;0.0000001159;0.0000001269;0.0000001145;0.0000001258;1667192450812
20250628 000000;0.0000001258;0.0000001259;0.0000001222;0.0000001231;770409344567
20250629 000000;0.0000001231;0.0000001243;0.000000118;0.0000001238;1232068725780
20250630 000000;0.0000001238;0.0000001242;0.0000001187;0.0000001193;791894860960
20250701 000000;0.0000001193;0.0000001208;0.000000114;0.0000001148;759007052546
20250702 000000;0.0000001148;0.0000001226;0.000000114;0.0000001206;606626382292
20250703 000000;0.0000001206;0.0000001227;0.0000001195;0.0000001204;666585206667
20250704 000000;0.0000001204;0.0000001215;0.000000114;0.0000001153;961309342597
20250705 000000;0.0000001153;0.000000116;0.000000111;0.0000001127;683515053638
20250706 000000;0.0000001127;0.000000128;0.0000001114;0.0000001194;2140025435540
20250707 000000;0.0000001194;0.0000001208;0.0000001142;0.0000001153;826725974095
20250708 000000;0.0000001153;0.0000001194;0.000000114;0.0000001169;586287613989
20250709 000000;0.0000001169;0.0000001206;0.0000001143;0.0000001195;645421998342
20250710 000000;0.0000001195;0.0000001249;0.0000001179;0.0000001237;845827074924
20250711 000000;0.0000001237;0.0000001299;0.000000122;0.0000001249;676092808521
20250712 000000;0.0000001249;0.0000001259;0.0000001201;0.0000001223;550701109399
20250713 000000;0.0000001223;0.0000001238;0.0000001198;0.0000001214;637675198105
20250714 000000;0.0000001214;0.0000001255;0.0000001206;0.0000001221;663958036418
20250715 000000;0.0000001221;0.0000001226;0.000000117;0.0000001213;675318308977
20250716 000000;0.0000001213;0.0000001305;0.0000001192;0.0000001278;610875753281
20250717 000000;0.0000001278;0.0000001366;0.0000001249;0.0000001287;871175466451
20250718 000000;0.0000001287;0.000000133;0.0000001236;0.0000001263;1112812000075
20250719 000000;0.0000001263;0.0000001286;0.000000124;0.0000001269;720420739193
20250720 000000;0.0000001269;0.0000001323;0.0000001247;0.000000129;681067923240
20250721 000000;0.000000129;0.0000001334;0.0000001271;0.0000001307;667841984722
20250722 000000;0.0000001307;0.0000001316;0.0000001261;0.0000001296;689549353484
20250723 000000;0.0000001296;0.0000001301;0.0000001193;0.000000123;663152902467
20250724 000000;0.000000123;0.0000001283;0.0000001184;0.0000001246;621250505060
20250725 000000;0.0000001246;0.0000001267;0.0000001206;0.0000001259;527773900190
20250726 000000;0.0000001259;0.0000001273;0.0000001238;0.0000001244;516241848590
20250727 000000;0.0000001244;0.0000001274;0.0000001241;0.0000001265;866326395284
20250728 000000;0.0000001265;0.0000001283;0.0000001204;0.0000001215;752428171312
20250729 000000;0.0000001215;0.0000001257;0.0000001187;0.0000001205;674784672366
20250730 000000;0.0000001205;0.0000001218;0.0000001121;0.0000001139;679532428941
20250731 000000;0.0000001139;0.0000001176;0.0000001077;0.0000001089;691650335546
20250801 000000;0.0000001089;0.0000001164;0.0000001052;0.0000001074;804263754658
20250802 000000;0.0000001074;0.0000001098;0.0000001031;0.0000001051;620112630757
20250803 000000;0.0000001051;0.0000001096;0.0000001039;0.0000001082;694861555062
20250804 000000;0.0000001082;0.0000001166;0.0000001077;0.0000001153;692684658585
20250805 000000;0.0000001153;0.0000001156;0.0000001087;0.0000001105;1037467512464
20250806 000000;0.0000001105;0.0000001155;0.0000001088;0.0000001138;560685117975
20250807 000000;0.0000001138;0.0000001199;0.0000001116;0.0000001196;612087549853
20250808 000000;0.0000001196;0.0000001236;0.000000116;0.000000119;586979264311
20250809 000000;0.000000119;0.0000001274;0.0000001177;0.0000001228;663818962577
20250810 000000;0.0000001228;0.0000001233;0.000000118;0.0000001201;525033632586
20250811 000000;0.0000001201;0.000000123;0.0000001128;0.0000001142;599424259752
20250812 000000;0.0000001142;0.0000001225;0.000000114;0.0000001213;533496723724
20250813 000000;0.0000001213;0.0000001293;0.0000001201;0.0000001234;751682264906
20250814 000000;0.0000001234;0.0000001239;0.0000001135;0.0000001172;709843077517
20250815 000000;0.0000001172;0.0000001185;0.0000001101;0.0000001126;708758630345
20250816 000000;0.0000001126;0.0000001143;0.0000001099;0.000000113;663533718972
20250817 000000;0.000000113;0.0000001175;0.0000001117;0.0000001148;732602932781
20250818 000000;0.0000001148;0.000000126;0.000000108;0.0000001113;1004397523071
20250819 000000;0.0000001113;0.0000001116;0.0000001033;0.0000001039;1196034664398
20250820 000000;0.0000001039;0.0000001118;0.0000001032;0.0000001111;856619855732
20250821 000000;0.0000001111;0.0000001111;0.0000001032;0.0000001036;1712156004078
20250822 000000;0.0000001036;0.0000001173;0.0000001;0.0000001119;3173671032136
20250823 000000;0.0000001119;0.0000001133;0.0000001078;0.0000001124;752758260580
20250824 000000;0.0000001124;0.000000115;0.0000001095;0.0000001112;800020961012
20250825 000000;0.0000001112;0.000000112;0.0000001008;0.0000001019;961517913305
20250826 000000;0.0000001019;0.0000001041;0.0000000971;0.0000001032;1474354729591
20250827 000000;0.0000001032;0.0000001111;0.0000000991;0.0000001022;922330796922
20250828 000000;0.0000001022;0.0000001057;0.0000001005;0.0000001029;687138844471
20250829 000000;0.0000001029;0.0000001034;0.0000000981;0.0000001016;958799821074
20250830 000000;0.0000001016;0.0000001032;0.0000000997;0.000000102;694463137982
20250831 000000;0.000000102;0.0000001035;0.0000001;0.0000001;635373106237
20250901 000000;0.0000001;0.0000001032;0.0000000967;0.0000000985;875470675100
20250902 000000;0.0000000985;0.0000001004;0.0000000968;0.0000000987;656974037545
20250903 000000;0.0000000987;0.00000010118;0.0000000932;0.0000000996;875701531890
20250904 000000;0.0000000996;0.0000001004;0.00000009422;0.0000000959;680998395215
20250905 000000;0.0000000959;0.00000009853;0.0000000948;0.0000000963;773879766568
20250906 000000;0.0000000963;0.00000009704;0.000000095;0.00000009644;623779945572
20250907 000000;0.00000009644;0.00000009734;0.00000009586;0.00000009712;576305369940
20250908 000000;0.00000009712;0.00000010148;0.00000009653;0.00000010067;682822920330
20250909 000000;0.00000010067;0.00000010299;0.00000009782;0.00000009884;665253470759
20250910 000000;0.00000009884;0.00000010165;0.00000009839;0.00000010046;701854233651
20250911 000000;0.00000010046;0.0000001037;0.0000001003;0.00000010217;601663800167
20250912 000000;0.00000010217;0.00000010956;0.00000010217;0.00000010737;794226633975
20250913 000000;0.00000010737;0.00000010987;0.00000010335;0.00000010744;709501018426
20250914 000000;0.00000010744;0.00000010753;0.0000001034;0.00000010383;639210198176
20250915 000000;0.00000010383;0.000000106;0.00000010038;0.00000010124;622174582239
20250916 000000;0.00000010124;0.00000010229;0.0000001;0.0000001011;632844241738
20250917 000000;0.0000001011;0.00000010425;0.00000009999;0.00000010394;678216480635
20250918 000000;0.00000010394;0.00000010537;0.00000010258;0.00000010415;571882096409
20250919 000000;0.00000010415;0.00000010479;0.0000000985;0.00000010101;656140342465
20250920 000000;0.00000010101;0.00000010146;0.00000009874;0.00000009984;622003053143
20250921 000000;0.00000009984;0.00000010045;0.00000009824;0.0000000994;662185833083
20250922 000000;0.0000000994;0.00000009952;0.00000009076;0.00000009452;1039916913271
20250923 000000;0.00000009452;0.00000009563;0.00000009161;0.00000009233;784696301510
20250924 000000;0.00000009233;0.00000009469;0.00000008797;0.00000009227;893492899453
20250925 000000;0.00000009227;0.00000009339;0.00000008641;0.00000008767;1104736287730
20250926 000000;0.00000008767;0.00000009564;0.00000008759;0.00000009413;809445838087
20250927 000000;0.00000009413;0.00000009609;0.00000009285;0.0000000932;820094722285
20250928 000000;0.0000000932;0.0000000965;0.0000000919;0.00000009606;766018162346
20250929 000000;0.00000009606;0.00000009799;0.00000009358;0.00000009626;852164966820
20250930 000000;0.00000009626;0.00000009709;0.00000009271;0.00000009572;881548496504
20251001 000000;0.00000009572;0.00000010318;0.00000009472;0.00000010046;1016303379487
20251002 000000;0.00000010046;0.00000010403;0.00000009955;0.00000010149;949119951059
20251003 000000;0.00000010149;0.00000010446;0.00000010038;0.00000010214;908501322823
20251004 000000;0.00000010214;0.00000010252;0.00000009727;0.00000009828;1358148494179
20251005 000000;0.00000009828;0.00000010126;0.00000009588;0.00000009665;811261203726
20251006 000000;0.00000009665;0.0000001014;0.00000009531;0.00000009989;1257539682994
20251007 000000;0.00000009989;0.00000010842;0.000000095;0.0000000957;1969939098934
20251008 000000;0.0000000957;0.00000009646;0.00000009351;0.00000009574;931924624361
20251009 000000;0.00000009574;0.00000009601;0.00000008833;0.00000009053;1993570173231
20251010 000000;0.00000009053;0.00000009272;0.00000005284;0.00000007693;2385110522418
20251011 000000;0.00000007693;0.0000000784;0.00000007283;0.00000007558;1331042238561
20251012 000000;0.00000007558;0.00000008551;0.00000007392;0.00000008465;1304330986633
20251013 000000;0.00000008465;0.00000008982;0.00000008274;0.0000000871;1269232778101
20251014 000000;0.0000000871;0.00000008765;0.00000007758;0.00000008213;974516053846
20251015 000000;0.00000008213;0.00000008463;0.00000007736;0.00000007889;1008239459326
20251016 000000;0.00000007889;0.00000007967;0.00000007273;0.00000007379;997227441831
20251017 000000;0.00000007379;0.00000007562;0.0000000699;0.00000007293;1308754311221
20251018 000000;0.00000007293;0.00000007792;0.00000007289;0.0000000751;996703393583
20251019 000000;0.0000000751;0.00000007792;0.00000007382;0.00000007699;1082378353193
20251020 000000;0.00000007699;0.00000007881;0.00000007518;0.00000007597;1071246643382
20251021 000000;0.00000007597;0.00000007854;0.00000007302;0.00000007396;1098393695213
20251022 000000;0.00000007396;0.0000000743;0.00000007028;0.00000007239;1163352298728
20251023 000000;0.00000007239;0.00000007507;0.00000007212;0.00000007418;1181125801396
20251024 000000;0.00000007418;0.00000007699;0.00000007379;0.0000000758;1430284125409
20251025 000000;0.0000000758;0.00000007639;0.00000007445;0.00000007559;1091147741936
20251026 000000;0.00000007559;0.00000008042;0.00000007494;0.00000008022;1230411927564
20251027 000000;0.00000008022;0.0000000864;0.00000007889;0.00000007906;1744402026162
20251028 000000;0.00000007906;0.000000084;0.00000007478;0.0000000761;1040826862185
20251029 000000;0.0000000761;0.00000007708;0.000000073;0.00000007362;1458956727826
20251030 000000;0.00000007362;0.00000007524;0.00000006878;0.00000007058;1186405153813
20251031 000000;0.00000007058;0.00000007343;0.00000007049;0.00000007193;1060762567357
20251101 000000;0.00000007193;0.000000074;0.00000007143;0.00000007358;992569141035
20251102 000000;0.00000007358;0.00000007409;0.00000007199;0.00000007307;797097373602
20251103 000000;0.00000007307;0.00000007346;0.00000006454;0.00000006565;1004916089988
20251104 000000;0.00000006565;0.00000006689;0.00000005649;0.00000006096;1192601239998
20251105 000000;0.00000006096;0.00000007167;0.00000005829;0.00000006448;1209560108239
20251106 000000;0.00000006448;0.00000006547;0.0000000604;0.00000006199;1320545149899
20251107 000000;0.00000006199;0.00000006585;0.00000006011;0.00000006497;1086152869476
20251108 000000;0.00000006497;0.0000000657;0.00000006217;0.00000006259;1056343101773
20251109 000000;0.00000006259;0.00000006703;0.00000006194;0.00000006641;1114982953295
20251110 000000;0.00000006641;0.0000000713;0.00000006569;0.00000006772;992268690976
20251111 000000;0.00000006772;0.00000007547;0.00000006628;0.00000007016;1302765658688
20251112 000000;0.00000007016;0.00000007592;0.0000000687;0.0000000688;2771882198389
20251113 000000;0.0000000688;0.00000007088;0.00000006298;0.00000006558;1048406851274
20251114 000000;0.00000006558;0.00000006562;0.00000005943;0.00000006029;1026470435991
20251115 000000;0.00000006029;0.00000006329;0.00000006003;0.00000006168;1094493553115
20251116 000000;0.00000006168;0.00000006235;0.00000005846;0.00000005973;1134487415904
20251117 000000;0.00000005973;0.00000006231;0.00000005686;0.00000005819;1147996042768
20251118 000000;0.00000005819;0.00000006096;0.00000005664;0.00000006005;1229858166314
20251119 000000;0.00000006005;0.00000006011;0.0000000553;0.00000005851;1157058041055
20251120 000000;0.00000005851;0.00000005964;0.00000005469;0.00000005554;1209535022862
20251121 000000;0.00000005554;0.0000000564;0.00000005099;0.0000000536;1636039521769
20251122 000000;0.0000000536;0.00000005461;0.00000005135;0.00000005406;1753763284763
20251123 000000;0.00000005406;0.00000006326;0.00000005362;0.00000005504;3444548175343
20251124 000000;0.00000005504;0.00000005728;0.00000005224;0.00000005623;2584787064361
20251125 000000;0.00000005623;0.00000005842;0.00000005425;0.00000005686;1272308596657
20251126 000000;0.00000005686;0.00000005942;0.00000005485;0.00000005898;1077753866857
20251127 000000;0.00000005898;0.00000006348;0.00000005239;0.00000005781;3042688462306
20251128 000000;0.00000005781;0.0000000591;0.00000005642;0.00000005697;1628864468965
20251129 000000;0.00000005697;0.00000005719;0.00000005503;0.00000005545;1107972468269
20251130 000000;0.00000005545;0.00000005694;0.00000005469;0.00000005482;1671972071047
20251201 000000;0.00000005482;0.00000005484;0.00000005;0.00000005124;1245713942646
20251202 000000;0.00000005124;0.00000005714;0.00000005055;0.00000005575;1208761817032
20251203 000000;0.00000005575;0.00000005814;0.00000005539;0.00000005799;1091296687828
20251204 000000;0.00000005799;0.0000000588;0.00000005582;0.0000000564;1185683686354
20251205 000000;0.0000000564;0.00000005744;0.00000005293;0.00000005405;1116961463433
20251206 000000;0.00000005405;0.00000005509;0.00000005354;0.0000000543;1081944397283
20251207 000000;0.0000000543;0.00000006273;0.00000005315;0.00000005556;1196720568061
20251208 000000;0.00000005556;0.0000000571;0.00000005328;0.00000005626;1211292469839
20251209 000000;0.00000005626;0.00000006026;0.0000000553;0.00000005891;1097400649883
20251210 000000;0.00000005891;0.00000006149;0.00000005832;0.00000005899;1080750417604
20251211 000000;0.00000005899;0.0000000592;0.00000005662;0.00000005822;1114949053090
20251212 000000;0.00000005822;0.0000000593;0.00000005484;0.00000005571;1051379083050
20251213 000000;0.00000005571;0.00000005667;0.00000005519;0.00000005553;1033529682479
20251214 000000;0.00000005553;0.00000005884;0.00000005439;0.00000005501;1092618822911
20251215 000000;0.00000005501;0.0000000565;0.00000005213;0.00000005331;1100875957411
20251216 000000;0.00000005331;0.00000005606;0.00000005182;0.00000005249;1123210501867
20251217 000000;0.00000005249;0.00000005379;0.00000004961;0.00000005006;1546037677413
20251218 000000;0.00000005006;0.00000005233;0.00000004892;0.00000004963;1180215977171
20251219 000000;0.00000004963;0.0000000555;0.0000000492;0.00000005297;1459603817994
20251220 000000;0.00000005297;0.00000005447;0.00000005189;0.00000005211;1190838996930
20251221 000000;0.00000005211;0.00000005254;0.00000005098;0.00000005197;1280142238802
20251222 000000;0.00000005197;0.0000000539;0.00000005144;0.00000005202;1123808062804
20251223 000000;0.00000005202;0.00000005249;0.00000005074;0.00000005212;1326721318561
20251224 000000;0.00000005212;0.00000005261;0.00000005024;0.00000005103;1400450062256
20251225 000000;0.00000005103;0.00000005202;0.00000005043;0.00000005073;1190631891286
20251226 000000;0.00000005073;0.00000005177;0.00000005005;0.0000000502;1127945191245
20251227 000000;0.0000000502;0.00000005145;0.00000004993;0.00000005132;1304822074173
20251228 000000;0.00000005132;0.00000005354;0.00000005086;0.00000005188;1448998386655
20251229 000000;0.00000005188;0.00000005353;0.00000005049;0.00000005061;1318352541700
20251230 000000;0.00000005061;0.0000000516;0.00000004995;0.00000005039;1468417119093
20251231 000000;0.00000005039;0.00000005115;0.00000004994;0.00000005006;1350008164072
