20260101 000000;0.0005533;0.0005713;0.0005504;0.0005629;66572527.92
20260102 000000;0.0005629;0.0005917;0.0005619;0.0005882;72491836.02
20260103 000000;0.0005882;0.0006023;0.0005777;0.0005933;88329488.77
20260104 000000;0.0005933;0.0006083;0.0005927;0.0005998;54426935.17
20260105 000000;0.0005998;0.0006397;0.0005998;0.0006277;77877788.46
20260106 000000;0.0006277;0.0006494;0.0006209;0.0006387;67538931.89
20260107 000000;0.0006387;0.000639;0.0006121;0.0006209;57510585.04
20260108 000000;0.0006209;0.0006405;0.0006111;0.0006319;60798397.04
20260109 000000;0.0006319;0.0006455;0.0006165;0.0006188;57113361.25
20260110 000000;0.0006188;0.0006279;0.0006144;0.0006205;66416549.65
20260111 000000;0.0006205;0.0006451;0.0006187;0.0006312;64980020.21
20260112 000000;0.0006312;0.0006559;0.0006272;0.0006323;60237820.91
20260113 000000;0.0006323;0.000672;0.0006254;0.0006629;67856797.41
20260114 000000;0.0006629;0.0006798;0.0006568;0.0006729;58156453.62
20260115 000000;0.0006729;0.0006734;0.0006502;0.0006535;64326501
20260116 000000;0.0006535;0.0006767;0.0006432;0.0006708;70093574.29
20260117 000000;0.0006708;0.0006744;0.0006655;0.0006688;54416182.48
20260118 000000;0.0006688;0.0006688;0.0006398;0.00064;68119016.8
20260119 000000;0.00064;0.00064;0.0006119;0.0006182;80875101.92
20260120 000000;0.0006182;0.0006244;0.0005494;0.0005594;56000220.26
20260121 000000;0.0005594;0.0005975;0.0005365;0.0005881;84103682.72
20260122 000000;0.0005881;0.000596;0.0005748;0.0005816;83916067.53
20260123 000000;0.0005816;0.0005894;0.0005684;0.0005812;57764877.6
20260124 000000;0.0005812;0.000584;0.0005746;0.0005805;70339730.15
20260125 000000;0.0005805;0.0005822;0.0005312;0.0005385;84659920.34
20260126 000000;0.0005385;0.0005697;0.000536;0.0005612;63284563.06
20260127 000000;0.0005612;0.0005794;0.0005543;0.0005737;72410699.82
20260128 000000;0.0005737;0.0005778;0.0005631;0.0005646;70552353.09
20260129 000000;0.0005646;0.0005656;0.000522;0.0005328;79681362.72
20260130 000000;0.0005328;0.0005355;0.000512;0.0005159;76141627.33
20260131 000000;0.0005159;0.0005619;0.0004714;0.0005186;91576195.98
20260201 000000;0.0005186;0.0005205;0.0004903;0.0005049;82450054.84
20260202 000000;0.0005049;0.0005537;0.0004837;0.0005477;108182001.81
20260203 000000;0.0005477;0.0005509;0.0005;0.0005059;58558723.99
20260204 000000;0.0005059;0.00052;0.0004664;0.0004855;79300045.4
20260205 000000;0.0004855;0.0004915;0.0004169;0.0004229;99804418.63
20260206 000000;0.0004229;0.0004811;0.000369;0.0004713;93966120.9
20260207 000000;0.0004713;0.0004848;0.000458;0.0004737;86283484.07
20260208 000000;0.0004737;0.000482;0.0004682;0.0004708;76615729.45
20260209 000000;0.0004708;0.0004783;0.0004516;0.000472;90242095.78
20260210 000000;0.000472;0.0004727;0.0004457;0.0004505;86827912.2
20260211 000000;0.0004505;0.000483;0.000425;0.0004356;109806648.71
20260212 000000;0.0004356;0.0004541;0.0004242;0.0004327;82457270.01
20260213 000000;0.0004327;0.0005875;0.0004291;0.000549;86246405.91
20260214 000000;0.000549;0.0005856;0.0005487;0.0005596;80906858.93
20260215 000000;0.0005596;0.0005795;0.0005429;0.0005469;77984986.92
20260216 000000;0.0005469;0.0005535;0.0005278;0.0005528;67844343.49
20260217 000000;0.0005528;0.0005803;0.0005295;0.0005471;78976133.06
20260218 000000;0.0005471;0.0005707;0.0005222;0.0005691;79175102.72
20260219 000000;0.0005691;0.0005774;0.0005215;0.0005294;79609287.58
20260220 000000;0.0005294;0.0005417;0.0005214;0.0005363;84343787.39
20260221 000000;0.0005363;0.0006746;0.0005327;0.000616;86738542.1
20260222 000000;0.000616;0.0010006;0.0003856;0.0004008;189612843.85
20260223 000000;0.0004008;0.0006084;0.0003722;0.0004555;103134038.24
20260224 000000;0.0004555;0.0005389;0.0004253;0.0005225;101052826.41
20260225 000000;0.0005225;0.0006821;0.0005217;0.0006569;75872797.35
20260226 000000;0.0006569;0.0006809;0.0006287;0.0006428;62964555.9
20260227 000000;0.0006428;0.0006574;0.0006049;0.0006149;74814332.43
20260228 000000;0.0006149;0.0006399;0.0005799;0.0006291;55916638.67
20260301 000000;0.0006291;0.0006573;0.0006123;0.0006246;79539114.24
20260302 000000;0.0006246;0.0006728;0.0006195;0.0006477;63738655.96
20260303 000000;0.0006477;0.0006567;0.0006201;0.000652;63813901.69
20260304 000000;0.000652;0.0007402;0.0006336;0.000703;75367571.81
20260305 000000;0.000703;0.0007501;0.0006934;0.0007171;71376346.46
20260306 000000;0.0007171;0.000725;0.0006748;0.0006823;68646137.11
20260307 000000;0.0006823;0.0006848;0.0006615;0.0006669;72212972.71
20260308 000000;0.0006669;0.0006775;0.0006433;0.0006532;70369291.04
20260309 000000;0.0006532;0.0006948;0.0006532;0.0006809;49762034.41
20260310 000000;0.0006809;0.0007001;0.0006712;0.0006759;64530749.23
20260311 000000;0.0006759;0.0006924;0.0006654;0.0006831;65288381.4
20260312 000000;0.0006831;0.0006902;0.0006673;0.0006834;50505313.6
20260313 000000;0.0006834;0.0007309;0.0006831;0.0006993;52228156.17
20260314 000000;0.0006993;0.000704;0.0006847;0.0006993;51286114.11
20260315 000000;0.0006993;0.0007387;0.0006899;0.000732;34884984.5
20260316 000000;0.000732;0.0007722;0.0007268;0.0007579;38983184.46
20260317 000000;0.0007579;0.0007617;0.000734;0.0007522;39727541.91
20260318 000000;0.0007522;0.0007621;0.0007038;0.00073;32403413.9
20260319 000000;0.00073;0.000738;0.0006445;0.0006515;47068311.29
20260320 000000;0.0006515;0.00066;0.0006436;0.0006566;47386655.72
20260321 000000;0.0006566;0.000661;0.0006375;0.0006392;46973638.96
20260322 000000;0.0006392;0.0006396;0.0006025;0.0006108;25453131.15
20260323 000000;0.0006108;0.0006412;0.0005401;0.0005569;36577547.36
20260324 000000;0.0005569;0.0005589;0.0005381;0.0005533;25099987.36
20260325 000000;0.0005533;0.000568;0.0005484;0.0005585;55859138.72
20260326 000000;0.0005585;0.0005593;0.0005187;0.000526;62543498.47
20260327 000000;0.000526;0.0005283;0.0004961;0.000503;78044865.36
20260328 000000;0.000503;0.0005109;0.000482;0.0005007;58976682.83
20260329 000000;0.0005007;0.0005181;0.0004985;0.0005079;73590189.63
20260330 000000;0.0005079;0.0005303;0.0005065;0.0005147;78392895.36
20260331 000000;0.0005147;0.0005266;0.0004999;0.0005186;78707616.21
20260401 000000;0.0005186;0.0005393;0.0005066;0.0005089;73315235.71
20260402 000000;0.0005089;0.0005112;0.0004902;0.0005018;81683873.89
20260403 000000;0.0005018;0.000513;0.0005012;0.0005115;80552733.45
20260404 000000;0.0005115;0.0005204;0.0005079;0.0005169;75724922.77
20260405 000000;0.0005169;0.0005351;0.0005109;0.0005343;73392919.52
20260406 000000;0.0005343;0.000613;0.0005278;0.0005693;77601457.44
20260407 000000;0.0005693;0.000611;0.000555;0.0005901;66566787.97
20260408 000000;0.0005901;0.0005918;0.0005598;0.000568;70730880.59
20260409 000000;0.000568;0.0005797;0.0005519;0.0005653;67637912.38
20260410 000000;0.0005653;0.0005784;0.0005617;0.0005735;70406247.69
20260411 000000;0.0005735;0.0005814;0.0005597;0.0005709;69355653.44
20260412 000000;0.0005709;0.0005729;0.0005417;0.000548;70821449.22
20260413 000000;0.000548;0.0007017;0.0005478;0.0006179;72179833.09
20260414 000000;0.0006179;0.0006226;0.0005348;0.0005815;76706581.96
20260415 000000;0.0005815;0.0006601;0.0005635;0.0005818;64232811.33
20260416 000000;0.0005818;0.0006189;0.0005783;0.0006116;68709167.67
20260417 000000;0.0006116;0.0006203;0.0005991;0.0006071;67203172.24
20260418 000000;0.0006071;0.0006113;0.0005669;0.00057;65250231.68
20260419 000000;0.00057;0.0006517;0.0005529;0.0005756;73391713.78
20260420 000000;0.0005756;0.0005848;0.00055;0.0005684;70166389.18
20260421 000000;0.0005684;0.0005693;0.0005165;0.0005395;70812401.75
20260422 000000;0.0005395;0.0005613;0.0005213;0.0005217;68698966.36
20260423 000000;0.0005217;0.0005227;0.0004786;0.000481;47686216.97
20260424 000000;0.000481;0.0004861;0.0004747;0.0004843;82688096.24
20260425 000000;0.0004843;0.000489;0.0004783;0.0004827;81632704.92
20260426 000000;0.0004827;0.0004885;0.0004788;0.0004856;71428171.45
20260427 000000;0.0004856;0.0005095;0.0004825;0.0004894;81116429.31
20260428 000000;0.0004894;0.0004896;0.0004623;0.0004702;86969469.11
20260429 000000;0.0004702;0.0004761;0.0004281;0.0004506;84320084.98
20260430 000000;0.0004506;0.0004561;0.0004463;0.0004507;87032628.29
20260501 000000;0.0004507;0.0004581;0.0004454;0.0004526;93427715.62
20260502 000000;0.0004526;0.0004584;0.000451;0.0004552;91542436.67
20260503 000000;0.0004552;0.0004555;0.000433;0.0004377;80800667.3
20260504 000000;0.0004377;0.0004495;0.0004284;0.0004415;88610385.86
20260505 000000;0.0004415;0.0004507;0.0004409;0.0004457;88775956.03
20260506 000000;0.0004457;0.0004638;0.0004451;0.0004516;86899758.24
20260507 000000;0.0004516;0.0004585;0.0004453;0.0004486;68703078.23
20260508 000000;0.0004486;0.0004676;0.0004462;0.0004624;89316470.91
20260509 000000;0.0004624;0.0004932;0.0004574;0.0004607;88405862.84
20260510 000000;0.0004607;0.0004793;0.0004553;0.0004767;90023623.37
20260511 000000;0.0004767;0.0004893;0.0004661;0.0004851;88661779.15
20260512 000000;0.0004851;0.0004873;0.0004623;0.0004654;77069124.35
20260513 000000;0.0004654;0.0004738;0.0004478;0.0004511;86907066.76
20260514 000000;0.0004511;0.0004837;0.0004461;0.0004639;91279395.7
20260515 000000;0.0004639;0.0004657;0.0004386;0.0004404;94255610.4
20260516 000000;0.0004404;0.0004423;0.000424;0.0004308;82086135.94
20260517 000000;0.0004308;0.0004335;0.0004145;0.000422;89665903
20260518 000000;0.000422;0.0004253;0.0004078;0.0004155;99278068.03
20260519 000000;0.0004155;0.0004202;0.0004062;0.0004065;97964317.24
20260520 000000;0.0004065;0.0004198;0.0004059;0.0004163;89655204.25
20260521 000000;0.0004163;0.0004235;0.0004132;0.0004211;92767843.68
20260522 000000;0.0004211;0.0004272;0.0004135;0.0004143;87355468.84
20260523 000000;0.0004143;0.0004222;0.0004009;0.0004149;86182616.41
20260524 000000;0.0004149;0.0004252;0.0004118;0.0004216;89175644.1
20260525 000000;0.0004216;0.000425;0.0004162;0.0004189;88172782.59
20260526 000000;0.0004189;0.0004304;0.0004111;0.0004157;87242753.25
20260527 000000;0.0004157;0.0004193;0.0004062;0.0004094;63921806.79
20260528 000000;0.0004094;0.000411;0.000256;0.0002764;102807962.14
20260529 000000;0.0002764;0.0002884;0.0002501;0.0002526;145610660.08
20260530 000000;0.0002526;0.0002561;0.0002453;0.0002543;143929910.5
20260531 000000;0.0002543;0.0002607;0.0002496;0.0002527;150671834.51
20260601 000000;0.0002527;0.0002539;0.0002403;0.0002466;120204537.16
20260602 000000;0.0002466;0.0002467;0.0002223;0.0002249;106983469.48
20260603 000000;0.0002249;0.0002319;0.0002208;0.0002224;120491197.23
20260604 000000;0.0002224;0.000223;0.0002079;0.000214;141303319.6
20260605 000000;0.000214;0.0002148;0.0001944;0.0001988;101555592.78
20260606 000000;0.0001988;0.0002028;0.0001891;0.0001951;128938557.28
20260607 000000;0.0001951;0.0002126;0.0001949;0.000209;142412676.22
20260608 000000;0.000209;0.0002151;0.0002052;0.0002131;115435714.14
20260609 000000;0.0002131;0.0002141;0.000205;0.0002075;113050629.79
20260610 000000;0.0002075;0.0002235;0.0002013;0.0002151;126860844.71
20260611 000000;0.0002151;0.0002302;0.0002151;0.0002293;122844415.81
20260612 000000;0.0002293;0.0002347;0.000226;0.0002299;103117652.51
20260613 000000;0.0002299;0.0002386;0.0002295;0.000238;108739853.62
20260614 000000;0.000238;0.0002439;0.0002302;0.0002436;125895770.24
20260615 000000;0.0002436;0.0002486;0.0002328;0.0002441;95708462.37
20260616 000000;0.0002441;0.0002487;0.0002388;0.0002429;101155901.72
20260617 000000;0.0002429;0.0002445;0.0002321;0.0002374;116993643.87
20260618 000000;0.0002374;0.0002388;0.0002249;0.0002285;111751237.38
20260619 000000;0.0002285;0.0002312;0.0002208;0.0002307;105306546.96
20260620 000000;0.0002307;0.0002405;0.0002306;0.0002382;88366468.71
