20260101 000000;0.000002723;0.000002918;0.000002673;0.000002886;67496693784
20260102 000000;0.000002886;0.000003123;0.000002854;0.000003067;67617785156
20260103 000000;0.000003067;0.000003085;0.000002902;0.000003025;66429866882
20260104 000000;0.000003025;0.000003594;0.00000302;0.00000344;62757583531
20260105 000000;0.00000344;0.000003463;0.0000031;0.000003228;61508119495
20260106 000000;0.000003228;0.00000364;0.000003138;0.000003285;61673301648
20260107 000000;0.000003285;0.000003289;0.000003028;0.00000306;63565177298
20260108 000000;0.00000306;0.000003098;0.000002924;0.000003034;67088241225
20260109 000000;0.000003034;0.000003195;0.000002961;0.000003018;65620281443
20260110 000000;0.000003018;0.000003358;0.000003;0.000003078;66855068014
20260111 000000;0.000003078;0.000003255;0.000002988;0.000003042;65028075006
20260112 000000;0.000003042;0.000003098;0.000002931;0.000002949;66573982919
20260113 000000;0.000002949;0.000003509;0.00000291;0.000003301;65549157374
20260114 000000;0.000003301;0.000003344;0.000003107;0.000003153;61723213201
20260115 000000;0.000003153;0.000003163;0.000002936;0.000002991;65318341421
20260116 000000;0.000002991;0.000003114;0.000002953;0.000003103;66079217690
20260117 000000;0.000003103;0.00000317;0.000003082;0.0000031;64471106086
20260118 000000;0.0000031;0.000003161;0.000002958;0.000002959;65625832768
20260119 000000;0.000002959;0.000002959;0.000002645;0.000002854;72029932261
20260120 000000;0.000002854;0.000002887;0.000002651;0.000002664;71622299036
20260121 000000;0.000002664;0.000002859;0.000002644;0.000002809;72371756320
20260122 000000;0.000002809;0.00000286;0.000002722;0.000002736;72529686665
20260123 000000;0.000002736;0.000002829;0.000002701;0.000002734;72678777668
20260124 000000;0.000002734;0.000002812;0.000002703;0.000002725;72821738927
20260125 000000;0.000002725;0.00000274;0.000002421;0.000002484;76626746238
20260126 000000;0.000002484;0.000002639;0.000002478;0.000002624;77854651084
20260127 000000;0.000002624;0.00000266;0.000002566;0.000002649;76597967451
20260128 000000;0.000002649;0.000002745;0.000002574;0.000002605;76044303742
20260129 000000;0.000002605;0.000002611;0.00000228;0.000002374;82071258944
20260130 000000;0.000002374;0.000002401;0.000002246;0.000002392;85448706969
20260131 000000;0.000002392;0.0000024;0.000001936;0.00000209;90374072404
20260201 000000;0.00000209;0.000002156;0.000002021;0.000002063;95440515847
20260202 000000;0.000002063;0.000002133;0.000001986;0.000002108;95729231253
20260203 000000;0.000002108;0.000002157;0.000001991;0.00000207;96597961332
20260204 000000;0.00000207;0.000002108;0.000001948;0.000002001;97600784084
20260205 000000;0.000002001;0.000002014;0.000001675;0.000001685;106743834917
20260206 000000;0.000001685;0.000001928;0.000001517;0.000001903;111054939537
20260207 000000;0.000001903;0.00000192;0.000001816;0.000001901;106884455466
20260208 000000;0.000001901;0.000001924;0.000001818;0.000001842;107681936866
20260209 000000;0.000001842;0.000001947;0.000001776;0.000001839;109284665566
20260210 000000;0.000001839;0.000001857;0.000001751;0.000001777;112487519771
20260211 000000;0.000001777;0.000001791;0.000001668;0.000001771;115690982597
20260212 000000;0.000001771;0.00000189;0.000001767;0.000001831;109584262765
20260213 000000;0.000001831;0.000002444;0.000001766;0.000001898;108060324598
20260214 000000;0.000001898;0.000002059;0.000001896;0.000002034;103784503046
20260215 000000;0.000002034;0.000002037;0.000001858;0.000001881;102686300021
20260216 000000;0.000001881;0.000001961;0.000001869;0.00000194;104667641213
20260217 000000;0.00000194;0.000001949;0.000001877;0.000001887;105226245419
20260218 000000;0.000001887;0.000001902;0.000001758;0.000001779;107937815230
20260219 000000;0.000001779;0.000001803;0.000001716;0.000001763;113400813916
20260220 000000;0.000001763;0.000001847;0.000001738;0.000001844;111188482832
20260221 000000;0.000001844;0.000001888;0.000001811;0.000001816;108871197197
20260222 000000;0.000001816;0.000001816;0.000001719;0.000001743;113715500799
20260223 000000;0.000001743;0.000001745;0.000001626;0.000001676;119028637572
20260224 000000;0.000001676;0.000001696;0.000001592;0.000001628;122236653196
20260225 000000;0.000001628;0.000001849;0.000001626;0.000001784;116201453761
20260226 000000;0.000001784;0.000001799;0.000001679;0.000001727;114650004051
20260227 000000;0.000001727;0.000001778;0.000001636;0.000001666;116537376845
20260228 000000;0.000001666;0.000001704;0.000001536;0.000001678;124892650943
20260301 000000;0.000001678;0.000001741;0.000001597;0.000001653;118753198551
20260302 000000;0.000001653;0.000001766;0.000001626;0.000001723;117979310444
20260303 000000;0.000001723;0.000001765;0.000001689;0.000001743;116058733823
20260304 000000;0.000001743;0.000001828;0.000001705;0.000001793;113119373748
20260305 000000;0.000001793;0.000001807;0.000001684;0.000001693;114883135872
20260306 000000;0.000001693;0.000001713;0.0000016;0.000001632;120435727188
20260307 000000;0.000001632;0.000001639;0.000001553;0.000001563;124662022860
20260308 000000;0.000001563;0.000001618;0.00000152;0.000001599;128081381515
20260309 000000;0.000001599;0.000001769;0.000001599;0.000001688;120330356926
20260310 000000;0.000001688;0.000001798;0.000001684;0.000001745;114648927771
20260311 000000;0.000001745;0.000001778;0.000001707;0.00000177;115149826070
20260312 000000;0.00000177;0.00000184;0.000001689;0.000001823;113051974599
20260313 000000;0.000001823;0.000001883;0.000001796;0.000001801;108861153319
20260314 000000;0.000001801;0.000001806;0.000001747;0.000001797;112425232838
20260315 000000;0.000001797;0.000001886;0.000001786;0.000001885;110046131982
20260316 000000;0.000001885;0.000001923;0.000001825;0.000001882;106584889020
20260317 000000;0.000001882;0.000001919;0.000001799;0.000001804;107030498166
20260318 000000;0.000001804;0.000001884;0.000001656;0.000001708;112959017416
20260319 000000;0.000001708;0.000001712;0.000001626;0.000001638;120516659458
20260320 000000;0.000001638;0.000001667;0.000001586;0.000001629;122741207167
20260321 000000;0.000001629;0.000001686;0.000001586;0.000001635;123349988628
20260322 000000;0.000001635;0.000001646;0.00000158;0.000001615;124270564957
20260323 000000;0.000001615;0.000001824;0.00000161;0.000001759;116471107779
20260324 000000;0.000001759;0.000001765;0.00000167;0.000001697;116336829346
20260325 000000;0.000001697;0.000001756;0.000001696;0.000001733;115377783501
20260326 000000;0.000001733;0.000001736;0.000001568;0.000001582;122926849844
20260327 000000;0.000001582;0.000001601;0.000001519;0.000001557;127501830991
20260328 000000;0.000001557;0.000001612;0.00000151;0.000001585;130109969931
20260329 000000;0.000001585;0.000001663;0.000001518;0.000001551;125660439336
20260330 000000;0.000001551;0.000001715;0.000001545;0.000001663;123624717335
20260331 000000;0.000001663;0.000001683;0.000001592;0.000001628;123772005310
20260401 000000;0.000001628;0.00000174;0.000001596;0.000001693;120816111455
20260402 000000;0.000001693;0.000001721;0.000001548;0.000001591;125463602180
20260403 000000;0.000001591;0.000001643;0.000001568;0.000001571;124926201411
20260404 000000;0.000001571;0.000001628;0.000001517;0.000001601;127262554105
20260405 000000;0.000001601;0.000001657;0.00000153;0.000001646;126112060654
20260406 000000;0.000001646;0.000001736;0.000001608;0.000001621;121915004144
20260407 000000;0.000001621;0.000001711;0.000001552;0.000001685;126885202767
20260408 000000;0.000001685;0.000001847;0.000001655;0.000001669;114211295994
20260409 000000;0.000001669;0.000001759;0.000001636;0.000001682;119781066384
20260410 000000;0.000001682;0.000001734;0.00000166;0.000001709;118066762095
20260411 000000;0.000001709;0.000001717;0.000001644;0.000001651;119408554791
20260412 000000;0.000001651;0.000001651;0.000001573;0.000001581;125322102418
20260413 000000;0.000001581;0.000001763;0.000001569;0.000001741;120079761377
20260414 000000;0.000001741;0.000001835;0.000001699;0.000001721;116136793156
20260415 000000;0.000001721;0.000001899;0.000001704;0.000001791;114274114005
20260416 000000;0.000001791;0.000002111;0.000001787;0.00000209;72153609469
20260417 000000;0.00000209;0.000002116;0.000001928;0.000001963;32094140301
20260418 000000;0.000001963;0.000002036;0.000001839;0.000001841;32933543223
20260419 000000;0.000001841;0.00000188;0.000001744;0.000001756;36807988532
20260420 000000;0.000001756;0.000001911;0.000001753;0.000001854;32345234041
20260421 000000;0.000001854;0.000001865;0.000001782;0.000001842;32446183595
20260422 000000;0.000001842;0.000002002;0.000001837;0.000001861;30681959135
20260423 000000;0.000001861;0.000001897;0.000001803;0.000001874;32459892680
20260424 000000;0.000001874;0.000001946;0.00000185;0.000001884;30314743596
20260425 000000;0.000001884;0.000001911;0.000001819;0.000001839;31362271887
20260426 000000;0.000001839;0.000001922;0.000001817;0.000001889;30739840969
20260427 000000;0.000001889;0.000001915;0.000001783;0.000001823;31568963726
20260428 000000;0.000001823;0.000001958;0.00000178;0.000001938;32311430374
20260429 000000;0.000001938;0.000002034;0.000001837;0.000001879;35689126957
20260430 000000;0.000001879;0.000001927;0.000001837;0.000001884;32340885120
20260501 000000;0.000001884;0.000001917;0.000001843;0.00000185;29542170600
20260502 000000;0.00000185;0.000001955;0.000001839;0.000001909;30660960951
20260503 000000;0.000001909;0.000002024;0.000001854;0.000001961;34900721173
20260504 000000;0.000001961;0.000002137;0.000001926;0.000002041;38005504849
20260505 000000;0.000002041;0.000002191;0.00000204;0.000002066;32920687929
20260506 000000;0.000002066;0.000002197;0.000002041;0.000002137;28004213149
20260507 000000;0.000002137;0.000002373;0.000002071;0.000002277;32002254341
20260508 000000;0.000002277;0.000002299;0.000002151;0.000002241;28594318659
20260509 000000;0.000002241;0.000002325;0.000002213;0.000002236;25523066063
20260510 000000;0.000002236;0.000002339;0.000002154;0.000002256;27386307022
20260511 000000;0.000002256;0.000002263;0.000002139;0.0000022;27151729550
20260512 000000;0.0000022;0.000002222;0.000002085;0.000002142;33023889645
20260513 000000;0.000002142;0.000002237;0.000002032;0.000002053;27140501894
20260514 000000;0.000002053;0.000002118;0.000002015;0.000002057;27066860177
20260515 000000;0.000002057;0.00000209;0.00000193;0.000001956;30239406648
20260516 000000;0.000001956;0.000001966;0.000001836;0.000001873;30247329695
20260517 000000;0.000001873;0.000001888;0.000001762;0.000001838;31232523247
20260518 000000;0.000001838;0.000001853;0.000001785;0.000001827;32980535210
20260519 000000;0.000001827;0.000001845;0.000001782;0.00000179;29372753329
20260520 000000;0.00000179;0.000001926;0.000001778;0.00000189;30081624802
20260521 000000;0.00000189;0.000001945;0.000001848;0.000001906;31104206670
20260522 000000;0.000001906;0.000001942;0.000001798;0.000001806;32327069868
20260523 000000;0.000001806;0.000001864;0.00000175;0.000001851;31663738090
20260524 000000;0.000001851;0.00000186;0.000001748;0.000001776;32043865033
20260525 000000;0.000001776;0.000001885;0.000001773;0.000001841;30858256833
20260526 000000;0.000001841;0.000001871;0.000001741;0.000001793;32889925443
20260527 000000;0.000001793;0.000001821;0.000001749;0.000001752;30714753679
20260528 000000;0.000001752;0.000001753;0.000001652;0.000001697;33558775008
20260529 000000;0.000001697;0.00000176;0.000001657;0.000001733;33184526956
20260530 000000;0.000001733;0.000002055;0.000001732;0.000001948;36538875823
20260531 000000;0.000001948;0.000002056;0.000001871;0.000001914;31273794967
20260601 000000;0.000001914;0.000001979;0.000001858;0.000001933;31771984838
20260602 000000;0.000001933;0.000001934;0.000001697;0.00000172;32378068951
20260603 000000;0.00000172;0.000001783;0.000001689;0.000001719;31563515948
20260604 000000;0.000001719;0.00000173;0.000001565;0.000001593;33001561038
20260605 000000;0.000001593;0.00000161;0.000001429;0.000001476;44214446545
20260606 000000;0.000001476;0.000001495;0.000001393;0.000001466;39668695181
20260607 000000;0.000001466;0.000001567;0.000001466;0.000001543;40777273629
20260608 000000;0.000001543;0.000001597;0.000001502;0.000001554;36325134906
20260609 000000;0.000001554;0.000001595;0.000001465;0.000001499;35848871866
20260610 000000;0.000001499;0.000001516;0.000001436;0.000001467;38121191501
20260611 000000;0.000001467;0.000001552;0.000001466;0.000001527;37791594895
20260612 000000;0.000001527;0.000001555;0.000001405;0.00000151;40529613659
20260613 000000;0.00000151;0.000001564;0.000001486;0.000001509;40442678907
20260614 000000;0.000001509;0.000001549;0.000001468;0.00000154;39251238729
20260615 000000;0.00000154;0.000001631;0.000001534;0.00000155;37773229888
20260616 000000;0.00000155;0.000001585;0.000001515;0.000001531;37584907234
20260617 000000;0.000001531;0.000001577;0.000001483;0.000001505;42489044608
20260618 000000;0.000001505;0.000001519;0.000001363;0.000001408;47195645754
20260619 000000;0.000001408;0.000001428;0.000001372;0.000001395;40352058268
20260620 000000;0.000001395;0.000001427;0.000001378;0.000001426;30777546301
