20240822 000000;0.0000014;0.000022611;0.00000139;0.000017909;491745983304
20240823 000000;0.000017909;0.000026844;0.00001511;0.000025072;463913195693
20240824 000000;0.000025072;0.000025544;0.000018023;0.000019909;272263408820
20240825 000000;0.000019909;0.000026115;0.000017762;0.000023749;343225205384
20240826 000000;0.000023749;0.000028936;0.000023528;0.000027322;275890530748
20240827 000000;0.000027322;0.000028936;0.000022069;0.000023183;236581240713
20240828 000000;0.000023183;0.00002555;0.0000203;0.000021959;337202066292
20240829 000000;0.000021959;0.000023893;0.000019016;0.000019261;209868527599
20240830 000000;0.000019261;0.000020651;0.00001764;0.000019289;258954019152
20240831 000000;0.000019289;0.00002541;0.000018719;0.000022798;257786360441
20240901 000000;0.000022798;0.000023848;0.000021103;0.000021426;181447092443
20240902 000000;0.000021426;0.0000253;0.000021241;0.000024563;183003873949
20240903 000000;0.000024563;0.000025899;0.000022097;0.000023241;260747545309
20240904 000000;0.000023241;0.000024;0.0000215;0.000022728;106846671675
20240905 000000;0.000022728;0.000023259;0.000020333;0.000021789;319542029071
20240906 000000;0.000021789;0.000028416;0.000021251;0.000026965;295785824441
20240907 000000;0.000026965;0.000032576;0.000024164;0.000027845;293139894893
20240908 000000;0.000027845;0.00002996;0.000025986;0.000027459;229199563517
20240909 000000;0.000027459;0.000029649;0.000026673;0.00002747;258088394096
20240910 000000;0.00002747;0.000028;0.0000225;0.000024268;242399333821
20240911 000000;0.000024268;0.0000304;0.000023277;0.000029205;240194542171
20240912 000000;0.000029205;0.000034222;0.000027115;0.000033354;198291032395
20240913 000000;0.000033354;0.00003594;0.000031169;0.000032712;166503738453
20240914 000000;0.000032712;0.0000358;0.0000315;0.000033428;169436256957
20240915 000000;0.000033428;0.000035328;0.0000328;0.000034008;140284365647
20240916 000000;0.000034008;0.0000349;0.000029983;0.000030988;152334793807
20240917 000000;0.000030988;0.000036803;0.000030477;0.000036251;210011960265
20240918 000000;0.000036251;0.000036455;0.0000326;0.000035887;203482601388
20240919 000000;0.000035887;0.00003637;0.000033186;0.00003493;209781269770
20240920 000000;0.00003493;0.000041451;0.000034266;0.00004095;196160853465
20240921 000000;0.00004095;0.0000465;0.000040498;0.000042135;183682043446
20240922 000000;0.000042135;0.000045816;0.000038908;0.000040705;147480917342
20240923 000000;0.000040705;0.000044999;0.000039518;0.000042152;86832655935
20240924 000000;0.000042152;0.000042157;0.000037952;0.000040683;138023085388
20240925 000000;0.000040683;0.000041655;0.0000365;0.000037864;126426559490
20240926 000000;0.000037864;0.000045;0.000037475;0.000043913;144189214182
20240927 000000;0.000043913;0.00004482;0.0000387;0.00003982;139382357281
20240928 000000;0.00003982;0.000040702;0.000035;0.0000368;37075265185
20240929 000000;0.0000368;0.000037415;0.0000322;0.000035744;44107398486
20240930 000000;0.000035744;0.000038335;0.000033568;0.000034289;146141737308
20241001 000000;0.000034289;0.000038336;0.000028061;0.000029984;132709323599
20241002 000000;0.000029984;0.00003174;0.000026403;0.000029299;154984716696
20241003 000000;0.000029299;0.000031467;0.000027156;0.000028641;178154760166
20241004 000000;0.000028641;0.000032338;0.000028187;0.000030701;317821042608
20241005 000000;0.000030701;0.0000341;0.000028641;0.000030339;31744842736
20241006 000000;0.000030339;0.000032433;0.000029409;0.000031918;24085382533
20241007 000000;0.000031918;0.000033921;0.000030057;0.000030174;183773867989
20241008 000000;0.000030174;0.000031355;0.000026183;0.000026394;228995836361
20241009 000000;0.000026394;0.000028045;0.000021829;0.000023893;235749140350
20241010 000000;0.000023893;0.000025285;0.00002202;0.000024043;37382874818
20241011 000000;0.000024043;0.000026496;0.000022979;0.000025698;24894893140
20241012 000000;0.000025698;0.00002784;0.000025;0.000026658;28703558864
20241013 000000;0.000026658;0.000027654;0.000024233;0.000024646;12629369236
20241014 000000;0.000024646;0.000029899;0.000024024;0.000028825;32890489800
20241015 000000;0.000028825;0.000032377;0.0000281;0.000029417;37445343115
20241016 000000;0.000029417;0.000030261;0.000025843;0.000026617;22132823637
20241017 000000;0.000026617;0.000026915;0.000023803;0.000024349;21094651712
20241018 000000;0.000024349;0.000026837;0.000024233;0.00002543;18394812511
20241019 000000;0.00002543;0.000026104;0.000023192;0.000024377;21934197596
20241020 000000;0.000024377;0.000025445;0.0000229;0.000025016;17069685920
20241021 000000;0.000025016;0.000038;0.000023359;0.000035541;203628546987
20241022 000000;0.000035541;0.0000407;0.0000345;0.000036971;85702061270
20241023 000000;0.000036971;0.000044717;0.000036103;0.000041141;96522262405
20241024 000000;0.000041141;0.0000453;0.000038403;0.000039924;52697315886
20241025 000000;0.000039924;0.000045;0.000037444;0.000039101;82687307478
20241026 000000;0.000039101;0.000039221;0.000034269;0.00003446;35358302354
20241027 000000;0.00003446;0.00003619;0.000032891;0.000034916;21063313486
20241028 000000;0.000034916;0.000035677;0.000030643;0.000033495;26092012021
20241029 000000;0.000033495;0.000036267;0.000033186;0.000034926;34531523047
20241030 000000;0.000034926;0.000036142;0.000032069;0.000032197;21860139219
20241031 000000;0.000032197;0.000032356;0.000026819;0.000027695;28116551556
20241101 000000;0.000027695;0.00003139;0.00002715;0.000028816;28272852855
20241102 000000;0.000028816;0.0000311;0.000026853;0.000027079;15117615512
20241103 000000;0.000027079;0.000027349;0.000024342;0.000025544;21044125434
20241104 000000;0.000025544;0.000027864;0.00002401;0.000024961;23763845823
20241105 000000;0.000024961;0.000027432;0.000024961;0.000025706;21053440506
20241106 000000;0.000025706;0.0000348;0.000024881;0.000033865;49745875201
20241107 000000;0.000033865;0.000039587;0.000032003;0.000038018;45581470181
20241108 000000;0.000038018;0.000041321;0.000034324;0.000036136;34636066506
20241109 000000;0.000036136;0.000037;0.000033501;0.000036112;23641549346
20241110 000000;0.000036112;0.000040165;0.000034396;0.000036874;35255885156
20241111 000000;0.000036874;0.000039755;0.000033622;0.000035955;41605218159
20241112 000000;0.000035955;0.000038429;0.000031991;0.000036233;42583135218
20241113 000000;0.000036233;0.00004;0.000031001;0.000039395;51177343783
20241114 000000;0.000039395;0.000063246;0.00003685;0.000051745;169845381509
20241115 000000;0.000051745;0.000055758;0.000043415;0.000048932;73589604202
20241116 000000;0.000048932;0.000056573;0.000047308;0.000052425;30522006928
20241117 000000;0.000052425;0.000059823;0.000047424;0.000056455;35456696314
20241118 000000;0.000056455;0.000062;0.000049411;0.000049675;42628596093
20241119 000000;0.000049675;0.000055923;0.000046095;0.000054746;30214155819
20241120 000000;0.000054746;0.00005549;0.000044;0.000045536;39321473246
20241121 000000;0.000045536;0.000049497;0.000040351;0.000044974;50437962126
20241122 000000;0.000044974;0.000047163;0.00004011;0.000045485;38262994984
20241123 000000;0.000045485;0.000054057;0.00004327;0.000048796;41981304851
20241124 000000;0.000048796;0.00005166;0.000042702;0.000047322;24356757666
20241125 000000;0.000047322;0.000051;0.000044104;0.000045877;18363190236
20241126 000000;0.000045877;0.000048589;0.00004059;0.000042102;18906011169
20241127 000000;0.000042102;0.000042922;0.000040181;0.000041222;19140183998
20241128 000000;0.000041222;0.000043384;0.00003905;0.000041065;14484771087
20241129 000000;0.000041065;0.000044926;0.00004075;0.000044152;16031844653
20241130 000000;0.000044152;0.00004553;0.000042385;0.00004449;14659754292
20241201 000000;0.00004449;0.000047299;0.000042952;0.000045417;16040299640
20241202 000000;0.000045417;0.000045738;0.00003915;0.00004109;22450997266
20241203 000000;0.00004109;0.0000433;0.000036303;0.000041838;25321838648
20241204 000000;0.000041838;0.000048253;0.000041549;0.000046756;23267292285
20241205 000000;0.000046756;0.000056;0.000043793;0.000053467;30648062329
20241206 000000;0.000053467;0.00005555;0.00004925;0.000053809;12035419006
20241207 000000;0.000053809;0.000062286;0.000053592;0.000054263;15297430980
20241208 000000;0.000054263;0.000057043;0.000052664;0.000053682;10236972695
20241209 000000;0.000053682;0.000053682;0.000038001;0.00004534;25014208276
20241210 000000;0.00004534;0.000046413;0.000039322;0.000042882;20568607740
20241211 000000;0.000042882;0.000049999;0.000041379;0.000046832;13044266516
20241212 000000;0.000046832;0.000048;0.000042804;0.000043443;16190048127
20241213 000000;0.000043443;0.000043929;0.000041848;0.0000432;8498239304
20241214 000000;0.0000432;0.000043692;0.000038621;0.000039913;13128014816
20241215 000000;0.000039913;0.000043928;0.0000375;0.000042187;15464126352
20241216 000000;0.000042187;0.00007098;0.000038632;0.000062847;172024895266
20241217 000000;0.000062847;0.0000686;0.000045532;0.000045784;85933090365
20241218 000000;0.000045784;0.000045828;0.000039315;0.000040741;46281444055
20241219 000000;0.000040741;0.000041332;0.000033107;0.000034625;27299098988
20241220 000000;0.000034625;0.000042645;0.000030304;0.000039272;34372677284
20241221 000000;0.000039272;0.00004134;0.0000355;0.000036268;18620872327
20241222 000000;0.000036268;0.00003921;0.000034163;0.000036289;15345018259
20241223 000000;0.000036289;0.0000403;0.000035148;0.000039115;15558986628
20241224 000000;0.000039115;0.000044536;0.000038;0.000041739;15211883015
20241225 000000;0.000041739;0.000043568;0.00004;0.000040868;9797899337
20241226 000000;0.000040868;0.000041441;0.000037176;0.000037605;7371032576
20241227 000000;0.000037605;0.000038945;0.000036052;0.000036262;7176004613
20241228 000000;0.000036262;0.000037033;0.000034341;0.000036489;9291703639
20241229 000000;0.000036489;0.000036527;0.000032742;0.000034232;11538527615
20241230 000000;0.000034232;0.000036964;0.000033762;0.000035015;11589875577
20241231 000000;0.000035015;0.000036717;0.00003302;0.000034191;9301460546
