20260101 000000;0.00227;0.002358;0.002018;0.00212;1070235.99
20260102 000000;0.00212;0.002595;0.00208;0.002385;316655.77
20260103 000000;0.002385;0.00309;0.00225;0.002801;1236518.67
20260104 000000;0.002801;0.00336;0.002801;0.00311;521693.99
20260105 000000;0.00311;0.003696;0.002988;0.00339;1031392.98
20260106 000000;0.00339;0.003576;0.003191;0.003521;955605.95
20260107 000000;0.003521;0.00377;0.00312;0.003148;248879.8
20260108 000000;0.003148;0.003858;0.003064;0.003273;1007545.05
20260109 000000;0.003273;0.00344;0.00318;0.0034;196191.22
20260110 000000;0.0034;0.003545;0.003239;0.003239;288524.3
20260111 000000;0.003239;0.003646;0.003226;0.003305;263150.53
20260112 000000;0.003305;0.003377;0.003163;0.003206;518811.07
20260113 000000;0.003206;0.003537;0.0031;0.003399;177876.91
20260114 000000;0.003399;0.003595;0.003228;0.00335;393692.13
20260115 000000;0.00335;0.00397;0.003099;0.0036;682661.87
20260116 000000;0.0036;0.003781;0.003111;0.003186;322819.02
20260117 000000;0.003186;0.003398;0.003007;0.003053;554030.57
20260118 000000;0.003053;0.003546;0.002875;0.00331;440321.45
20260119 000000;0.00331;0.003335;0.002979;0.0032;165016.21
20260120 000000;0.0032;0.0032;0.002614;0.002698;272142.28
20260121 000000;0.002698;0.002743;0.002099;0.002341;943393.1
20260122 000000;0.002341;0.003001;0.002341;0.00279;322751.53
20260123 000000;0.00279;0.003044;0.002537;0.0027;366221.48
20260124 000000;0.0027;0.0027;0.002498;0.002626;71431.98
20260125 000000;0.002626;0.002881;0.002234;0.00246;493304.57
20260126 000000;0.00246;0.00259;0.002099;0.002198;195169.45
20260127 000000;0.002198;0.002454;0.002182;0.002296;159244.97
20260128 000000;0.002296;0.002692;0.002289;0.002351;659016.29
20260129 000000;0.002351;0.002518;0.002;0.00224;343691.28
20260130 000000;0.00224;0.002425;0.002122;0.002425;179270.43
20260131 000000;0.002425;0.00245;0.00196;0.002071;390753
20260201 000000;0.002071;0.002071;0.0018;0.001959;365263.88
20260202 000000;0.001959;0.0022;0.001951;0.002077;245679.38
20260203 000000;0.002077;0.003994;0.002011;0.002742;1242782.47
20260204 000000;0.002742;0.002862;0.00156;0.002032;5575218.82
20260205 000000;0.002032;0.002429;0.001914;0.001991;442660.8
20260206 000000;0.001991;0.002223;0.001988;0.002112;240096.76
20260207 000000;0.002112;0.00289;0.002112;0.002636;193124.49
20260208 000000;0.002636;0.003336;0.00259;0.003297;285774.66
20260209 000000;0.003297;0.00344;0.002573;0.002724;681326.57
20260210 000000;0.002724;0.003022;0.002557;0.002683;216583.06
20260211 000000;0.002683;0.002707;0.002602;0.002602;71478.86
20260212 000000;0.002602;0.002647;0.002036;0.002118;714458.81
20260213 000000;0.002118;0.002309;0.002118;0.002148;91850.79
20260214 000000;0.002148;0.002775;0.002148;0.00256;105975.27
20260215 000000;0.00256;0.002634;0.002456;0.00253;35424.68
20260216 000000;0.00253;0.002653;0.002331;0.002331;160471.89
20260217 000000;0.002331;0.002609;0.002301;0.002331;515054
20260218 000000;0.002331;0.00261;0.002331;0.002423;60346.17
20260219 000000;0.002423;0.002692;0.002091;0.002113;542772.34
20260220 000000;0.002113;0.00238;0.002113;0.002232;245384.59
20260221 000000;0.002232;0.002499;0.002204;0.002499;52211.32
20260222 000000;0.002499;0.0025;0.001936;0.002177;1635649.98
20260223 000000;0.002177;0.002177;0.001795;0.001959;664925.06
20260224 000000;0.001959;0.002005;0.001903;0.001944;30132.25
20260225 000000;0.001944;0.002042;0.001944;0.001965;62092.26
20260226 000000;0.001965;0.002223;0.001965;0.002157;73217.4
20260227 000000;0.002157;0.002896;0.00197;0.00197;2478526.93
20260228 000000;0.00197;0.00213;0.001749;0.001935;204821.98
20260301 000000;0.001935;0.002609;0.00191;0.001969;777802.75
20260302 000000;0.001969;0.001969;0.001619;0.001847;1282400.54
20260303 000000;0.001847;0.001921;0.001729;0.001782;1020846.26
20260304 000000;0.001782;0.00195;0.001615;0.001762;518828.24
20260305 000000;0.001762;0.002042;0.00174;0.001951;302498.66
20260306 000000;0.001951;0.001951;0.00166;0.001667;195168.07
20260307 000000;0.001667;0.002042;0.001667;0.001995;137633.03
20260308 000000;0.001995;0.002076;0.001902;0.001972;260141.72
20260309 000000;0.001972;0.002309;0.001909;0.002145;266861.2
20260310 000000;0.002145;0.002388;0.001999;0.002002;554722.55
20260311 000000;0.002002;0.002161;0.001928;0.002079;73148.78
20260312 000000;0.002079;0.002098;0.002079;0.002088;38805.05
20260313 000000;0.002088;0.002097;0.001617;0.001958;1430984.26
20260314 000000;0.001958;0.00231;0.001958;0.001964;713505.24
20260315 000000;0.001964;0.00257;0.001914;0.002266;1009447.73
20260316 000000;0.002266;0.002442;0.002029;0.002328;690788.4
20260317 000000;0.002328;0.002443;0.002274;0.002274;175919.11
20260318 000000;0.002274;0.0025;0.002175;0.002218;249871.2
20260319 000000;0.002218;0.002307;0.002042;0.002291;589267.82
20260320 000000;0.002291;0.002305;0.002145;0.002302;44710.25
20260321 000000;0.002302;0.002307;0.002068;0.002307;134214.06
20260322 000000;0.002307;0.002307;0.002118;0.002179;146230.95
20260323 000000;0.002179;0.002179;0.001861;0.001937;391591.13
20260324 000000;0.001937;0.002171;0.001937;0.002171;109636.55
20260325 000000;0.002171;0.002214;0.002006;0.00215;39097.64
20260326 000000;0.00215;0.00215;0.00194;0.001942;199254.66
20260327 000000;0.001942;0.00216;0.001834;0.001896;262490.12
20260328 000000;0.001896;0.0024;0.001896;0.002256;177904.51
20260329 000000;0.002256;0.002294;0.002043;0.002181;153309.42
20260330 000000;0.002181;0.002502;0.001921;0.001948;1288351.7
20260331 000000;0.001948;0.001996;0.001838;0.001878;222920.63
20260401 000000;0.001878;0.002266;0.001802;0.002266;86347.49
20260402 000000;0.002266;0.00231;0.002038;0.002044;46617.55
20260403 000000;0.002044;0.002209;0.001976;0.002084;59113.6
20260404 000000;0.002084;0.0024;0.002049;0.002226;177316.5
20260405 000000;0.002226;0.0023;0.001982;0.001983;481999.49
20260406 000000;0.001983;0.002002;0.001812;0.001951;391486.16
20260407 000000;0.001951;0.0021;0.001832;0.001881;302868.09
20260408 000000;0.001881;0.002523;0.001881;0.002043;535396.66
20260409 000000;0.002043;0.002258;0.001998;0.001998;535058.11
20260410 000000;0.001998;0.002159;0.001878;0.001977;60868.09
20260411 000000;0.001977;0.0023;0.001977;0.00223;76594.07
20260412 000000;0.00223;0.002372;0.002007;0.002104;142996.14
20260413 000000;0.002104;0.002126;0.001972;0.002079;46355.11
20260414 000000;0.002079;0.002136;0.002079;0.002107;139388.35
20260415 000000;0.002107;0.002256;0.001998;0.001998;623852.96
20260416 000000;0.001998;0.002136;0.001998;0.002127;157008.46
20260417 000000;0.002127;0.002262;0.002097;0.002242;42409.84
20260418 000000;0.002242;0.002268;0.002108;0.002151;104961.36
20260419 000000;0.002151;0.002446;0.002109;0.002351;215734.09
20260420 000000;0.002351;0.002351;0.002005;0.002146;110719.69
20260421 000000;0.002146;0.002772;0.002146;0.002301;312851.75
20260422 000000;0.002301;0.002512;0.002185;0.002511;92414.7
20260423 000000;0.002511;0.00252;0.002099;0.002409;729506.59
20260424 000000;0.002409;0.002986;0.002383;0.00241;83452.95
20260425 000000;0.00241;0.002528;0.002319;0.002393;99459.69
20260426 000000;0.002393;0.002399;0.002327;0.002399;84365.54
20260427 000000;0.002399;0.002482;0.002399;0.002429;3940.67
20260428 000000;0.002429;0.002429;0.002429;0.002429;0
20260429 000000;0.002429;0.002431;0.002405;0.002405;1178.11
20260430 000000;0.002405;0.00253;0.002405;0.002506;947252.69
20260501 000000;0.002506;0.002506;0.002357;0.00242;28789.5
20260502 000000;0.00242;0.00242;0.002379;0.002379;16154.24
20260503 000000;0.002379;0.002641;0.002261;0.002341;61248.56
20260504 000000;0.002341;0.002681;0.002341;0.002497;14456.66
20260505 000000;0.002497;0.002497;0.002457;0.002457;1198.66
20260506 000000;0.002457;0.002486;0.002444;0.002444;3861.23
20260507 000000;0.002444;0.002463;0.002393;0.002393;14098.47
20260508 000000;0.002393;0.002568;0.002289;0.002424;52351.03
20260509 000000;0.002424;0.002537;0.002365;0.002471;86855.36
20260510 000000;0.002471;0.002605;0.002287;0.00249;199102.54
20260511 000000;0.00249;0.002582;0.002292;0.002508;32832.61
20260512 000000;0.002508;0.00309;0.002365;0.002433;646038.21
20260513 000000;0.002433;0.002598;0.002307;0.002457;266868.44
20260514 000000;0.002457;0.00279;0.002455;0.002523;739906.17
20260515 000000;0.002523;0.002638;0.002268;0.002445;87086.92
20260516 000000;0.002445;0.002799;0.002267;0.002279;2735590.51
20260517 000000;0.002279;0.002341;0.002094;0.00213;1403030.24
20260518 000000;0.00213;0.00213;0.001934;0.001934;556992.55
20260519 000000;0.001934;0.001934;0.00183;0.001857;55037.51
20260520 000000;0.001857;0.001857;0.001322;0.001615;598959.11
20260521 000000;0.001615;0.001615;0.001417;0.001519;179461.86
20260522 000000;0.001519;0.001631;0.001488;0.001497;36226.09
20260523 000000;0.001497;0.00153;0.001415;0.001509;69684.46
20260524 000000;0.001509;0.00225;0.001509;0.001728;324911.06
20260525 000000;0.001728;0.001924;0.001724;0.001776;43930.11
20260526 000000;0.001776;0.002093;0.001665;0.001707;230662.07
20260527 000000;0.001707;0.001935;0.001644;0.001913;116624.89
20260528 000000;0.001913;0.002028;0.001896;0.002022;29873.35
20260529 000000;0.002022;0.0025;0.001968;0.001968;210222.7
20260530 000000;0.001968;0.001968;0.001931;0.001931;4143.77
20260531 000000;0.001931;0.001931;0.001783;0.001793;38313.08
20260601 000000;0.001793;0.001946;0.001744;0.001794;140406.89
20260602 000000;0.001794;0.0019;0.00165;0.001686;118470.5
20260603 000000;0.001686;0.001686;0.001613;0.001647;12950.85
20260604 000000;0.001647;0.001669;0.001547;0.001558;166275.8
20260605 000000;0.001558;0.001638;0.001464;0.001464;112054.44
20260606 000000;0.001464;0.001929;0.001378;0.001743;613491.14
20260607 000000;0.001743;0.001826;0.001616;0.00171;44219.78
20260608 000000;0.00171;0.00171;0.001602;0.00171;33450.09
20260609 000000;0.00171;0.00171;0.001512;0.001605;78033.04
20260610 000000;0.001605;0.001666;0.00152;0.001645;82569.91
20260611 000000;0.001645;0.00171;0.001525;0.001643;174034.29
20260612 000000;0.001643;0.00171;0.001561;0.001595;65734.97
20260613 000000;0.001595;0.001595;0.001512;0.001548;19554.33
20260614 000000;0.001548;0.00231;0.001507;0.001532;1318759.05
20260615 000000;0.001532;0.001693;0.001532;0.001659;56343.53
20260616 000000;0.001659;0.00172;0.001658;0.001701;8457.98
20260617 000000;0.001701;0.001814;0.001701;0.001771;367746.75
20260618 000000;0.001771;0.001999;0.001771;0.001827;498781.82
20260619 000000;0.001827;0.001987;0.001741;0.001875;71974.53
20260620 000000;0.001875;0.001984;0.001746;0.001786;130690.19
