20230622 000000;0.14498;0.154;0.1251;0.13567;458071.53
20230623 000000;0.13567;0.14889;0.12694;0.14839;280588.42
20230624 000000;0.14839;0.14889;0.13187;0.13187;125570.57
20230625 000000;0.13187;0.14289;0.1145;0.12321;257842.21
20230626 000000;0.12321;0.1315;0.1161;0.11633;235233.4
20230627 000000;0.11633;0.145;0.11633;0.128;251933.88
20230628 000000;0.128;0.128;0.11032;0.1248;128115.9
20230629 000000;0.1248;0.1248;0.10704;0.11745;191323.3
20230630 000000;0.11745;0.11745;0.09908;0.1083;248509.65
20230701 000000;0.1083;0.112;0.0803;0.1;366674.49
20230702 000000;0.1;0.10928;0.09603;0.09873;198246.72
20230703 000000;0.09873;0.10928;0.096;0.096;178902.21
20230704 000000;0.096;0.1047;0.09351;0.10459;132084.21
20230705 000000;0.10459;0.10459;0.083;0.083;223355.66
20230706 000000;0.083;0.10775;0.083;0.09703;162694.06
20230707 000000;0.09703;0.10426;0.08909;0.09495;218032.35
20230708 000000;0.09495;0.104;0.09112;0.09611;169252.43
20230709 000000;0.09611;0.1025;0.091;0.098;210078.51
20230710 000000;0.098;0.14001;0.09511;0.122;541822
20230711 000000;0.122;0.14;0.108;0.12471;519500.15
20230712 000000;0.12471;0.15448;0.11041;0.14697;721344.52
20230713 000000;0.14697;0.17;0.123;0.14954;941392.61
20230714 000000;0.14954;0.1536;0.12001;0.12203;553887.55
20230715 000000;0.12203;0.13837;0.115;0.12984;210158.96
20230716 000000;0.12984;0.13897;0.10781;0.11897;372632.47
20230717 000000;0.11897;0.1305;0.1;0.11999;622753.92
20230718 000000;0.11999;0.1305;0.10813;0.10813;274960.17
20230719 000000;0.10813;0.122;0.10505;0.112;277254.27
20230720 000000;0.112;0.12499;0.10674;0.11707;257010.22
20230721 000000;0.11707;0.16587;0.1145;0.138;454169.77
20230722 000000;0.138;0.15938;0.125;0.125;319963.95
20230723 000000;0.125;0.134;0.12001;0.13199;251590.11
20230724 000000;0.13199;0.13199;0.10504;0.10997;404382.65
20230725 000000;0.10997;0.1169;0.10504;0.11345;177249.67
20230726 000000;0.11345;0.12023;0.105;0.10603;344508.36
20230727 000000;0.10603;0.11116;0.105;0.105;269208.09
20230728 000000;0.105;0.108;0.094;0.09798;543154.63
20230729 000000;0.09798;0.1039;0.093;0.09629;213873.83
20230730 000000;0.09629;0.10212;0.091;0.095;380212.04
20230731 000000;0.095;0.09885;0.092;0.09202;132566.26
20230801 000000;0.09202;0.11212;0.09202;0.105;435436.59
20230802 000000;0.105;0.10999;0.09654;0.10554;186981.08
20230803 000000;0.10554;0.10554;0.091;0.091;236484.77
20230804 000000;0.091;0.097;0.091;0.09535;91827.15
20230805 000000;0.09535;0.09535;0.0857;0.08993;346335.1
20230806 000000;0.08993;0.09389;0.08755;0.08821;95745.67
20230807 000000;0.08821;0.1055;0.0812;0.10549;905341.5
20230808 000000;0.10549;0.10973;0.087;0.088;1086620.83
20230809 000000;0.088;0.104;0.085;0.0962;840552.02
20230810 000000;0.0962;0.1045;0.09;0.09252;694074.11
20230811 000000;0.09252;0.11;0.092;0.09373;370126.99
20230812 000000;0.09373;0.1123;0.09373;0.10525;358178.45
20230813 000000;0.10525;0.12399;0.10525;0.1118;376343.18
20230814 000000;0.1118;0.13599;0.1118;0.12684;470186.32
20230815 000000;0.12684;0.132;0.111;0.11271;310712.16
20230816 000000;0.11271;0.13;0.10251;0.108;371108.52
20230817 000000;0.108;0.12317;0.10001;0.10986;734779.35
20230818 000000;0.10986;0.122;0.10551;0.117;384065.77
20230819 000000;0.117;0.134;0.116;0.12211;216493.26
20230820 000000;0.12211;0.13589;0.11901;0.12457;113029.83
20230821 000000;0.12457;0.12652;0.1157;0.11738;142967.23
20230822 000000;0.11738;0.12271;0.11;0.11201;203783.33
20230823 000000;0.11201;0.11887;0.105;0.11603;203377.7
20230824 000000;0.11603;0.1221;0.111;0.11799;87960.57
20230825 000000;0.11799;0.122;0.111;0.11262;60388.68
20230826 000000;0.11262;0.11998;0.101;0.10695;282169.05
20230827 000000;0.10695;0.1083;0.10101;0.10546;151102.8
20230828 000000;0.10546;0.10546;0.0983;0.09831;49141.09
20230829 000000;0.09831;0.1189;0.098;0.11328;241037.73
20230830 000000;0.11328;0.11328;0.0984;0.099;203984.68
20230831 000000;0.099;0.11;0.09837;0.10112;79495.02
20230901 000000;0.10112;0.10697;0.095;0.095;106625.6
20230902 000000;0.095;0.11;0.09311;0.105;151759.63
20230903 000000;0.105;0.11;0.09671;0.11;118261.83
20230904 000000;0.11;0.11;0.10005;0.10107;237595.68
20230905 000000;0.10107;0.11211;0.09921;0.11211;156517.89
20230906 000000;0.11211;0.1135;0.10215;0.11099;73615.92
20230907 000000;0.11099;0.1119;0.10101;0.1119;238510.55
20230908 000000;0.1119;0.11438;0.1;0.114;247496.84
20230909 000000;0.114;0.114;0.1055;0.10902;141640.24
20230910 000000;0.10902;0.11298;0.10625;0.10998;119856.43
20230911 000000;0.10998;0.113;0.10263;0.10524;174116.12
20230912 000000;0.10524;0.133;0.10524;0.12617;348481.11
20230913 000000;0.12617;0.151;0.11976;0.135;211842.14
20230914 000000;0.135;0.14493;0.12407;0.13393;156160.41
20230915 000000;0.13393;0.13393;0.121;0.12232;90372.33
20230916 000000;0.12232;0.12994;0.1197;0.1223;98072.7
20230917 000000;0.1223;0.12488;0.10711;0.1248;164647.29
20230918 000000;0.1248;0.1255;0.116;0.11849;108962.13
20230919 000000;0.11849;0.14;0.11849;0.12903;121301.82
20230920 000000;0.12903;0.142;0.1261;0.12811;129205.65
20230921 000000;0.12811;0.138;0.125;0.125;104319.02
20230922 000000;0.125;0.13093;0.12038;0.12133;103346.5
20230923 000000;0.12133;0.12959;0.11521;0.12499;46551.28
20230924 000000;0.12499;0.12999;0.11816;0.12068;47430.77
20230925 000000;0.12068;0.1377;0.11819;0.12007;205543.54
20230926 000000;0.12007;0.13;0.11337;0.11425;261311.14
20230927 000000;0.11425;0.11995;0.09601;0.1065;843473.24
20230928 000000;0.1065;0.1065;0.09107;0.09997;648399.64
20230929 000000;0.09997;0.10246;0.09495;0.0995;271609.83
20230930 000000;0.0995;0.09968;0.08218;0.08889;555653.48
20231001 000000;0.08889;0.09264;0.0825;0.08711;312784.29
20231002 000000;0.08711;0.09689;0.08406;0.0888;219321.32
20231003 000000;0.0888;0.0888;0.08301;0.086;165268.43
20231004 000000;0.086;0.0865;0.08042;0.08439;150890.99
20231005 000000;0.08439;0.0855;0.08052;0.08549;141801.55
20231006 000000;0.08549;0.08549;0.07128;0.07889;296735.77
20231007 000000;0.07889;0.0925;0.07516;0.08043;235953.09
20231008 000000;0.08043;0.084;0.07631;0.0836;64221.38
20231009 000000;0.0836;0.08723;0.015;0.07998;496961.66
20231010 000000;0.07998;0.081;0.0732;0.0732;216408.88
20231011 000000;0.0732;0.082;0.07;0.0737;218820.97
20231012 000000;0.0737;0.08398;0.0737;0.07502;91820.69
20231013 000000;0.07502;0.085;0.07502;0.08074;143901.66
20231014 000000;0.08074;0.08453;0.07668;0.08385;57887.15
20231015 000000;0.08385;0.086;0.075;0.07511;133620.75
20231016 000000;0.07511;0.08409;0.07511;0.078;63182.17
20231017 000000;0.078;0.083;0.073;0.075;77287.85
20231018 000000;0.075;0.08183;0.07202;0.07497;76264.26
20231019 000000;0.07497;0.08189;0.0675;0.0785;105944.31
20231020 000000;0.0785;0.081;0.074;0.074;50450.47
20231021 000000;0.074;0.0757;0.07025;0.0736;77551.95
20231022 000000;0.0736;0.0786;0.07026;0.07448;96056.54
20231023 000000;0.07448;0.10993;0.07196;0.10993;671462.94
20231024 000000;0.10993;0.127;0.09;0.11749;517697.82
20231025 000000;0.11749;0.13111;0.1067;0.11721;196721.47
20231026 000000;0.11721;0.15;0.11721;0.1444;640578.78
20231027 000000;0.1444;0.24;0.13447;0.21;704676.06
20231028 000000;0.21;0.239;0.17301;0.193;466334.15
20231029 000000;0.193;0.22;0.17602;0.217;297859.33
20231030 000000;0.217;0.22;0.1712;0.182;398211.13
20231031 000000;0.182;0.24;0.1636;0.227;749486.38
20231101 000000;0.227;0.263;0.208;0.25;826997.75
20231102 000000;0.25;0.25;0.198;0.19842;313165.1
20231103 000000;0.19842;0.22901;0.19;0.21441;372190.78
20231104 000000;0.21441;0.21973;0.189;0.192;299395.29
20231105 000000;0.192;0.2027;0.173;0.189;402389.86
20231106 000000;0.189;0.225;0.174;0.21749;557855.48
20231107 000000;0.21749;0.218;0.18;0.18413;449256.66
20231108 000000;0.18413;0.209;0.17611;0.18191;513182.66
20231109 000000;0.18191;0.212;0.17808;0.2;746256.38
20231110 000000;0.2;0.27012;0.19398;0.234;816369.52
20231111 000000;0.234;0.23599;0.20013;0.2156;395947.08
20231112 000000;0.2156;0.2159;0.18977;0.1971;228669.09
20231113 000000;0.1971;0.209;0.18008;0.18453;257828.41
20231114 000000;0.18453;0.196;0.165;0.1929;316821.98
20231115 000000;0.1929;0.21;0.17;0.19777;495044.32
20231116 000000;0.19777;0.25;0.19777;0.233;820625.84
20231117 000000;0.233;0.34;0.232;0.27484;1756695.35
20231118 000000;0.27484;0.325;0.24217;0.26101;703737.2
20231119 000000;0.26101;0.31197;0.23679;0.25001;804412.66
20231120 000000;0.25001;0.263;0.21402;0.22;743237.67
20231121 000000;0.22;0.28548;0.18977;0.22701;920706.54
20231122 000000;0.22701;0.259;0.20103;0.2237;369853.34
20231123 000000;0.2237;0.25812;0.19539;0.20501;305816.9
20231124 000000;0.20501;0.244;0.2033;0.22072;340147.77
20231125 000000;0.22072;0.22963;0.203;0.21062;273232.84
20231126 000000;0.21062;0.21901;0.1899;0.1951;428799.32
20231127 000000;0.1951;0.217;0.182;0.19284;446759.33
20231128 000000;0.19284;0.213;0.175;0.192;382194.38
20231129 000000;0.192;0.20535;0.18565;0.19948;242937.8
20231130 000000;0.19948;0.216;0.19178;0.1971;307623.66
20231201 000000;0.1971;0.21306;0.19001;0.19405;275322.17
20231202 000000;0.19405;0.2133;0.19025;0.19786;237672.19
20231203 000000;0.19786;0.2058;0.181;0.182;278206.2
20231204 000000;0.182;0.197;0.181;0.18362;366560.31
20231205 000000;0.18362;0.35;0.18096;0.29691;1556566.39
20231206 000000;0.29691;0.339;0.27;0.30591;1005041.83
20231207 000000;0.30591;0.31499;0.2601;0.295;502753.22
20231208 000000;0.295;0.31399;0.266;0.26668;250878.45
20231209 000000;0.26668;0.296;0.251;0.28695;304028.85
20231210 000000;0.28695;0.305;0.25195;0.2721;415028.19
20231211 000000;0.2721;0.28599;0.21643;0.2401;793650.35
20231212 000000;0.2401;0.3;0.23588;0.27917;768104.36
20231213 000000;0.27917;0.3725;0.27271;0.33298;2023147.49
20231214 000000;0.33298;0.45;0.33177;0.44797;1278948.52
20231215 000000;0.44797;0.5;0.381;0.42321;1090872.21
20231216 000000;0.42321;0.5;0.37211;0.38952;575651.86
20231217 000000;0.38952;0.40621;0.32738;0.37998;477544.71
20231218 000000;0.37998;0.44788;0.324;0.4287;493741.94
20231219 000000;0.4287;0.42871;0.34001;0.34504;412506.43
20231220 000000;0.34504;0.38898;0.3311;0.33572;452513.59
20231221 000000;0.33572;0.3629;0.32009;0.34403;327051.94
20231222 000000;0.34403;0.431;0.319;0.33095;429634.47
20231223 000000;0.33095;0.33121;0.30482;0.3139;346754.8
20231224 000000;0.3139;0.32999;0.28968;0.296;354592.67
20231225 000000;0.296;0.345;0.27072;0.291;589253.88
20231226 000000;0.291;0.3361;0.28;0.29377;177347.02
20231227 000000;0.29377;0.31598;0.27;0.29;218843.4
20231228 000000;0.29;0.335;0.28;0.29229;337173.99
20231229 000000;0.29229;0.30999;0.28002;0.29441;154361.81
20231230 000000;0.29441;0.29441;0.26;0.26999;158941.16
20231231 000000;0.26999;0.294;0.241;0.26;191822.2
