20260101 000000;0.00879;0.00898;0.00844;0.00867;6157548.23
20260102 000000;0.00867;0.00899;0.00848;0.00874;6735216.36
20260103 000000;0.00874;0.00883;0.00848;0.00867;6482685.79
20260104 000000;0.00867;0.00868;0.00795;0.0085;6510500.65
20260105 000000;0.0085;0.00899;0.0084;0.00893;6340200.81
20260106 000000;0.00893;0.00899;0.00843;0.00852;6727293.68
20260107 000000;0.00852;0.009;0.0084;0.00849;6111611.98
20260108 000000;0.00849;0.0085;0.0082;0.00824;7013335.45
20260109 000000;0.00824;0.00831;0.0082;0.00829;6365216.85
20260110 000000;0.00829;0.00835;0.00815;0.00817;6167764.37
20260111 000000;0.00817;0.00883;0.00815;0.00851;6281566.8
20260112 000000;0.00851;0.00899;0.00849;0.00862;6005753.84
20260113 000000;0.00862;0.00959;0.00862;0.00933;6229544.27
20260114 000000;0.00933;0.01018;0.00914;0.00948;5649844
20260115 000000;0.00948;0.00955;0.00867;0.00929;5943245.43
20260116 000000;0.00929;0.00936;0.00886;0.00923;6256806.62
20260117 000000;0.00923;0.00931;0.0088;0.00928;5926037.68
20260118 000000;0.00928;0.00928;0.00917;0.00917;5716413.97
20260119 000000;0.00917;0.00928;0.00887;0.00891;5867820.4
20260120 000000;0.00891;0.00892;0.00847;0.0085;6023886.73
20260121 000000;0.0085;0.01048;0.0084;0.0093;6141093.26
20260122 000000;0.0093;0.00984;0.00873;0.009;6175324.56
20260123 000000;0.009;0.0098;0.00876;0.00917;5833751.62
20260124 000000;0.00917;0.0095;0.00852;0.00948;5971843.19
20260125 000000;0.00948;0.00958;0.0083;0.0083;6339991.37
20260126 000000;0.0083;0.0088;0.0083;0.00841;6176122.75
20260127 000000;0.00841;0.00906;0.00838;0.00887;6534015.45
20260128 000000;0.00887;0.00889;0.00837;0.00855;6458071.58
20260129 000000;0.00855;0.0088;0.00811;0.00816;6657447.78
20260130 000000;0.00816;0.00839;0.008;0.00803;6791672.79
20260131 000000;0.00803;0.00807;0.0067;0.00687;7593010.46
20260201 000000;0.00687;0.00797;0.00686;0.00692;7392144
20260202 000000;0.00692;0.00692;0.00597;0.00669;8067121
20260203 000000;0.00669;0.00686;0.00556;0.00645;8562367.69
20260204 000000;0.00645;0.0066;0.00593;0.00594;8710235.88
20260205 000000;0.00594;0.0061;0.00418;0.0047;10587969.47
20260206 000000;0.0047;0.0057;0.00458;0.00562;10418884.9
20260207 000000;0.00562;0.00575;0.00526;0.00572;10229512.89
20260208 000000;0.00572;0.00579;0.00536;0.00547;8997849.55
20260209 000000;0.00547;0.0082;0.00528;0.0057;10254378.64
20260210 000000;0.0057;0.00583;0.00535;0.0056;9980127.26
20260211 000000;0.0056;0.00568;0.0053;0.00544;9913239.32
20260212 000000;0.00544;0.0065;0.0053;0.00531;9931667.16
20260213 000000;0.00531;0.00581;0.0053;0.0056;10361533.36
20260214 000000;0.0056;0.00608;0.00547;0.00577;9648775.69
20260215 000000;0.00577;0.00612;0.00531;0.00538;9093686.75
20260216 000000;0.00538;0.00589;0.00531;0.00581;9458025.04
20260217 000000;0.00581;0.00582;0.00535;0.00545;9604039.21
20260218 000000;0.00545;0.00588;0.0053;0.00531;10023535.84
20260219 000000;0.00531;0.013;0.0053;0.00594;13324169.24
20260220 000000;0.00594;0.00624;0.00567;0.00585;9332876.49
20260221 000000;0.00585;0.00745;0.00536;0.00572;10063232.25
20260222 000000;0.00572;0.00577;0.0055;0.00558;9598634.14
20260223 000000;0.00558;0.00561;0.00531;0.00532;9750027.84
20260224 000000;0.00532;0.007;0.00532;0.0062;10155441.23
20260225 000000;0.0062;0.00963;0.00545;0.00613;9176539.06
20260226 000000;0.00613;0.0062;0.00586;0.00607;8650195.07
20260227 000000;0.00607;0.007;0.00565;0.00581;8908335.38
20260228 000000;0.00581;0.00602;0.00488;0.00572;9605563.85
20260301 000000;0.00572;0.00591;0.0055;0.00555;8970178.46
20260302 000000;0.00555;0.00589;0.00541;0.00586;9443282.48
20260303 000000;0.00586;0.00592;0.00526;0.00545;10058944.96
20260304 000000;0.00545;0.0069;0.00543;0.00661;8926341.8
20260305 000000;0.00661;0.0069;0.00646;0.00659;8680699.27
20260306 000000;0.00659;0.00663;0.00627;0.00629;8106074.34
20260307 000000;0.00629;0.00646;0.00627;0.00634;8774138.45
20260308 000000;0.00634;0.00667;0.00599;0.00617;9228965.43
20260309 000000;0.00617;0.00688;0.00616;0.00641;8581899.56
20260310 000000;0.00641;0.00656;0.00529;0.00579;9024465.92
20260311 000000;0.00579;0.00613;0.00575;0.00594;9576596.21
20260312 000000;0.00594;0.00598;0.00565;0.00584;9884647.18
20260313 000000;0.00584;0.006;0.00581;0.00592;8475729.56
20260314 000000;0.00592;0.00593;0.00573;0.00582;9027917.05
20260315 000000;0.00582;0.00624;0.00574;0.00604;8994658.95
20260316 000000;0.00604;0.00689;0.00603;0.00655;8376780.56
20260317 000000;0.00655;0.0069;0.00634;0.00642;8483255.57
20260318 000000;0.00642;0.00647;0.00582;0.00601;8615849.56
20260319 000000;0.00601;0.00699;0.00568;0.0058;9652971.7
20260320 000000;0.0058;0.00603;0.0058;0.00584;9136369.03
20260321 000000;0.00584;0.00594;0.00582;0.00589;8798443.69
20260322 000000;0.00589;0.00603;0.00554;0.00561;9100533.96
20260323 000000;0.00561;0.00604;0.00558;0.00579;9461550.57
20260324 000000;0.00579;0.008;0.00576;0.00596;9927687.45
20260325 000000;0.00596;0.00665;0.00539;0.00626;8616108.18
20260326 000000;0.00626;0.00628;0.00566;0.00601;9209192.98
20260327 000000;0.00601;0.00602;0.00537;0.00544;9471979.32
20260328 000000;0.00544;0.00548;0.00536;0.00543;10666919.69
20260329 000000;0.00543;0.00562;0.0051;0.00553;9779691.81
20260330 000000;0.00553;0.00563;0.00505;0.00548;10410854.7
20260331 000000;0.00548;0.00563;0.00538;0.00552;10090210.75
20260401 000000;0.00552;0.00563;0.00548;0.00555;10035249.38
20260402 000000;0.00555;0.0056;0.00534;0.00544;9775817.17
20260403 000000;0.00544;0.00624;0.00523;0.00564;9321807.13
20260404 000000;0.00564;0.00624;0.00553;0.00571;9333780.73
20260405 000000;0.00571;0.00624;0.0056;0.00583;9665770.34
20260406 000000;0.00583;0.00597;0.00578;0.0058;8960483.93
20260407 000000;0.0058;0.0062;0.00577;0.00612;10154748.93
20260408 000000;0.00612;0.00618;0.00601;0.00609;9455971.97
20260409 000000;0.00609;0.00611;0.00592;0.006;9417207.18
20260410 000000;0.006;0.00601;0.00592;0.00601;9638930.69
20260411 000000;0.00601;0.0066;0.00574;0.0062;8994898.22
20260412 000000;0.0062;0.0062;0.00568;0.00585;8735293.66
20260413 000000;0.00585;0.00589;0.00521;0.00561;9249817.96
20260414 000000;0.00561;0.00577;0.00537;0.00539;9459223.35
20260415 000000;0.00539;0.00553;0.00536;0.00549;10730092.77
20260416 000000;0.00549;0.00582;0.00533;0.00558;9450045.14
20260417 000000;0.00558;0.00837;0.00533;0.00561;9392473.32
20260418 000000;0.00561;0.00599;0.0052;0.00578;9720056.75
20260419 000000;0.00578;0.019;0.00546;0.01038;9358274.38
20260420 000000;0.01038;0.0118;0.00804;0.01019;1716346.07
20260421 000000;0.01019;0.02121;0.00892;0.01396;1807421.63
20260422 000000;0.01396;0.0291;0.0123;0.01631;4487616.29
20260423 000000;0.01631;0.01823;0.01308;0.01462;994836.49
20260424 000000;0.01462;0.019;0.01462;0.01488;392254.31
20260425 000000;0.01488;0.01518;0.0111;0.01398;1271644.16
20260426 000000;0.01398;0.0145;0.01221;0.01329;400968.75
20260427 000000;0.01329;0.01511;0.01281;0.01414;393647.44
20260428 000000;0.01414;0.02107;0.01235;0.01599;911450.35
20260429 000000;0.01599;0.01773;0.01391;0.01468;659578.07
20260430 000000;0.01468;0.01744;0.01415;0.0144;559396.8
20260501 000000;0.0144;0.01592;0.01266;0.01349;743797.3
20260502 000000;0.01349;0.01392;0.01117;0.01235;1558179.93
20260503 000000;0.01235;0.01235;0.01118;0.0115;308602.02
20260504 000000;0.0115;0.014;0.01144;0.01324;234510.31
20260505 000000;0.01324;0.0133;0.01251;0.01266;47332.33
20260506 000000;0.01266;0.01266;0.009;0.00905;1178438.7
20260507 000000;0.00905;0.0095;0.00871;0.00899;508490.65
20260508 000000;0.00899;0.01064;0.00811;0.00928;498687.41
20260509 000000;0.00928;0.01041;0.00872;0.01039;214272.59
20260510 000000;0.01039;0.0106;0.00897;0.00975;238651.57
20260511 000000;0.00975;0.0106;0.00836;0.00916;447283.76
20260512 000000;0.00916;0.00982;0.00848;0.00935;125171.75
20260513 000000;0.00935;0.00935;0.00861;0.00873;51917.01
20260514 000000;0.00873;0.00888;0.00715;0.00843;416327.26
20260515 000000;0.00843;0.00876;0.00799;0.00837;32076.61
20260516 000000;0.00837;0.00861;0.00829;0.00861;1308.28
20260517 000000;0.00861;0.00861;0.00738;0.00785;87298.44
20260518 000000;0.00785;0.00867;0.00736;0.00747;135659.85
20260519 000000;0.00747;0.0077;0.00712;0.0077;130751.95
20260520 000000;0.0077;0.0081;0.00754;0.0081;120053.25
20260521 000000;0.0081;0.00873;0.0079;0.00802;60179.23
20260522 000000;0.00802;0.00866;0.00767;0.00786;247569.42
20260523 000000;0.00786;0.01;0.00666;0.00816;390662.02
20260524 000000;0.00816;0.00855;0.00777;0.0079;45044.01
20260525 000000;0.0079;0.0085;0.00759;0.00768;151140.62
20260526 000000;0.00768;0.0085;0.00768;0.00813;58978.21
20260527 000000;0.00813;0.00813;0.00772;0.00793;47954.67
20260528 000000;0.00793;0.00793;0.00773;0.00774;22998.46
20260529 000000;0.00774;0.00782;0.00641;0.00642;119236.66
20260530 000000;0.00642;0.0073;0.00642;0.00659;413308.4
20260531 000000;0.00659;0.0069;0.00654;0.0069;98971.59
20260601 000000;0.0069;0.0069;0.00656;0.00678;28902.25
20260602 000000;0.00678;0.00811;0.00676;0.00711;291720.68
20260603 000000;0.00711;0.00726;0.00665;0.00665;34979.64
20260604 000000;0.00665;0.00838;0.00611;0.00784;278298.75
20260605 000000;0.00784;0.00787;0.00603;0.00603;483327.51
20260606 000000;0.00603;0.00614;0.0055;0.00584;249619.23
20260607 000000;0.00584;0.00657;0.00584;0.00657;87535.35
20260608 000000;0.00657;0.00682;0.00562;0.00597;256084.27
20260609 000000;0.00597;0.00891;0.0056;0.00848;197253.63
20260610 000000;0.00848;0.00891;0.00717;0.00739;320069.05
20260611 000000;0.00739;0.00787;0.00731;0.0075;134610.42
20260612 000000;0.0075;0.00779;0.00704;0.00746;67099.93
20260613 000000;0.00746;0.00783;0.00677;0.00747;39711.53
20260614 000000;0.00747;0.00784;0.00669;0.00746;125508.28
20260615 000000;0.00746;0.01701;0.00659;0.00982;2615339.27
20260616 000000;0.00982;0.0106;0.009;0.00936;799794.48
20260617 000000;0.00936;0.00966;0.00767;0.00767;897403.93
20260618 000000;0.00767;0.00842;0.00706;0.0074;655584.78
20260619 000000;0.0074;0.00804;0.00717;0.00767;278221.47
20260620 000000;0.00767;0.00772;0.00727;0.00744;131911.15
