20250101 000000;0.27031;0.281;0.24772;0.25085;1840289.43
20250102 000000;0.25085;0.30701;0.23526;0.26291;2966972.22
20250103 000000;0.26291;0.29783;0.24853;0.28201;3511393.36
20250104 000000;0.28201;0.35676;0.26169;0.33941;2992154
20250105 000000;0.33941;0.3576;0.28585;0.29395;1744750.46
20250106 000000;0.29395;0.30131;0.25914;0.26192;2751494.03
20250107 000000;0.26192;0.26817;0.20744;0.21005;4953904.86
20250108 000000;0.21005;0.24478;0.18005;0.19436;6456286.35
20250109 000000;0.19436;0.20517;0.15756;0.17584;5630740.11
20250110 000000;0.17584;0.19037;0.15849;0.17344;3942483.2
20250111 000000;0.17344;0.18336;0.15623;0.17932;2917396.95
20250112 000000;0.17932;0.21194;0.168;0.185;3211186.94
20250113 000000;0.185;0.21543;0.14129;0.16821;6120346.94
20250114 000000;0.16821;0.185;0.157;0.16081;2066811.83
20250115 000000;0.16081;0.20949;0.15738;0.20449;4131652.19
20250116 000000;0.20449;0.21984;0.18013;0.19316;4500692.08
20250117 000000;0.19316;0.2678;0.18;0.26188;4699502.01
20250118 000000;0.26188;0.28269;0.18;0.19784;7667645.86
20250119 000000;0.19784;0.20958;0.147;0.16068;10178355.08
20250120 000000;0.16068;0.1812;0.12966;0.16568;10184747.42
20250121 000000;0.16568;0.2379;0.14575;0.19069;7812343.88
20250122 000000;0.19069;0.22461;0.18125;0.18548;3438531.77
20250123 000000;0.18548;0.1933;0.14669;0.15536;4377805.85
20250124 000000;0.15536;0.15941;0.13;0.13639;3276820.51
20250125 000000;0.13639;0.13639;0.11372;0.11638;5948976.02
20250126 000000;0.11638;0.12807;0.10292;0.10316;5627885.36
20250127 000000;0.10316;0.11901;0.08058;0.10208;12238042.26
20250128 000000;0.10208;0.1285;0.09239;0.1019;5103240.01
20250129 000000;0.1019;0.12553;0.09877;0.10975;6459031.39
20250130 000000;0.10975;0.12014;0.09962;0.10107;4147428.39
20250131 000000;0.10107;0.10122;0.08166;0.08746;5737543.71
20250201 000000;0.08746;0.08925;0.06223;0.06618;10646035.67
20250202 000000;0.06618;0.07509;0.06;0.07181;10153708.51
20250203 000000;0.07181;0.09706;0.05244;0.09087;12972130.45
20250204 000000;0.09087;0.11034;0.08436;0.09488;10001398.97
20250205 000000;0.09488;0.10578;0.0768;0.07685;3721972.61
20250206 000000;0.07685;0.08466;0.06447;0.06535;6285652.07
20250207 000000;0.06535;0.08505;0.06034;0.06252;6443556.78
20250208 000000;0.06252;0.07402;0.06062;0.06685;3772429.71
20250209 000000;0.06685;0.07213;0.05802;0.06271;4854061.5
20250210 000000;0.06271;0.06922;0.05871;0.06245;5411001.37
20250211 000000;0.06245;0.07232;0.06091;0.06246;5222938.51
20250212 000000;0.06246;0.06325;0.05627;0.06121;6257304.45
20250213 000000;0.06121;0.06322;0.05335;0.05674;4851354.64
20250214 000000;0.05674;0.069;0.05526;0.0593;7997517
20250215 000000;0.0593;0.06002;0.05391;0.05463;3326634.97
20250216 000000;0.05463;0.0572;0.05232;0.05394;2266032.44
20250217 000000;0.05394;0.05525;0.04244;0.0434;4829806.45
20250218 000000;0.0434;0.04959;0.03226;0.0459;18454215.51
20250219 000000;0.0459;0.06235;0.04248;0.05566;11285024.14
20250220 000000;0.05566;0.07708;0.05368;0.07558;9323017.6
20250221 000000;0.07558;0.09435;0.06623;0.08492;15392248.96
20250222 000000;0.08492;0.09797;0.07903;0.08075;6876915.62
20250223 000000;0.08075;0.08489;0.06707;0.07076;4818407.5
20250224 000000;0.07076;0.07321;0.05434;0.05624;7106597.85
20250225 000000;0.05624;0.07722;0.0521;0.07408;12781438.39
20250226 000000;0.07408;0.08513;0.0693;0.07739;10140266.01
20250227 000000;0.07739;0.085;0.07117;0.07469;6438401.46
20250228 000000;0.07469;0.0819;0.06675;0.07876;7920218.42
20250301 000000;0.07876;0.081;0.07038;0.07173;3070822.8
20250302 000000;0.07173;0.0997;0.06838;0.0905;6219447.05
20250303 000000;0.0905;0.09096;0.06722;0.06996;4929407.47
20250304 000000;0.06996;0.0739;0.059;0.06691;6515540.5
20250305 000000;0.06691;0.07255;0.06263;0.06996;4614251.28
20250306 000000;0.06996;0.07218;0.0611;0.06278;3536465.66
20250307 000000;0.06278;0.06643;0.05579;0.05885;4305857.35
20250308 000000;0.05885;0.06048;0.0535;0.05376;2171445.02
20250309 000000;0.05376;0.05646;0.03995;0.04186;6472118.66
20250310 000000;0.04186;0.04864;0.03791;0.04188;7411509.98
20250311 000000;0.04188;0.04652;0.03718;0.04288;4442203.37
20250312 000000;0.04288;0.04999;0.041;0.04512;3625770.69
20250313 000000;0.04512;0.04605;0.0398;0.04184;3154901.51
20250314 000000;0.04184;0.04661;0.04168;0.04329;3540999.14
20250315 000000;0.04329;0.05283;0.04307;0.05053;4492051.34
20250316 000000;0.05053;0.0542;0.04709;0.04782;3165581.46
20250317 000000;0.04782;0.05063;0.04681;0.04988;2482783.12
20250318 000000;0.04988;0.05018;0.04343;0.04519;3231970.23
20250319 000000;0.04519;0.05014;0.04456;0.04971;3900590.89
20250320 000000;0.04971;0.05008;0.04563;0.04597;2564617.98
20250321 000000;0.04597;0.0466;0.04274;0.04442;2524754.27
20250322 000000;0.04442;0.04726;0.043;0.04313;2578043.57
20250323 000000;0.04313;0.04366;0.04044;0.04168;3106850.99
20250324 000000;0.04168;0.05937;0.04141;0.05518;7792363.21
20250325 000000;0.05518;0.06277;0.05283;0.05793;6080059.43
20250326 000000;0.05793;0.06226;0.04984;0.05155;7497671.02
20250327 000000;0.05155;0.05871;0.05096;0.05381;3201340.74
20250328 000000;0.05381;0.05404;0.04256;0.04536;5191295.48
20250329 000000;0.04536;0.04696;0.04017;0.0417;2980114.98
20250330 000000;0.0417;0.04275;0.04029;0.04129;2247307.99
20250331 000000;0.04129;0.04199;0.03719;0.03808;5125701.5
20250401 000000;0.03808;0.04588;0.03752;0.04105;6166007.5
20250402 000000;0.04105;0.04105;0.03402;0.03475;6119070.23
20250403 000000;0.03475;0.03694;0.03074;0.03532;4847487.31
20250404 000000;0.03532;0.03603;0.03174;0.03333;5029756.66
20250405 000000;0.03333;0.03486;0.03141;0.03347;3938813.75
20250406 000000;0.03347;0.03347;0.02415;0.02689;8794857.56
20250407 000000;0.02689;0.03099;0.02251;0.02583;11713859.25
20250408 000000;0.02583;0.03107;0.02503;0.02523;6324821.09
20250409 000000;0.02523;0.03179;0.02374;0.02946;11768318.52
20250410 000000;0.02946;0.02986;0.02596;0.02798;6907378.55
20250411 000000;0.02798;0.0359;0.02743;0.03262;9226594.4
20250412 000000;0.03262;0.04353;0.0317;0.04145;9483078.01
20250413 000000;0.04145;0.04976;0.03725;0.04035;12178627.01
20250414 000000;0.04035;0.04815;0.03872;0.03914;7329716.33
20250415 000000;0.03914;0.04183;0.03331;0.03423;10973455.79
20250416 000000;0.03423;0.0376;0.03325;0.03371;5078761.64
20250417 000000;0.03371;0.03699;0.03335;0.03536;3796644.03
20250418 000000;0.03536;0.03728;0.03204;0.03237;3359694.77
20250419 000000;0.03237;0.0359;0.03184;0.03519;2932975.19
20250420 000000;0.03519;0.03676;0.03211;0.035;4403265.37
20250421 000000;0.035;0.03991;0.03422;0.03573;4634159.3
20250422 000000;0.03573;0.04825;0.03479;0.04773;7343550.25
20250423 000000;0.04773;0.05672;0.04499;0.04666;12807707.94
20250424 000000;0.04666;0.05096;0.04289;0.04891;6907959.98
20250425 000000;0.04891;0.054;0.04594;0.04882;9276112.4
20250426 000000;0.04882;0.05534;0.04749;0.05455;6214823.44
20250427 000000;0.05455;0.065;0.05093;0.06032;8428156.2
20250428 000000;0.06032;0.06881;0.05624;0.06069;12062132.53
20250429 000000;0.06069;0.06447;0.05544;0.05685;6945282.3
20250430 000000;0.05685;0.0593;0.04981;0.05537;4866516.95
20250501 000000;0.05537;0.06342;0.05341;0.0563;6749325.67
20250502 000000;0.0563;0.0571;0.05112;0.05199;4366676.21
20250503 000000;0.05199;0.05617;0.04589;0.04695;5627578.34
20250504 000000;0.04695;0.04771;0.042;0.04281;4114501.19
20250505 000000;0.04281;0.04507;0.04025;0.04302;5029048.99
20250506 000000;0.04302;0.04416;0.037;0.03917;6064070.1
20250507 000000;0.03917;0.04471;0.03715;0.04285;4938241.9
20250508 000000;0.04285;0.05993;0.04086;0.05808;8812174.38
20250509 000000;0.05808;0.085;0.05376;0.08143;12390689.6
20250510 000000;0.08143;0.08261;0.06505;0.07728;9165201.93
20250511 000000;0.07728;0.09242;0.0688;0.09098;9863059.74
20250512 000000;0.09098;0.12589;0.08723;0.10409;15596752.61
20250513 000000;0.10409;0.1212;0.09;0.11003;10368464.74
20250514 000000;0.11003;0.116;0.09391;0.09632;4545857.98
20250515 000000;0.09632;0.0997;0.08111;0.08373;8619943.77
20250516 000000;0.08373;0.09127;0.06975;0.07193;6112715.17
20250517 000000;0.07193;0.0778;0.06778;0.0735;4438169.11
20250518 000000;0.0735;0.0915;0.07231;0.08655;6322418.23
20250519 000000;0.08655;0.08804;0.07318;0.07651;4784681.07
20250520 000000;0.07651;0.087;0.07462;0.08291;3192046.02
20250521 000000;0.08291;0.09441;0.07911;0.08598;4451335.16
20250522 000000;0.08598;0.09406;0.08466;0.09018;3486879.95
20250523 000000;0.09018;0.10061;0.07613;0.07721;7177330.45
20250524 000000;0.07721;0.08296;0.07343;0.07484;3739345.44
20250525 000000;0.07484;0.07598;0.0662;0.07518;4745993.27
20250526 000000;0.07518;0.08253;0.07391;0.0774;3202406.97
20250527 000000;0.0774;0.08249;0.0736;0.07482;2798032.03
20250528 000000;0.07482;0.07651;0.06554;0.07203;4876680.52
20250529 000000;0.07203;0.0747;0.06375;0.06529;4402907.35
20250530 000000;0.06529;0.06606;0.0555;0.05582;6012463.72
20250531 000000;0.05582;0.06211;0.05392;0.06072;3171212.42
20250601 000000;0.06072;0.06133;0.05585;0.06041;2140887.48
20250602 000000;0.06041;0.06116;0.05616;0.05949;2156270.34
20250603 000000;0.05949;0.06332;0.05522;0.05569;3778239.55
20250604 000000;0.05569;0.05805;0.05175;0.05332;3981353.43
20250605 000000;0.05332;0.05514;0.04606;0.04765;5789675.28
20250606 000000;0.04765;0.05517;0.04749;0.05019;3336174.89
20250607 000000;0.05019;0.05719;0.04999;0.05512;2068534.51
20250608 000000;0.05512;0.05759;0.05366;0.05557;2339978.49
20250609 000000;0.05557;0.06422;0.0542;0.06306;2867923.81
20250610 000000;0.06306;0.06929;0.06114;0.06658;2889366.44
20250611 000000;0.06658;0.06925;0.05635;0.05652;5011930.5
20250612 000000;0.05652;0.05904;0.05121;0.05206;5519407.82
20250613 000000;0.05206;0.0523;0.04539;0.04953;6784523.65
20250614 000000;0.04953;0.05087;0.04613;0.04868;4251368.41
20250615 000000;0.04868;0.05217;0.04741;0.05091;2449628.71
20250616 000000;0.05091;0.05688;0.04817;0.05092;2868407.99
20250617 000000;0.05092;0.05142;0.04436;0.04593;3790865.21
20250618 000000;0.04593;0.04813;0.04141;0.04613;4491197.54
20250619 000000;0.04613;0.04716;0.04213;0.0436;2829582.33
20250620 000000;0.0436;0.04504;0.03903;0.04104;4641763.61
20250621 000000;0.04104;0.0415;0.03698;0.03827;4081238.12
20250622 000000;0.03827;0.03984;0.03346;0.03638;6205502.19
20250623 000000;0.03638;0.0433;0.03579;0.04296;5344065.4
20250624 000000;0.04296;0.04678;0.04195;0.04259;4190150.47
20250625 000000;0.04259;0.04365;0.03866;0.03877;3745747.44
20250626 000000;0.03877;0.04104;0.03662;0.03808;5266825.63
20250627 000000;0.03808;0.04121;0.03726;0.03984;2862430.23
20250628 000000;0.03984;0.0463;0.03925;0.04441;4914529.04
20250629 000000;0.04441;0.04646;0.04309;0.04551;3679803.26
20250630 000000;0.04551;0.04691;0.04164;0.04274;4095438.41
20250701 000000;0.04274;0.04291;0.03769;0.03886;4387461.74
20250702 000000;0.03886;0.04329;0.03783;0.04227;4493095.01
20250703 000000;0.04227;0.04488;0.04043;0.04078;5452241.02
20250704 000000;0.04078;0.0415;0.03756;0.03884;3188052.76
20250705 000000;0.03884;0.03975;0.03716;0.03853;2609830.71
20250706 000000;0.03853;0.04094;0.03772;0.03927;2998000.62
20250707 000000;0.03927;0.04069;0.03538;0.03642;4243536.37
20250708 000000;0.03642;0.03768;0.03565;0.03711;2843523.4
20250709 000000;0.03711;0.04163;0.03624;0.04077;4034282.12
20250710 000000;0.04077;0.04918;0.0397;0.04712;3852413.29
20250711 000000;0.04712;0.05191;0.04454;0.04564;4535366.63
20250712 000000;0.04564;0.04634;0.04106;0.04284;3410726.42
20250713 000000;0.04284;0.04672;0.04254;0.0437;3194476.11
20250714 000000;0.0437;0.04832;0.04285;0.04608;4039142.23
20250715 000000;0.04608;0.04696;0.04162;0.04678;4335041.41
20250716 000000;0.04678;0.05464;0.04565;0.05146;5382212.52
20250717 000000;0.05146;0.05332;0.04703;0.04808;6822240.69
20250718 000000;0.04808;0.05571;0.0464;0.04821;5553658.51
20250719 000000;0.04821;0.04972;0.04571;0.04911;2614374.6
20250720 000000;0.04911;0.056;0.04831;0.05572;4686446.63
20250721 000000;0.05572;0.0572;0.05035;0.05267;4611186.53
20250722 000000;0.05267;0.05906;0.05012;0.05738;6150470.41
20250723 000000;0.05738;0.05988;0.05;0.05135;6440820.31
20250724 000000;0.05135;0.05335;0.0463;0.04866;4913205.37
20250725 000000;0.04866;0.04957;0.04479;0.04862;4532269.07
20250726 000000;0.04862;0.05126;0.04796;0.04804;2957172.67
20250727 000000;0.04804;0.05049;0.04602;0.04883;3583054.76
20250728 000000;0.04883;0.05073;0.04264;0.04309;3505657.06
20250729 000000;0.04309;0.04535;0.04009;0.04114;3900107.26
20250730 000000;0.04114;0.04165;0.03751;0.04085;3247953.19
20250731 000000;0.04085;0.04247;0.03761;0.03811;3481643.9
20250801 000000;0.03811;0.03905;0.03631;0.0379;3235761.48
20250802 000000;0.0379;0.03895;0.03528;0.03677;2526693.25
20250803 000000;0.03677;0.03937;0.03616;0.03854;3138186.6
20250804 000000;0.03854;0.0439;0.03831;0.0433;6125502.15
20250805 000000;0.0433;0.0478;0.04037;0.04574;6398706.01
20250806 000000;0.04574;0.04915;0.04282;0.04802;3635825.1
20250807 000000;0.04802;0.04972;0.0435;0.0495;4133444.65
20250808 000000;0.0495;0.04987;0.04532;0.04652;3622350.23
20250809 000000;0.04652;0.05611;0.04641;0.05255;5307486.56
20250810 000000;0.05255;0.05441;0.0489;0.05217;2752929.49
20250811 000000;0.05217;0.05988;0.0471;0.04792;5402138.22
20250812 000000;0.04792;0.06023;0.04691;0.05981;5414870.5
20250813 000000;0.05981;0.06929;0.05887;0.06122;6475365.85
20250814 000000;0.06122;0.06405;0.0497;0.05126;6804786.79
20250815 000000;0.05126;0.05426;0.04658;0.04888;4312644.41
20250816 000000;0.04888;0.05058;0.04706;0.04785;2018971.8
20250817 000000;0.04785;0.05127;0.04713;0.0491;2411006.4
20250818 000000;0.0491;0.04922;0.04449;0.04534;5937764.75
20250819 000000;0.04534;0.04629;0.04214;0.04218;2541162.23
20250820 000000;0.04218;0.04606;0.04158;0.04506;3862923.57
20250821 000000;0.04506;0.04573;0.04051;0.04105;4109764.21
20250822 000000;0.04105;0.049;0.04062;0.04891;5400068.44
20250823 000000;0.04891;0.04944;0.04585;0.04678;4147038.24
20250824 000000;0.04678;0.04867;0.04428;0.04581;2718481.04
20250825 000000;0.04581;0.05083;0.03832;0.04081;5168596.81
20250826 000000;0.04081;0.04448;0.04044;0.04345;2353637.93
20250827 000000;0.04345;0.04528;0.04187;0.04276;2777251.72
20250828 000000;0.04276;0.04404;0.04176;0.04335;1959475.04
20250829 000000;0.04335;0.04388;0.03951;0.04126;4818133.53
20250830 000000;0.04126;0.04139;0.03909;0.04052;2371361.37
20250831 000000;0.04052;0.04129;0.03924;0.03938;1747633.63
20250901 000000;0.03938;0.0398;0.03536;0.03717;3402880.09
20250902 000000;0.03717;0.04023;0.03694;0.03989;3026830.2
20250903 000000;0.03989;0.04044;0.03783;0.03957;3163176.62
20250904 000000;0.03957;0.04016;0.03566;0.03748;2733051.74
20250905 000000;0.03748;0.0403;0.03685;0.03777;2495290.53
20250906 000000;0.03777;0.03926;0.03738;0.03787;2367787.32
20250907 000000;0.03787;0.039;0.03762;0.03861;1927732.9
20250908 000000;0.03861;0.04244;0.03826;0.04099;2471650.1
20250909 000000;0.04099;0.04399;0.04012;0.04109;2614389.96
20250910 000000;0.04109;0.04563;0.04042;0.04271;3869732.8
20250911 000000;0.04271;0.0443;0.041;0.04415;2235216.59
20250912 000000;0.04415;0.04816;0.04283;0.04734;2926601.98
20250913 000000;0.04734;0.04816;0.04451;0.04727;2802891.57
20250914 000000;0.04727;0.04727;0.04222;0.04312;2537995.83
20250915 000000;0.04312;0.04344;0.03961;0.04042;2796010.35
20250916 000000;0.04042;0.04201;0.03929;0.04191;3545590.49
20250917 000000;0.04191;0.04361;0.0405;0.04304;2534341.62
20250918 000000;0.04304;0.04364;0.04165;0.04226;2036018.98
20250919 000000;0.04226;0.04295;0.038;0.03926;2261813.65
20250920 000000;0.03926;0.03941;0.03679;0.0374;3167027.89
20250921 000000;0.0374;0.03833;0.036;0.03636;2316727.08
20250922 000000;0.03636;0.03673;0.03326;0.03436;5110286.2
20250923 000000;0.03436;0.03487;0.03292;0.03372;4381607.65
20250924 000000;0.03372;0.03492;0.03265;0.03399;2516171.7
20250925 000000;0.03399;0.03426;0.02941;0.03067;4495570.45
20250926 000000;0.03067;0.0329;0.02978;0.03286;5168681.29
20250927 000000;0.03286;0.03309;0.03042;0.03046;3109882.48
20250928 000000;0.03046;0.03276;0.03003;0.0327;2187301.18
20250929 000000;0.0327;0.03295;0.03032;0.0318;3405937.23
20250930 000000;0.0318;0.03207;0.02959;0.03062;2949637.51
20251001 000000;0.03062;0.03398;0.03027;0.03255;3178016.21
20251002 000000;0.03255;0.03547;0.03229;0.03428;2874641.41
20251003 000000;0.03428;0.03512;0.03233;0.03368;3361773.17
20251004 000000;0.03368;0.03393;0.03153;0.03248;2282909.02
20251005 000000;0.03248;0.0355;0.032;0.03305;2790559.86
20251006 000000;0.03305;0.03566;0.03261;0.03414;2700324.62
20251007 000000;0.03414;0.03617;0.03287;0.03368;5032818.48
20251008 000000;0.03368;0.0348;0.03181;0.03407;3256933.5
20251009 000000;0.03407;0.03417;0.03138;0.03207;2714913.31
20251010 000000;0.03207;0.03266;0.018;0.02329;10506618.69
20251011 000000;0.02329;0.02497;0.02167;0.02298;5161016.26
20251012 000000;0.02298;0.02593;0.02202;0.0256;3470904.3
20251013 000000;0.0256;0.02822;0.02502;0.02757;3477300.1
20251014 000000;0.02757;0.02782;0.02432;0.02595;3634277.66
20251015 000000;0.02595;0.02701;0.02358;0.02433;5509757.72
20251016 000000;0.02433;0.02476;0.02217;0.0232;3476340.71
20251017 000000;0.0232;0.02331;0.02043;0.02188;4550456.56
20251018 000000;0.02188;0.02309;0.02187;0.02285;2863687.64
20251019 000000;0.02285;0.02445;0.02257;0.02384;2849551.64
20251020 000000;0.02384;0.02479;0.02288;0.02351;2881402.92
20251021 000000;0.02351;0.02466;0.02235;0.02241;2998519.17
20251022 000000;0.02241;0.02275;0.02112;0.02164;3216363.74
20251023 000000;0.02164;0.02314;0.02141;0.02292;2760417.71
20251024 000000;0.02292;0.02327;0.02205;0.02257;2818655.61
20251025 000000;0.02257;0.02323;0.02241;0.02301;2992681.28
20251026 000000;0.02301;0.0257;0.02263;0.02483;3193305.03
20251027 000000;0.02483;0.02621;0.02365;0.024;2764277.2
20251028 000000;0.024;0.02505;0.02261;0.02319;4274886.01
20251029 000000;0.02319;0.0244;0.02273;0.02384;3228654.82
20251030 000000;0.02384;0.0244;0.02017;0.02153;3325626.12
20251031 000000;0.02153;0.02301;0.02065;0.0225;4111383.22
20251101 000000;0.0225;0.0243;0.02208;0.02338;3268020.03
20251102 000000;0.02338;0.02404;0.02228;0.02345;2563228.57
20251103 000000;0.02345;0.02358;0.019;0.01956;4632158.23
20251104 000000;0.01956;0.02004;0.01458;0.017;10511296.76
20251105 000000;0.017;0.01829;0.01521;0.01792;5505835.85
20251106 000000;0.01792;0.01825;0.01572;0.01631;10230565.99
20251107 000000;0.01631;0.0179;0.01528;0.01758;4455309.31
20251108 000000;0.01758;0.01891;0.01638;0.01698;8979439.11
20251109 000000;0.01698;0.01891;0.01638;0.0181;4738900.64
20251110 000000;0.0181;0.01927;0.01742;0.01884;4994315.78
20251111 000000;0.01884;0.01925;0.01663;0.01673;3571682.12
20251112 000000;0.01673;0.01769;0.01595;0.01628;8158300.28
20251113 000000;0.01628;0.01735;0.01502;0.01578;3721599.53
20251114 000000;0.01578;0.0159;0.01435;0.01467;9694044.42
20251115 000000;0.01467;0.01536;0.01451;0.01458;6254509.12
20251116 000000;0.01458;0.01525;0.01405;0.01452;5540141.75
20251117 000000;0.01452;0.0158;0.01395;0.01418;5755261.74
20251118 000000;0.01418;0.01445;0.00894;0.01025;30922497.19
20251119 000000;0.01025;0.01032;0.00859;0.00935;18905326.08
20251120 000000;0.00935;0.009701;0.0083;0.00843;14037228
20251121 000000;0.00843;0.008493;0.006581;0.007595;38660721.53
20251122 000000;0.007595;0.007607;0.006266;0.006508;38522441.98
20251123 000000;0.006508;0.011501;0.006453;0.009648;71386315.81
20251124 000000;0.009648;0.010762;0.00881;0.010293;44078187.97
20251125 000000;0.010293;0.010448;0.00841;0.009117;37499539.37
20251126 000000;0.009117;0.010122;0.00881;0.009651;15158782.74
20251127 000000;0.009651;0.01275;0.008908;0.011144;17084431.42
20251128 000000;0.011144;0.021001;0.011063;0.018023;81171001.89
20251129 000000;0.018023;0.019113;0.01472;0.015589;41227831.34
20251130 000000;0.015589;0.016718;0.014808;0.015101;15834812.48
20251201 000000;0.015101;0.015182;0.0119;0.013135;20467160.34
20251202 000000;0.013135;0.015481;0.012847;0.013546;18632527.86
20251203 000000;0.013546;0.017464;0.012291;0.015563;19587523.04
20251204 000000;0.015563;0.017388;0.013617;0.013923;14153053.23
20251205 000000;0.013923;0.014026;0.01217;0.012579;10207073.85
20251206 000000;0.012579;0.012637;0.01186;0.011938;7072492.45
20251207 000000;0.011938;0.012732;0.010871;0.011784;9795359.68
20251208 000000;0.011784;0.013719;0.01073;0.0114;12291675.55
20251209 000000;0.0114;0.01241;0.010388;0.010764;9323694.3
20251210 000000;0.010764;0.011632;0.01018;0.010576;13437070.29
20251211 000000;0.010576;0.010861;0.00998;0.010714;9106055.96
20251212 000000;0.010714;0.0117;0.010071;0.010206;9364604.13
20251213 000000;0.010206;0.010438;0.009872;0.010208;7794714.42
20251214 000000;0.010208;0.010441;0.009337;0.009528;9960040.92
20251215 000000;0.009528;0.010757;0.00924;0.00979;13333644.65
20251216 000000;0.00979;0.00979;0.008929;0.009243;23290765.25
20251217 000000;0.009243;0.009758;0.008456;0.008641;14225045.18
20251218 000000;0.008641;0.008928;0.007831;0.008133;14468821.73
20251219 000000;0.008133;0.008669;0.007909;0.008621;7893256.66
20251220 000000;0.008621;0.008819;0.008406;0.008568;10015541.22
20251221 000000;0.008568;0.009576;0.008305;0.009156;10164379.36
20251222 000000;0.009156;0.009452;0.008337;0.008498;9579597.59
20251223 000000;0.008498;0.008792;0.008127;0.008548;9061656.99
20251224 000000;0.008548;0.009417;0.00835;0.008899;8957376
20251225 000000;0.008899;0.009467;0.008816;0.009002;10489410.99
20251226 000000;0.009002;0.009824;0.008912;0.009093;8490386.12
20251227 000000;0.009093;0.009556;0.008951;0.00953;8692277.93
20251228 000000;0.00953;0.009606;0.009204;0.009347;7500469.22
20251229 000000;0.009347;0.010515;0.008949;0.009581;15686054.54
20251230 000000;0.009581;0.010834;0.009418;0.010469;11899275.89
20251231 000000;0.010469;0.010524;0.008979;0.009067;12039033.47
