20230622 000000;0.1012;0.104;0.0981;0.0985;188319.36
20230623 000000;0.0985;0.105;0.0977;0.1028;202397.74
20230624 000000;0.1028;0.1036;0.0993;0.1017;229109.55
20230625 000000;0.1017;0.108;0.1011;0.1034;308724.99
20230626 000000;0.1034;0.1039;0.0989;0.1003;260066.13
20230627 000000;0.1003;0.1022;0.0998;0.1011;190778.74
20230628 000000;0.1011;0.1016;0.0909;0.0933;173464.37
20230629 000000;0.0933;0.0967;0.093;0.0938;194048.74
20230630 000000;0.0938;0.1003;0.0918;0.0987;283788.32
20230701 000000;0.0987;0.1023;0.0984;0.1014;177092.37
20230702 000000;0.1014;0.1016;0.0972;0.1011;176853.76
20230703 000000;0.1011;0.1071;0.1008;0.1047;243514.43
20230704 000000;0.1047;0.1061;0.1022;0.1033;212860.51
20230705 000000;0.1033;0.1055;0.0987;0.0993;188480.3
20230706 000000;0.0993;0.1018;0.0928;0.0928;228951.1
20230707 000000;0.0928;0.0966;0.092;0.0946;204418.07
20230708 000000;0.0946;0.0964;0.0934;0.0948;213664.05
20230709 000000;0.0948;0.0956;0.0923;0.0929;241732.51
20230710 000000;0.0929;0.0955;0.0905;0.0927;401520.32
20230711 000000;0.0927;0.0938;0.0907;0.0924;341752.73
20230712 000000;0.0924;0.0946;0.0912;0.0919;249412.51
20230713 000000;0.0919;0.1029;0.0903;0.1017;355366.39
20230714 000000;0.1017;0.1059;0.0963;0.0998;347704.17
20230715 000000;0.0998;0.1007;0.0978;0.0983;227059.96
20230716 000000;0.0983;0.0987;0.0936;0.0943;222841.79
20230717 000000;0.0943;0.102;0.0938;0.1004;327024.35
20230718 000000;0.1004;0.1024;0.0949;0.0966;202369.9
20230719 000000;0.0966;0.0981;0.0953;0.0957;213950.81
20230720 000000;0.0957;0.0986;0.0945;0.0956;241205.43
20230721 000000;0.0956;0.0976;0.0947;0.0957;222814.2
20230722 000000;0.0957;0.0978;0.0926;0.0937;198968.59
20230723 000000;0.0937;0.0975;0.0932;0.0962;225648.19
20230724 000000;0.0962;0.0964;0.09;0.0915;253697.93
20230725 000000;0.0915;0.0931;0.0904;0.0918;274777.65
20230726 000000;0.0918;0.0928;0.0902;0.092;268708.46
20230727 000000;0.092;0.0946;0.0911;0.0924;206509.69
20230728 000000;0.0924;0.0941;0.0917;0.0926;224367.83
20230729 000000;0.0926;0.0949;0.0925;0.0949;207593.06
20230730 000000;0.0949;0.0949;0.0912;0.0922;259604.13
20230731 000000;0.0922;0.0952;0.0907;0.0915;288340.72
20230801 000000;0.0915;0.0931;0.0893;0.0928;264672.33
20230802 000000;0.0928;0.0937;0.0901;0.0911;220574.1
20230803 000000;0.0911;0.0965;0.09;0.0947;230766.82
20230804 000000;0.0947;0.0956;0.0913;0.0923;234694.86
20230805 000000;0.0923;0.0935;0.0897;0.0932;236008.08
20230806 000000;0.0932;0.1029;0.0928;0.0988;989721.69
20230807 000000;0.0988;0.139;0.0975;0.1357;6300092.22
20230808 000000;0.1357;0.178;0.1225;0.1288;6163653.87
20230809 000000;0.1288;0.155;0.11;0.1183;1539006.98
20230810 000000;0.1183;0.1183;0.1074;0.1133;504745.87
20230811 000000;0.1133;0.1184;0.1084;0.1158;729552.96
20230812 000000;0.1158;0.1219;0.1125;0.116;465105.96
20230813 000000;0.116;0.1285;0.1135;0.1211;645751.01
20230814 000000;0.1211;0.1286;0.1168;0.1217;632221.93
20230815 000000;0.1217;0.1241;0.1067;0.1099;489663.24
20230816 000000;0.1099;0.1115;0.1028;0.1072;384011.83
20230817 000000;0.1072;0.1078;0.081;0.0907;722733.88
20230818 000000;0.0907;0.11;0.0904;0.1047;504525.02
20230819 000000;0.1047;0.1063;0.0977;0.1018;390129.29
20230820 000000;0.1018;0.1031;0.0998;0.1015;256508.07
20230821 000000;0.1015;0.1018;0.0963;0.0998;251328.35
20230822 000000;0.0998;0.1007;0.0923;0.0979;298802.63
20230823 000000;0.0979;0.1009;0.095;0.0992;241592.51
20230824 000000;0.0992;0.1049;0.0974;0.1025;539451.1
20230825 000000;0.1025;0.1037;0.0951;0.0976;537932.93
20230826 000000;0.0976;0.0995;0.0958;0.0961;309697.99
20230827 000000;0.0961;0.0971;0.0942;0.0951;261650.61
20230828 000000;0.0951;0.1031;0.0935;0.0993;676521.93
20230829 000000;0.0993;0.1031;0.0942;0.1018;348177.6
20230830 000000;0.1018;0.1063;0.1004;0.1022;440295.89
20230831 000000;0.1022;0.1064;0.099;0.0997;398959.55
20230901 000000;0.0997;0.1014;0.0952;0.0984;253589.96
20230902 000000;0.0984;0.099;0.0937;0.0956;218487.31
20230903 000000;0.0956;0.0994;0.094;0.0959;239931.34
20230904 000000;0.0959;0.0985;0.095;0.0963;245060.35
20230905 000000;0.0963;0.1262;0.0954;0.1143;2522473.59
20230906 000000;0.1143;0.12;0.1058;0.1092;483171.32
20230907 000000;0.1092;0.1119;0.1042;0.1073;390859.96
20230908 000000;0.1073;0.1136;0.1021;0.1038;392778.19
20230909 000000;0.1038;0.1045;0.1004;0.101;248498.6
20230910 000000;0.101;0.1013;0.092;0.0938;387120.26
20230911 000000;0.0938;0.0953;0.0877;0.0893;492486.59
20230912 000000;0.0893;0.0938;0.0892;0.0926;310709.93
20230913 000000;0.0926;0.0965;0.0914;0.0938;430592.77
20230914 000000;0.0938;0.0972;0.0938;0.0947;404423.17
20230915 000000;0.0947;0.097;0.0941;0.097;287406.26
20230916 000000;0.097;0.0989;0.0956;0.0965;307060.26
20230917 000000;0.0965;0.0967;0.0903;0.0915;382475.68
20230918 000000;0.0915;0.0969;0.0902;0.0932;294117.43
20230919 000000;0.0932;0.0975;0.093;0.0956;306559.7
20230920 000000;0.0956;0.097;0.094;0.0969;937086.63
20230921 000000;0.0969;0.101;0.0942;0.0965;447633.71
20230922 000000;0.0965;0.1004;0.0955;0.0998;346610.24
20230923 000000;0.0998;0.1018;0.0965;0.0997;327190.45
20230924 000000;0.0997;0.0997;0.0957;0.0959;283296.3
20230925 000000;0.0959;0.0976;0.0953;0.0967;336232.14
20230926 000000;0.0967;0.097;0.0934;0.0948;324602.63
20230927 000000;0.0948;0.0967;0.0919;0.0935;340899.1
20230928 000000;0.0935;0.0987;0.0933;0.0967;296547.26
20230929 000000;0.0967;0.0989;0.0953;0.0978;312878.22
20230930 000000;0.0978;0.0985;0.0965;0.0983;364313.02
20231001 000000;0.0983;0.1078;0.0974;0.1045;992885.86
20231002 000000;0.1045;0.1053;0.0989;0.1015;345790.57
20231003 000000;0.1015;0.1122;0.0996;0.1094;554962.37
20231004 000000;0.1094;0.113;0.1041;0.1068;749777.6
20231005 000000;0.1068;0.1122;0.1007;0.1028;433362.79
20231006 000000;0.1028;0.1095;0.1024;0.1078;405527.95
20231007 000000;0.1078;0.1086;0.1032;0.1044;330297.69
20231008 000000;0.1044;0.1065;0.1022;0.1042;574520.42
20231009 000000;0.1042;0.1083;0.0971;0.099;705051.4
20231010 000000;0.099;0.0996;0.0952;0.0964;575056.03
20231011 000000;0.0964;0.0974;0.0935;0.096;1070124.32
20231012 000000;0.096;0.0967;0.0931;0.0965;294626.93
20231013 000000;0.0965;0.0993;0.0957;0.0976;432740.66
20231014 000000;0.0976;0.0997;0.0958;0.0979;359529.88
20231015 000000;0.0979;0.1042;0.0977;0.0997;727363.36
20231016 000000;0.0997;0.1038;0.0994;0.1006;809698.2
20231017 000000;0.1006;0.1015;0.0952;0.0966;353231.29
20231018 000000;0.0966;0.0968;0.0922;0.0923;338189.39
20231019 000000;0.0923;0.0957;0.091;0.0939;426185.92
20231020 000000;0.0939;0.0968;0.0933;0.0948;426023.41
20231021 000000;0.0948;0.0996;0.0942;0.0981;295146.11
20231022 000000;0.0981;0.1;0.0961;0.0992;516808.21
20231023 000000;0.0992;0.1051;0.0981;0.1047;574897.92
20231024 000000;0.1047;0.1097;0.1029;0.1068;604835.93
20231025 000000;0.1068;0.11;0.1037;0.1097;341747.71
20231026 000000;0.1097;0.1112;0.102;0.1073;351556.89
20231027 000000;0.1073;0.1086;0.1035;0.1052;363560.83
20231028 000000;0.1052;0.1129;0.105;0.1115;701877.44
20231029 000000;0.1115;0.1168;0.1091;0.1126;1030212.33
20231030 000000;0.1126;0.1156;0.1106;0.1147;327708.72
20231031 000000;0.1147;0.1156;0.1078;0.1107;324044.25
20231101 000000;0.1107;0.115;0.1046;0.1144;404880.01
20231102 000000;0.1144;0.1265;0.114;0.1188;1505609.21
20231103 000000;0.1188;0.1209;0.1146;0.1186;650599.07
20231104 000000;0.1186;0.1262;0.1174;0.1224;435471.69
20231105 000000;0.1224;0.1378;0.1219;0.1285;769353.62
20231106 000000;0.1285;0.135;0.126;0.132;1753279.35
20231107 000000;0.132;0.1338;0.1236;0.1285;1026856.02
20231108 000000;0.1285;0.1317;0.1266;0.13;358196.39
20231109 000000;0.13;0.1344;0.1135;0.1236;813806.06
20231110 000000;0.1236;0.1288;0.1204;0.1279;645885.32
20231111 000000;0.1279;0.1312;0.1233;0.1295;839424.43
20231112 000000;0.1295;0.1299;0.1233;0.1279;405994.05
20231113 000000;0.1279;0.1315;0.1222;0.1224;363778.13
20231114 000000;0.1224;0.1238;0.114;0.1192;592758.48
20231115 000000;0.1192;0.1251;0.1189;0.1239;539122.92
20231116 000000;0.1239;0.1283;0.1176;0.1213;561227.93
20231117 000000;0.1213;0.1241;0.1131;0.1177;338182.21
20231118 000000;0.1177;0.1177;0.1101;0.1155;348834.54
20231119 000000;0.1155;0.1177;0.1126;0.1173;426602.79
20231120 000000;0.1173;0.1202;0.1156;0.1174;492909.93
20231121 000000;0.1174;0.1236;0.1093;0.1093;1050652.82
20231122 000000;0.1093;0.1175;0.1092;0.1155;942348.55
20231123 000000;0.1155;0.118;0.1135;0.1169;609020.04
20231124 000000;0.1169;0.1249;0.1167;0.1228;1246125.7
20231125 000000;0.1228;0.126;0.122;0.1259;417059.49
20231126 000000;0.1259;0.1286;0.1208;0.1269;1130669.71
20231127 000000;0.1269;0.1287;0.1187;0.1229;463138.81
20231128 000000;0.1229;0.128;0.1202;0.128;759124.21
20231129 000000;0.128;0.144;0.1258;0.139;2501309.83
20231130 000000;0.139;0.145;0.133;0.1358;1493471.16
20231201 000000;0.1358;0.1396;0.1306;0.133;1193563.11
20231202 000000;0.133;0.1367;0.1318;0.1344;1875054.57
20231203 000000;0.1344;0.1349;0.1288;0.1309;1598488.97
20231204 000000;0.1309;0.1339;0.1249;0.1317;1321142.79
20231205 000000;0.1317;0.1858;0.1281;0.1588;3241368.32
20231206 000000;0.1588;0.1729;0.1481;0.1578;2525857.01
20231207 000000;0.1578;0.1619;0.15;0.158;1719172.86
20231208 000000;0.158;0.1683;0.1561;0.1675;1099355.7
20231209 000000;0.1675;0.1724;0.1612;0.1626;1329745.42
20231210 000000;0.1626;0.1648;0.1561;0.1613;696960.79
20231211 000000;0.1613;0.1618;0.1405;0.1486;782702.17
20231212 000000;0.1486;0.1542;0.1474;0.1523;937899.19
20231213 000000;0.1523;0.1562;0.1449;0.1554;915174.04
20231214 000000;0.1554;0.1598;0.1514;0.159;1198064.03
20231215 000000;0.159;0.1593;0.1481;0.1488;1277243.51
20231216 000000;0.1488;0.1652;0.1481;0.1623;1202098.23
20231217 000000;0.1623;0.1634;0.1533;0.1602;1530371.79
20231218 000000;0.1602;0.1683;0.146;0.1553;1145187.08
20231219 000000;0.1553;0.1602;0.1513;0.1528;831971.4
20231220 000000;0.1528;0.1728;0.1502;0.1717;1399085.3
20231221 000000;0.1717;0.1785;0.1676;0.1714;1736822.96
20231222 000000;0.1714;0.197;0.1679;0.1907;1017965.71
20231223 000000;0.1907;0.1907;0.1811;0.1842;297621.01
20231224 000000;0.1842;0.234;0.1826;0.2081;1293989.98
20231225 000000;0.2081;0.2183;0.201;0.2127;842059.45
20231226 000000;0.2127;0.26;0.2031;0.2324;952179.83
20231227 000000;0.2324;0.2379;0.2084;0.215;625161.04
20231228 000000;0.215;0.2224;0.2037;0.2059;549116.43
20231229 000000;0.2059;0.2106;0.1962;0.2001;694599.41
20231230 000000;0.2001;0.2078;0.1931;0.2001;395748.83
20231231 000000;0.2001;0.211;0.1968;0.2001;881284.98
