20250101 000000;0.1525;0.1568;0.1465;0.1557;429213.03
20250102 000000;0.1557;0.1649;0.1555;0.162;588552.81
20250103 000000;0.162;0.169;0.1572;0.1667;179800.06
20250104 000000;0.1667;0.1688;0.1634;0.1654;276274.35
20250105 000000;0.1654;0.1682;0.1614;0.1665;128139.01
20250106 000000;0.1665;0.1743;0.1637;0.1686;310863.59
20250107 000000;0.1686;0.1691;0.1486;0.1488;505590.52
20250108 000000;0.1488;0.1513;0.1365;0.1441;907361.13
20250109 000000;0.1441;0.1459;0.135;0.139;255290.51
20250110 000000;0.139;0.1435;0.1369;0.1417;469945.91
20250111 000000;0.1417;0.1426;0.136;0.139;158148.77
20250112 000000;0.139;0.1412;0.1345;0.1362;122971.66
20250113 000000;0.1362;0.1406;0.1213;0.1305;282063.96
20250114 000000;0.1305;0.1367;0.1296;0.1355;132613.25
20250115 000000;0.1355;0.1448;0.1312;0.1447;401938.65
20250116 000000;0.1447;0.1455;0.1386;0.1419;1060007.33
20250117 000000;0.1419;0.1519;0.1419;0.1515;296630.96
20250118 000000;0.1515;0.1528;0.1373;0.142;525513.03
20250119 000000;0.142;0.1453;0.123;0.1247;367552.69
20250120 000000;0.1247;0.1304;0.1168;0.1201;773992.15
20250121 000000;0.1201;0.1282;0.1146;0.1255;599665.34
20250122 000000;0.1255;0.1266;0.1172;0.1178;554172.23
20250123 000000;0.1178;0.1179;0.1073;0.1118;1326612.64
20250124 000000;0.1118;0.1131;0.1028;0.1032;919203.01
20250125 000000;0.1032;0.1087;0.1018;0.1053;917240.15
20250126 000000;0.1053;0.1134;0.1049;0.1068;990568.3
20250127 000000;0.1068;0.1072;0.0957;0.1034;931276.79
20250128 000000;0.1034;0.10529;0.0958;0.0974;408739.58
20250129 000000;0.0974;0.10289;0.0957;0.09909;805870.95
20250130 000000;0.09909;0.10608;0.098;0.10281;522167.71
20250131 000000;0.10281;0.109;0.10151;0.10351;756463.16
20250201 000000;0.10351;0.1064;0.09465;0.09578;749703.15
20250202 000000;0.09578;0.09759;0.0809;0.08522;882621.59
20250203 000000;0.08522;0.08985;0.06257;0.08852;3431905.38
20250204 000000;0.08852;0.096;0.08025;0.08427;4662635.87
20250205 000000;0.08427;0.08543;0.08019;0.082;556811.65
20250206 000000;0.082;0.08365;0.07818;0.07923;7445176.14
20250207 000000;0.07923;0.08813;0.07918;0.08224;20682037.71
20250208 000000;0.08224;0.08755;0.08007;0.08648;15544785.83
20250209 000000;0.08648;0.09302;0.08097;0.08533;49527851.77
20250210 000000;0.08533;0.0884;0.08093;0.08787;14903429.38
20250211 000000;0.08787;0.0943;0.08456;0.0864;13172839.34
20250212 000000;0.0864;0.14228;0.0843;0.11791;90343863.2
20250213 000000;0.11791;0.12551;0.09802;0.10077;72890639.64
20250214 000000;0.10077;0.10408;0.09559;0.10142;31113303.01
20250215 000000;0.10142;0.10601;0.09561;0.09685;23669762.28
20250216 000000;0.09685;0.10215;0.09585;0.09878;17398158.97
20250217 000000;0.09878;0.10171;0.09287;0.09507;14030924.11
20250218 000000;0.09507;0.09541;0.08861;0.09281;8883009.46
20250219 000000;0.09281;0.09501;0.09023;0.09208;8289067.37
20250220 000000;0.09208;0.09415;0.09095;0.09381;7814589.92
20250221 000000;0.09381;0.09927;0.08785;0.08887;12311331.74
20250222 000000;0.08887;0.09725;0.08848;0.09635;16995854.46
20250223 000000;0.09635;0.09843;0.09171;0.09375;9166382.88
20250224 000000;0.09375;0.09404;0.08009;0.08239;11971763.43
20250225 000000;0.08239;0.08884;0.07779;0.08735;16018334.1
20250226 000000;0.08735;0.08834;0.08174;0.08577;11016480.63
20250227 000000;0.08577;0.08806;0.08404;0.08639;6272791.69
20250228 000000;0.08639;0.08673;0.07952;0.08557;9672636.74
20250301 000000;0.08557;0.08616;0.08094;0.08356;5788890.88
20250302 000000;0.08356;0.09409;0.08162;0.0937;10961194.75
20250303 000000;0.0937;0.0937;0.07814;0.07909;13674586.31
20250304 000000;0.07909;0.07959;0.07015;0.07644;14994194.46
20250305 000000;0.07644;0.07994;0.07534;0.07945;9450955.98
20250306 000000;0.07945;0.08165;0.07625;0.07734;6276369.11
20250307 000000;0.07734;0.07995;0.07334;0.07655;8253548.8
20250308 000000;0.07655;0.07745;0.07375;0.07525;5543411.69
20250309 000000;0.07525;0.07526;0.06586;0.06673;11192055.55
20250310 000000;0.06673;0.07155;0.06162;0.06386;15343249.58
20250311 000000;0.06386;0.06798;0.05915;0.06665;13127941.67
20250312 000000;0.06665;0.06924;0.06454;0.06885;7536570.07
20250313 000000;0.06885;0.06985;0.06615;0.06805;5935404.69
20250314 000000;0.06805;0.07217;0.06784;0.0707;5475404.71
20250315 000000;0.0707;0.07374;0.07003;0.07317;8175519.01
20250316 000000;0.07317;0.07322;0.06875;0.06937;6851863.27
20250317 000000;0.06937;0.07704;0.06936;0.07478;17775756.36
20250318 000000;0.07478;0.07496;0.07084;0.07355;10070622.05
20250319 000000;0.07355;0.07618;0.07324;0.0759;7033742.06
20250320 000000;0.0759;0.07591;0.07334;0.07385;4081092.47
20250321 000000;0.07385;0.07518;0.07234;0.074;5913478.56
20250322 000000;0.074;0.07662;0.07397;0.07493;6484500.63
20250323 000000;0.07493;0.07574;0.0725;0.07435;7558972.08
20250324 000000;0.07435;0.08035;0.0736;0.07818;10170403.4
20250325 000000;0.07818;0.07934;0.07646;0.07818;8920086.28
20250326 000000;0.07818;0.07966;0.07573;0.07675;319034863.39
20250327 000000;0.07675;0.07876;0.07525;0.0765;100831863.39
20250328 000000;0.0765;0.07691;0.06835;0.07027;89457923.89
20250329 000000;0.07027;0.07061;0.06264;0.06368;14788066.21
20250330 000000;0.06368;0.06568;0.06275;0.06456;6519964.07
20250331 000000;0.06456;0.06552;0.06285;0.06402;7998300.5
20250401 000000;0.06402;0.06759;0.06393;0.06472;96446823.49
20250402 000000;0.06472;0.06474;0.05737;0.05785;125450466.55
20250403 000000;0.05785;0.05976;0.05233;0.05548;367734079.02
20250404 000000;0.05548;0.05596;0.05336;0.05482;290704495.88
20250405 000000;0.05482;0.05588;0.05352;0.05481;16354933.78
20250406 000000;0.05481;0.05556;0.04702;0.04825;41767574.56
20250407 000000;0.04825;0.0513;0.04345;0.04881;187553072.63
20250408 000000;0.04881;0.05084;0.04593;0.04604;261351860
20250409 000000;0.04604;0.05054;0.04437;0.05011;376939899.04
20250410 000000;0.05011;0.0502;0.0465;0.04796;59175846.04
20250411 000000;0.04796;0.05019;0.04793;0.04883;64895849.64
20250412 000000;0.04883;0.05176;0.04864;0.05107;49680923.6
20250413 000000;0.05107;0.05127;0.04559;0.04721;318392968.68
20250414 000000;0.04721;0.04852;0.04436;0.04436;31775229.59
20250415 000000;0.04436;0.04568;0.04163;0.04191;41656807.15
20250416 000000;0.04191;0.04296;0.03972;0.03998;130503676.29
20250417 000000;0.03998;0.04079;0.03904;0.03934;19479641.81
20250418 000000;0.03934;0.0409;0.03891;0.0408;13519286.76
20250419 000000;0.0408;0.04345;0.0408;0.04328;19021489.77
20250420 000000;0.04328;0.0443;0.04194;0.04326;7988673.06
20250421 000000;0.04326;0.04535;0.04324;0.0434;8397958.33
20250422 000000;0.0434;0.04701;0.04228;0.04697;11642230.9
20250423 000000;0.04697;0.04825;0.04506;0.04695;12116556.52
20250424 000000;0.04695;0.05025;0.04626;0.04953;19251717.04
20250425 000000;0.04953;0.05342;0.04898;0.05014;15074147.22
20250426 000000;0.05014;0.05325;0.05006;0.05205;16856580.68
20250427 000000;0.05205;0.05217;0.04775;0.04789;12269967.95
20250428 000000;0.04789;0.04951;0.04575;0.04915;14602298.5
20250429 000000;0.04915;0.05124;0.04668;0.04754;11272572.98
20250430 000000;0.04754;0.05046;0.04699;0.04974;16079991.51
20250501 000000;0.04974;0.06096;0.04913;0.05142;53654692.11
20250502 000000;0.05142;0.05165;0.04876;0.04993;14983296.16
20250503 000000;0.04993;0.04996;0.04446;0.04548;11951247.9
20250504 000000;0.04548;0.04555;0.04365;0.04465;12047372.79
20250505 000000;0.04465;0.04689;0.04393;0.04574;13343891.45
20250506 000000;0.04574;0.04606;0.04273;0.04474;11104759.32
20250507 000000;0.04474;0.04565;0.04405;0.04535;8345467.22
20250508 000000;0.04535;0.057;0.04522;0.05363;23985307.11
20250509 000000;0.05363;0.05636;0.05208;0.05618;16546274.2
20250510 000000;0.05618;0.06001;0.05536;0.0598;12965648.9
20250511 000000;0.0598;0.06255;0.05826;0.0597;16042124.89
20250512 000000;0.0597;0.06433;0.05676;0.05924;14745441.2
20250513 000000;0.05924;0.06191;0.05506;0.06098;10965083.89
20250514 000000;0.06098;0.06221;0.05734;0.05863;7523629.9
20250515 000000;0.05863;0.0596;0.05265;0.05417;8216727.7
20250516 000000;0.05417;0.05627;0.05213;0.05276;6178192.36
20250517 000000;0.05276;0.05308;0.05036;0.05167;5999212.19
20250518 000000;0.05167;0.05597;0.05089;0.05423;5686441.81
20250519 000000;0.05423;0.05459;0.04909;0.05221;6122301.8
20250520 000000;0.05221;0.0542;0.0501;0.0525;5498385.93
20250521 000000;0.0525;0.05433;0.05112;0.05387;6062766.27
20250522 000000;0.05387;0.05721;0.05374;0.05665;6239448.65
20250523 000000;0.05665;0.0579;0.05104;0.05117;8297586.37
20250524 000000;0.05117;0.05257;0.05081;0.05137;4746479.26
20250525 000000;0.05137;0.05173;0.04913;0.05107;4870850.24
20250526 000000;0.05107;0.05248;0.04982;0.05044;4336484.93
20250527 000000;0.05044;0.05449;0.04946;0.05276;7346447.04
20250528 000000;0.05276;0.05431;0.05124;0.05278;7390892.38
20250529 000000;0.05278;0.05354;0.04876;0.04915;8365163.25
20250530 000000;0.04915;0.0495;0.04105;0.04112;13769221.67
20250531 000000;0.04112;0.04241;0.03854;0.04185;11621729.74
20250601 000000;0.04185;0.04448;0.04149;0.04406;8033640.05
20250602 000000;0.04406;0.04589;0.04295;0.04573;7592782.58
20250603 000000;0.04573;0.04705;0.04512;0.04593;6835759.21
20250604 000000;0.04593;0.04662;0.04364;0.04427;6329215.91
20250605 000000;0.04427;0.04456;0.03943;0.03982;6972381.59
20250606 000000;0.03982;0.04284;0.03968;0.04173;6758152.69
20250607 000000;0.04173;0.04339;0.0416;0.04294;5293368.65
20250608 000000;0.04294;0.04369;0.04198;0.04298;3903561.43
20250609 000000;0.04298;0.04548;0.04208;0.04546;4999099.42
20250610 000000;0.04546;0.04628;0.04435;0.04618;7581188.31
20250611 000000;0.04618;0.04628;0.04276;0.04317;8002804.3
20250612 000000;0.04317;0.04339;0.0397;0.04021;10438724.24
20250613 000000;0.04021;0.04059;0.03814;0.04043;9727961.18
20250614 000000;0.04043;0.04116;0.03964;0.04108;4696544.79
20250615 000000;0.04108;0.04165;0.04043;0.04152;4765900.5
20250616 000000;0.04152;0.04338;0.04103;0.04165;5574335.54
20250617 000000;0.04165;0.04233;0.03858;0.03897;6712834.65
20250618 000000;0.03897;0.03942;0.03766;0.03888;6026279.09
20250619 000000;0.03888;0.03939;0.03842;0.03914;3639906.1
20250620 000000;0.03914;0.04028;0.03733;0.03777;4833701.47
20250621 000000;0.03777;0.03862;0.03484;0.0357;6423887.79
20250622 000000;0.0357;0.03602;0.03147;0.03384;12040318.47
20250623 000000;0.03384;0.03769;0.03373;0.03753;6167405.03
20250624 000000;0.03753;0.03809;0.03664;0.03756;5477372.67
20250625 000000;0.03756;0.03819;0.03664;0.03684;4661789.58
20250626 000000;0.03684;0.03778;0.03578;0.03596;6020931.99
20250627 000000;0.03596;0.03718;0.03552;0.03634;4337529.86
20250628 000000;0.03634;0.03769;0.03573;0.03754;3753378.81
20250629 000000;0.03754;0.03949;0.03737;0.03898;6697506.65
20250630 000000;0.03898;0.03928;0.03743;0.03835;7995427.68
20250701 000000;0.03835;0.0387;0.03584;0.03615;6976532.62
20250702 000000;0.03615;0.04014;0.03573;0.03969;7854769.67
20250703 000000;0.03969;0.04045;0.03838;0.03927;6966620.75
20250704 000000;0.03927;0.03949;0.03584;0.03623;5934678.76
20250705 000000;0.03623;0.03677;0.03566;0.03647;4847839.98
20250706 000000;0.03647;0.03751;0.03587;0.03718;8408255.11
20250707 000000;0.03718;0.03809;0.03675;0.03765;22709009.61
20250708 000000;0.03765;0.03917;0.03664;0.03894;17237493.48
20250709 000000;0.03894;0.04062;0.038;0.04035;23430939.21
20250710 000000;0.04035;0.04399;0.03991;0.04338;29049367.91
20250711 000000;0.04338;0.04595;0.04264;0.04363;37860848.62
20250712 000000;0.04363;0.04531;0.04171;0.04343;40886093.22
20250713 000000;0.04343;0.0453;0.04298;0.04387;23804961.33
20250714 000000;0.04387;0.04899;0.04364;0.04447;91957923.77
20250715 000000;0.04447;0.0483;0.04264;0.04744;45076528.94
20250716 000000;0.04744;0.05427;0.04599;0.04889;133897653.24
20250717 000000;0.04889;0.04911;0.0454;0.04794;60563816.59
20250718 000000;0.04794;0.05152;0.04598;0.04787;71092212.35
20250719 000000;0.04787;0.04872;0.046;0.04834;23814115.33
20250720 000000;0.04834;0.05113;0.04804;0.0504;26643681.45
20250721 000000;0.0504;0.05153;0.04872;0.05036;37035782.4
20250722 000000;0.05036;0.05097;0.04756;0.05055;33331055.83
20250723 000000;0.05055;0.05353;0.04505;0.04665;84179410.21
20250724 000000;0.04665;0.0474;0.04362;0.04557;36035976.17
20250725 000000;0.04557;0.04737;0.04384;0.04729;29140468.74
20250726 000000;0.04729;0.04814;0.04629;0.04654;16788217.88
20250727 000000;0.04654;0.04939;0.04642;0.04865;23243932.54
20250728 000000;0.04865;0.04997;0.04458;0.04514;28243714.2
20250729 000000;0.04514;0.04693;0.04306;0.0441;13883935.41
20250730 000000;0.0441;0.0441;0.04142;0.04357;9161930.32
20250731 000000;0.04357;0.04477;0.04119;0.04145;9508857.07
20250801 000000;0.04145;0.04207;0.03944;0.04047;14210286.74
20250802 000000;0.04047;0.04109;0.03897;0.03997;10805188.38
20250803 000000;0.03997;0.04178;0.03948;0.04137;6193118.9
20250804 000000;0.04137;0.04329;0.04115;0.0432;6765003.46
20250805 000000;0.0432;0.04329;0.04063;0.04157;6945180.91
20250806 000000;0.04157;0.04254;0.03984;0.04226;5845891.01
20250807 000000;0.04226;0.04418;0.04193;0.04384;9094066.09
20250808 000000;0.04384;0.04525;0.04361;0.04505;8037814.72
20250809 000000;0.04505;0.04839;0.0448;0.04723;9259303.44
20250810 000000;0.04723;0.04797;0.04525;0.04675;6431018.55
20250811 000000;0.04675;0.04789;0.04415;0.04433;13477974.15
20250812 000000;0.04433;0.04796;0.04377;0.04752;15479657.05
20250813 000000;0.04752;0.04916;0.047;0.04844;17936905.61
20250814 000000;0.04844;0.04915;0.04333;0.04378;14841066.27
20250815 000000;0.04378;0.04499;0.04257;0.04378;9088463.07
20250816 000000;0.04378;0.04637;0.04372;0.04627;6867287.91
20250817 000000;0.04627;0.04796;0.04573;0.04637;8817379.86
20250818 000000;0.04637;0.04695;0.04375;0.04524;12752336.94
20250819 000000;0.04524;0.0458;0.0432;0.04335;13508884.78
20250820 000000;0.04335;0.04659;0.04296;0.04604;7961998.95
20250821 000000;0.04604;0.04676;0.04417;0.04453;8830329.65
20250822 000000;0.04453;0.04979;0.04328;0.04969;14240570.31
20250823 000000;0.04969;0.04978;0.04797;0.04857;8657289.9
20250824 000000;0.04857;0.04949;0.04654;0.04775;8634839.58
20250825 000000;0.04775;0.04809;0.04289;0.04355;12266106.11
20250826 000000;0.04355;0.04609;0.04325;0.04574;7204148.32
20250827 000000;0.04574;0.04661;0.04517;0.04553;8069694.32
20250828 000000;0.04553;0.04755;0.04534;0.04729;7242800.13
20250829 000000;0.04729;0.04757;0.04406;0.04508;8834397.22
20250830 000000;0.04508;0.04649;0.04423;0.04597;5058971.54
20250831 000000;0.04597;0.04698;0.04453;0.04457;6877302.9
20250901 000000;0.04457;0.04589;0.04263;0.04348;9963898.06
20250902 000000;0.04348;0.04518;0.04333;0.04472;7920292.34
20250903 000000;0.04472;0.04596;0.04417;0.04552;7288282.89
20250904 000000;0.04552;0.04557;0.04264;0.04333;9045217.03
20250905 000000;0.04333;0.04515;0.04324;0.04449;7422172.77
20250906 000000;0.04449;0.04458;0.04343;0.04407;4119638.29
20250907 000000;0.04407;0.04552;0.04404;0.04538;5261868.85
20250908 000000;0.04538;0.04691;0.04494;0.04644;6202270.14
20250909 000000;0.04644;0.04819;0.04549;0.04671;12389081.09
20250910 000000;0.04671;0.0505;0.04625;0.04823;21644273.03
20250911 000000;0.04823;0.04909;0.04739;0.04884;9406598.01
20250912 000000;0.04884;0.05049;0.04765;0.05039;9004718.19
20250913 000000;0.05039;0.05342;0.05008;0.051;14402077.32
20250914 000000;0.051;0.05117;0.04848;0.04895;8369363.22
20250915 000000;0.04895;0.05049;0.04522;0.04655;10967118.72
20250916 000000;0.04655;0.04739;0.04517;0.04698;6316037.56
20250917 000000;0.04698;0.0487;0.04557;0.04849;8530213.42
20250918 000000;0.04849;0.04909;0.04784;0.04854;6047593.69
20250919 000000;0.04854;0.04938;0.04548;0.04596;6341182.23
20250920 000000;0.04596;0.05123;0.04552;0.04984;20282742.55
20250921 000000;0.04984;0.0544;0.04858;0.04935;50580987.48
20250922 000000;0.04935;0.04962;0.04267;0.04414;22566269.77
20250923 000000;0.04414;0.04494;0.04287;0.04408;14269183.34
20250924 000000;0.04408;0.04603;0.04292;0.04488;9695584.84
20250925 000000;0.04488;0.04497;0.04101;0.04151;17189211.13
20250926 000000;0.04151;0.04356;0.04113;0.04323;11416373.98
20250927 000000;0.04323;0.0451;0.04264;0.04415;6674408.04
20250928 000000;0.04415;0.04505;0.04252;0.04472;4550059.5
20250929 000000;0.04472;0.04508;0.0427;0.04406;10073724.53
20250930 000000;0.04406;0.04408;0.0417;0.04307;6903409.5
20251001 000000;0.04307;0.04531;0.04264;0.04495;7708200.53
20251002 000000;0.04495;0.04792;0.04494;0.04791;9537209.44
20251003 000000;0.04791;0.04853;0.04614;0.04767;14231642.31
20251004 000000;0.04767;0.0481;0.04573;0.04686;7531751.02
20251005 000000;0.04686;0.04824;0.04572;0.04625;7006346.87
20251006 000000;0.04625;0.04823;0.04592;0.04725;9156603.16
20251007 000000;0.04725;0.05;0.04505;0.04526;20501672.68
20251008 000000;0.04526;0.04809;0.04449;0.04782;13907451.09
20251009 000000;0.04782;0.04873;0.04427;0.04855;19057513.19
20251010 000000;0.04855;0.04972;0.01934;0.03169;57724032.5
20251011 000000;0.03169;0.03409;0.03019;0.03179;25416396.63
20251012 000000;0.03179;0.03667;0.03104;0.03564;15009404.64
20251013 000000;0.03564;0.03847;0.03491;0.03813;18085132.14
20251014 000000;0.03813;0.03829;0.03401;0.03656;14551250.99
20251015 000000;0.03656;0.03794;0.03472;0.03546;10211058.56
20251016 000000;0.03546;0.03647;0.03379;0.03433;11272395.91
20251017 000000;0.03433;0.03476;0.031;0.03298;16520672.72
20251018 000000;0.03298;0.03385;0.03243;0.03306;8520496.75
20251019 000000;0.03306;0.03426;0.03225;0.03375;13411683.45
20251020 000000;0.03375;0.03502;0.03304;0.03367;7988339.71
20251021 000000;0.03367;0.03493;0.03203;0.03211;9979856.81
20251022 000000;0.03211;0.03288;0.03051;0.03166;11696644.32
20251023 000000;0.03166;0.03287;0.03133;0.03233;8177070.5
20251024 000000;0.03233;0.03315;0.03179;0.03303;5005226.18
20251025 000000;0.03303;0.03305;0.03212;0.03255;4076982.97
20251026 000000;0.03255;0.03388;0.032;0.03363;5839164.81
20251027 000000;0.03363;0.03395;0.03183;0.03204;8834922.19
20251028 000000;0.03204;0.03236;0.03017;0.03083;11842287.57
20251029 000000;0.03083;0.03209;0.03041;0.03138;7757159
20251030 000000;0.03138;0.03167;0.02779;0.02885;11570143.62
20251031 000000;0.02885;0.02979;0.02855;0.02907;6251498.28
20251101 000000;0.02907;0.03036;0.0289;0.03005;12411538.26
20251102 000000;0.03005;0.03051;0.02894;0.02977;6953880.84
20251103 000000;0.02977;0.02982;0.02468;0.02584;16722044.31
20251104 000000;0.02584;0.02673;0.02424;0.02604;13886249.27
20251105 000000;0.02604;0.02699;0.02475;0.02648;7848242.93
20251106 000000;0.02648;0.02718;0.02574;0.02674;8792264.92
20251107 000000;0.02674;0.03419;0.0266;0.03013;37019894.91
20251108 000000;0.03013;0.03086;0.02903;0.03052;15921696.23
20251109 000000;0.03052;0.031;0.0288;0.02987;16338872.76
20251110 000000;0.02987;0.03068;0.02925;0.03033;11596786.34
20251111 000000;0.03033;0.03091;0.0284;0.0284;13441178.56
20251112 000000;0.0284;0.02971;0.02682;0.02756;12913264.85
20251113 000000;0.02756;0.02858;0.02587;0.02674;11431488.61
20251114 000000;0.02674;0.02697;0.02525;0.02563;10904657.15
20251115 000000;0.02563;0.02668;0.02557;0.02597;8187401.77
20251116 000000;0.02597;0.02618;0.02435;0.02525;8320411.34
20251117 000000;0.02525;0.02607;0.02441;0.02495;7957181.05
20251118 000000;0.02495;0.0258;0.02447;0.02537;4756985.78
20251119 000000;0.02537;0.02575;0.02389;0.0252;5124464.18
20251120 000000;0.0252;0.0269;0.02464;0.02504;6120599.68
20251121 000000;0.02504;0.0257;0.0225;0.02354;9728250.57
20251122 000000;0.02354;0.02375;0.02264;0.02335;5076994.16
20251123 000000;0.02335;0.02378;0.02319;0.02333;4228233.46
20251124 000000;0.02333;0.02457;0.02318;0.02432;4703130.28
20251125 000000;0.02432;0.02465;0.02381;0.02439;4615357.76
20251126 000000;0.02439;0.03852;0.02392;0.02924;125299887.91
20251127 000000;0.02924;0.03106;0.02558;0.02598;55011821.73
20251128 000000;0.02598;0.02639;0.02426;0.02451;20940345.84
20251129 000000;0.02451;0.02486;0.0238;0.02414;10038444.97
20251130 000000;0.02414;0.02473;0.02339;0.02396;11460032.75
20251201 000000;0.02396;0.02399;0.02147;0.02186;15478379.55
20251202 000000;0.02186;0.0234;0.02152;0.02284;7444938.15
20251203 000000;0.02284;0.02312;0.02223;0.02286;7969433.43
20251204 000000;0.02286;0.02304;0.02135;0.02157;7309526.1
20251205 000000;0.02157;0.022;0.02052;0.02094;11019475.82
20251206 000000;0.02094;0.02199;0.02081;0.02173;6811005.97
20251207 000000;0.02173;0.0219;0.02067;0.02108;7286845.9
20251208 000000;0.02108;0.02169;0.02092;0.0214;8377780.18
20251209 000000;0.0214;0.02213;0.02097;0.02183;6784139.27
20251210 000000;0.02183;0.02202;0.0211;0.02117;6472365.7
20251211 000000;0.02117;0.02117;0.02026;0.02057;8096184.51
20251212 000000;0.02057;0.0208;0.01971;0.0203;5323641.37
20251213 000000;0.0203;0.02062;0.01993;0.02044;8083898.24
20251214 000000;0.02044;0.02049;0.01927;0.01945;5238596.68
20251215 000000;0.01945;0.01989;0.01824;0.01876;7656954.06
20251216 000000;0.01876;0.019;0.01847;0.01874;7310469.8
20251217 000000;0.01874;0.01887;0.01757;0.01777;6559453.62
20251218 000000;0.01777;0.01791;0.0165;0.01701;9600788.15
20251219 000000;0.01701;0.0181;0.0169;0.01797;5793231.71
20251220 000000;0.01797;0.01867;0.0179;0.0185;4721033.65
20251221 000000;0.0185;0.01856;0.0175;0.01775;4712747.46
20251222 000000;0.01775;0.01822;0.01753;0.01781;5731865.91
20251223 000000;0.01781;0.01832;0.01753;0.01832;6510692.5
20251224 000000;0.01832;0.01852;0.01761;0.01849;6106767.19
20251225 000000;0.01849;0.019;0.01827;0.01831;9225127.95
20251226 000000;0.01831;0.0194;0.01827;0.01898;8438780.87
20251227 000000;0.01898;0.01925;0.01853;0.01916;5454584.29
20251228 000000;0.01916;0.01932;0.01842;0.01873;4944340.71
20251229 000000;0.01873;0.01895;0.01788;0.01795;8974921.43
20251230 000000;0.01795;0.0181;0.01763;0.01787;5656202.8
20251231 000000;0.01787;0.01806;0.01731;0.01786;8869910.16
