20240909 000000;0.0025;0.0496;0.002;0.030671;147976858.13
20240910 000000;0.030671;0.066978;0.024263;0.058915;45660529.91
20240911 000000;0.058915;0.084805;0.0538;0.074247;22647481.86
20240912 000000;0.074247;0.078;0.050128;0.061011;26840170.04
20240913 000000;0.061011;0.069;0.0523;0.058869;19989108.18
20240914 000000;0.058869;0.075005;0.05611;0.064732;20822845.58
20240915 000000;0.064732;0.0699;0.058484;0.059377;19317882
20240916 000000;0.059377;0.069772;0.0521;0.052841;19253073.52
20240917 000000;0.052841;0.075;0.046555;0.073697;23618987.88
20240918 000000;0.073697;0.109999;0.070503;0.089678;34998587.24
20240919 000000;0.089678;0.1135;0.087122;0.09991;18745363.79
20240920 000000;0.09991;0.105052;0.09;0.095415;23186452.4
20240921 000000;0.095415;0.104998;0.0945;0.097174;18775403.56
20240922 000000;0.097174;0.106281;0.0921;0.099343;19007212.96
20240923 000000;0.099343;0.129995;0.09135;0.125432;19481388.57
20240924 000000;0.125432;0.149989;0.117333;0.145;20677000.89
20240925 000000;0.145;0.147751;0.09654;0.116504;15898467.87
20240926 000000;0.116504;0.134164;0.104013;0.109914;20966707.01
20240927 000000;0.109914;0.113281;0.0911;0.100749;19032337.3
20240928 000000;0.100749;0.104064;0.086009;0.094988;28184676.19
20240929 000000;0.094988;0.101999;0.086;0.092538;15546524.85
20240930 000000;0.092538;0.1168;0.086009;0.110981;29125558.15
20241001 000000;0.110981;0.1147;0.085622;0.08908;29925878.15
20241002 000000;0.08908;0.103999;0.082591;0.083277;35545227.38
20241003 000000;0.083277;0.093;0.076001;0.087385;35923641
20241004 000000;0.087385;0.109;0.083101;0.091288;38720180.95
20241005 000000;0.091288;0.093395;0.084041;0.087413;33965624.03
20241006 000000;0.087413;0.098893;0.08502;0.090636;32901891.37
20241007 000000;0.090636;0.094884;0.08527;0.086831;29029547.33
20241008 000000;0.086831;0.094432;0.0812;0.083987;36460543.93
20241009 000000;0.083987;0.103;0.080025;0.089692;31082905.79
20241010 000000;0.089692;0.091992;0.0791;0.081403;42730905.2
20241011 000000;0.081403;0.087;0.0765;0.078153;40144520.61
20241012 000000;0.078153;0.086799;0.076781;0.080921;39514119.98
20241013 000000;0.080921;0.083;0.0775;0.081991;41975200.08
20241014 000000;0.081991;0.085;0.0794;0.080451;33671374.29
20241015 000000;0.080451;0.088;0.0791;0.082831;64143048.59
20241016 000000;0.082831;0.107;0.08025;0.097;54961031.78
20241017 000000;0.097;0.1042;0.092003;0.098089;24440140.71
20241018 000000;0.098089;0.12;0.096922;0.104332;22079723.57
20241019 000000;0.104332;0.109999;0.096;0.098715;13663135.44
20241020 000000;0.098715;0.102295;0.0844;0.08812;35444618.54
20241021 000000;0.08812;0.115;0.08511;0.09711;21885692.38
20241022 000000;0.09711;0.104323;0.095134;0.100427;22806093.74
20241023 000000;0.100427;0.102558;0.08625;0.089917;26537402.51
20241024 000000;0.089917;0.091193;0.085841;0.086569;18010311.36
20241025 000000;0.086569;0.1;0.080508;0.086047;26086884.6
20241026 000000;0.086047;0.097;0.085175;0.095899;26367973.02
20241027 000000;0.095899;0.097798;0.091206;0.095611;25784712.29
20241028 000000;0.095611;0.1125;0.094209;0.105997;16708681.94
20241029 000000;0.105997;0.119;0.1005;0.113716;22166211.44
20241030 000000;0.113716;0.139688;0.096111;0.100906;16153647.21
20241031 000000;0.100906;0.118498;0.085035;0.086431;20643983.66
20241101 000000;0.086431;0.093992;0.084031;0.087363;24984258.48
20241102 000000;0.087363;0.088943;0.0812;0.0812;20249884.75
20241103 000000;0.0812;0.088021;0.0771;0.0847;36973285.96
20241104 000000;0.0847;0.099;0.078;0.079093;28024707.56
20241105 000000;0.079093;0.092801;0.078;0.084982;26708874.16
20241106 000000;0.084982;0.098;0.083;0.0835;26827956.07
20241107 000000;0.0835;0.090998;0.08305;0.085526;17835167.57
20241108 000000;0.085526;0.087871;0.078125;0.080117;28488478.34
20241109 000000;0.080117;0.081998;0.067642;0.069175;14746010.24
20241110 000000;0.069175;0.073259;0.053;0.053748;17034859
20241111 000000;0.053748;0.074515;0.030009;0.065599;30534483.85
20241112 000000;0.065599;0.074;0.0555;0.064058;26124197.84
20241113 000000;0.064058;0.066999;0.059;0.061463;43029380.19
20241114 000000;0.061463;0.063745;0.053805;0.055997;38360433.25
20241115 000000;0.055997;0.062799;0.051405;0.051986;20169586.19
20241116 000000;0.051986;0.0535;0.042637;0.043697;10398665.02
20241117 000000;0.043697;0.061667;0.036102;0.052632;10638066.97
20241118 000000;0.052632;0.07;0.050927;0.060932;29275691.55
20241119 000000;0.060932;0.063832;0.0521;0.05758;26411258.96
20241120 000000;0.05758;0.0596;0.048557;0.056807;34394377.91
20241121 000000;0.056807;0.063425;0.053109;0.055844;30524331.76
20241122 000000;0.055844;0.0655;0.048605;0.057253;26428102.17
20241123 000000;0.057253;0.077;0.055716;0.061897;29098458.55
20241124 000000;0.061897;0.068;0.056425;0.061639;9985526.86
20241125 000000;0.061639;0.099;0.060711;0.08131;29488845.53
20241126 000000;0.08131;0.090306;0.070013;0.0735;13000561.19
20241127 000000;0.0735;0.107;0.072814;0.081599;32594623.57
20241128 000000;0.081599;0.11718;0.080178;0.108609;22320960.62
20241129 000000;0.108609;0.136;0.101226;0.126996;30763023.05
20241130 000000;0.126996;0.1348;0.111111;0.117583;29022159.82
20241201 000000;0.117583;0.189999;0.110256;0.168669;25531921.48
20241202 000000;0.168669;0.188998;0.144;0.1745;13219827.38
20241203 000000;0.1745;0.182;0.150852;0.159946;18078344.93
20241204 000000;0.159946;0.195;0.152611;0.18877;19255157.39
20241205 000000;0.18877;0.205;0.174189;0.198792;22795665.98
20241206 000000;0.198792;0.207;0.191;0.205374;20059162.65
20241207 000000;0.205374;0.208998;0.182;0.198191;20610332.54
20241208 000000;0.198191;0.1983;0.170005;0.185709;17555982.34
20241209 000000;0.185709;0.195;0.16;0.16;9910312.14
20241210 000000;0.16;0.173;0.135;0.1442;6020452.27
20241211 000000;0.1442;0.16993;0.135001;0.161348;6628551.18
20241212 000000;0.161348;0.162886;0.141334;0.152297;9562369.48
20241213 000000;0.152297;0.177979;0.14822;0.156549;14493074.27
20241214 000000;0.156549;0.15898;0.136507;0.147395;9956461.82
20241215 000000;0.147395;0.177772;0.135004;0.157962;7018731.79
20241216 000000;0.157962;0.187;0.155002;0.165259;4671646.64
20241217 000000;0.165259;0.177987;0.14277;0.142784;1548115.96
20241218 000000;0.142784;0.146553;0.118;0.128493;8033830.84
20241219 000000;0.128493;0.139986;0.101;0.11145;12246062.51
20241220 000000;0.11145;0.1361;0.100048;0.112359;7703314.95
20241221 000000;0.112359;0.124108;0.09;0.094386;4968771.54
20241222 000000;0.094386;0.1078;0.09228;0.103484;9603494
20241223 000000;0.103484;0.114678;0.099833;0.105744;11382193.1
20241224 000000;0.105744;0.128734;0.08928;0.092674;10228685.11
20241225 000000;0.092674;0.108371;0.078113;0.086143;7716889.71
20241226 000000;0.086143;0.097299;0.081395;0.084094;19490202.95
20241227 000000;0.084094;0.090958;0.075;0.076876;25986474.18
20241228 000000;0.076876;0.076876;0.068555;0.074723;24822019.34
20241229 000000;0.074723;0.170997;0.068506;0.123588;25059783.58
20241230 000000;0.123588;0.157;0.114;0.126359;18299138.33
20241231 000000;0.126359;0.132997;0.101833;0.114593;10253832.56
