20240726 000000;0.00005;0.0001837;0.00005;0.0001835;580211220.03
20240727 000000;0.0001835;0.00023;0.0001555;0.0001775;271614482.14
20240728 000000;0.0001775;0.0001965;0.00013;0.0001642;92265106.47
20240729 000000;0.0001642;0.0002362;0.0001642;0.0002362;39590563.1
20240730 000000;0.0002362;0.0002362;0.0001797;0.0001812;20670114.5
20240731 000000;0.0001812;0.0001884;0.00015;0.0001518;18684122.19
20240801 000000;0.0001518;0.0001518;0.0001264;0.0001316;19383245.63
20240802 000000;0.0001316;0.0001448;0.0001128;0.0001374;19453122.15
20240803 000000;0.0001374;0.000144;0.0001152;0.0001171;6787084.02
20240804 000000;0.0001171;0.000126;0.0000931;0.0001099;10962311.1
20240805 000000;0.0001099;0.0001099;0.0000634;0.0001022;11845229.66
20240806 000000;0.0001022;0.0001094;0.0001022;0.000109;1288685.03
20240807 000000;0.000109;0.0001148;0.0000816;0.0001147;1422577.61
20240808 000000;0.0001147;0.00012;0.0000907;0.00012;2614391.25
20240809 000000;0.00012;0.00017;0.0000991;0.00012;3755003.68
20240810 000000;0.00012;0.000123;0.0001004;0.0001068;12866619.12
20240811 000000;0.0001068;0.0001481;0.0001036;0.0001101;2272433.52
20240812 000000;0.0001101;0.0001458;0.0001043;0.0001458;248297.19
20240813 000000;0.0001458;0.0002209;0.000135;0.0001601;19239499.91
20240814 000000;0.0001601;0.0001637;0.0001276;0.0001433;2144653.66
20240815 000000;0.0001433;0.0001433;0.0001201;0.000122;3095904.12
20240816 000000;0.000122;0.000125;0.000115;0.000116;1365159.67
20240817 000000;0.000116;0.0001286;0.000116;0.00012;2159440.41
20240818 000000;0.00012;0.00012;0.000115;0.000115;3261130.94
20240819 000000;0.000115;0.00012;0.0001135;0.0001193;5283486.79
20240820 000000;0.0001193;0.000133;0.0000931;0.0000955;17946897.07
20240821 000000;0.0000955;0.0001349;0.0000955;0.0001095;15555222.13
20240822 000000;0.0001095;0.0001163;0.0001079;0.000109;4498309.02
20240823 000000;0.000109;0.0001123;0.0001001;0.0001123;8307296.26
20240824 000000;0.0001123;0.0001269;0.000108;0.0001206;23578720.33
20240825 000000;0.0001206;0.0001215;0.00011;0.00011;6492831.21
20240826 000000;0.00011;0.0001112;0.0001;0.0001049;11661013.82
20240827 000000;0.0001049;0.0001049;0.0000827;0.0000866;9608392
20240828 000000;0.0000866;0.0000943;0.0000855;0.0000912;9442570.39
20240829 000000;0.0000912;0.000095;0.0000901;0.0000923;5943082.28
20240830 000000;0.0000923;0.0000923;0.0000842;0.0000919;6313700.25
20240831 000000;0.0000919;0.0000919;0.0000883;0.0000883;964381.37
20240901 000000;0.0000883;0.0000883;0.0000828;0.0000828;4116769.19
20240902 000000;0.0000828;0.0000937;0.0000797;0.0000928;8034695.43
20240903 000000;0.0000928;0.0000928;0.0000678;0.0000871;1318898.14
20240904 000000;0.0000871;0.0000909;0.0000807;0.0000828;1663497.84
20240905 000000;0.0000828;0.0000909;0.0000706;0.0000753;5454861.92
20240906 000000;0.0000753;0.0000791;0.00007;0.000072;4055590.6
20240907 000000;0.000072;0.000084;0.00007;0.0000744;4095798.56
20240908 000000;0.0000744;0.0000868;0.0000744;0.0000777;1327068.65
20240909 000000;0.0000777;0.0000848;0.0000758;0.0000846;6184116.31
20240910 000000;0.0000846;0.0000866;0.0000827;0.000085;8797369.22
20240911 000000;0.000085;0.0000869;0.0000797;0.0000863;1308099.06
20240912 000000;0.0000863;0.0001;0.0000856;0.0000903;2711584.83
20240913 000000;0.0000903;0.000105;0.0000894;0.0001015;2948950.07
20240914 000000;0.0001015;0.0001096;0.0000965;0.0000982;3738084.93
20240915 000000;0.0000982;0.0001096;0.0000921;0.0000921;2940129.07
20240916 000000;0.0000921;0.0001096;0.0000855;0.0000899;4953018.84
20240917 000000;0.0000899;0.0001099;0.0000835;0.000093;13292975.3
20240918 000000;0.000093;0.0000968;0.000089;0.0000901;6077473.12
20240919 000000;0.0000901;0.00011;0.0000901;0.0000984;4978583.02
20240920 000000;0.0000984;0.0001101;0.0000984;0.0001011;2783401.57
20240921 000000;0.0001011;0.0001158;0.0000956;0.0000989;951380.77
20240922 000000;0.0000989;0.0001159;0.0000989;0.0001109;9728972.54
20240923 000000;0.0001109;0.0001266;0.000109;0.0001184;6442501.36
20240924 000000;0.0001184;0.0001267;0.0001055;0.0001078;1431757.46
20240925 000000;0.0001078;0.0001151;0.0000967;0.0001023;12922368.41
20240926 000000;0.0001023;0.0001359;0.0001023;0.0001356;8921140.77
20240927 000000;0.0001356;0.0001934;0.0001346;0.0001637;15759718.29
20240928 000000;0.0001637;0.0001708;0.0001497;0.000153;2529532.65
20240929 000000;0.000153;0.0001558;0.0001321;0.0001398;1597143.96
20240930 000000;0.0001398;0.0001398;0.0001327;0.0001339;306685.96
20241001 000000;0.0001339;0.0001548;0.000128;0.0001333;5889667
20241002 000000;0.0001333;0.0002362;0.0001333;0.0001931;25580025.42
20241003 000000;0.0001931;0.0002362;0.0001646;0.0001819;15036740.15
20241004 000000;0.0001819;0.0002625;0.0001819;0.0002553;14220525.34
20241005 000000;0.0002553;0.0002625;0.0002;0.0002151;4263951.42
20241006 000000;0.0002151;0.0002835;0.0001993;0.0002835;10819680.83
20241007 000000;0.0002835;0.000336;0.0002155;0.0002629;33420919.84
20241008 000000;0.0002629;0.00032;0.0002368;0.00032;9198332.47
20241009 000000;0.00032;0.00035;0.0002467;0.0002467;9785648.11
20241010 000000;0.0002467;0.000256;0.0001997;0.0002156;12192579.23
20241011 000000;0.0002156;0.0002759;0.0002143;0.000254;6030362.42
20241012 000000;0.000254;0.000269;0.0001926;0.0002315;6802863.75
20241013 000000;0.0002315;0.0003675;0.0002281;0.0003145;17989402.04
20241014 000000;0.0003145;0.0003999;0.0002777;0.0003999;137773734.69
20241015 000000;0.0003999;0.000418;0.0003062;0.0003152;24489640.98
20241016 000000;0.0003152;0.0003316;0.0002904;0.0002908;8777399.52
20241017 000000;0.0002908;0.00034;0.0002908;0.0003237;24112187.14
20241018 000000;0.0003237;0.0003673;0.00032;0.0003553;10780944.67
20241019 000000;0.0003553;0.000368;0.0003304;0.0003305;3853627.56
20241020 000000;0.0003305;0.000435;0.0003305;0.0003826;9481699.69
20241021 000000;0.0003826;0.0003925;0.0002874;0.0002984;14025246.89
20241022 000000;0.0002984;0.0003147;0.000281;0.0003147;1769834.01
20241023 000000;0.0003147;0.0003299;0.0002669;0.0002801;6330217.72
20241024 000000;0.0002801;0.0002927;0.0002587;0.0002631;2217922.25
20241025 000000;0.0002631;0.0002716;0.0002174;0.0002249;2387855.46
20241026 000000;0.0002249;0.0002509;0.000191;0.0002124;15655500.73
20241027 000000;0.0002124;0.000229;0.0001976;0.0002168;12454460.41
20241028 000000;0.0002168;0.0002358;0.0001905;0.0002072;14457658.16
20241029 000000;0.0002072;0.0002692;0.0002048;0.0002609;24202034.92
20241030 000000;0.0002609;0.000295;0.0002413;0.0002812;20761499.11
20241031 000000;0.0002812;0.0002862;0.0001883;0.0002014;15128986.68
20241101 000000;0.0002014;0.0002207;0.0001974;0.000217;2699389.5
20241102 000000;0.000217;0.000222;0.0001973;0.000206;5853387.4
20241103 000000;0.000206;0.0002062;0.0001667;0.0001746;2854140.19
20241104 000000;0.0001746;0.0001837;0.0001635;0.0001837;23992928.57
20241105 000000;0.0001837;0.0002348;0.0001837;0.0002;4469731.58
20241106 000000;0.0002;0.0002575;0.0002;0.0002508;12158864.86
20241107 000000;0.0002508;0.0002808;0.0002069;0.0002458;18036343.22
20241108 000000;0.0002458;0.0003504;0.0002458;0.0003504;22359891.7
20241109 000000;0.0003504;0.0006425;0.0003492;0.0004405;75374521.43
20241110 000000;0.0004405;0.00051;0.0004097;0.0004725;23759554.58
20241111 000000;0.0004725;0.00055;0.0004;0.0005071;16060300.69
20241112 000000;0.0005071;0.0005461;0.0004383;0.0004904;11757619.45
20241113 000000;0.0004904;0.0009459;0.0004299;0.0006905;66209127.72
20241114 000000;0.0006905;0.00098;0.0005626;0.0007319;91306821.37
20241115 000000;0.0007319;0.0011;0.00073;0.0008666;60577759.05
20241116 000000;0.0008666;0.0008674;0.0006416;0.0006712;50499035.46
20241117 000000;0.0006712;0.0007589;0.0005853;0.0006229;20612857.41
20241118 000000;0.0006229;0.0007575;0.000599;0.0006329;26456306.45
20241119 000000;0.0006329;0.0006619;0.0005402;0.0005811;12206375.02
20241120 000000;0.0005811;0.000675;0.000513;0.0005227;13645730.16
20241121 000000;0.0005227;0.0007042;0.0005227;0.0006385;8849771.26
20241122 000000;0.0006385;0.0006459;0.00055;0.0005522;6981529.16
20241123 000000;0.0005522;0.0007099;0.000514;0.0006239;16876141.37
20241124 000000;0.0006239;0.00063;0.000495;0.0005244;44616235.41
20241125 000000;0.0005244;0.0006;0.000505;0.0005448;16121302.3
20241126 000000;0.0005448;0.00059;0.0004504;0.0004699;19623711.69
20241127 000000;0.0004699;0.0005533;0.0004231;0.0005417;46653309.32
20241128 000000;0.0005417;0.0005537;0.0004433;0.0004686;33502195.93
20241129 000000;0.0004686;0.0005155;0.0004426;0.0004756;32211073
20241130 000000;0.0004756;0.000531;0.0004367;0.000531;23790061.04
20241201 000000;0.000531;0.0008456;0.0005091;0.0007047;74649316.2
20241202 000000;0.0007047;0.000777;0.0005502;0.0005599;26010837.87
20241203 000000;0.0005599;0.0006745;0.000526;0.0005577;27857928.32
20241204 000000;0.0005577;0.0007425;0.0005459;0.0006854;42812432.02
20241205 000000;0.0006854;0.000825;0.0006208;0.0007121;30916599.51
20241206 000000;0.0007121;0.000888;0.0007062;0.0008333;25581872.05
20241207 000000;0.0008333;0.000988;0.0007705;0.000877;25961241.37
20241208 000000;0.000877;0.0009;0.0007261;0.0007413;8781916.53
20241209 000000;0.0007413;0.0007413;0.0005692;0.0006117;12678539.6
20241210 000000;0.0006117;0.0006649;0.000514;0.00055;24334586.54
20241211 000000;0.00055;0.0006506;0.0005415;0.0006366;25795296.14
20241212 000000;0.0006366;0.0006404;0.0005269;0.00053;15688147.78
20241213 000000;0.00053;0.0005799;0.0004925;0.0005034;8319137.68
20241214 000000;0.0005034;0.000511;0.0004471;0.0004578;24930823.84
20241215 000000;0.0004578;0.000575;0.000444;0.0005318;13231865.83
20241216 000000;0.0005318;0.0005603;0.0004508;0.0004812;13631111.04
20241217 000000;0.0004812;0.0005;0.0004219;0.0004252;7688526.2
20241218 000000;0.0004252;0.00045;0.00038;0.0003971;15158452.37
20241219 000000;0.0003971;0.000499;0.0003788;0.0003828;23803786.48
20241220 000000;0.0003828;0.0004;0.0002861;0.000373;165173026.09
20241221 000000;0.000373;0.0004;0.0003273;0.0003422;10034261.26
20241222 000000;0.0003422;0.0003524;0.0002521;0.0002664;18776601.81
20241223 000000;0.0002664;0.000333;0.0002582;0.0003163;26543194.42
20241224 000000;0.0003163;0.0003308;0.0002865;0.000323;12611451.61
20241225 000000;0.000323;0.0003443;0.0003113;0.0003333;11040854.46
20241226 000000;0.0003333;0.0003366;0.00026;0.000285;21292485.76
20241227 000000;0.000285;0.00032;0.0002757;0.0003112;12387674.42
20241228 000000;0.0003112;0.000375;0.0003013;0.0003677;28297249.99
20241229 000000;0.0003677;0.00042;0.0003199;0.0003327;27370380.55
20241230 000000;0.0003327;0.0003597;0.0003221;0.0003291;7115146.38
20241231 000000;0.0003291;0.0003291;0.0002669;0.0002679;16429409.72
