20260101 000000;0.0001426;0.0001532;0.0001409;0.0001512;398091787.9
20260102 000000;0.0001512;0.000193;0.0001512;0.0001764;391569164.31
20260103 000000;0.0001764;0.0001781;0.0001649;0.000177;344486326.87
20260104 000000;0.000177;0.0002172;0.0001767;0.0002129;308351281.56
20260105 000000;0.0002129;0.0002131;0.0001884;0.0002069;297821152.92
20260106 000000;0.0002069;0.0002164;0.0001835;0.0002102;319419469.71
20260107 000000;0.0002102;0.0002129;0.000191;0.000198;268351393.57
20260108 000000;0.000198;0.0002394;0.0001977;0.0002148;319439412.48
20260109 000000;0.0002148;0.0002269;0.0002007;0.0002153;259403443.74
20260110 000000;0.0002153;0.000219;0.0002051;0.000206;265270302.47
20260111 000000;0.000206;0.0002105;0.0002043;0.000209;268359527.4
20260112 000000;0.000209;0.0002172;0.0001949;0.0001973;278338769.38
20260113 000000;0.0001973;0.0002147;0.000196;0.00021;285411244
20260114 000000;0.00021;0.0002111;0.0002023;0.0002076;271499820.73
20260115 000000;0.0002076;0.0002076;0.0001923;0.0001931;263735340.99
20260116 000000;0.0001931;0.0001938;0.000185;0.0001864;269074727.26
20260117 000000;0.0001864;0.0001909;0.0001823;0.0001832;278114819.9
20260118 000000;0.0001832;0.0001863;0.0001785;0.0001785;313823553.25
20260119 000000;0.0001785;0.0001803;0.0001668;0.0001703;368648284.72
20260120 000000;0.0001703;0.0001704;0.000145;0.0001477;415346958.01
20260121 000000;0.0001477;0.0001624;0.0001472;0.0001597;428409524.37
20260122 000000;0.0001597;0.0001611;0.0001502;0.0001523;359067660
20260123 000000;0.0001523;0.0001545;0.0001413;0.0001489;380921702.02
20260124 000000;0.0001489;0.000152;0.0001449;0.000149;386129122.25
20260125 000000;0.000149;0.0001491;0.0001387;0.0001396;388573476.59
20260126 000000;0.0001396;0.0001577;0.0001384;0.0001457;423555225.62
20260127 000000;0.0001457;0.0001526;0.0001438;0.0001525;393461730.12
20260128 000000;0.0001525;0.0001777;0.0001467;0.0001525;442448618.37
20260129 000000;0.0001525;0.0001546;0.0001361;0.000143;448019408.84
20260130 000000;0.000143;0.0001443;0.0001281;0.0001295;416872800.31
20260131 000000;0.0001295;0.0001312;0.0001072;0.0001157;472622174.9
20260201 000000;0.0001157;0.0001199;0.0001064;0.0001075;532145807.66
20260202 000000;0.0001075;0.0001258;0.0001028;0.0001197;550384942.9
20260203 000000;0.0001197;0.0001216;0.0001041;0.000108;525371085.9
20260204 000000;0.000108;0.0001189;0.0000994;0.0001002;606088457.57
20260205 000000;0.0001002;0.0001021;0.0000872;0.00008752;630971243.83
20260206 000000;0.00008752;0.00014044;0.00008525;0.00012087;788830452.44
20260207 000000;0.00012087;0.00013824;0.00010811;0.00013057;592653771.8
20260208 000000;0.00013057;0.00015555;0.00012487;0.00012547;479362623.07
20260209 000000;0.00012547;0.0001297;0.0001156;0.00011826;488772831.58
20260210 000000;0.00011826;0.00012374;0.00010816;0.00012016;544638306.57
20260211 000000;0.00012016;0.00012411;0.00010783;0.00011542;483833712.39
20260212 000000;0.00011542;0.0001196;0.00010719;0.00011011;494226679.24
20260213 000000;0.00011011;0.0001169;0.00010676;0.00011018;506476949.5
20260214 000000;0.00011018;0.00012191;0.00010719;0.00011821;512324305.16
20260215 000000;0.00011821;0.00011861;0.00010314;0.00010657;488623221.19
20260216 000000;0.00010657;0.00011162;0.0001039;0.00010888;554383729.22
20260217 000000;0.00010888;0.00010949;0.00010206;0.0001041;511353045.47
20260218 000000;0.0001041;0.00010588;0.00009869;0.00010014;528632592.36
20260219 000000;0.00010014;0.00010326;0.00009732;0.00009768;542473690.06
20260220 000000;0.00009768;0.00010187;0.00009582;0.00010167;549062516.74
20260221 000000;0.00010167;0.00013594;0.000095;0.00011141;571563372.98
20260222 000000;0.00011141;0.00013011;0.00010242;0.00010747;581533666.67
20260223 000000;0.00010747;0.00011215;0.00009956;0.00010055;517949470.47
20260224 000000;0.00010055;0.00010222;0.00009564;0.00010008;580393748.85
20260225 000000;0.00010008;0.00011352;0.00009555;0.00010556;577182982.94
20260226 000000;0.00010556;0.00011785;0.00009992;0.00011109;544472755.95
20260227 000000;0.00011109;0.00011109;0.00009889;0.00010071;557664914.02
20260228 000000;0.00010071;0.00010635;0.00009466;0.00010008;545587462.97
20260301 000000;0.00010008;0.00010375;0.00009398;0.00009532;556507955.72
20260302 000000;0.00009532;0.00010278;0.00009526;0.00010178;584693674.75
20260303 000000;0.00010178;0.00010397;0.00009804;0.00010228;558101469.39
20260304 000000;0.00010228;0.00013162;0.00009807;0.00011442;545749635.63
20260305 000000;0.00011442;0.00011607;0.0001076;0.00010901;470384999.81
20260306 000000;0.00010901;0.00010905;0.00010005;0.00010231;534411412.16
20260307 000000;0.00010231;0.00010426;0.00009943;0.00010186;547387421.23
20260308 000000;0.00010186;0.000131;0.00009871;0.00010268;515394211.89
20260309 000000;0.00010268;0.00012426;0.00009898;0.00011967;555355502.1
20260310 000000;0.00011967;0.00014107;0.00011085;0.00011093;515725584.13
20260311 000000;0.00011093;0.00012107;0.00011083;0.00011693;514627179.75
20260312 000000;0.00011693;0.00012217;0.00011354;0.0001208;468397984.23
20260313 000000;0.0001208;0.00013032;0.0001185;0.00012672;448196240.96
20260314 000000;0.00012672;0.00013106;0.0001224;0.00012463;437216842.02
20260315 000000;0.00012463;0.00012794;0.00012419;0.00012794;438286446.64
20260316 000000;0.00012794;0.00013546;0.00012581;0.00012789;446000567.75
20260317 000000;0.00012789;0.00012933;0.00012003;0.00012274;460640511.36
20260318 000000;0.00012274;0.00012535;0.00011599;0.00011815;478381485.66
20260319 000000;0.00011815;0.0001201;0.0001137;0.00011409;494002311.73
20260320 000000;0.00011409;0.00011568;0.00010766;0.00010858;476036061.12
20260321 000000;0.00010858;0.00010923;0.0001034;0.00010551;510338333.55
20260322 000000;0.00010551;0.00010999;0.00010314;0.00010833;530215329.96
20260323 000000;0.00010833;0.00011439;0.0001052;0.00010908;504391613.37
20260324 000000;0.00010908;0.000115;0.00009742;0.00010255;522375005.13
20260325 000000;0.00010255;0.00011057;0.00010243;0.00010538;507620500.29
20260326 000000;0.00010538;0.00010718;0.00010006;0.00010012;525604761.59
20260327 000000;0.00010012;0.00010383;0.00009859;0.00009936;537185938.06
20260328 000000;0.00009936;0.00010108;0.0000976;0.00009889;551450069.25
20260329 000000;0.00009889;0.00010106;0.00009346;0.00009459;580298629.43
20260330 000000;0.00009459;0.00009936;0.00009437;0.00009729;554937470.14
20260331 000000;0.00009729;0.00011608;0.000095;0.00010208;579792043.61
20260401 000000;0.00010208;0.00010363;0.000098;0.00010128;569936868.5
20260402 000000;0.00010128;0.00010309;0.00009718;0.00010044;551452638.06
20260403 000000;0.00010044;0.00010121;0.0000955;0.00009813;550980214.26
20260404 000000;0.00009813;0.00010106;0.00009586;0.00010082;570367435.04
20260405 000000;0.00010082;0.00010417;0.00009745;0.00010153;570531652.29
20260406 000000;0.00010153;0.00010759;0.00009941;0.00010074;550468947.35
20260407 000000;0.00010074;0.00010566;0.00009579;0.00010529;560275121.48
20260408 000000;0.00010529;0.00010565;0.00009641;0.00009945;594033730.31
20260409 000000;0.00009945;0.00011291;0.00009399;0.00010002;600344580.88
20260410 000000;0.00010002;0.00010317;0.00009826;0.0000988;545218903.55
20260411 000000;0.0000988;0.00010616;0.00009832;0.0001015;575196554.48
20260412 000000;0.0001015;0.00010177;0.0000938;0.00009658;564287307.67
20260413 000000;0.00009658;0.00010416;0.00009631;0.00010269;590083691.68
20260414 000000;0.00010269;0.00011046;0.00009605;0.00010235;588000778.87
20260415 000000;0.00010235;0.00011198;0.00010235;0.00010858;510856631.55
20260416 000000;0.00010858;0.00010994;0.00010325;0.00010617;531529319.98
20260417 000000;0.00010617;0.00011236;0.00010576;0.00011049;510328181.96
20260418 000000;0.00011049;0.00011116;0.00009889;0.00009989;531477364.8
20260419 000000;0.00009989;0.00010073;0.00009715;0.00009756;563555834.96
20260420 000000;0.00009756;0.0000998;0.0000968;0.00009931;544978144.63
20260421 000000;0.00009931;0.00010065;0.00009693;0.00009859;553537104.39
20260422 000000;0.00009859;0.00010296;0.00009386;0.00009898;597104123.27
20260423 000000;0.00009898;0.0000993;0.00009398;0.00009569;588422953.72
20260424 000000;0.00009569;0.00009704;0.00009184;0.00009396;609295491.12
20260425 000000;0.00009396;0.00009597;0.00009184;0.00009516;582588558.35
20260426 000000;0.00009516;0.00010239;0.00009372;0.00009802;587698920.39
20260427 000000;0.00009802;0.00010049;0.00009395;0.00009539;588954883.8
20260428 000000;0.00009539;0.00009634;0.00009343;0.00009457;582768958.73
20260429 000000;0.00009457;0.00009946;0.00009342;0.00009382;572919342.76
20260430 000000;0.00009382;0.00009582;0.00009342;0.0000956;599103354.18
20260501 000000;0.0000956;0.00009671;0.00009342;0.00009651;565556284.15
20260502 000000;0.00009651;0.00009767;0.00009395;0.00009492;548542411.55
20260503 000000;0.00009492;0.00009634;0.00009011;0.00009448;603622557.02
20260504 000000;0.00009448;0.00009768;0.00009259;0.0000935;588335164.03
20260505 000000;0.0000935;0.00009693;0.00009259;0.00009552;599740874.4
20260506 000000;0.00009552;0.0001;0.00009295;0.00009521;603944682.72
20260507 000000;0.00009521;0.00009531;0.0000922;0.0000938;584671804.54
20260508 000000;0.0000938;0.00009749;0.00009171;0.0000954;574701227.01
20260509 000000;0.0000954;0.00009731;0.00009352;0.00009596;570292239.57
20260510 000000;0.00009596;0.00012894;0.00009506;0.00010844;580461045.61
20260511 000000;0.00010844;0.00011393;0.00009671;0.00010215;558905483.38
20260512 000000;0.00010215;0.00010713;0.00009452;0.000102;573604325.69
20260513 000000;0.000102;0.00012144;0.00010059;0.00010744;552638509.39
20260514 000000;0.00010744;0.00011013;0.00009808;0.00010548;598297953.43
20260515 000000;0.00010548;0.00011593;0.00009657;0.00009858;553111591.91
20260516 000000;0.00009858;0.00009918;0.00009529;0.00009537;571910906.96
20260517 000000;0.00009537;0.00010157;0.00009529;0.00009643;553109701.51
20260518 000000;0.00009643;0.00009712;0.00009032;0.0000945;618643289.3
20260519 000000;0.0000945;0.00009701;0.00009104;0.00009483;562033410.42
20260520 000000;0.00009483;0.0001007;0.00009482;0.00009832;557274143.55
20260521 000000;0.00009832;0.00010205;0.00009573;0.00009573;568238355.2
20260522 000000;0.00009573;0.00009745;0.00009126;0.00009246;610619044.31
20260523 000000;0.00009246;0.00009586;0.00009145;0.00009293;592554580.41
20260524 000000;0.00009293;0.00009714;0.00009003;0.00009156;567523604.05
20260525 000000;0.00009156;0.00009271;0.00009;0.00009144;612748763.54
20260526 000000;0.00009144;0.00009287;0.00008885;0.00009093;600476700.57
20260527 000000;0.00009093;0.00009158;0.00008401;0.00008501;586028909.36
20260528 000000;0.00008501;0.00008904;0.00008137;0.00008528;628169063.16
20260529 000000;0.00008528;0.00008778;0.00008393;0.0000877;647756798.72
20260530 000000;0.0000877;0.00008806;0.00008236;0.00008427;712479344.09
20260531 000000;0.00008427;0.00009146;0.00008129;0.00008219;667783682.22
20260601 000000;0.00008219;0.00008342;0.00007616;0.0000794;646897387.67
20260602 000000;0.0000794;0.00008159;0.00007556;0.00007601;697987363.02
20260603 000000;0.00007601;0.00007844;0.00007488;0.00007587;1107613122.28
20260604 000000;0.00007587;0.00007694;0.00006911;0.0000695;1329998677.6
20260605 000000;0.0000695;0.00007095;0.00005927;0.00006238;3352275824.61
20260606 000000;0.00006238;0.00006355;0.00006006;0.0000613;3055024808.55
20260607 000000;0.0000613;0.00010065;0.00006084;0.00008237;2856412528.34
20260608 000000;0.00008237;0.00008704;0.00006996;0.00007039;787832571.33
20260609 000000;0.00007039;0.00007127;0.00006721;0.000068;766566242.03
20260610 000000;0.000068;0.00006848;0.00006335;0.0000634;819442616.26
20260611 000000;0.0000634;0.00007257;0.00006327;0.00007;803463900.75
20260612 000000;0.00007;0.00007296;0.00006687;0.00006983;868463042.53
20260613 000000;0.00006983;0.00007109;0.00006817;0.00006974;810338158.02
20260614 000000;0.00006974;0.00007061;0.00006826;0.00007031;822473618.88
20260615 000000;0.00007031;0.00007633;0.00007015;0.00007098;752335920.02
20260616 000000;0.00007098;0.00007218;0.00006912;0.00006959;764693084.19
20260617 000000;0.00006959;0.00007184;0.00006839;0.00006897;798704414.22
20260618 000000;0.00006897;0.00007072;0.00006645;0.00006754;838629339.55
20260619 000000;0.00006754;0.0000735;0.0000665;0.00006954;814964571.57
20260620 000000;0.00006954;0.0000787;0.00006862;0.00006952;625797545.46
