20240101 000000;0.628097;0.7;0.620004;0.685892;67717.84
20240102 000000;0.685892;0.707017;0.670001;0.671294;53247.74
20240103 000000;0.671294;0.685989;0.608002;0.635322;66652.19
20240104 000000;0.635322;0.659999;0.620003;0.645521;53661.88
20240105 000000;0.645521;0.667006;0.630004;0.658971;60672.22
20240106 000000;0.658971;0.659023;0.633001;0.636067;62953.67
20240107 000000;0.636067;0.675998;0.633003;0.642811;73428.16
20240108 000000;0.642811;0.649996;0.608977;0.641045;68270.09
20240109 000000;0.641045;0.650113;0.619678;0.633068;66990.02
20240110 000000;0.633068;0.679998;0.632913;0.670052;81114.77
20240111 000000;0.670052;0.702086;0.650003;0.657064;62942.89
20240112 000000;0.657064;0.666296;0.629005;0.634215;52727.57
20240113 000000;0.634215;0.642005;0.627705;0.633799;53513.22
20240114 000000;0.633799;0.636;0.619913;0.619936;64889.84
20240115 000000;0.619936;0.646996;0.614263;0.641008;57530.76
20240116 000000;0.641008;0.653041;0.628003;0.63327;52733.9
20240117 000000;0.63327;0.635149;0.611004;0.625234;52540.67
20240118 000000;0.625234;0.637998;0.585003;0.59357;51966.31
20240119 000000;0.59357;0.60507;0.570003;0.596709;47059.46
20240120 000000;0.596709;0.612565;0.595206;0.606638;71378.41
20240121 000000;0.606638;0.627049;0.598306;0.611262;63826.31
20240122 000000;0.611262;0.611995;0.569992;0.578106;95862.71
20240123 000000;0.578106;0.586489;0.55;0.566203;69792.75
20240124 000000;0.566203;0.57852;0.55779;0.573868;69975.97
20240125 000000;0.573868;0.573887;0.555682;0.565703;75919.77
20240126 000000;0.565703;0.586059;0.562808;0.583305;63724.42
20240127 000000;0.583305;0.590599;0.576952;0.589506;54701.95
20240128 000000;0.589506;0.601858;0.581595;0.583636;53639.67
20240129 000000;0.583636;0.603017;0.582371;0.603017;66669.92
20240130 000000;0.603017;0.604396;0.583896;0.585205;80731.57
20240131 000000;0.585205;0.586907;0.559785;0.571069;61036.24
20240201 000000;0.571069;0.571105;0.557854;0.569507;58502.85
20240202 000000;0.569507;0.574606;0.564849;0.569914;55204.05
20240203 000000;0.569914;0.574423;0.562204;0.563257;57120
20240204 000000;0.563257;0.564041;0.545001;0.545669;72003.11
20240205 000000;0.545669;0.55582;0.532405;0.534196;76266.48
20240206 000000;0.534196;0.537838;0.527948;0.534707;71128.89
20240207 000000;0.534707;0.547975;0.523413;0.538895;79235.94
20240208 000000;0.538895;0.544427;0.535662;0.54114;61007.14
20240209 000000;0.54114;0.571702;0.540303;0.568816;94864.69
20240210 000000;0.568816;0.586901;0.55939;0.576068;79299.52
20240211 000000;0.576068;0.585043;0.567577;0.569368;72501.6
20240212 000000;0.569368;0.582603;0.561012;0.579164;82295.95
20240213 000000;0.579164;0.585294;0.564795;0.577507;103768.75
20240214 000000;0.577507;0.593003;0.566299;0.574812;91803.72
20240215 000000;0.574812;0.595405;0.573195;0.588578;103752.34
20240216 000000;0.588578;0.623;0.580405;0.601848;105838.1
20240217 000000;0.601848;0.63;0.581364;0.589558;86025.46
20240218 000000;0.589558;0.605801;0.587444;0.598606;110173.78
20240219 000000;0.598606;0.603979;0.585189;0.595925;158833.28
20240220 000000;0.595925;0.604042;0.569195;0.5873;134115.57
20240221 000000;0.5873;0.589451;0.556182;0.573566;99130.9
20240222 000000;0.573566;0.606706;0.561516;0.588127;162706.18
20240223 000000;0.588127;0.594435;0.567418;0.581186;107452.78
20240224 000000;0.581186;0.608475;0.572778;0.59583;93123.85
20240225 000000;0.59583;0.621971;0.585826;0.595904;95537.22
20240226 000000;0.595904;0.614208;0.586378;0.607907;138186.37
20240227 000000;0.607907;0.626352;0.605322;0.624393;143241.45
20240228 000000;0.624393;0.660186;0.609669;0.63631;156430.02
20240229 000000;0.63631;0.656505;0.622456;0.628892;143744.79
20240301 000000;0.628892;0.654352;0.628892;0.653956;117566.6
20240302 000000;0.653956;0.753305;0.653956;0.742007;347748.42
20240303 000000;0.742007;0.77;0.697094;0.752254;285822.76
20240304 000000;0.752254;1.05;0.742204;0.840899;890967.91
20240305 000000;0.840899;0.938398;0.717595;0.79722;413799.61
20240306 000000;0.79722;0.840117;0.761096;0.833407;148127.27
20240307 000000;0.833407;0.9;0.827037;0.843606;108928.68
20240308 000000;0.843606;0.871275;0.818299;0.861797;105775.28
20240309 000000;0.861797;0.920047;0.861203;0.883698;86127.61
20240310 000000;0.883698;0.892712;0.858704;0.87727;72473.95
20240311 000000;0.87727;0.925403;0.858002;0.917697;102173.25
20240312 000000;0.917697;0.963302;0.859863;0.921713;119592.84
20240313 000000;0.921713;1.021105;0.912695;1.002509;138344.45
20240314 000000;1.002509;1.022898;0.935494;0.975094;121566.64
20240315 000000;0.975094;0.992495;0.889005;0.917296;122811.93
20240316 000000;0.917296;0.927648;0.805293;0.820003;60739.31
20240317 000000;0.820003;0.857801;0.772694;0.836995;63233.1
20240318 000000;0.836995;0.841697;0.751001;0.77224;113199.59
20240319 000000;0.77224;0.843801;0.721099;0.765396;220884.72
20240320 000000;0.765396;0.832004;0.756295;0.825396;122782.15
20240321 000000;0.825396;0.838598;0.796392;0.819542;92718.56
20240322 000000;0.819542;0.872807;0.798293;0.862532;89410.21
20240323 000000;0.862532;0.888051;0.842604;0.854996;96158.6
20240324 000000;0.854996;0.877692;0.847196;0.873693;59143.93
20240325 000000;0.873693;0.903408;0.861997;0.891006;51328.79
20240326 000000;0.891006;0.932568;0.884795;0.922694;67898.54
20240327 000000;0.922694;0.945947;0.89629;0.908193;59374.53
20240328 000000;0.908193;0.96331;0.904372;0.953997;61475.79
20240329 000000;0.953997;0.993303;0.851096;0.919193;95694.51
20240330 000000;0.919193;0.92622;0.842945;0.848595;51625.25
20240331 000000;0.848595;0.893203;0.845698;0.882491;54913.41
20240401 000000;0.882491;0.882736;0.817205;0.838895;63090.22
20240402 000000;0.838895;0.838895;0.766378;0.779906;45672.31
20240403 000000;0.779906;0.832695;0.760996;0.799592;72588.75
20240404 000000;0.799592;0.847904;0.798594;0.834527;48050.99
20240405 000000;0.834527;0.838606;0.786994;0.812578;48572.92
20240406 000000;0.812578;0.824189;0.807091;0.810687;45446.51
20240407 000000;0.810687;0.888244;0.807806;0.864874;60813.69
20240408 000000;0.864874;0.903697;0.851863;0.879799;86233.54
20240409 000000;0.879799;0.899406;0.856946;0.863503;89691.85
20240410 000000;0.863503;0.887639;0.829294;0.869003;64768.5
20240411 000000;0.869003;0.871895;0.831753;0.839705;53291.65
20240412 000000;0.839705;0.871997;0.653596;0.702996;135902.9
20240413 000000;0.702996;0.71492;0.573604;0.615099;207823.27
20240414 000000;0.615099;0.675704;0.582323;0.670194;155213.47
20240415 000000;0.670194;0.689254;0.605495;0.619695;142410.87
20240416 000000;0.619695;0.652512;0.590751;0.643706;103538.93
20240417 000000;0.643706;0.644105;0.609381;0.633205;61412.59
20240418 000000;0.633205;0.706696;0.62455;0.634045;99037.81
20240419 000000;0.634045;0.658621;0.587004;0.646857;74113.64
20240420 000000;0.646857;0.720896;0.64616;0.695005;70945.02
20240421 000000;0.695005;0.697052;0.674196;0.687092;65448.12
20240422 000000;0.687092;0.732742;0.681793;0.712098;78199.04
20240423 000000;0.712098;0.776105;0.709963;0.720993;120668.41
20240424 000000;0.720993;0.721226;0.656758;0.659313;190400.7
20240425 000000;0.659313;0.684861;0.646066;0.663593;67034.78
20240426 000000;0.663593;0.664457;0.628982;0.628982;51177.62
20240427 000000;0.628982;0.660101;0.617094;0.660101;88699.9
20240428 000000;0.660101;0.672307;0.641303;0.643779;57436.38
20240429 000000;0.643779;0.653686;0.605995;0.625191;83208.74
20240430 000000;0.625191;0.632056;0.567582;0.593202;95974.57
20240501 000000;0.593202;0.626505;0.565798;0.620399;86288.69
20240502 000000;0.620399;0.664539;0.601319;0.639806;91390.62
20240503 000000;0.639806;0.657207;0.631598;0.647202;74379.87
20240504 000000;0.647202;0.688217;0.64175;0.657698;70825.94
20240505 000000;0.657698;0.674505;0.642357;0.673604;51845.96
20240506 000000;0.673604;0.695601;0.653996;0.655956;56854.46
20240507 000000;0.655956;0.692103;0.651201;0.653196;60903.67
20240508 000000;0.653196;0.671898;0.640128;0.656602;54513.81
20240509 000000;0.656602;0.675704;0.636597;0.668391;62780.94
20240510 000000;0.668391;0.689729;0.633195;0.643294;59094.27
20240511 000000;0.643294;0.67524;0.636502;0.651202;83464.66
20240512 000000;0.651202;0.660705;0.642133;0.645939;52506
20240513 000000;0.6459;0.6522;0.6193;0.6321;82319.47
20240514 000000;0.6321;0.6351;0.6035;0.613;69415.4
20240515 000000;0.613;0.6668;0.6036;0.6658;116877.53
20240516 000000;0.6658;0.6768;0.6429;0.6597;64073.85
20240517 000000;0.6597;0.6928;0.6565;0.6612;66498.57
20240518 000000;0.6612;0.6612;0.6383;0.6409;67233.39
20240519 000000;0.6409;0.6414;0.6177;0.6208;83806.5
20240520 000000;0.6208;0.6681;0.6151;0.6649;119239.17
20240521 000000;0.6649;0.6989;0.6554;0.6838;86434.26
20240522 000000;0.6838;0.6914;0.6656;0.6833;56190.44
20240523 000000;0.6833;0.6968;0.6372;0.6608;92923.6
20240524 000000;0.6608;0.6862;0.6504;0.6858;60395.47
20240525 000000;0.6858;0.7091;0.6851;0.7066;70637.97
20240526 000000;0.7066;0.7319;0.7012;0.7204;89228.99
20240527 000000;0.7204;0.7425;0.7077;0.7191;96070.71
20240528 000000;0.7191;0.7416;0.6618;0.6935;134532.48
20240529 000000;0.6935;0.725;0.6926;0.6993;79735.26
20240530 000000;0.6993;0.7295;0.6801;0.712;68639.37
20240531 000000;0.712;0.7677;0.6977;0.7469;129303.07
20240601 000000;0.7469;0.7643;0.7315;0.7521;85786.12
20240602 000000;0.7521;0.768;0.7273;0.7354;71081.71
20240603 000000;0.7354;0.7554;0.724;0.7426;78800.28
20240604 000000;0.7426;0.7688;0.7352;0.7674;169147.78
20240605 000000;0.7674;0.8321;0.7661;0.8051;206954.85
20240606 000000;0.8051;0.8454;0.7817;0.8315;197963.02
20240607 000000;0.8315;0.8577;0.7699;0.7843;170755.78
20240608 000000;0.7843;0.803;0.7522;0.764;136009.05
20240609 000000;0.764;0.8253;0.7504;0.8155;241718.72
20240610 000000;0.8155;0.8555;0.7802;0.7916;182468.52
20240611 000000;0.7916;0.8001;0.7299;0.7483;158084.72
20240612 000000;0.7483;0.8027;0.7267;0.785;123482.36
20240613 000000;0.785;0.7941;0.7601;0.7678;160872.9
20240614 000000;0.7678;0.8567;0.7346;0.7369;194342.63
20240615 000000;0.7369;0.7672;0.6959;0.7499;165143.56
20240616 000000;0.7499;0.7637;0.7295;0.751;108697.28
20240617 000000;0.751;0.759;0.6857;0.6913;165261.18
20240618 000000;0.6913;0.6915;0.6118;0.6473;180388.42
20240619 000000;0.6473;0.6768;0.6319;0.6458;132629.74
20240620 000000;0.6458;0.7012;0.6401;0.689;169531.3
20240621 000000;0.689;0.6985;0.6548;0.6841;195783.38
20240622 000000;0.6841;0.692;0.6538;0.6819;136661.67
20240623 000000;0.6819;0.6966;0.6277;0.6386;175628.4
20240624 000000;0.6386;0.658;0.6247;0.6549;174400.4
20240625 000000;0.6549;0.6889;0.6512;0.6767;154911.27
20240626 000000;0.6767;0.6825;0.6366;0.6533;126105.39
20240627 000000;0.6533;0.6994;0.6474;0.6904;116908.26
20240628 000000;0.6904;0.7189;0.6802;0.6815;147919.14
20240629 000000;0.6815;0.6883;0.6425;0.644;143420.1
20240630 000000;0.644;0.6894;0.6261;0.6821;153849.91
20240701 000000;0.6821;0.6985;0.6703;0.6758;142069.62
20240702 000000;0.6758;0.6777;0.651;0.6581;402732.9
20240703 000000;0.6581;0.6597;0.625;0.6291;344672.52
20240704 000000;0.6291;0.6323;0.5774;0.5786;185339
20240705 000000;0.5786;0.5821;0.514;0.5666;245909.93
20240706 000000;0.5666;0.6117;0.5623;0.6073;171432.28
20240707 000000;0.6073;0.6084;0.5715;0.5733;131585.46
20240708 000000;0.5733;0.6146;0.5612;0.6087;154471.75
20240709 000000;0.6087;0.6163;0.5987;0.6117;158637.29
20240710 000000;0.6117;0.6218;0.6029;0.6091;242517.93
20240711 000000;0.6091;0.6308;0.6019;0.6137;281170.04
20240712 000000;0.6137;0.6286;0.5955;0.6245;145135
20240713 000000;0.6245;0.6402;0.6216;0.6358;150964.39
20240714 000000;0.6358;0.6583;0.635;0.6554;136711.68
20240715 000000;0.6554;0.7016;0.6548;0.6979;149473.11
20240716 000000;0.6979;0.7067;0.6437;0.6566;160175
20240717 000000;0.6566;0.673;0.6424;0.6432;172055.1
20240718 000000;0.6432;0.6628;0.63;0.6351;179767.25
20240719 000000;0.6351;0.6588;0.6169;0.6553;249630.45
20240720 000000;0.6553;0.6763;0.649;0.6694;154446.47
20240721 000000;0.6694;0.6775;0.6512;0.6734;121800.2
20240722 000000;0.6734;0.6767;0.6271;0.6292;157134.21
20240723 000000;0.6292;0.6419;0.6041;0.6161;157826.68
20240724 000000;0.6161;0.6351;0.6031;0.6054;143913.26
20240725 000000;0.6054;0.6116;0.5827;0.6086;195514.39
20240726 000000;0.6086;0.6237;0.6062;0.6191;130081.4
20240727 000000;0.6191;0.6249;0.5991;0.6136;167780.91
20240728 000000;0.6136;0.6166;0.6014;0.6061;174611.12
20240729 000000;0.6061;0.6374;0.6055;0.6237;131584.94
20240730 000000;0.6237;0.6294;0.5954;0.6031;179096.6
20240731 000000;0.6031;0.6116;0.5854;0.5854;124705.25
20240801 000000;0.5854;0.5903;0.5443;0.579;172952.25
20240802 000000;0.579;0.5809;0.5385;0.5472;191124.65
20240803 000000;0.5472;0.5526;0.5122;0.5255;147944.4
20240804 000000;0.5255;0.5361;0.4861;0.4989;196076.36
20240805 000000;0.4989;0.5015;0.4319;0.4722;335788.77
20240806 000000;0.4722;0.5033;0.4719;0.4935;193893.02
20240807 000000;0.4935;0.5102;0.4656;0.4864;248297.48
20240808 000000;0.4864;0.5344;0.4812;0.5336;150590.9
20240809 000000;0.5336;0.5466;0.5149;0.5345;129389.57
20240810 000000;0.5345;0.5423;0.5219;0.541;151410.81
20240811 000000;0.541;0.5485;0.5182;0.5204;127814.57
20240812 000000;0.5204;0.5484;0.5148;0.5408;156160.62
20240813 000000;0.5408;0.5485;0.526;0.5425;168992
20240814 000000;0.5425;0.5479;0.5237;0.5321;160879.62
20240815 000000;0.5321;0.5336;0.4897;0.5007;209723.89
20240816 000000;0.5007;0.5073;0.4852;0.495;154462.69
20240817 000000;0.495;0.5045;0.4906;0.5024;151273.4
20240818 000000;0.5024;0.525;0.4948;0.513;131428.46
20240819 000000;0.513;0.5476;0.5063;0.5422;387636.2
20240820 000000;0.5422;0.5495;0.5298;0.5441;160924.25
20240821 000000;0.5441;0.5765;0.5429;0.5712;184026.85
20240822 000000;0.5712;0.5798;0.5626;0.5769;138126.68
20240823 000000;0.5769;0.6186;0.5754;0.6102;164542.24
20240824 000000;0.6102;0.6231;0.5971;0.611;675591.12
20240825 000000;0.611;0.6128;0.5863;0.5909;687174.68
20240826 000000;0.5909;0.6186;0.5502;0.5506;515401.29
20240827 000000;0.5506;0.5566;0.5035;0.5125;702505.2
20240828 000000;0.5125;0.5276;0.4972;0.504;576817.12
20240829 000000;0.504;0.5304;0.5021;0.5151;446254.15
20240830 000000;0.5151;0.5224;0.4964;0.511;339330.87
20240831 000000;0.511;0.5129;0.4988;0.5032;322283.75
20240901 000000;0.5032;0.5082;0.4854;0.4888;419574.94
20240902 000000;0.4888;0.5198;0.4871;0.5196;161447.23
20240903 000000;0.5196;0.5252;0.4925;0.4927;190509.47
20240904 000000;0.4927;0.5108;0.4739;0.4997;189870.17
20240905 000000;0.4997;0.5025;0.473;0.4781;121026.7
20240906 000000;0.4781;0.4932;0.4597;0.4727;208593.32
20240907 000000;0.4727;0.4898;0.4673;0.4795;179486.27
20240908 000000;0.4795;0.499;0.4769;0.4976;199159.73
20240909 000000;0.4976;0.5221;0.494;0.5177;174590.07
20240910 000000;0.5177;0.5348;0.5097;0.5306;164676.63
20240911 000000;0.5306;0.5311;0.5068;0.5244;157796.22
20240912 000000;0.5244;0.5336;0.5203;0.5315;174489.02
20240913 000000;0.5315;0.5495;0.5266;0.5478;188061.76
20240914 000000;0.5478;0.5487;0.5366;0.5446;176092.21
20240915 000000;0.5446;0.5495;0.5083;0.5093;268574.65
20240916 000000;0.5093;0.51;0.4824;0.4889;338154.39
20240917 000000;0.4889;0.5097;0.484;0.5025;308939.29
20240918 000000;0.5025;0.516;0.4867;0.5158;395633.26
20240919 000000;0.5158;0.5398;0.5148;0.5317;423928.1
20240920 000000;0.5317;0.5541;0.5196;0.5278;577770.91
20240921 000000;0.5278;0.552;0.5236;0.5515;296534.02
20240922 000000;0.5515;0.5544;0.516;0.5293;229091.08
20240923 000000;0.5293;0.5525;0.5186;0.5445;273761.16
20240924 000000;0.5445;0.5539;0.5334;0.5491;286769.34
20240925 000000;0.5491;0.5525;0.5178;0.534;290644.96
20240926 000000;0.534;0.5479;0.5247;0.538;333350.5
20240927 000000;0.538;0.5675;0.5341;0.5428;324477.22
20240928 000000;0.5428;0.5537;0.5268;0.53;281815.3
20240929 000000;0.53;0.5509;0.5199;0.5428;285429.76
20240930 000000;0.5428;0.5436;0.5024;0.5056;510492.35
20241001 000000;0.5056;0.52;0.4538;0.4667;585232.73
20241002 000000;0.4667;0.4902;0.4522;0.4611;447062.69
20241003 000000;0.4611;0.4727;0.4564;0.4617;359265.49
20241004 000000;0.4617;0.4785;0.4607;0.4769;305912.75
20241005 000000;0.4769;0.4838;0.4643;0.4744;232975.87
20241006 000000;0.4744;0.4975;0.4732;0.4963;330281.57
20241007 000000;0.4963;0.51;0.4933;0.4936;244381.77
20241008 000000;0.4936;0.5011;0.4854;0.4973;277647.67
20241009 000000;0.4973;0.5018;0.4769;0.4874;195470.21
20241010 000000;0.4874;0.4979;0.4733;0.4866;112231.81
20241011 000000;0.4866;0.5101;0.4857;0.5073;36987.04
20241012 000000;0.5073;0.5155;0.5053;0.5125;39083.21
20241013 000000;0.5125;0.5129;0.4926;0.5103;48925.14
20241014 000000;0.5103;0.5261;0.5028;0.5261;118655
20241015 000000;0.5261;0.5269;0.5009;0.5097;117032.86
20241016 000000;0.5097;0.5108;0.4975;0.504;65967.5
20241017 000000;0.504;0.5092;0.4806;0.4882;54327.16
20241018 000000;0.4882;0.4992;0.4853;0.498;42223.2
20241019 000000;0.498;0.5069;0.497;0.5047;47900.09
20241020 000000;0.5047;0.5293;0.4991;0.5293;45901.02
20241021 000000;0.5293;0.5343;0.5014;0.505;50454.05
20241022 000000;0.505;0.506;0.4974;0.5019;42402.89
20241023 000000;0.5019;0.5031;0.4746;0.4839;90724.17
20241024 000000;0.4839;0.4887;0.4707;0.483;54365.13
20241025 000000;0.483;0.484;0.4519;0.455;56862.87
20241026 000000;0.455;0.459;0.4466;0.4547;53130.48
20241027 000000;0.4547;0.4633;0.452;0.46;48157.9
20241028 000000;0.46;0.4728;0.4499;0.4688;44422.82
20241029 000000;0.4688;0.4925;0.4687;0.4826;70688.03
20241030 000000;0.4826;0.4857;0.4757;0.4777;43264.23
20241031 000000;0.4777;0.4783;0.4513;0.4528;52395.32
20241101 000000;0.4528;0.4776;0.4454;0.4533;67587.72
20241102 000000;0.4533;0.4558;0.4355;0.4375;51159.91
20241103 000000;0.4375;0.4383;0.4119;0.4182;71204.22
20241104 000000;0.4182;0.4265;0.4072;0.4131;60696.28
20241105 000000;0.4131;0.4347;0.4131;0.4314;72690.58
20241106 000000;0.4314;0.4777;0.4308;0.4756;114837.41
20241107 000000;0.4756;0.4866;0.4688;0.4772;42898.39
20241108 000000;0.4772;0.4876;0.4655;0.4807;49656.93
20241109 000000;0.4807;0.4991;0.4798;0.4983;61582.39
20241110 000000;0.4983;0.5299;0.4915;0.5134;109993.98
20241111 000000;0.5134;0.551;0.504;0.5291;91972.03
20241112 000000;0.5291;0.6477;0.4587;0.492;368919.95
20241113 000000;0.492;0.4968;0.462;0.4744;104972.8
20241114 000000;0.4744;0.4944;0.4488;0.4617;128773.37
20241115 000000;0.4617;0.4859;0.4517;0.4817;78737.54
20241116 000000;0.4817;0.505;0.4757;0.5034;91710.3
20241117 000000;0.5034;0.5228;0.4811;0.4906;134772.7
20241118 000000;0.4906;0.5286;0.4885;0.509;163170.34
20241119 000000;0.509;0.5125;0.4808;0.4892;95946.73
20241120 000000;0.4892;0.4894;0.4498;0.4536;110484.07
20241121 000000;0.4536;0.492;0.4464;0.4751;141944.55
20241122 000000;0.4751;0.5148;0.4687;0.5145;244244.34
20241123 000000;0.5145;0.5461;0.5071;0.5397;278281.69
20241124 000000;0.5397;0.5927;0.53;0.5852;254028.14
20241125 000000;0.5852;0.5932;0.5558;0.5655;143816.59
20241126 000000;0.5655;0.5805;0.5238;0.5563;93508.36
20241127 000000;0.5563;0.5994;0.5471;0.5961;97545.41
20241128 000000;0.5961;0.5992;0.5638;0.5906;108816.44
20241129 000000;0.5906;0.6261;0.5827;0.6211;100968.08
20241130 000000;0.6211;0.641;0.6164;0.6345;108989.88
20241201 000000;0.6345;0.6976;0.6;0.6883;145066.76
20241202 000000;0.6883;0.6999;0.633;0.6961;164528.81
20241203 000000;0.6961;0.79;0.6912;0.7708;549282.63
20241204 000000;0.7708;0.7986;0.7282;0.7405;289136.05
20241205 000000;0.7405;0.7853;0.6702;0.7521;574609.05
20241206 000000;0.7521;0.8214;0.7481;0.7839;226096.77
20241207 000000;0.7839;0.8116;0.775;0.794;129874.38
20241208 000000;0.794;0.8345;0.7796;0.8326;134474.74
20241209 000000;0.8326;0.8372;0.6574;0.6883;398930.97
20241210 000000;0.6883;0.7123;0.6164;0.6741;255541.5
20241211 000000;0.6741;0.7556;0.6526;0.7368;144774.3
20241212 000000;0.7368;3.4478;0.7286;2.6221;2275901.13
20241213 000000;2.6221;3.4;2.3;2.4565;2086827.65
20241214 000000;2.4565;2.5984;2.0283;2.1591;680286.55
20241215 000000;2.1591;2.2722;1.85;1.9506;576150.02
20241216 000000;1.9506;2.5512;1.8318;1.8474;1240876
20241217 000000;1.8474;1.862;1.647;1.6959;720868.9
20241218 000000;1.6959;1.923;1.4557;1.5268;617976.42
20241219 000000;1.5268;1.6393;1.383;1.4431;518060.07
20241220 000000;1.4431;1.5468;1.1352;1.3652;899891.12
20241221 000000;1.3652;1.4903;1.2148;1.2504;862218.25
20241222 000000;1.2504;1.6182;1.2199;1.3164;1079869.95
20241223 000000;1.3164;1.4386;1.2737;1.387;434204.25
20241224 000000;1.387;1.4469;1.328;1.4102;295633.06
20241225 000000;1.4102;1.4725;1.3238;1.3805;354479.48
20241226 000000;1.3805;1.4086;1.248;1.2733;156766.42
20241227 000000;1.2733;1.3742;1.2511;1.2826;233703.24
20241228 000000;1.2826;1.3496;1.2238;1.2935;149462.89
20241229 000000;1.2935;1.53;1.2412;1.4145;699175.65
20241230 000000;1.4145;1.685;1.3594;1.3774;834135.61
20241231 000000;1.3774;1.4561;1.2638;1.3432;200770.48
