20260101 000000;0.0000000006323;0.0000000006719;0.0000000006301;0.0000000006719;329045439375293
20260102 000000;0.0000000006719;0.000000000721;0.00000000066;0.0000000007147;340467875538844
20260103 000000;0.0000000007147;0.0000000007197;0.0000000006784;0.0000000007025;280175036753155
20260104 000000;0.0000000007025;0.0000000007671;0.0000000006991;0.0000000007439;441160144101979
20260105 000000;0.0000000007439;0.0000000007589;0.0000000007149;0.0000000007329;315775371921665
20260106 000000;0.0000000007329;0.0000000007635;0.0000000007012;0.0000000007309;326149693158958
20260107 000000;0.0000000007309;0.0000000007369;0.0000000006922;0.0000000006995;271111367354244
20260108 000000;0.0000000006995;0.0000000007048;0.000000000668;0.0000000006891;276137683224435
20260109 000000;0.0000000006891;0.0000000007044;0.0000000006805;0.0000000006915;203968986113442
20260110 000000;0.0000000006915;0.000000000713;0.0000000006883;0.0000000006965;172110046069810
20260111 000000;0.0000000006965;0.0000000007146;0.0000000006777;0.000000000689;183287658509705
20260112 000000;0.000000000689;0.0000000006989;0.0000000006676;0.0000000006731;232115678782001
20260113 000000;0.0000000006731;0.0000000007613;0.0000000006724;0.0000000007464;295547932746438
20260114 000000;0.0000000007464;0.0000000007541;0.0000000007265;0.0000000007356;316672245162506
20260115 000000;0.0000000007356;0.0000000007361;0.0000000006833;0.0000000006927;274600582236241
20260116 000000;0.0000000006927;0.0000000006972;0.0000000006698;0.000000000691;239377571358356
20260117 000000;0.000000000691;0.0000000006921;0.000000000673;0.0000000006741;145939443919464
20260118 000000;0.0000000006741;0.0000000006878;0.0000000006546;0.0000000006553;173471627661968
20260119 000000;0.0000000006553;0.0000000006553;0.0000000005929;0.0000000006207;347863073904658
20260120 000000;0.0000000006207;0.0000000006277;0.0000000005896;0.0000000005939;243794924349052
20260121 000000;0.0000000005939;0.0000000006203;0.000000000586;0.0000000006054;255033748169082
20260122 000000;0.0000000006054;0.0000000006193;0.0000000005939;0.0000000005997;196305224906574
20260123 000000;0.0000000005997;0.0000000006187;0.0000000005926;0.0000000005996;204712022303098
20260124 000000;0.0000000005996;0.0000000006037;0.0000000005888;0.0000000005909;188433089169570
20260125 000000;0.0000000005909;0.0000000005914;0.0000000005438;0.0000000005576;321352269059848
20260126 000000;0.0000000005576;0.000000000579;0.0000000005574;0.0000000005737;276933714377527
20260127 000000;0.0000000005737;0.0000000005845;0.000000000565;0.0000000005819;262208512766488
20260128 000000;0.0000000005819;0.000000000615;0.0000000005738;0.0000000005992;306276861993970
20260129 000000;0.0000000005992;0.00000000062;0.0000000005473;0.0000000005587;396318702974471
20260130 000000;0.0000000005587;0.0000000005601;0.0000000005159;0.0000000005391;292715527127966
20260131 000000;0.0000000005391;0.0000000005415;0.0000000004414;0.0000000004759;668786879919962
20260201 000000;0.0000000004759;0.0000000004849;0.000000000446;0.0000000004576;309352497495308
20260202 000000;0.0000000004576;0.0000000004863;0.0000000004419;0.0000000004807;387902270382117
20260203 000000;0.0000000004807;0.0000000004969;0.0000000004587;0.000000000476;341494995116601
20260204 000000;0.000000000476;0.0000000004863;0.0000000004422;0.0000000004518;256600201844814
20260205 000000;0.0000000004518;0.0000000004569;0.0000000003774;0.0000000003816;731970427643084
20260206 000000;0.0000000003816;0.0000000004399;0.0000000003451;0.0000000004269;657581287497806
20260207 000000;0.0000000004269;0.0000000004285;0.0000000003984;0.0000000004089;349185691150234
20260208 000000;0.0000000004089;0.0000000004092;0.0000000003869;0.0000000003907;255015859584737
20260209 000000;0.0000000003907;0.0000000003968;0.0000000003711;0.0000000003909;294056366434752
20260210 000000;0.0000000003909;0.0000000003945;0.0000000003727;0.0000000003799;221924574131467
20260211 000000;0.0000000003799;0.0000000003864;0.0000000003561;0.0000000003775;349457478018861
20260212 000000;0.0000000003775;0.0000000003935;0.0000000003755;0.0000000003912;344458087020186
20260213 000000;0.0000000003912;0.0000000004111;0.0000000003782;0.0000000004097;460689569484753
20260214 000000;0.0000000004097;0.0000000004469;0.0000000004076;0.0000000004339;320614896589678
20260215 000000;0.0000000004339;0.0000000004446;0.0000000003981;0.0000000004058;449960640571179
20260216 000000;0.0000000004058;0.0000000004173;0.0000000003956;0.0000000004068;297868908323657
20260217 000000;0.0000000004068;0.0000000004073;0.0000000003872;0.0000000003998;288106432156313
20260218 000000;0.0000000003998;0.0000000004035;0.0000000003805;0.0000000003837;244491367523000
20260219 000000;0.0000000003837;0.0000000003886;0.0000000003701;0.0000000003799;271631301069071
20260220 000000;0.0000000003799;0.0000000004007;0.000000000375;0.0000000003983;307504750391839
20260221 000000;0.0000000003983;0.0000000004054;0.0000000003921;0.0000000003929;259272062813152
20260222 000000;0.0000000003929;0.0000000003935;0.0000000003701;0.0000000003777;329942265980439
20260223 000000;0.0000000003777;0.0000000003919;0.0000000003519;0.0000000003685;368305764497022
20260224 000000;0.0000000003685;0.0000000003766;0.0000000003576;0.0000000003669;362967568564336
20260225 000000;0.0000000003669;0.000000000425;0.0000000003662;0.0000000004126;565770927227549
20260226 000000;0.0000000004126;0.0000000004143;0.000000000384;0.0000000003961;409595885765938
20260227 000000;0.0000000003961;0.0000000004055;0.0000000003786;0.000000000388;350546799982269
20260228 000000;0.000000000388;0.0000000003894;0.0000000003543;0.0000000003837;456125994254587
20260301 000000;0.0000000003837;0.0000000003997;0.0000000003701;0.0000000003782;280949137266812
20260302 000000;0.0000000003782;0.0000000004075;0.0000000003738;0.0000000003925;302683253541636
20260303 000000;0.0000000003925;0.0000000003974;0.0000000003791;0.0000000003911;257251265793617
20260304 000000;0.0000000003911;0.0000000004175;0.0000000003846;0.0000000004088;300575727581185
20260305 000000;0.0000000004088;0.0000000004112;0.0000000003921;0.0000000003948;258387757334326
20260306 000000;0.0000000003948;0.0000000004;0.0000000003779;0.0000000003835;243370534106333
20260307 000000;0.0000000003835;0.0000000003867;0.0000000003689;0.0000000003721;281107760748880
20260308 000000;0.0000000003721;0.0000000003785;0.0000000003657;0.0000000003719;272403363239314
20260309 000000;0.0000000003719;0.0000000004076;0.0000000003715;0.0000000003939;254277466596809
20260310 000000;0.0000000003939;0.0000000004185;0.0000000003931;0.0000000004064;313408928187876
20260311 000000;0.0000000004064;0.0000000004195;0.0000000003982;0.0000000004156;252825792162888
20260312 000000;0.0000000004156;0.0000000004432;0.0000000004063;0.0000000004278;367694359124945
20260313 000000;0.0000000004278;0.0000000004437;0.0000000004144;0.0000000004171;230754160989027
20260314 000000;0.0000000004171;0.0000000004213;0.0000000004072;0.0000000004204;227936681766449
20260315 000000;0.0000000004204;0.000000000465;0.0000000004163;0.0000000004417;345744564599317
20260316 000000;0.0000000004417;0.0000000004539;0.0000000004382;0.000000000451;295508840616512
20260317 000000;0.000000000451;0.0000000004533;0.0000000004265;0.0000000004293;261443247269772
20260318 000000;0.0000000004293;0.000000000438;0.0000000004023;0.0000000004092;236203712059606
20260319 000000;0.0000000004092;0.0000000004108;0.0000000003907;0.0000000004057;312966021349432
20260320 000000;0.0000000004057;0.0000000004256;0.0000000004033;0.0000000004149;283790089406397
20260321 000000;0.0000000004149;0.0000000004314;0.0000000004046;0.0000000004073;268117164468510
20260322 000000;0.0000000004073;0.0000000004113;0.0000000003913;0.000000000397;241995655399637
20260323 000000;0.000000000397;0.0000000004304;0.0000000003963;0.0000000004214;238109613697885
20260324 000000;0.0000000004214;0.0000000004237;0.0000000004031;0.0000000004116;212286133179918
20260325 000000;0.0000000004116;0.0000000004239;0.0000000004094;0.0000000004184;256271248897813
20260326 000000;0.0000000004184;0.0000000004189;0.0000000003878;0.0000000003953;264551310350395
20260327 000000;0.0000000003953;0.0000000004018;0.0000000003787;0.0000000003821;285749891632296
20260328 000000;0.0000000003821;0.0000000003958;0.0000000003779;0.0000000003883;272471435025690
20260329 000000;0.0000000003883;0.0000000003908;0.0000000003684;0.0000000003767;264867101209453
20260330 000000;0.0000000003767;0.0000000003987;0.0000000003762;0.0000000003875;297179219289578
20260331 000000;0.0000000003875;0.0000000003977;0.0000000003789;0.0000000003977;243260549301187
20260401 000000;0.0000000003977;0.0000000004039;0.0000000003902;0.0000000003929;244942238043833
20260402 000000;0.0000000003929;0.0000000003968;0.0000000003676;0.0000000003791;350529034201176
20260403 000000;0.0000000003791;0.0000000003875;0.0000000003737;0.0000000003781;245867551353386
20260404 000000;0.0000000003781;0.0000000003839;0.0000000003748;0.000000000381;195524054188411
20260405 000000;0.000000000381;0.0000000003831;0.0000000003705;0.0000000003825;205488750450819
20260406 000000;0.0000000003825;0.000000000409;0.0000000003825;0.0000000003909;296203386996845
20260407 000000;0.0000000003909;0.0000000004105;0.0000000003773;0.000000000407;371145632325722
20260408 000000;0.000000000407;0.0000000004138;0.0000000003907;0.000000000392;306960096827966
20260409 000000;0.000000000392;0.000000000402;0.0000000003877;0.0000000003931;210370567584579
20260410 000000;0.0000000003931;0.0000000004028;0.0000000003893;0.0000000003978;276321032011083
20260411 000000;0.0000000003978;0.0000000003994;0.0000000003886;0.0000000003942;243585825404432
20260412 000000;0.0000000003942;0.000000000395;0.000000000376;0.0000000003785;216665101968837
20260413 000000;0.0000000003785;0.0000000004066;0.0000000003773;0.0000000004058;277249581244218
20260414 000000;0.0000000004058;0.0000000004069;0.0000000003926;0.0000000003961;332485001847024
20260415 000000;0.0000000003961;0.0000000004114;0.0000000003921;0.0000000004074;244587711574241
20260416 000000;0.0000000004074;0.0000000004522;0.0000000004058;0.0000000004451;472441045568677
20260417 000000;0.0000000004451;0.0000000004548;0.0000000004298;0.0000000004451;284790586948233
20260418 000000;0.0000000004451;0.0000000004497;0.0000000004165;0.0000000004166;243375503889841
20260419 000000;0.0000000004166;0.0000000004302;0.0000000004043;0.000000000406;215414599588328
20260420 000000;0.000000000406;0.0000000004306;0.0000000004053;0.0000000004224;196694620003757
20260421 000000;0.0000000004224;0.0000000004312;0.0000000004125;0.000000000421;190141765292734
20260422 000000;0.000000000421;0.000000000448;0.0000000004198;0.0000000004237;217857119237251
20260423 000000;0.0000000004237;0.0000000004285;0.0000000004127;0.0000000004245;216731461046802
20260424 000000;0.0000000004245;0.0000000004318;0.00000000042;0.0000000004235;210184709736750
20260425 000000;0.0000000004235;0.0000000004269;0.0000000004126;0.0000000004158;199715786689715
20260426 000000;0.0000000004158;0.0000000004253;0.0000000004132;0.00000000042;222474928061003
20260427 000000;0.00000000042;0.0000000004269;0.0000000004002;0.0000000004106;214761118320087
20260428 000000;0.0000000004106;0.0000000004128;0.0000000004021;0.000000000408;244504108911111
20260429 000000;0.000000000408;0.0000000004402;0.0000000003983;0.0000000004109;332271467255558
20260430 000000;0.0000000004109;0.0000000004229;0.0000000004058;0.0000000004145;275751506975848
20260501 000000;0.0000000004145;0.0000000004212;0.0000000004105;0.0000000004112;268235490810917
20260502 000000;0.0000000004112;0.0000000004216;0.0000000004081;0.0000000004159;191010095161042
20260503 000000;0.0000000004159;0.0000000004212;0.0000000004097;0.0000000004141;199397894857870
20260504 000000;0.0000000004141;0.0000000004381;0.0000000004118;0.0000000004171;234385631620794
20260505 000000;0.0000000004171;0.0000000004531;0.000000000417;0.000000000439;383661695620153
20260506 000000;0.000000000439;0.0000000004598;0.0000000004372;0.0000000004405;395427910419556
20260507 000000;0.0000000004405;0.0000000004491;0.0000000004314;0.0000000004387;253560709341460
20260508 000000;0.0000000004387;0.0000000004734;0.0000000004341;0.0000000004704;282503643169894
20260509 000000;0.0000000004704;0.0000000004862;0.0000000004559;0.0000000004603;246995440311746
20260510 000000;0.0000000004603;0.0000000004899;0.000000000453;0.000000000478;207549057692385
20260511 000000;0.000000000478;0.0000000004798;0.0000000004596;0.0000000004683;226303121407992
20260512 000000;0.0000000004683;0.0000000004689;0.0000000004389;0.0000000004504;256160449704628
20260513 000000;0.0000000004504;0.0000000004751;0.0000000004343;0.0000000004405;277594149218721
20260514 000000;0.0000000004405;0.0000000004601;0.0000000004316;0.0000000004501;199075084447635
20260515 000000;0.0000000004501;0.000000000455;0.0000000004262;0.0000000004304;195334169821959
20260516 000000;0.0000000004304;0.0000000004345;0.0000000004085;0.000000000414;196543686787408
20260517 000000;0.000000000414;0.0000000004199;0.000000000395;0.0000000004048;183257213643875
20260518 000000;0.0000000004048;0.0000000004078;0.000000000393;0.0000000004037;263871607555947
20260519 000000;0.0000000004037;0.0000000004069;0.0000000003935;0.0000000003956;214997754852664
20260520 000000;0.0000000003956;0.0000000004062;0.0000000003929;0.0000000004054;166199070583263
20260521 000000;0.0000000004054;0.0000000004122;0.0000000003972;0.0000000004101;176444758360124
20260522 000000;0.0000000004101;0.0000000004128;0.0000000003866;0.0000000003892;213422836885907
20260523 000000;0.0000000003892;0.0000000004064;0.0000000003779;0.0000000004008;222887140939305
20260524 000000;0.0000000004008;0.0000000004023;0.0000000003845;0.0000000003911;188838488753295
20260525 000000;0.0000000003911;0.0000000004107;0.0000000003905;0.0000000003994;234368320752299
20260526 000000;0.0000000003994;0.0000000004035;0.0000000003874;0.0000000003927;255182326978701
20260527 000000;0.0000000003927;0.0000000004009;0.000000000386;0.0000000003879;161926849551489
20260528 000000;0.0000000003879;0.0000000003901;0.000000000372;0.0000000003817;202373772767540
20260529 000000;0.0000000003817;0.0000000003893;0.0000000003724;0.0000000003834;189435501556346
20260530 000000;0.0000000003834;0.0000000004367;0.0000000003832;0.0000000004254;224686757055905
20260531 000000;0.0000000004254;0.0000000004351;0.0000000004059;0.0000000004155;189585558036112
20260601 000000;0.0000000004155;0.0000000004191;0.0000000003929;0.0000000004057;222437132425156
20260602 000000;0.0000000004057;0.0000000004059;0.000000000362;0.0000000003694;254569176513515
20260603 000000;0.0000000003694;0.0000000003846;0.0000000003628;0.0000000003677;213248239975889
20260604 000000;0.0000000003677;0.0000000003726;0.0000000003371;0.0000000003531;329547517563111
20260605 000000;0.0000000003531;0.0000000003545;0.00000000031;0.0000000003227;405526597137688
20260606 000000;0.0000000003227;0.0000000003291;0.0000000003065;0.0000000003234;272147684642197
20260607 000000;0.0000000003234;0.0000000003477;0.0000000003218;0.0000000003393;257873921338524
20260608 000000;0.0000000003393;0.0000000003477;0.0000000003316;0.0000000003371;208593070378199
20260609 000000;0.0000000003371;0.0000000003406;0.000000000324;0.0000000003301;209330985126635
20260610 000000;0.0000000003301;0.0000000003339;0.0000000003186;0.0000000003231;233431682100175
20260611 000000;0.0000000003231;0.0000000003404;0.0000000003231;0.0000000003365;187426521413061
20260612 000000;0.0000000003365;0.0000000003398;0.0000000003287;0.0000000003307;182746767303274
20260613 000000;0.0000000003307;0.0000000003401;0.0000000003282;0.0000000003372;233383377083941
20260614 000000;0.0000000003372;0.0000000003445;0.0000000003272;0.0000000003443;197892784939083
20260615 000000;0.0000000003443;0.0000000003576;0.0000000003421;0.0000000003457;267463590483465
20260616 000000;0.0000000003457;0.0000000003508;0.0000000003343;0.0000000003427;190160525393592
20260617 000000;0.0000000003427;0.0000000003473;0.0000000003332;0.000000000339;279541137773469
20260618 000000;0.000000000339;0.0000000003417;0.0000000003187;0.0000000003295;236652720717156
20260619 000000;0.0000000003295;0.0000000003327;0.0000000003183;0.0000000003236;213098458056110
20260620 000000;0.0000000003236;0.000000000331;0.0000000003184;0.0000000003265;151996063510069
