20260101 000000;0.02479;0.02611;0.02463;0.0254;1623055.84
20260102 000000;0.0254;0.02833;0.02512;0.02743;1403672.94
20260103 000000;0.02743;0.02885;0.0268;0.02757;1454463.7
20260104 000000;0.02757;0.0304;0.02562;0.02698;1543884.41
20260105 000000;0.02698;0.0276;0.026;0.02699;1444198.54
20260106 000000;0.02699;0.0304;0.02599;0.02785;1512056.29
20260107 000000;0.02785;0.028;0.02486;0.02491;1492632.26
20260108 000000;0.02491;0.0256;0.0226;0.02353;1515257.58
20260109 000000;0.02353;0.02384;0.02331;0.02357;1584044.51
20260110 000000;0.02357;0.02391;0.02338;0.02378;1483910.71
20260111 000000;0.02378;0.02469;0.02355;0.02424;1077030.85
20260112 000000;0.02424;0.0245;0.02406;0.02423;1116360.84
20260113 000000;0.02423;0.02579;0.02411;0.02508;926427.31
20260114 000000;0.02508;0.02538;0.02456;0.02481;1279529.72
20260115 000000;0.02481;0.02959;0.02461;0.02568;1048615.79
20260116 000000;0.02568;0.02744;0.02513;0.02734;1270294.38
20260117 000000;0.02734;0.0286;0.02696;0.02812;1305146.22
20260118 000000;0.02812;0.02836;0.02625;0.02648;1131862.68
20260119 000000;0.02648;0.02651;0.02567;0.02578;348183.27
20260120 000000;0.02578;0.02588;0.02435;0.02468;776009.61
20260121 000000;0.02468;0.02493;0.02415;0.02467;1130413.82
20260122 000000;0.02467;0.02618;0.02403;0.0243;1456572.62
20260123 000000;0.0243;0.02481;0.02402;0.02443;1297056.6
20260124 000000;0.02443;0.02472;0.02417;0.02435;1260017
20260125 000000;0.02435;0.0247;0.0237;0.02379;1067913.73
20260126 000000;0.02379;0.0248;0.0236;0.02447;660957.94
20260127 000000;0.02447;0.02552;0.02421;0.02533;435870.64
20260128 000000;0.02533;0.02625;0.02522;0.02602;1314904.09
20260129 000000;0.02602;0.02605;0.0204;0.02169;1594663.35
20260130 000000;0.02169;0.02392;0.02029;0.0208;1643296.24
20260131 000000;0.0208;0.02089;0.01732;0.01798;1349184.06
20260201 000000;0.01798;0.01849;0.01667;0.01715;1740769.81
20260202 000000;0.01715;0.01829;0.01617;0.01791;1568877.6
20260203 000000;0.01791;0.01815;0.01619;0.01715;2038342.34
20260204 000000;0.01715;0.02148;0.01628;0.01676;2257530.09
20260205 000000;0.01676;0.02264;0.01492;0.01522;2871629.54
20260206 000000;0.01522;0.01771;0.01506;0.01749;2546217.39
20260207 000000;0.01749;0.01842;0.01692;0.01774;2401943.04
20260208 000000;0.01774;0.01827;0.01734;0.01771;2211805.57
20260209 000000;0.01771;0.01786;0.01719;0.0177;2099766.54
20260210 000000;0.0177;0.01786;0.01719;0.0174;2252910.76
20260211 000000;0.0174;0.01747;0.016;0.01663;2515901.17
20260212 000000;0.01663;0.01784;0.01539;0.01565;2616432.43
20260213 000000;0.01565;0.01658;0.01554;0.0164;3208859.22
20260214 000000;0.0164;0.01703;0.01633;0.01674;4308573.43
20260215 000000;0.01674;0.01678;0.0157;0.01593;4505792.68
20260216 000000;0.01593;0.0178;0.01551;0.01609;4659440.03
20260217 000000;0.01609;0.01634;0.01532;0.01541;4621886.94
20260218 000000;0.01541;0.0178;0.0151;0.01514;5065977.93
20260219 000000;0.01514;0.017;0.0151;0.01602;4688296.92
20260220 000000;0.01602;0.01874;0.01555;0.01631;4362046.21
20260221 000000;0.01631;0.01828;0.0163;0.01683;4212141.96
20260222 000000;0.01683;0.01741;0.01669;0.01705;4140021.88
20260223 000000;0.01705;0.01707;0.01576;0.01607;4424925.55
20260224 000000;0.01607;0.01619;0.01552;0.01584;4653271.21
20260225 000000;0.01584;0.01791;0.01572;0.01764;4013619.46
20260226 000000;0.01764;0.01845;0.01691;0.01773;3984604.61
20260227 000000;0.01773;0.01799;0.0171;0.01715;2848079.9
20260228 000000;0.01715;0.01773;0.01681;0.01771;1289467.51
20260301 000000;0.01771;0.01833;0.01766;0.01772;2283753.93
20260302 000000;0.01772;0.0179;0.01678;0.01753;2492316.28
20260303 000000;0.01753;0.01757;0.01693;0.01702;1647663.87
20260304 000000;0.01702;0.01926;0.01696;0.01859;1509553.41
20260305 000000;0.01859;0.01935;0.018;0.01822;2462097.66
20260306 000000;0.01822;0.01849;0.01767;0.01771;305169.36
20260307 000000;0.01771;0.01776;0.01766;0.01771;2236561.75
20260308 000000;0.01771;0.0178;0.01732;0.01748;2858890.89
20260309 000000;0.01748;0.01819;0.0173;0.01804;3901086.2
20260310 000000;0.01804;0.01851;0.01784;0.01811;3956729.42
20260311 000000;0.01811;0.01832;0.01791;0.01813;4018161.14
20260312 000000;0.01813;0.01851;0.01794;0.01842;3900002.91
20260313 000000;0.01842;0.01926;0.01629;0.01744;4189102.3
20260314 000000;0.01744;0.01757;0.01685;0.01711;2091764.68
20260315 000000;0.01711;0.01797;0.0171;0.01791;2930197.75
20260316 000000;0.01791;0.01961;0.01788;0.01945;2888320.37
20260317 000000;0.01945;0.01945;0.01867;0.01877;3052250.61
20260318 000000;0.01877;0.01882;0.01809;0.01818;2914579.02
20260319 000000;0.01818;0.01831;0.01771;0.01786;2940791.24
20260320 000000;0.01786;0.0181;0.01771;0.01795;2568223.91
20260321 000000;0.01795;0.01834;0.01789;0.01797;2003005.42
20260322 000000;0.01797;0.02172;0.01745;0.0175;2150974.37
20260323 000000;0.0175;0.01847;0.01735;0.01831;2223813.56
20260324 000000;0.01831;0.0186;0.01811;0.01845;1953260.5
20260325 000000;0.01845;0.01879;0.01825;0.01873;1737297.98
20260326 000000;0.01873;0.01873;0.01771;0.0179;1795655.57
20260327 000000;0.0179;0.01834;0.01769;0.01772;2134590.91
20260328 000000;0.01772;0.0195;0.01595;0.01648;2333611.08
20260329 000000;0.01648;0.01772;0.01596;0.01615;2572886.38
20260330 000000;0.01615;0.01658;0.01592;0.01636;2555727.36
20260331 000000;0.01636;0.0165;0.01605;0.01643;2615415.75
20260401 000000;0.01643;0.01671;0.01639;0.0166;2459704.44
20260402 000000;0.0166;0.0181;0.0158;0.01711;2897765.24
20260403 000000;0.01711;0.01996;0.01671;0.01684;2591831.43
20260404 000000;0.01684;0.0172;0.01667;0.01706;2348549.67
20260405 000000;0.01706;0.0176;0.01701;0.01754;2315090.15
20260406 000000;0.01754;0.01905;0.01752;0.01774;2334646.51
20260407 000000;0.01774;0.01825;0.01701;0.01815;1881285.39
20260408 000000;0.01815;0.01821;0.01763;0.01772;1808884.8
20260409 000000;0.01772;0.01772;0.01725;0.01756;2225138.8
20260410 000000;0.01756;0.01781;0.01739;0.01769;1721180.43
20260411 000000;0.01769;0.01831;0.01764;0.01805;1984043.33
20260412 000000;0.01805;0.01834;0.0174;0.01748;2274966.35
20260413 000000;0.01748;0.01778;0.01581;0.01715;2512792.18
20260414 000000;0.01715;0.01786;0.01672;0.01674;611508.1
20260415 000000;0.01674;0.01916;0.01651;0.01725;570382.46
20260416 000000;0.01725;0.01768;0.0169;0.01708;485915.56
20260417 000000;0.01708;0.01768;0.01697;0.01755;466336.32
20260418 000000;0.01755;0.01792;0.0172;0.01724;711483.48
20260419 000000;0.01724;0.01732;0.01644;0.01665;880000.29
20260420 000000;0.01665;0.01745;0.01656;0.01718;821226.38
20260421 000000;0.01718;0.01737;0.01704;0.01711;1291413.28
20260422 000000;0.01711;0.01739;0.01696;0.0173;1648200.73
20260423 000000;0.0173;0.0173;0.01696;0.01711;1457165.94
20260424 000000;0.01711;0.01713;0.01638;0.01643;1626527.22
20260425 000000;0.01643;0.01648;0.01639;0.01642;1736220.28
20260426 000000;0.01642;0.01654;0.01639;0.01643;1802699.7
20260427 000000;0.01643;0.01706;0.01639;0.0164;1647723.83
20260428 000000;0.0164;0.01659;0.01639;0.01644;1608875.6
20260429 000000;0.01644;0.01647;0.01578;0.01593;1856435.2
20260430 000000;0.01593;0.0169;0.01589;0.01633;1783762.85
20260501 000000;0.01633;0.01706;0.01589;0.01621;1758348.13
20260502 000000;0.01621;0.01632;0.01589;0.01603;1894924.17
20260503 000000;0.01603;0.01639;0.01589;0.01604;1818815.65
20260504 000000;0.01604;0.01644;0.01595;0.01623;1800850.93
20260505 000000;0.01623;0.0164;0.0162;0.01636;1746914.45
20260506 000000;0.01636;0.01705;0.01628;0.01682;1596995
20260507 000000;0.01682;0.01722;0.01648;0.01681;1663064.86
20260508 000000;0.01681;0.0177;0.0168;0.01721;1588371.13
20260509 000000;0.01721;0.01791;0.0164;0.01702;1479205.01
20260510 000000;0.01702;0.01725;0.01682;0.01721;1393494.96
20260511 000000;0.01721;0.01829;0.01626;0.01669;1838649.19
20260512 000000;0.01669;0.01759;0.01647;0.01653;1692950.14
20260513 000000;0.01653;0.02604;0.01616;0.01631;2550077.13
20260514 000000;0.01631;0.01631;0.01575;0.0159;1602187.32
20260515 000000;0.0159;0.01591;0.01578;0.01581;1550919.09
20260516 000000;0.01581;0.01616;0.01553;0.01587;1437730.63
20260517 000000;0.01587;0.01751;0.01584;0.01597;1488947.7
20260518 000000;0.01597;0.01629;0.01511;0.01516;1631262.21
20260519 000000;0.01516;0.01554;0.015;0.01519;1517119.84
20260520 000000;0.01519;0.01521;0.01489;0.01504;1722391.49
20260521 000000;0.01504;0.01515;0.01489;0.01506;1927511.35
20260522 000000;0.01506;0.01514;0.01481;0.01482;1721169.05
20260523 000000;0.01482;0.0157;0.01479;0.01553;1854294.61
20260524 000000;0.01553;0.01787;0.01531;0.01586;1573752.49
20260525 000000;0.01586;0.01751;0.01581;0.01593;1636779.46
20260526 000000;0.01593;0.01642;0.01373;0.01406;2152989.82
20260527 000000;0.01406;0.01471;0.0134;0.01419;2153214.61
20260528 000000;0.01419;0.01453;0.01349;0.01384;1804072.11
20260529 000000;0.01384;0.01415;0.01351;0.01363;1895497.41
20260530 000000;0.01363;0.01432;0.01355;0.01429;2074100.74
20260531 000000;0.01429;0.01463;0.014;0.01419;1864169.3
20260601 000000;0.01419;0.01474;0.01367;0.01384;2115595.46
20260602 000000;0.01384;0.01695;0.01301;0.01301;3324555.29
20260603 000000;0.01301;0.01311;0.01271;0.01279;2194411.27
20260604 000000;0.01279;0.01347;0.01266;0.013;2587911.49
20260605 000000;0.013;0.013;0.01242;0.01251;2629968.6
20260606 000000;0.01251;0.01253;0.0122;0.01249;2298513.6
20260607 000000;0.01249;0.01394;0.01248;0.01387;2418873.05
20260608 000000;0.01387;0.01418;0.0138;0.01403;1989587.35
20260609 000000;0.01403;0.0141;0.01361;0.01375;2067377.12
20260610 000000;0.01375;0.01427;0.01354;0.01364;1750819.46
20260611 000000;0.01364;0.01378;0.01341;0.01368;1947925.22
20260612 000000;0.01368;0.01383;0.01364;0.01376;1718412.62
20260613 000000;0.01376;0.01903;0.01315;0.01351;3379856.71
20260614 000000;0.01351;0.01371;0.01319;0.01367;1963391.79
20260615 000000;0.01367;0.01483;0.01366;0.01453;1802534.26
20260616 000000;0.01453;0.01459;0.01427;0.01444;1726768.64
20260617 000000;0.01444;0.01467;0.01413;0.01452;1916032.64
20260618 000000;0.01452;0.01505;0.01319;0.01411;2070481.18
20260619 000000;0.01411;0.01415;0.01355;0.01393;1951619.15
20260620 000000;0.01393;0.0141;0.01373;0.01378;1410244.75
