20230622 000000;0.1841;0.1884;0.1766;0.1843;517481.8
20230623 000000;0.1843;0.1859;0.165;0.1707;582771.28
20230624 000000;0.1707;0.1769;0.17;0.173;599775.95
20230625 000000;0.173;0.187;0.165;0.1723;582677.03
20230626 000000;0.1723;0.208;0.165;0.1707;609762.39
20230627 000000;0.1707;0.2005;0.17;0.1798;579648.66
20230628 000000;0.1798;0.186;0.165;0.1683;584884.75
20230629 000000;0.1683;0.1834;0.1675;0.1786;599705.05
20230630 000000;0.1786;0.185;0.1755;0.1844;543930.35
20230701 000000;0.1844;0.185;0.1755;0.1842;554448.99
20230702 000000;0.1842;0.1985;0.1826;0.1924;565752.51
20230703 000000;0.1924;0.1985;0.1755;0.1887;531045.5
20230704 000000;0.1887;0.1974;0.1505;0.1807;835334.8
20230705 000000;0.1807;0.192;0.169;0.173;550824.09
20230706 000000;0.173;0.1833;0.1619;0.1662;582127.4
20230707 000000;0.1662;0.1885;0.1602;0.1848;646626.52
20230708 000000;0.1848;0.186;0.174;0.1811;535664.45
20230709 000000;0.1811;0.2;0.1637;0.1873;555019.71
20230710 000000;0.1873;0.1881;0.1641;0.1692;534367.4
20230711 000000;0.1692;0.171;0.16;0.1657;464784.19
20230712 000000;0.1657;0.171;0.1537;0.1576;496247.41
20230713 000000;0.1576;0.2;0.1555;0.1827;445044.93
20230714 000000;0.1827;0.1827;0.1561;0.1635;437254.75
20230715 000000;0.1635;0.185;0.1552;0.17;537113.73
20230716 000000;0.17;0.205;0.1535;0.1697;434618.61
20230717 000000;0.1697;0.2;0.16;0.1657;493647.93
20230718 000000;0.1657;0.1833;0.1654;0.1666;532685.42
20230719 000000;0.1666;0.18;0.1654;0.168;598358.53
20230720 000000;0.168;0.1745;0.1654;0.1678;528141.97
20230721 000000;0.1678;0.1699;0.1551;0.1643;507332.02
20230722 000000;0.1643;0.168;0.1556;0.1652;506497.24
20230723 000000;0.1652;0.171;0.1636;0.1672;557718.02
20230724 000000;0.1672;0.1692;0.1551;0.159;598223.65
20230725 000000;0.159;0.1637;0.155;0.1565;669671.74
20230726 000000;0.1565;0.1623;0.155;0.158;477501.11
20230727 000000;0.158;0.1625;0.151;0.1511;214667.98
20230728 000000;0.1511;0.1625;0.1501;0.1502;232552.01
20230729 000000;0.1502;0.1634;0.1484;0.1615;230773.98
20230730 000000;0.1615;0.1635;0.154;0.1605;194254.81
20230731 000000;0.1605;0.1639;0.1569;0.1624;225836.66
20230801 000000;0.1624;0.1639;0.1601;0.1637;194358.79
20230802 000000;0.1637;0.164;0.1606;0.1614;207360.93
20230803 000000;0.1614;0.164;0.1525;0.1594;201012.56
20230804 000000;0.1594;0.1645;0.1526;0.1614;198350
20230805 000000;0.1614;0.1658;0.152;0.1584;251017.55
20230806 000000;0.1584;0.1658;0.152;0.1577;229593.84
20230807 000000;0.1577;0.1658;0.1513;0.1581;220729.16
20230808 000000;0.1581;0.1642;0.1484;0.1537;178774.46
20230809 000000;0.1537;0.1606;0.152;0.1573;196703.84
20230810 000000;0.1573;0.1573;0.1491;0.1492;145426.18
20230811 000000;0.1492;0.1573;0.1427;0.15;191716.67
20230812 000000;0.15;0.1675;0.1468;0.157;202947.61
20230813 000000;0.157;0.1674;0.1431;0.166;202827.55
20230814 000000;0.166;0.166;0.1451;0.1577;255016.03
20230815 000000;0.1577;0.166;0.1495;0.1501;205293.27
20230816 000000;0.1501;0.1521;0.1413;0.1481;229556.39
20230817 000000;0.1481;0.1489;0.13;0.136;222288.41
20230818 000000;0.136;0.147;0.1313;0.1383;238791.12
20230819 000000;0.1383;0.159;0.1329;0.1389;247083.55
20230820 000000;0.1389;0.1419;0.1328;0.1399;239025.39
20230821 000000;0.1399;0.1541;0.1279;0.136;245131.75
20230822 000000;0.136;0.14;0.1279;0.1296;217886.68
20230823 000000;0.1296;0.1366;0.1257;0.1313;235326.39
20230824 000000;0.1313;0.1396;0.1299;0.1356;243138.18
20230825 000000;0.1356;0.1384;0.1311;0.1329;226226.92
20230826 000000;0.1329;0.1366;0.1293;0.1314;219121.41
20230827 000000;0.1314;0.14;0.1301;0.1332;264237.25
20230828 000000;0.1332;0.14;0.128;0.1379;240768.94
20230829 000000;0.1379;0.1396;0.1293;0.1387;218787.23
20230830 000000;0.1387;0.1432;0.1307;0.1365;245995.44
20230831 000000;0.1365;0.1414;0.1326;0.133;251384.79
20230901 000000;0.133;0.1338;0.1251;0.1279;238499.4
20230902 000000;0.1279;0.1414;0.1279;0.1327;274992.93
20230903 000000;0.1327;0.1383;0.1292;0.1342;260071.12
20230904 000000;0.1342;0.152;0.1281;0.1317;251905.51
20230905 000000;0.1317;0.166;0.1276;0.1333;263202.85
20230906 000000;0.1333;0.1433;0.1276;0.1326;244115.31
20230907 000000;0.1326;0.1485;0.1236;0.1299;263729.8
20230908 000000;0.1299;0.1333;0.128;0.1316;255771.17
20230909 000000;0.1316;0.153;0.1197;0.1335;336186.62
20230910 000000;0.1335;0.139;0.1258;0.1339;254350.84
20230911 000000;0.1339;0.1358;0.1068;0.1104;362511.05
20230912 000000;0.1104;0.131;0.11;0.114;276551.94
20230913 000000;0.114;0.1207;0.1117;0.1169;288256.69
20230914 000000;0.1169;0.1328;0.1166;0.1271;354656.51
20230915 000000;0.1271;0.14;0.1241;0.1315;258354.86
20230916 000000;0.1315;0.1343;0.1214;0.1245;258685.67
20230917 000000;0.1245;0.15;0.1212;0.1246;323807.75
20230918 000000;0.1246;0.1468;0.123;0.1358;275991.11
20230919 000000;0.1358;0.1485;0.1266;0.1348;313892.23
20230920 000000;0.1348;0.1691;0.1297;0.1589;360104.08
20230921 000000;0.1589;0.177;0.1574;0.1701;394259.13
20230922 000000;0.1701;0.178;0.1598;0.1608;216674.47
20230923 000000;0.1608;0.175;0.1513;0.1613;217737.07
20230924 000000;0.1613;0.1725;0.155;0.1581;245588.55
20230925 000000;0.1581;0.175;0.1541;0.1588;237946.11
20230926 000000;0.1588;0.165;0.157;0.1599;221055.28
20230927 000000;0.1599;0.1672;0.1585;0.163;256424.43
20230928 000000;0.163;0.1818;0.1625;0.1799;381368.28
20230929 000000;0.1799;0.1851;0.1706;0.1803;397220.53
20230930 000000;0.1803;0.21;0.1801;0.1987;486578.4
20231001 000000;0.1987;0.2095;0.1826;0.2006;506936.45
20231002 000000;0.2006;0.21;0.1735;0.1847;523005.46
20231003 000000;0.1847;0.188;0.1685;0.1749;819620.98
20231004 000000;0.1749;0.1859;0.166;0.1742;864776.67
20231005 000000;0.1742;0.19;0.1633;0.1754;719403.91
20231006 000000;0.1754;0.2076;0.169;0.181;1006614.55
20231007 000000;0.181;0.1995;0.1756;0.1789;994984.55
20231008 000000;0.1789;0.2;0.1667;0.1732;1011488.93
20231009 000000;0.1732;0.1793;0.16;0.1683;1244922.89
20231010 000000;0.1683;0.175;0.1643;0.1696;1453936.02
20231011 000000;0.1696;0.1772;0.1534;0.1631;1530689.79
20231012 000000;0.1631;0.193;0.1603;0.1645;1265533.45
20231013 000000;0.1645;0.1902;0.1601;0.1726;1728418.59
20231014 000000;0.1726;0.1829;0.1622;0.1718;1374403.52
20231015 000000;0.1718;0.1794;0.1685;0.1691;1527077.8
20231016 000000;0.1691;0.201;0.1686;0.1971;997935.77
20231017 000000;0.1971;0.2001;0.1823;0.19;1068944.85
20231018 000000;0.19;0.1999;0.1801;0.1884;1159086.97
20231019 000000;0.1884;0.2099;0.1844;0.1948;1024086.81
20231020 000000;0.1948;0.21;0.1925;0.1968;906815.19
20231021 000000;0.1968;0.2126;0.195;0.2062;934520.21
20231022 000000;0.2062;0.2073;0.195;0.2001;1177565.24
20231023 000000;0.2001;0.215;0.1968;0.2143;899454.54
20231024 000000;0.2143;0.261;0.2103;0.2158;594947.18
20231025 000000;0.2158;0.2715;0.21;0.2161;950003
20231026 000000;0.2161;0.237;0.2055;0.2237;928642.12
20231027 000000;0.2237;0.2287;0.2068;0.2206;1098362.48
20231028 000000;0.2206;0.23;0.206;0.2068;1065604
20231029 000000;0.2068;0.2307;0.2065;0.2177;1003792.23
20231030 000000;0.2177;0.2303;0.19;0.2055;786041.95
20231031 000000;0.2055;0.2243;0.1958;0.2042;1016921.05
20231101 000000;0.2042;0.2242;0.1983;0.2115;811975.78
20231102 000000;0.2115;0.2289;0.1958;0.2194;926134.25
20231103 000000;0.2194;0.2286;0.2068;0.2117;925889.71
20231104 000000;0.2117;0.2424;0.2081;0.2361;1145065.4
20231105 000000;0.2361;0.2488;0.215;0.2286;1076451.34
20231106 000000;0.2286;0.249;0.205;0.2201;872825.2
20231107 000000;0.2201;0.2384;0.185;0.1916;995989.01
20231108 000000;0.1916;0.22;0.1916;0.2114;1119178.92
20231109 000000;0.2114;0.25;0.2113;0.2488;907578.89
20231110 000000;0.2488;0.3199;0.2455;0.2577;878105.97
20231111 000000;0.2577;0.3138;0.2355;0.275;903386.22
20231112 000000;0.275;0.2843;0.2472;0.2742;728672.99
20231113 000000;0.2742;0.312;0.2643;0.2719;713768.98
20231114 000000;0.2719;0.274;0.2366;0.2491;1050081.35
20231115 000000;0.2491;0.2717;0.2469;0.2562;822350.74
20231116 000000;0.2562;0.2893;0.2366;0.24;630867.89
20231117 000000;0.24;0.2547;0.2307;0.2345;647001.77
20231118 000000;0.2345;0.2489;0.2211;0.2375;696091.34
20231119 000000;0.2375;0.2976;0.2375;0.2733;595284.71
20231120 000000;0.2733;0.315;0.27;0.2901;663801.35
20231121 000000;0.2901;0.314;0.26;0.2671;579678.91
20231122 000000;0.2671;0.38;0.2602;0.3399;663229.65
20231123 000000;0.3399;0.3822;0.2766;0.3734;640209.93
20231124 000000;0.3734;0.4;0.3422;0.3911;614835.27
20231125 000000;0.3911;0.3952;0.354;0.376;444059.72
20231126 000000;0.376;0.39;0.3195;0.33;570691.55
20231127 000000;0.33;0.3889;0.3112;0.35;756476.11
20231128 000000;0.35;0.4283;0.3443;0.3845;628425.41
20231129 000000;0.3845;0.4019;0.3309;0.3533;492537.74
20231130 000000;0.3533;0.3738;0.325;0.3409;488093.85
20231201 000000;0.3409;0.4071;0.3402;0.3742;458842.08
20231202 000000;0.3742;0.47;0.3662;0.437;486890.14
20231203 000000;0.437;0.475;0.3666;0.4013;419751.22
20231204 000000;0.4013;0.472;0.3353;0.369;535298.74
20231205 000000;0.369;0.4499;0.3501;0.4167;447740.77
20231206 000000;0.4167;0.4188;0.3655;0.3779;338687.51
20231207 000000;0.3779;0.3913;0.3574;0.3642;521201.54
20231208 000000;0.3642;0.4;0.3112;0.3571;544462.38
20231209 000000;0.3571;0.3667;0.33;0.3459;380529.85
20231210 000000;0.3459;0.3667;0.3236;0.3348;602514.48
20231211 000000;0.3348;0.3348;0.3002;0.3145;378247.48
20231212 000000;0.3145;0.3349;0.3001;0.3105;384837.51
20231213 000000;0.3105;0.3333;0.3;0.3265;608248.77
20231214 000000;0.3265;0.3925;0.3126;0.3274;596481.72
20231215 000000;0.3274;0.3613;0.3175;0.3331;618409.61
20231216 000000;0.3331;0.3612;0.312;0.3426;489476.09
20231217 000000;0.3426;0.3431;0.2864;0.3125;604345.32
20231218 000000;0.3125;0.3181;0.291;0.3023;543426.2
20231219 000000;0.3023;0.3212;0.2597;0.2689;884560.3
20231220 000000;0.2689;0.3173;0.2575;0.3077;563953.26
20231221 000000;0.3077;0.3175;0.27;0.2981;711837.64
20231222 000000;0.2981;0.348;0.272;0.2987;763980.44
20231223 000000;0.2987;0.3026;0.29;0.299;852957.18
20231224 000000;0.299;0.33;0.2684;0.2839;847844.07
20231225 000000;0.2839;0.2915;0.275;0.287;812705.87
20231226 000000;0.287;0.2956;0.275;0.29;735481.81
20231227 000000;0.29;0.2946;0.2736;0.2877;758051.66
20231228 000000;0.2877;0.3122;0.286;0.2997;579660.81
20231229 000000;0.2997;0.3307;0.2795;0.3051;739072.61
20231230 000000;0.3051;0.348;0.29;0.3137;686975.26
20231231 000000;0.3137;0.349;0.3092;0.3092;475973.66
