20260101 000000;0.003905;0.003962;0.003888;0.003928;14135350.1
20260102 000000;0.003928;0.00396;0.003793;0.003841;14461577.91
20260103 000000;0.003841;0.003962;0.003776;0.0039;14905209.39
20260104 000000;0.0039;0.003951;0.003823;0.003854;14185159.79
20260105 000000;0.003854;0.003933;0.003779;0.003918;16217557.67
20260106 000000;0.003918;0.004036;0.003853;0.003932;15301986.59
20260107 000000;0.003932;0.003981;0.003868;0.003902;14562817.47
20260108 000000;0.003902;0.003949;0.003798;0.00388;18383172.28
20260109 000000;0.00388;0.003906;0.003789;0.003822;14868493.51
20260110 000000;0.003822;0.003948;0.003815;0.003916;14227839.76
20260111 000000;0.003916;0.003982;0.003816;0.003846;13881423.8
20260112 000000;0.003846;0.00388;0.003783;0.003794;14114020.65
20260113 000000;0.003794;0.003874;0.003779;0.003849;15184339.58
20260114 000000;0.003849;0.003923;0.003833;0.003852;14732506.96
20260115 000000;0.003852;0.003864;0.00381;0.003818;14413830.2
20260116 000000;0.003818;0.003822;0.003779;0.003788;14471409.69
20260117 000000;0.003788;0.003835;0.003781;0.003818;14037282.29
20260118 000000;0.003818;0.003839;0.003728;0.003744;14038873.81
20260119 000000;0.003744;0.00383;0.003662;0.003759;18606543.68
20260120 000000;0.003759;0.003892;0.003708;0.003792;15143332.98
20260121 000000;0.003792;0.003848;0.003706;0.003755;14825247.53
20260122 000000;0.003755;0.003855;0.003702;0.003719;15113138
20260123 000000;0.003719;0.003845;0.003701;0.003777;14103391.34
20260124 000000;0.003777;0.003909;0.003759;0.003837;15558814.09
20260125 000000;0.003837;0.003908;0.003748;0.003761;14511381.66
20260126 000000;0.003761;0.003816;0.003725;0.003771;14819875.62
20260127 000000;0.003771;0.00382;0.003686;0.003731;14641212.63
20260128 000000;0.003731;0.003748;0.003663;0.003678;14849901.37
20260129 000000;0.003678;0.003721;0.003609;0.003659;15712621.23
20260130 000000;0.003659;0.003666;0.003563;0.00359;15285805.4
20260131 000000;0.00359;0.003668;0.003404;0.003542;16596333.99
20260201 000000;0.003542;0.003562;0.003418;0.003426;16209754.67
20260202 000000;0.003426;0.003483;0.003392;0.00344;17825081.56
20260203 000000;0.00344;0.003508;0.003391;0.003471;16912662.22
20260204 000000;0.003471;0.003498;0.003369;0.003416;51961155.94
20260205 000000;0.003416;0.003475;0.003296;0.003319;20863827.41
20260206 000000;0.003319;0.003389;0.003251;0.003332;18219906.73
20260207 000000;0.003332;0.003381;0.003275;0.003367;44929794.1
20260208 000000;0.003367;0.003381;0.003317;0.003333;26314763.87
20260209 000000;0.003333;0.003385;0.003267;0.003292;30644335.39
20260210 000000;0.003292;0.003382;0.003273;0.003318;21819207.1
20260211 000000;0.003318;0.003363;0.003267;0.003328;74559430.39
20260212 000000;0.003328;0.003363;0.003312;0.003357;17870124.76
20260213 000000;0.003357;0.003357;0.003282;0.0033;50682105.3
20260214 000000;0.0033;0.003397;0.003272;0.003293;31453366.24
20260215 000000;0.003293;0.003362;0.003274;0.003346;17109616.62
20260216 000000;0.003346;0.003527;0.003337;0.003498;25572252.86
20260217 000000;0.003498;0.003514;0.003303;0.003324;23812006.22
20260218 000000;0.003324;0.003342;0.003301;0.003317;18223967.83
20260219 000000;0.003317;0.003358;0.003293;0.003308;22501116.73
20260220 000000;0.003308;0.003337;0.003292;0.003308;21760965.77
20260221 000000;0.003308;0.0039;0.003286;0.003311;21078268.48
20260222 000000;0.003311;0.003355;0.003293;0.003345;16902769.58
20260223 000000;0.003345;0.003351;0.003269;0.003299;17400917.72
20260224 000000;0.003299;0.003476;0.003252;0.003298;18199107.15
20260225 000000;0.003298;0.003339;0.003275;0.003308;39737406.79
20260226 000000;0.003308;0.003385;0.003268;0.003307;33767938.7
20260227 000000;0.003307;0.003371;0.003288;0.003302;40457676.82
20260228 000000;0.003302;0.003334;0.003273;0.003314;17411720.89
20260301 000000;0.003314;0.003382;0.003307;0.003348;17929049.9
20260302 000000;0.003348;0.003399;0.003334;0.003393;17429519.14
20260303 000000;0.003393;0.003461;0.003355;0.003369;19235434.61
20260304 000000;0.003369;0.003426;0.00335;0.003421;16528957.86
20260305 000000;0.003421;0.00363;0.0034;0.003454;32090179.65
20260306 000000;0.003454;0.003484;0.003415;0.003461;20322539.63
20260307 000000;0.003461;0.003489;0.003398;0.003407;16523287.48
20260308 000000;0.003407;0.003567;0.003364;0.0034;22351415.49
20260309 000000;0.0034;0.003475;0.003379;0.003396;16017033.39
20260310 000000;0.003396;0.00343;0.003273;0.003315;17682674.89
20260311 000000;0.003315;0.003333;0.003273;0.003293;16448774.6
20260312 000000;0.003293;0.00333;0.003272;0.003302;18061192.19
20260313 000000;0.003302;0.00334;0.00328;0.003287;17588876.69
20260314 000000;0.003287;0.00333;0.003278;0.003303;18429156.96
20260315 000000;0.003303;0.003342;0.003294;0.003306;16447804.57
20260316 000000;0.003306;0.003346;0.003297;0.003315;17688502.7
20260317 000000;0.003315;0.003331;0.003271;0.003286;16757195.16
20260318 000000;0.003286;0.003307;0.003204;0.003266;18258427
20260319 000000;0.003266;0.003281;0.003215;0.003228;17089180.15
20260320 000000;0.003228;0.003275;0.003201;0.00322;18137017.96
20260321 000000;0.00322;0.003262;0.003216;0.003238;17542392.09
20260322 000000;0.003238;0.003394;0.003207;0.003258;17877012.26
20260323 000000;0.003258;0.003275;0.003234;0.003252;16741415.96
20260324 000000;0.003252;0.003278;0.003216;0.003251;18384137.76
20260325 000000;0.003251;0.003271;0.003203;0.003213;16457573.84
20260326 000000;0.003213;0.003372;0.003153;0.003243;29375054.24
20260327 000000;0.003243;0.003252;0.002938;0.003157;53786715.75
20260328 000000;0.003157;0.003246;0.003014;0.003144;94978733.56
20260329 000000;0.003144;0.003176;0.003063;0.003122;67550826.35
20260330 000000;0.003122;0.003232;0.003056;0.003093;42373421.71
20260331 000000;0.003093;0.003132;0.003058;0.003099;18610913.22
20260401 000000;0.003099;0.003142;0.003038;0.003068;23317389.51
20260402 000000;0.003068;0.003142;0.00304;0.00308;23404982.18
20260403 000000;0.00308;0.003097;0.003031;0.003063;18436271.5
20260404 000000;0.003063;0.003158;0.003028;0.003098;18691319.07
20260405 000000;0.003098;0.00316;0.003067;0.003084;36158296.7
20260406 000000;0.003084;0.003092;0.003058;0.00309;18665826.31
20260407 000000;0.00309;0.003117;0.003071;0.003105;18487202.09
20260408 000000;0.003105;0.00311;0.003069;0.003105;17788424.16
20260409 000000;0.003105;0.003136;0.003087;0.003115;18291862.28
20260410 000000;0.003115;0.003126;0.003086;0.003104;18144290.4
20260411 000000;0.003104;0.003107;0.003068;0.003076;16814255.63
20260412 000000;0.003076;0.003083;0.00304;0.003076;18781039.43
20260413 000000;0.003076;0.003096;0.003064;0.003095;17365969.57
20260414 000000;0.003095;0.003096;0.003085;0.00309;18009549.12
20260415 000000;0.00309;0.003095;0.003039;0.003047;18203493.17
20260416 000000;0.003047;0.003065;0.00304;0.003065;16880163.6
20260417 000000;0.003065;0.003111;0.003056;0.003078;17670255.43
20260418 000000;0.003078;0.003106;0.003071;0.003092;17886388.58
20260419 000000;0.003092;0.003101;0.003064;0.003079;18429703.96
20260420 000000;0.003079;0.003083;0.00307;0.003076;17167494.98
20260421 000000;0.003076;0.00308;0.003001;0.003012;18205760.13
20260422 000000;0.003012;0.003051;0.003007;0.003036;18721365.04
20260423 000000;0.003036;0.003109;0.003032;0.003097;17945243.91
20260424 000000;0.003097;0.003103;0.002948;0.002993;20127793.87
20260425 000000;0.002993;0.003063;0.002965;0.003001;20961451.15
20260426 000000;0.003001;0.003087;0.002978;0.003039;37283755.38
20260427 000000;0.003039;0.003085;0.002992;0.003032;66173761.68
20260428 000000;0.003032;0.003066;0.002991;0.003052;18305284.22
20260429 000000;0.003052;0.003122;0.003005;0.003036;72456395.46
20260430 000000;0.003036;0.003048;0.002985;0.003037;18252273.84
20260501 000000;0.003037;0.003116;0.003027;0.003049;40743376.59
20260502 000000;0.003049;0.00315;0.003003;0.003035;31105791.98
20260503 000000;0.003035;0.003132;0.002996;0.003016;42701796.99
20260504 000000;0.003016;0.003159;0.002952;0.003065;50909516.51
20260505 000000;0.003065;0.00314;0.00298;0.003036;30381098.95
20260506 000000;0.003036;0.003057;0.003015;0.003024;17627576.68
20260507 000000;0.003024;0.003058;0.002946;0.002997;20043683.82
20260508 000000;0.002997;0.003026;0.002956;0.002989;43052751.22
20260509 000000;0.002989;0.003058;0.002963;0.002977;61709386.13
20260510 000000;0.002977;0.003006;0.002901;0.002988;34599651.16
20260511 000000;0.002988;0.002997;0.00291;0.002942;31759642.2
20260512 000000;0.002942;0.002981;0.00291;0.00293;20586299.87
20260513 000000;0.00293;0.002988;0.002841;0.002918;51972750.49
20260514 000000;0.002918;0.002979;0.002867;0.002914;57902189.93
20260515 000000;0.002914;0.002957;0.00284;0.002939;31833212.91
20260516 000000;0.002939;0.002989;0.002894;0.002952;83873064.18
20260517 000000;0.002952;0.003021;0.002916;0.002949;59478079.92
20260518 000000;0.002949;0.003026;0.002886;0.00296;54128202.67
20260519 000000;0.00296;0.002966;0.00283;0.002853;22942579.24
20260520 000000;0.002853;0.002885;0.00285;0.002861;19497982.11
20260521 000000;0.002861;0.002888;0.002824;0.002863;20831110.77
20260522 000000;0.002863;0.002874;0.002819;0.002854;20967832.12
20260523 000000;0.002854;0.002858;0.002836;0.002845;20209391.45
20260524 000000;0.002845;0.002856;0.002829;0.002838;20828511.46
20260525 000000;0.002838;0.002878;0.002824;0.002828;20112723.51
20260526 000000;0.002828;0.002853;0.002815;0.002836;21725895.92
20260527 000000;0.002836;0.002848;0.002806;0.002827;20268513.53
20260528 000000;0.002827;0.002836;0.002797;0.00281;19489381.93
20260529 000000;0.00281;0.002814;0.002793;0.002807;19811177.72
20260530 000000;0.002807;0.002827;0.002793;0.002821;19565385.34
20260531 000000;0.002821;0.002833;0.0028;0.002821;19227002.23
20260601 000000;0.002821;0.002826;0.002797;0.002809;18606366.37
20260602 000000;0.002809;0.003242;0.002649;0.002785;20757748.65
20260603 000000;0.002785;0.002836;0.002749;0.002805;20054666.1
20260604 000000;0.002805;0.002827;0.002778;0.00279;19357443.7
20260605 000000;0.00279;0.002828;0.002694;0.002716;20420735.71
20260606 000000;0.002716;0.002741;0.002697;0.002707;19792781.32
20260607 000000;0.002707;0.002739;0.002683;0.002722;20742769.01
20260608 000000;0.002722;0.002766;0.002686;0.002734;20203344.71
20260609 000000;0.002734;0.002758;0.002677;0.002708;19215837.84
20260610 000000;0.002708;0.002722;0.002699;0.002708;20411031
20260611 000000;0.002708;0.002717;0.002691;0.002696;20404197.78
20260612 000000;0.002696;0.002704;0.002689;0.002696;20058760.33
20260613 000000;0.002696;0.002705;0.002692;0.002701;20908921.05
20260614 000000;0.002701;0.002722;0.002677;0.002706;21259087.49
20260615 000000;0.002706;0.002718;0.002666;0.002692;20461914.2
20260616 000000;0.002692;0.002708;0.002664;0.002688;19810647.28
20260617 000000;0.002688;0.002712;0.002671;0.002707;20395491.4
20260618 000000;0.002707;0.002711;0.002662;0.002679;20464401.9
20260619 000000;0.002679;0.002693;0.002672;0.002688;19849205.86
20260620 000000;0.002688;0.002692;0.002656;0.002662;16021283.75
