20250101 000000;0.00002117;0.00002174;0.00002071;0.0000217;285185600105
20250102 000000;0.0000217;0.00002306;0.0000216;0.00002291;660344001327
20250103 000000;0.00002291;0.00002464;0.00002249;0.00002443;745731675239
20250104 000000;0.00002443;0.00002492;0.00002388;0.00002433;400641868217
20250105 000000;0.00002433;0.00002441;0.00002345;0.00002392;427928954766
20250106 000000;0.00002392;0.00002462;0.00002342;0.00002406;406877648053
20250107 000000;0.00002406;0.00002427;0.00002166;0.00002179;1092084172237
20250108 000000;0.00002179;0.00002198;0.00002026;0.0000213;1013446522376
20250109 000000;0.0000213;0.00002201;0.00002049;0.00002106;693330697999
20250110 000000;0.00002106;0.00002191;0.00002103;0.00002157;681205205729
20250111 000000;0.00002157;0.00002274;0.00002133;0.0000222;538295979049
20250112 000000;0.0000222;0.00002222;0.00002129;0.00002156;368401433730
20250113 000000;0.00002156;0.00002216;0.00001962;0.0000212;1325761553914
20250114 000000;0.0000212;0.000022;0.00002109;0.00002162;342602893746
20250115 000000;0.00002162;0.00002285;0.00002092;0.00002272;383661784111
20250116 000000;0.00002272;0.00002282;0.00002171;0.00002203;306020373930
20250117 000000;0.00002203;0.00002462;0.00002201;0.00002418;613188706588
20250118 000000;0.00002418;0.00002497;0.00002235;0.00002276;548804702609
20250119 000000;0.00002276;0.00002326;0.00001977;0.00002033;1650298510935
20250120 000000;0.00002033;0.00002214;0.00001965;0.00002035;1861928984545
20250121 000000;0.00002035;0.00002135;0.00001965;0.00002089;451413091685
20250122 000000;0.00002089;0.000021;0.00002006;0.00002018;147139081772
20250123 000000;0.00002018;0.00002051;0.00001955;0.00002013;308057042888
20250124 000000;0.00002013;0.00002055;0.00001949;0.00001996;145127763286
20250125 000000;0.00001996;0.00002023;0.0000197;0.00001994;102115350272
20250126 000000;0.00001994;0.00002016;0.00001903;0.0000191;137406445032
20250127 000000;0.0000191;0.00001917;0.00001727;0.00001897;819828885890
20250128 000000;0.00001897;0.00001933;0.00001771;0.00001797;577764170248
20250129 000000;0.00001797;0.00001883;0.00001781;0.00001829;735781432173
20250130 000000;0.00001829;0.00001899;0.00001817;0.00001868;488460094750
20250131 000000;0.00001868;0.00001968;0.00001848;0.00001889;782882306703
20250201 000000;0.00001889;0.00001924;0.00001747;0.0000176;682181389328
20250202 000000;0.0000176;0.00001796;0.00001471;0.00001551;2601277718953
20250203 000000;0.00001551;0.00001689;0.00001161;0.00001679;6999831333167
20250204 000000;0.00001679;0.00001694;0.00001506;0.00001574;1966494256164
20250205 000000;0.00001574;0.00001675;0.00001549;0.00001578;967189928683
20250206 000000;0.00001578;0.00001616;0.00001473;0.00001485;907650702340
20250207 000000;0.00001485;0.00001572;0.00001462;0.0000151;855518256674
20250208 000000;0.0000151;0.00001607;0.000015;0.00001597;570343031273
20250209 000000;0.00001597;0.00001654;0.00001515;0.00001567;563137090439
20250210 000000;0.00001567;0.00001612;0.00001527;0.00001581;468022297365
20250211 000000;0.00001581;0.00001649;0.00001544;0.0000157;633332719602
20250212 000000;0.0000157;0.00001734;0.00001548;0.00001699;1440793082596
20250213 000000;0.00001699;0.00001705;0.00001592;0.0000163;674716250790
20250214 000000;0.0000163;0.0000172;0.00001618;0.00001672;702979934654
20250215 000000;0.00001672;0.00001703;0.00001623;0.00001632;416470582819
20250216 000000;0.00001632;0.0000164;0.00001583;0.00001597;311455733844
20250217 000000;0.00001597;0.00001629;0.00001537;0.00001575;496857572051
20250218 000000;0.00001575;0.0000158;0.00001486;0.00001523;511922419492
20250219 000000;0.00001523;0.00001554;0.00001505;0.00001541;313265059709
20250220 000000;0.00001541;0.00001562;0.00001529;0.00001555;300278078856
20250221 000000;0.00001555;0.00001598;0.00001485;0.00001509;591766130500
20250222 000000;0.00001509;0.00001579;0.00001502;0.00001561;265597093379
20250223 000000;0.00001561;0.00001578;0.00001532;0.00001546;220419541791
20250224 000000;0.00001546;0.00001556;0.00001344;0.00001363;1009584784476
20250225 000000;0.00001363;0.00001428;0.00001303;0.0000141;1636423376640
20250226 000000;0.0000141;0.00001456;0.00001375;0.00001442;778415684111
20250227 000000;0.00001442;0.00001486;0.0000142;0.00001443;499820634773
20250228 000000;0.00001443;0.00001445;0.000013;0.00001394;1490482451004
20250301 000000;0.00001394;0.00001415;0.00001339;0.00001364;359330578156
20250302 000000;0.00001364;0.0000152;0.00001348;0.00001515;1317591699257
20250303 000000;0.00001515;0.0000152;0.00001269;0.00001292;1522815916837
20250304 000000;0.00001292;0.00001326;0.00001218;0.00001308;2160981496542
20250305 000000;0.00001308;0.00001344;0.00001285;0.00001336;503886464505
20250306 000000;0.00001336;0.00001383;0.00001315;0.00001339;483943180265
20250307 000000;0.00001339;0.00001375;0.00001276;0.00001314;1062961212417
20250308 000000;0.00001314;0.00001326;0.00001256;0.00001267;373682979873
20250309 000000;0.00001267;0.00001272;0.00001151;0.00001166;667802735102
20250310 000000;0.00001166;0.00001299;0.00001143;0.0000115;1322734312035
20250311 000000;0.0000115;0.00001229;0.00001081;0.00001205;1230092224412
20250312 000000;0.00001205;0.0000126;0.00001176;0.00001233;554220489662
20250313 000000;0.00001233;0.0000124;0.00001178;0.00001202;399600024245
20250314 000000;0.00001202;0.00001292;0.00001198;0.00001277;410095612633
20250315 000000;0.00001277;0.00001298;0.00001262;0.00001284;210854895940
20250316 000000;0.00001284;0.00001383;0.00001256;0.00001311;695250485055
20250317 000000;0.00001311;0.0000136;0.00001278;0.00001295;525391375813
20250318 000000;0.00001295;0.00001296;0.00001226;0.00001255;313311357967
20250319 000000;0.00001255;0.00001299;0.00001248;0.00001293;391526670333
20250320 000000;0.00001293;0.00001304;0.0000126;0.00001295;271871989946
20250321 000000;0.00001295;0.00001309;0.00001245;0.00001251;234759188916
20250322 000000;0.00001251;0.00001296;0.00001247;0.00001281;185066072494
20250323 000000;0.00001281;0.00001312;0.00001278;0.00001296;205338829581
20250324 000000;0.00001296;0.0000137;0.00001277;0.00001353;382207742614
20250325 000000;0.00001353;0.00001405;0.00001334;0.00001385;358940991091
20250326 000000;0.00001385;0.00001567;0.00001379;0.00001421;1129736662656
20250327 000000;0.00001421;0.00001473;0.00001393;0.00001402;478689295511
20250328 000000;0.00001402;0.00001405;0.00001301;0.00001325;470508489095
20250329 000000;0.00001325;0.00001339;0.00001243;0.00001268;313511913581
20250330 000000;0.00001268;0.00001285;0.00001228;0.00001245;345700109138
20250331 000000;0.00001245;0.00001257;0.00001197;0.00001237;430289033498
20250401 000000;0.00001237;0.00001315;0.00001237;0.00001269;329471121291
20250402 000000;0.00001269;0.00001306;0.00001194;0.00001205;733789523329
20250403 000000;0.00001205;0.00001244;0.00001181;0.00001223;425130760228
20250404 000000;0.00001223;0.00001254;0.00001193;0.00001231;513414920394
20250405 000000;0.00001231;0.00001244;0.00001207;0.00001233;173234210074
20250406 000000;0.00001233;0.0000124;0.00001103;0.00001133;526128564109
20250407 000000;0.00001133;0.00001182;0.00001028;0.00001142;1387755623248
20250408 000000;0.00001142;0.00001174;0.00001051;0.00001065;522748097628
20250409 000000;0.00001065;0.00001215;0.0000103;0.00001192;871634818754
20250410 000000;0.00001192;0.00001213;0.00001141;0.00001163;436739760426
20250411 000000;0.00001163;0.00001238;0.0000116;0.0000122;296291086288
20250412 000000;0.0000122;0.00001268;0.00001204;0.00001253;265191486597
20250413 000000;0.00001253;0.0000126;0.00001193;0.00001206;344242567718
20250414 000000;0.00001206;0.00001244;0.00001193;0.000012;376627878475
20250415 000000;0.000012;0.00001215;0.00001165;0.00001168;290925769694
20250416 000000;0.00001168;0.00001198;0.00001146;0.00001184;328788883495
20250417 000000;0.00001184;0.00001205;0.00001162;0.0000118;220016801743
20250418 000000;0.0000118;0.00001246;0.00001167;0.00001229;251752888537
20250419 000000;0.00001229;0.00001242;0.00001212;0.00001234;195756709984
20250420 000000;0.00001234;0.00001256;0.00001209;0.00001236;262686624574
20250421 000000;0.00001236;0.00001281;0.00001221;0.00001236;341615386536
20250422 000000;0.00001236;0.0000138;0.00001217;0.00001357;593908786301
20250423 000000;0.00001357;0.00001391;0.00001315;0.00001356;557905462726
20250424 000000;0.00001356;0.0000138;0.0000129;0.00001378;400169175506
20250425 000000;0.00001378;0.00001429;0.00001365;0.00001415;562443042375
20250426 000000;0.00001415;0.00001524;0.00001404;0.00001414;548455495890
20250427 000000;0.00001414;0.0000142;0.00001342;0.00001344;374121730473
20250428 000000;0.00001344;0.00001421;0.00001316;0.00001373;486373952140
20250429 000000;0.00001373;0.00001393;0.00001325;0.00001342;403592846020
20250430 000000;0.00001342;0.00001354;0.00001279;0.00001324;291432192105
20250501 000000;0.00001324;0.00001375;0.0000132;0.0000135;320896152336
20250502 000000;0.0000135;0.00001369;0.00001327;0.00001347;256302205023
20250503 000000;0.00001347;0.00001348;0.00001288;0.00001297;224712314029
20250504 000000;0.00001297;0.00001324;0.0000126;0.00001267;227772110583
20250505 000000;0.00001267;0.00001298;0.00001252;0.00001268;258774407184
20250506 000000;0.00001268;0.00001277;0.0000123;0.00001274;279538084486
20250507 000000;0.00001274;0.00001295;0.00001255;0.00001281;293090967789
20250508 000000;0.00001281;0.00001458;0.00001272;0.00001439;1085411425792
20250509 000000;0.00001439;0.00001563;0.00001411;0.00001505;1917576774290
20250510 000000;0.00001505;0.00001709;0.00001486;0.00001707;1611813519253
20250511 000000;0.00001707;0.00001729;0.00001561;0.0000159;1372870017986
20250512 000000;0.0000159;0.00001765;0.00001504;0.00001577;2419868162359
20250513 000000;0.00001577;0.00001661;0.00001479;0.00001636;1584369643305
20250514 000000;0.00001636;0.00001671;0.00001552;0.00001573;1056809311363
20250515 000000;0.00001573;0.0000159;0.00001444;0.00001483;1143832661164
20250516 000000;0.00001483;0.0000152;0.0000144;0.00001456;583757798909
20250517 000000;0.00001456;0.00001463;0.00001397;0.00001418;606356072549
20250518 000000;0.00001418;0.00001536;0.00001407;0.000015;667873400930
20250519 000000;0.000015;0.00001513;0.00001387;0.00001459;544360474440
20250520 000000;0.00001459;0.00001491;0.00001412;0.0000146;416930597278
20250521 000000;0.0000146;0.00001517;0.00001427;0.00001482;964586306964
20250522 000000;0.00001482;0.00001554;0.00001482;0.00001554;816217920814
20250523 000000;0.00001554;0.00001605;0.00001418;0.00001431;1207018733563
20250524 000000;0.00001431;0.00001459;0.00001424;0.00001438;385868253324
20250525 000000;0.00001438;0.00001469;0.00001392;0.00001447;503568294460
20250526 000000;0.00001447;0.00001476;0.00001419;0.0000144;376236525078
20250527 000000;0.0000144;0.00001468;0.00001404;0.00001446;429084439199
20250528 000000;0.00001446;0.00001455;0.00001393;0.00001432;353233234673
20250529 000000;0.00001432;0.00001469;0.00001383;0.00001389;514577339273
20250530 000000;0.00001389;0.00001397;0.00001266;0.00001276;1141900488272
20250531 000000;0.00001276;0.00001294;0.00001224;0.0000128;569775415447
20250601 000000;0.0000128;0.00001309;0.00001256;0.00001294;292472487874
20250602 000000;0.00001294;0.00001324;0.00001263;0.00001319;360292859243
20250603 000000;0.00001319;0.00001344;0.00001293;0.00001304;298814900972
20250604 000000;0.00001304;0.00001319;0.00001269;0.0000128;425081421548
20250605 000000;0.0000128;0.00001297;0.00001189;0.000012;961916178189
20250606 000000;0.000012;0.00001283;0.00001195;0.00001242;448082706909
20250607 000000;0.00001242;0.00001289;0.00001234;0.00001272;217330461797
20250608 000000;0.00001272;0.00001274;0.00001241;0.00001249;225282529493
20250609 000000;0.00001249;0.00001317;0.00001233;0.00001311;444384576862
20250610 000000;0.00001311;0.00001339;0.00001282;0.00001336;574112856618
20250611 000000;0.00001336;0.00001362;0.00001284;0.00001294;475571693123
20250612 000000;0.00001294;0.000013;0.00001213;0.00001222;507052610362
20250613 000000;0.00001222;0.00001222;0.00001138;0.0000121;1523634191627
20250614 000000;0.0000121;0.00001224;0.00001187;0.00001204;276146015620
20250615 000000;0.00001204;0.00001215;0.0000118;0.00001204;220325554242
20250616 000000;0.00001204;0.00001233;0.00001184;0.00001187;400187685103
20250617 000000;0.00001187;0.00001208;0.00001134;0.00001161;644492569530
20250618 000000;0.00001161;0.00001179;0.00001135;0.00001168;531371184060
20250619 000000;0.00001168;0.00001177;0.00001142;0.00001158;311554116203
20250620 000000;0.00001158;0.00001184;0.00001106;0.0000113;509131807962
20250621 000000;0.0000113;0.00001143;0.00001057;0.00001089;558382626204
20250622 000000;0.00001089;0.00001106;0.00001004;0.00001059;1424999342373
20250623 000000;0.00001059;0.00001166;0.00001056;0.00001157;1106663852669
20250624 000000;0.00001157;0.00001191;0.0000115;0.00001171;467383425399
20250625 000000;0.00001171;0.00001178;0.00001148;0.00001161;348180220138
20250626 000000;0.00001161;0.0000118;0.00001116;0.0000112;486499093681
20250627 000000;0.0000112;0.00001141;0.00001105;0.00001132;388150078671
20250628 000000;0.00001132;0.00001163;0.00001128;0.00001156;283685721425
20250629 000000;0.00001156;0.00001199;0.00001145;0.00001187;341130762153
20250630 000000;0.00001187;0.00001193;0.00001126;0.00001143;545761264533
20250701 000000;0.00001143;0.00001151;0.00001108;0.00001119;454577369391
20250702 000000;0.00001119;0.000012;0.00001113;0.00001179;702231009913
20250703 000000;0.00001179;0.00001215;0.00001171;0.00001188;632958328353
20250704 000000;0.00001188;0.00001199;0.00001121;0.00001144;571598556563
20250705 000000;0.00001144;0.00001159;0.00001134;0.00001147;338416596725
20250706 000000;0.00001147;0.00001197;0.00001137;0.00001182;548307205348
20250707 000000;0.00001182;0.00001194;0.00001145;0.00001163;447433065639
20250708 000000;0.00001163;0.00001197;0.00001153;0.00001185;547630947796
20250709 000000;0.00001185;0.00001255;0.00001176;0.00001238;856753095956
20250710 000000;0.00001238;0.00001344;0.00001229;0.00001334;1215798062650
20250711 000000;0.00001334;0.00001387;0.00001305;0.00001331;1756476797970
20250712 000000;0.00001331;0.00001354;0.00001282;0.0000132;840504097283
20250713 000000;0.0000132;0.0000135;0.00001308;0.0000133;651772538211
20250714 000000;0.0000133;0.00001415;0.00001312;0.00001326;1004448699183
20250715 000000;0.00001326;0.00001383;0.00001275;0.00001374;832241040541
20250716 000000;0.00001374;0.00001484;0.00001345;0.00001436;1353538917238
20250717 000000;0.00001436;0.00001474;0.00001388;0.00001446;1386040006235
20250718 000000;0.00001446;0.00001577;0.00001422;0.00001468;2321090067280
20250719 000000;0.00001468;0.00001535;0.00001431;0.0000149;1297934700903
20250720 000000;0.0000149;0.00001584;0.00001478;0.00001551;1543103090859
20250721 000000;0.00001551;0.00001597;0.00001508;0.00001548;1441073968258
20250722 000000;0.00001548;0.00001567;0.00001472;0.00001546;1285354304238
20250723 000000;0.00001546;0.00001547;0.00001341;0.00001385;1465919597858
20250724 000000;0.00001385;0.00001406;0.00001297;0.00001361;1222924864506
20250725 000000;0.00001361;0.00001411;0.00001311;0.00001408;879655603568
20250726 000000;0.00001408;0.00001422;0.0000139;0.00001397;419309117859
20250727 000000;0.00001397;0.00001428;0.00001389;0.00001417;410537770490
20250728 000000;0.00001417;0.00001438;0.00001326;0.00001335;848632282463
20250729 000000;0.00001335;0.00001367;0.00001289;0.00001312;666081114530
20250730 000000;0.00001312;0.00001319;0.00001223;0.00001286;882454448331
20250731 000000;0.00001286;0.00001317;0.00001238;0.00001244;461692226344
20250801 000000;0.00001244;0.00001251;0.00001173;0.00001206;1076693876207
20250802 000000;0.00001206;0.00001227;0.0000116;0.00001183;468084441064
20250803 000000;0.00001183;0.00001226;0.00001165;0.00001219;291170227860
20250804 000000;0.00001219;0.00001257;0.00001219;0.00001251;439262932116
20250805 000000;0.00001251;0.00001259;0.00001185;0.00001208;699403660779
20250806 000000;0.00001208;0.00001245;0.00001188;0.00001234;388522208439
20250807 000000;0.00001234;0.00001289;0.00001228;0.00001288;531925806588
20250808 000000;0.00001288;0.00001333;0.0000127;0.00001326;963894408971
20250809 000000;0.00001326;0.00001406;0.00001317;0.00001372;704918939441
20250810 000000;0.00001372;0.000014;0.00001326;0.00001357;568814016032
20250811 000000;0.00001357;0.00001392;0.00001281;0.00001292;862951545654
20250812 000000;0.00001292;0.00001375;0.0000127;0.00001353;645449830359
20250813 000000;0.00001353;0.00001403;0.0000134;0.00001392;890104552864
20250814 000000;0.00001392;0.00001419;0.00001262;0.00001288;1438195695551
20250815 000000;0.00001288;0.00001315;0.0000125;0.00001286;785014091203
20250816 000000;0.00001286;0.00001305;0.00001278;0.00001298;267032639671
20250817 000000;0.00001298;0.00001339;0.0000129;0.00001302;285181454147
20250818 000000;0.00001302;0.00001304;0.00001244;0.00001271;546393895113
20250819 000000;0.00001271;0.00001281;0.00001206;0.0000121;552219669857
20250820 000000;0.0000121;0.00001264;0.00001203;0.00001258;442960826715
20250821 000000;0.00001258;0.00001271;0.00001226;0.00001238;308535927741
20250822 000000;0.00001238;0.0000135;0.00001202;0.00001338;1226660332202
20250823 000000;0.00001338;0.0000134;0.00001294;0.00001326;578094541880
20250824 000000;0.00001326;0.00001351;0.00001271;0.00001296;757163736230
20250825 000000;0.00001296;0.00001314;0.00001183;0.00001204;921525249101
20250826 000000;0.00001204;0.00001262;0.0000119;0.00001254;657164960608
20250827 000000;0.00001254;0.00001265;0.00001237;0.0000125;474462797646
20250828 000000;0.0000125;0.00001273;0.0000124;0.00001267;362685921717
20250829 000000;0.00001267;0.00001273;0.00001198;0.00001219;986227102674
20250830 000000;0.00001219;0.00001248;0.00001202;0.00001233;280636335340
20250831 000000;0.00001233;0.00001251;0.00001216;0.00001218;244181513483
20250901 000000;0.00001218;0.00001261;0.00001181;0.0000121;752176350993
20250902 000000;0.0000121;0.00001248;0.00001202;0.00001243;387000675603
20250903 000000;0.00001243;0.00001257;0.00001229;0.00001248;203678259923
20250904 000000;0.00001248;0.00001253;0.000012;0.00001212;352290386288
20250905 000000;0.00001212;0.00001248;0.00001206;0.00001239;522969686606
20250906 000000;0.00001239;0.00001245;0.00001215;0.00001227;194285905274
20250907 000000;0.00001227;0.00001251;0.00001226;0.00001247;241584867585
20250908 000000;0.00001247;0.00001298;0.00001239;0.00001288;1003194116538
20250909 000000;0.00001288;0.0000132;0.00001266;0.00001288;788204681521
20250910 000000;0.00001288;0.00001317;0.00001275;0.00001305;505715260785
20250911 000000;0.00001305;0.00001327;0.00001291;0.00001325;439784282860
20250912 000000;0.00001325;0.00001392;0.0000132;0.0000139;733133390969
20250913 000000;0.0000139;0.00001484;0.00001374;0.00001429;1476741942400
20250914 000000;0.00001429;0.0000143;0.00001353;0.00001368;512808854805
20250915 000000;0.00001368;0.00001381;0.00001292;0.00001307;680008472707
20250916 000000;0.00001307;0.00001326;0.00001286;0.00001317;410513258755
20250917 000000;0.00001317;0.00001361;0.00001284;0.00001349;522126972491
20250918 000000;0.00001349;0.0000136;0.00001327;0.00001339;431219093621
20250919 000000;0.00001339;0.00001356;0.00001277;0.00001286;408092013581
20250920 000000;0.00001286;0.00001305;0.00001277;0.00001293;234760935132
20250921 000000;0.00001293;0.00001304;0.00001273;0.00001273;347241669225
20250922 000000;0.00001273;0.00001278;0.00001176;0.00001212;1073579149458
20250923 000000;0.00001212;0.00001229;0.00001189;0.00001209;475645423461
20250924 000000;0.00001209;0.00001237;0.0000119;0.00001214;369856923509
20250925 000000;0.00001214;0.00001217;0.0000115;0.00001164;576298001502
20250926 000000;0.00001164;0.00001198;0.0000115;0.00001191;322979995306
20250927 000000;0.00001191;0.00001192;0.00001171;0.0000118;166134315929
20250928 000000;0.0000118;0.00001203;0.00001158;0.00001201;234548468756
20250929 000000;0.00001201;0.00001205;0.00001171;0.00001197;316290410915
20250930 000000;0.00001197;0.000012;0.00001154;0.00001183;288818085134
20251001 000000;0.00001183;0.0000124;0.00001175;0.00001238;355513557619
20251002 000000;0.00001238;0.00001271;0.0000123;0.00001264;329883871454
20251003 000000;0.00001264;0.00001287;0.00001233;0.00001267;332116154419
20251004 000000;0.00001267;0.00001275;0.00001223;0.00001237;234118544094
20251005 000000;0.00001237;0.00001297;0.0000123;0.00001245;642365190778
20251006 000000;0.00001245;0.00001301;0.00001237;0.00001284;400854809761
20251007 000000;0.00001284;0.00001292;0.00001217;0.00001219;505210358547
20251008 000000;0.00001219;0.00001247;0.00001204;0.00001232;318525155342
20251009 000000;0.00001232;0.00001234;0.00001172;0.00001202;307834875152
20251010 000000;0.00001202;0.00001215;0.00000676;0.00000973;2254167175164
20251011 000000;0.00000973;0.00001073;0.00000957;0.00000995;1296965971242
20251012 000000;0.00000995;0.00001088;0.00000978;0.0000107;649668319415
20251013 000000;0.0000107;0.000011292;0.00001054;0.00001111;500282275158
20251014 000000;0.00001111;0.00001117;0.000010191;0.000010737;559225887633
20251015 000000;0.000010737;0.000010899;0.000010186;0.000010326;322510584518
20251016 000000;0.000010326;0.000010527;0.000009886;0.000010005;427740648540
20251017 000000;0.000010005;0.000010117;0.00000925;0.000009755;629518910661
20251018 000000;0.000009755;0.000009987;0.000009728;0.000009915;253067421061
20251019 000000;0.000009915;0.000010189;0.000009791;0.000010074;266349617373
20251020 000000;0.000010074;0.00001033;0.000009924;0.000010186;328782233345
20251021 000000;0.000010186;0.000010557;0.000009862;0.000010061;403701627981
20251022 000000;0.000010061;0.000010098;0.000009607;0.000009856;427786031945
20251023 000000;0.000009856;0.000010206;0.000009846;0.000010102;278759632591
20251024 000000;0.000010102;0.00001033;0.000010043;0.000010237;224539935247
20251025 000000;0.000010237;0.000010255;0.000010086;0.000010195;145676180812
20251026 000000;0.000010195;0.000010679;0.000010089;0.000010561;259640036641
20251027 000000;0.000010561;0.000010693;0.000010337;0.000010385;298237830518
20251028 000000;0.000010385;0.000010443;0.000009966;0.00001011;306419181556
20251029 000000;0.00001011;0.000010443;0.000009958;0.000010157;416483933640
20251030 000000;0.000010157;0.000010246;0.000009362;0.000009727;478659879283
20251031 000000;0.000009727;0.000010068;0.0000097;0.000010019;293975568802
20251101 000000;0.000010019;0.000010261;0.000009964;0.000010198;195485708558
20251102 000000;0.000010198;0.000010252;0.000009952;0.00001017;166384587884
20251103 000000;0.00001017;0.000010194;0.00000894;0.000009188;655790368275
20251104 000000;0.000009188;0.000009321;0.000008379;0.000008846;1031849637112
20251105 000000;0.000008846;0.000009231;0.000008423;0.000009158;513370706679
20251106 000000;0.000009158;0.000009185;0.000008785;0.000009027;356254926117
20251107 000000;0.000009027;0.000010349;0.000009024;0.000010026;828451454744
20251108 000000;0.000010026;0.000010286;0.00000969;0.000009962;435592506145
20251109 000000;0.000009962;0.000010083;0.000009638;0.000009992;371663494121
20251110 000000;0.000009992;0.00001023;0.00000988;0.000010143;409769086383
20251111 000000;0.000010143;0.000010267;0.000009616;0.000009638;299593923212
20251112 000000;0.000009638;0.000009987;0.000009451;0.000009505;361249156060
20251113 000000;0.000009505;0.000009863;0.000009047;0.000009301;351868257954
20251114 000000;0.000009301;0.000009367;0.000008847;0.00000898;417325281719
20251115 000000;0.00000898;0.000009268;0.000008965;0.000009047;226071842345
20251116 000000;0.000009047;0.000009234;0.000008641;0.000008895;348184368138
20251117 000000;0.000008895;0.000009178;0.000008461;0.000008586;412296614900
20251118 000000;0.000008586;0.000009011;0.000008478;0.000008873;417823263892
20251119 000000;0.000008873;0.000008913;0.000008233;0.000008561;553648971654
20251120 000000;0.000008561;0.000008833;0.000008128;0.000008253;469716445109
20251121 000000;0.000008253;0.000008398;0.000007557;0.000007845;782149743538
20251122 000000;0.000007845;0.000007894;0.000007566;0.000007795;291142830693
20251123 000000;0.000007795;0.000008045;0.000007765;0.000007854;285259365436
20251124 000000;0.000007854;0.000008425;0.000007789;0.000008333;412134127440
20251125 000000;0.000008333;0.000008912;0.000008032;0.000008796;365409879103
20251126 000000;0.000008796;0.000008844;0.000008305;0.000008592;427772751804
20251127 000000;0.000008592;0.000008852;0.000008515;0.000008758;259115084888
20251128 000000;0.000008758;0.000009131;0.00000861;0.000008643;366530127478
20251129 000000;0.000008643;0.000008664;0.000008412;0.000008522;175579041542
20251130 000000;0.000008522;0.000008627;0.000008361;0.000008366;163251893195
20251201 000000;0.000008366;0.000008376;0.000007852;0.000007967;566191941877
20251202 000000;0.000007967;0.00000858;0.00000788;0.000008452;475490634275
20251203 000000;0.000008452;0.000009512;0.000008442;0.000008971;1123474818860
20251204 000000;0.000008971;0.000009026;0.000008558;0.000008707;370690122287
20251205 000000;0.000008707;0.000008777;0.000008141;0.000008308;449150095559
20251206 000000;0.000008308;0.000008635;0.000008259;0.000008425;367163401068
20251207 000000;0.000008425;0.00000858;0.000008188;0.000008332;314662921245
20251208 000000;0.000008332;0.000008618;0.000008283;0.000008573;366533931000
20251209 000000;0.000008573;0.000009045;0.000008415;0.000008717;497309219570
20251210 000000;0.000008717;0.000008928;0.000008467;0.000008545;557236861374
20251211 000000;0.000008545;0.000008616;0.000008184;0.000008504;402788981129
20251212 000000;0.000008504;0.000008515;0.000008057;0.000008276;359942631040
20251213 000000;0.000008276;0.000008448;0.000008264;0.000008356;231991975268
20251214 000000;0.000008356;0.000008387;0.000007979;0.000008072;296874766815
20251215 000000;0.000008072;0.000008271;0.000007712;0.000007901;410266546811
20251216 000000;0.000007901;0.000008005;0.000007714;0.000007866;328664530667
20251217 000000;0.000007866;0.000008046;0.000007461;0.000007524;427147910270
20251218 000000;0.000007524;0.00000754;0.000007003;0.000007036;904354298310
20251219 000000;0.000007036;0.000007652;0.000007;0.000007516;562231564848
20251220 000000;0.000007516;0.00000752;0.0000074;0.000007433;208712426843
20251221 000000;0.000007433;0.000007457;0.000007187;0.000007282;235120099872
20251222 000000;0.000007282;0.000007438;0.000007155;0.000007203;361336050025
20251223 000000;0.000007203;0.000007281;0.000007039;0.000007123;315202041292
20251224 000000;0.000007123;0.000007282;0.000006989;0.000007218;336183896130
20251225 000000;0.000007218;0.000007289;0.000007051;0.000007066;327948718504
20251226 000000;0.000007066;0.000007295;0.000007023;0.000007128;485001301131
20251227 000000;0.000007128;0.000007402;0.000007101;0.000007381;294232844254
20251228 000000;0.000007381;0.000007412;0.00000726;0.000007402;271671734455
20251229 000000;0.000007402;0.000007569;0.000007175;0.000007199;385894853574
20251230 000000;0.000007199;0.000007257;0.000007077;0.000007107;281210308084
20251231 000000;0.000007107;0.000007143;0.000006826;0.00000691;466427859833
