20250101 000000;0.04722;0.056;0.04403;0.05274;1657430.61
20250102 000000;0.05274;0.05453;0.05003;0.05158;1359498.42
20250103 000000;0.05158;0.05635;0.05118;0.05215;1584148.21
20250104 000000;0.05215;0.05279;0.04764;0.0487;1568707.4
20250105 000000;0.0487;0.04901;0.044;0.0477;1586247.82
20250106 000000;0.0477;0.05152;0.04709;0.04833;1619430.84
20250107 000000;0.04833;0.05186;0.04453;0.04457;1790393.51
20250108 000000;0.04457;0.04511;0.04094;0.04148;1955198.51
20250109 000000;0.04148;0.04223;0.0371;0.03897;1566087.68
20250110 000000;0.03897;0.04159;0.03883;0.04112;1886490.19
20250111 000000;0.04112;0.04251;0.03999;0.04251;1443765.31
20250112 000000;0.04251;0.04265;0.03912;0.04107;1782614.33
20250113 000000;0.04107;0.04236;0.03796;0.04087;2083207.38
20250114 000000;0.04087;0.046;0.03956;0.04447;1978192.21
20250115 000000;0.04447;0.04988;0.04381;0.04971;1691369.22
20250116 000000;0.04971;0.05676;0.04704;0.05311;1720353.79
20250117 000000;0.05311;0.05676;0.04999;0.05184;1607920.74
20250118 000000;0.05184;0.05286;0.0469;0.0514;1700110.19
20250119 000000;0.0514;0.05389;0.04721;0.04884;1663737.49
20250120 000000;0.04884;0.0688;0.04464;0.05092;2193510.49
20250121 000000;0.05092;0.05351;0.04826;0.05152;1808138.06
20250122 000000;0.05152;0.0539;0.0465;0.04816;1826319.76
20250123 000000;0.04816;0.04822;0.04519;0.04688;1977133.37
20250124 000000;0.04688;0.04952;0.04335;0.04775;1754709.56
20250125 000000;0.04775;0.04952;0.04639;0.04883;1731102.8
20250126 000000;0.04883;0.05044;0.04607;0.04786;1582506.51
20250127 000000;0.04786;0.04904;0.03965;0.04164;2420927.29
20250128 000000;0.04164;0.04947;0.03967;0.04097;2121388.15
20250129 000000;0.04097;0.04247;0.03965;0.04101;2287311.72
20250130 000000;0.04101;0.04275;0.04082;0.04195;1884080.74
20250131 000000;0.04195;0.04253;0.03859;0.04063;2626354.01
20250201 000000;0.04063;0.04068;0.0347;0.03504;3189827.98
20250202 000000;0.03504;0.0353;0.03;0.03083;4379597.95
20250203 000000;0.03083;0.03579;0.02718;0.03481;5403676.77
20250204 000000;0.03481;0.03507;0.03032;0.03061;3883120.27
20250205 000000;0.03061;0.036;0.02638;0.02748;3742651.81
20250206 000000;0.02748;0.02996;0.02644;0.0272;3299685.53
20250207 000000;0.0272;0.02962;0.02704;0.0279;3500704.55
20250208 000000;0.0279;0.02837;0.02724;0.02772;3730700.49
20250209 000000;0.02772;0.02871;0.02688;0.0277;3525194.51
20250210 000000;0.0277;0.03529;0.02729;0.02884;3726036.93
20250211 000000;0.02884;0.03047;0.02794;0.02853;3579995.5
20250212 000000;0.02853;0.03081;0.02675;0.02918;3958989.71
20250213 000000;0.02918;0.03082;0.02745;0.02796;3636969.56
20250214 000000;0.02796;0.03085;0.02794;0.02944;3542110.42
20250215 000000;0.02944;0.03044;0.02901;0.02936;2947869.4
20250216 000000;0.02936;0.02939;0.02825;0.02848;3017152.5
20250217 000000;0.02848;0.02856;0.02652;0.02707;3485183.81
20250218 000000;0.02707;0.02709;0.02513;0.02644;2823900.58
20250219 000000;0.02644;0.02859;0.02618;0.02735;4291480.02
20250220 000000;0.02735;0.02875;0.02659;0.02839;4805925.38
20250221 000000;0.02839;0.02994;0.02574;0.02716;4798564.42
20250222 000000;0.02716;0.02831;0.0265;0.02707;4634196.47
20250223 000000;0.02707;0.02768;0.02513;0.0262;4667544.25
20250224 000000;0.0262;0.02851;0.02449;0.02478;4148837.31
20250225 000000;0.02478;0.025;0.02225;0.02478;4233047.77
20250226 000000;0.02478;0.02486;0.02342;0.02397;3552525.81
20250227 000000;0.02397;0.02613;0.02377;0.02392;3740138.25
20250228 000000;0.02392;0.02798;0.02241;0.02648;3602801.87
20250301 000000;0.02648;0.03177;0.02465;0.0309;3262126.16
20250302 000000;0.0309;0.03337;0.02934;0.0322;3057044.78
20250303 000000;0.0322;0.03429;0.02709;0.02742;3637102.62
20250304 000000;0.02742;0.03106;0.02647;0.02917;3407684.21
20250305 000000;0.02917;0.03194;0.0289;0.03012;2353333.72
20250306 000000;0.03012;0.03082;0.02737;0.02871;2668023.79
20250307 000000;0.02871;0.03109;0.02752;0.0285;3738140.17
20250308 000000;0.0285;0.02875;0.02612;0.02717;3635887.59
20250309 000000;0.02717;0.0275;0.02396;0.02405;3477635.37
20250310 000000;0.02405;0.02638;0.022;0.02259;5575669.1
20250311 000000;0.02259;0.02414;0.02153;0.02227;5154832.2
20250312 000000;0.02227;0.02421;0.02154;0.02208;4723953
20250313 000000;0.02208;0.02247;0.02024;0.0207;4643229.94
20250314 000000;0.0207;0.02132;0.01962;0.02008;4122743.93
20250315 000000;0.02008;0.021;0.0195;0.01966;3438928.87
20250316 000000;0.01966;0.02064;0.019;0.01906;3282551.44
20250317 000000;0.01906;0.02629;0.01904;0.01954;3348432.39
20250318 000000;0.01954;0.0203;0.01856;0.01947;3233548.17
20250319 000000;0.01947;0.025;0.0191;0.02108;4569530.83
20250320 000000;0.02108;0.02157;0.01961;0.02065;4519895.74
20250321 000000;0.02065;0.0208;0.01954;0.01987;4167880.58
20250322 000000;0.01987;0.02015;0.01951;0.01984;2589240.48
20250323 000000;0.01984;0.02099;0.0195;0.02092;2508324.87
20250324 000000;0.02092;0.0252;0.02056;0.02475;3395917.88
20250325 000000;0.02475;0.02602;0.02447;0.02505;3538240.16
20250326 000000;0.02505;0.02656;0.02331;0.02377;3196452.86
20250327 000000;0.02377;0.0249;0.02188;0.02373;2608630.76
20250328 000000;0.02373;0.02377;0.02097;0.02171;2924405.98
20250329 000000;0.02171;0.0221;0.01957;0.02044;2899781.83
20250330 000000;0.02044;0.02153;0.01998;0.02056;3093974.67
20250331 000000;0.02056;0.02108;0.01909;0.02015;3272273.1
20250401 000000;0.02015;0.02118;0.01966;0.02046;3277615.65
20250402 000000;0.02046;0.02145;0.01944;0.01958;3635758.12
20250403 000000;0.01958;0.02008;0.018;0.01955;3579900.33
20250404 000000;0.01955;0.02016;0.01859;0.01929;3591665.03
20250405 000000;0.01929;0.01949;0.01848;0.01893;3490812.72
20250406 000000;0.01893;0.01895;0.01612;0.01662;4165693.6
20250407 000000;0.01662;0.01781;0.01464;0.01777;3368809.98
20250408 000000;0.01777;0.01909;0.01691;0.0172;3091105.67
20250409 000000;0.0172;0.0195;0.01642;0.01901;3214097.91
20250410 000000;0.01901;0.01997;0.01806;0.01858;2794046.28
20250411 000000;0.01858;0.01953;0.01843;0.01853;3068357.91
20250412 000000;0.01853;0.01951;0.01832;0.01951;1667074.29
20250413 000000;0.01951;0.01952;0.01818;0.01829;2035298.6
20250414 000000;0.01829;0.01919;0.01823;0.0187;2571404.16
20250415 000000;0.0187;0.01871;0.01752;0.01755;2474739.83
20250416 000000;0.01755;0.01771;0.01709;0.0176;2264531.19
20250417 000000;0.0176;0.01849;0.01754;0.01831;2556069.34
20250418 000000;0.01831;0.01868;0.01783;0.01859;2591846.88
20250419 000000;0.01859;0.01914;0.01807;0.01873;2440790.25
20250420 000000;0.01873;0.01979;0.01772;0.01904;2361691.07
20250421 000000;0.01904;0.01982;0.01837;0.01966;2291573.41
20250422 000000;0.01966;0.02069;0.01945;0.02057;2038453.13
20250423 000000;0.02057;0.02168;0.02034;0.02093;1903876.3
20250424 000000;0.02093;0.02157;0.02026;0.0215;1317047.12
20250425 000000;0.0215;0.02384;0.02147;0.02233;1643312.15
20250426 000000;0.02233;0.02267;0.02174;0.02205;2208488.27
20250427 000000;0.02205;0.02399;0.02149;0.02204;4335397.63
20250428 000000;0.02204;0.02313;0.02151;0.02197;3905540.08
20250429 000000;0.02197;0.02246;0.02121;0.02153;4483058.3
20250430 000000;0.02153;0.02185;0.01885;0.01988;4352117.21
20250501 000000;0.01988;0.02221;0.01988;0.02145;3856990.2
20250502 000000;0.02145;0.02199;0.02117;0.02158;5671752.96
20250503 000000;0.02158;0.02167;0.02006;0.02119;7603190.41
20250504 000000;0.02119;0.02152;0.02014;0.02049;8792397.22
20250505 000000;0.02049;0.02075;0.01966;0.02012;5172134.56
20250506 000000;0.02012;0.02026;0.01899;0.0201;1825876.28
20250507 000000;0.0201;0.02035;0.01974;0.02021;2325638.36
20250508 000000;0.02021;0.02218;0.02021;0.02208;3405447.48
20250509 000000;0.02208;0.023;0.02079;0.02287;3789682.51
20250510 000000;0.02287;0.02423;0.02283;0.02422;3926769.6
20250511 000000;0.02422;0.02442;0.02296;0.02354;4038767.36
20250512 000000;0.02354;0.02534;0.02313;0.02383;3400637.56
20250513 000000;0.02383;0.02413;0.02254;0.02389;2609978.81
20250514 000000;0.02389;0.02421;0.02269;0.02292;2190043.33
20250515 000000;0.02292;0.02313;0.02148;0.0222;2017087.83
20250516 000000;0.0222;0.02242;0.021;0.0216;1809624.4
20250517 000000;0.0216;0.02268;0.02022;0.02122;3446671.19
20250518 000000;0.02122;0.02306;0.02058;0.02208;2616579.16
20250519 000000;0.02208;0.02261;0.02005;0.02143;3539547.65
20250520 000000;0.02143;0.02339;0.02094;0.02187;3539452.44
20250521 000000;0.02187;0.02241;0.02051;0.02163;3004588.76
20250522 000000;0.02163;0.02529;0.02104;0.02219;3227721.68
20250523 000000;0.02219;0.02264;0.01946;0.01947;2993706.97
20250524 000000;0.01947;0.02002;0.01935;0.01955;4865452.19
20250525 000000;0.01955;0.0196;0.01808;0.01918;3817559.11
20250526 000000;0.01918;0.02103;0.01887;0.01929;3621740.27
20250527 000000;0.01929;0.02001;0.01894;0.01959;3666619.87
20250528 000000;0.01959;0.01959;0.01879;0.01912;3644188.11
20250529 000000;0.01912;0.02106;0.01865;0.01883;2641547.42
20250530 000000;0.01883;0.01888;0.01712;0.01747;3553489.12
20250531 000000;0.01747;0.01779;0.01674;0.0174;4204449.33
20250601 000000;0.0174;0.01789;0.01646;0.01736;3848652.18
20250602 000000;0.01736;0.01812;0.01733;0.01763;2485573.63
20250603 000000;0.01763;0.01847;0.01754;0.01818;1622492.93
20250604 000000;0.01818;0.01837;0.01738;0.01782;1649423.05
20250605 000000;0.01782;0.01823;0.01603;0.01685;2355990.69
20250606 000000;0.01685;0.01771;0.01674;0.01749;1086007.9
20250607 000000;0.01749;0.01791;0.01739;0.0177;706376.79
20250608 000000;0.0177;0.01813;0.01712;0.01796;639049.16
20250609 000000;0.01796;0.01878;0.01758;0.01876;836041.02
20250610 000000;0.01876;0.01931;0.01863;0.01889;778835.87
20250611 000000;0.01889;0.01925;0.01835;0.01849;696350.21
20250612 000000;0.01849;0.01849;0.01733;0.01736;859166.93
20250613 000000;0.01736;0.01736;0.016;0.01666;946679.74
20250614 000000;0.01666;0.0173;0.016;0.01634;797603.88
20250615 000000;0.01634;0.01645;0.016;0.01632;788080.13
20250616 000000;0.01632;0.01746;0.01618;0.01643;1830534.26
20250617 000000;0.01643;0.01684;0.0157;0.01571;985732.22
20250618 000000;0.01571;0.01595;0.01531;0.01553;620990.67
20250619 000000;0.01553;0.01575;0.01536;0.01561;418388.79
20250620 000000;0.01561;0.01596;0.01509;0.01525;707942.3
20250621 000000;0.01525;0.01569;0.01431;0.01446;1026487.51
20250622 000000;0.01446;0.01476;0.01345;0.01399;679840.85
20250623 000000;0.01399;0.01616;0.01399;0.01608;1658641.86
20250624 000000;0.01608;0.0182;0.01608;0.01803;1504932.58
20250625 000000;0.01803;0.01837;0.0177;0.01784;1336860.15
20250626 000000;0.01784;0.01786;0.01704;0.01727;2162912.05
20250627 000000;0.01727;0.01756;0.01705;0.01738;1995812.03
20250628 000000;0.01738;0.01755;0.01617;0.01714;1225467.19
20250629 000000;0.01714;0.01807;0.01714;0.01807;1014153.07
20250630 000000;0.01807;0.01807;0.01755;0.01793;1935070.64
20250701 000000;0.01793;0.01797;0.01714;0.01719;1917056.3
20250702 000000;0.01719;0.01837;0.01698;0.01836;1903900.09
20250703 000000;0.01836;0.01931;0.01743;0.01859;1905715.78
20250704 000000;0.01859;0.01887;0.01781;0.01806;1785173.86
20250705 000000;0.01806;0.01821;0.01801;0.01811;1873093.41
20250706 000000;0.01811;0.01885;0.01784;0.0187;1984385.15
20250707 000000;0.0187;0.01957;0.01816;0.01852;1937375.47
20250708 000000;0.01852;0.01969;0.01762;0.01895;2058481.68
20250709 000000;0.01895;0.02092;0.01878;0.02055;1998599.3
20250710 000000;0.02055;0.02218;0.01838;0.0221;1854992.12
20250711 000000;0.0221;0.02413;0.02207;0.02301;1581366.12
20250712 000000;0.02301;0.0236;0.02207;0.02302;1302298.61
20250713 000000;0.02302;0.02809;0.02302;0.02506;1366867.12
20250714 000000;0.02506;0.02661;0.024;0.0243;1266930.53
20250715 000000;0.0243;0.02433;0.02257;0.02326;1455704.34
20250716 000000;0.02326;0.02479;0.022;0.02436;1700798.37
20250717 000000;0.02436;0.02698;0.02032;0.02459;1977972.06
20250718 000000;0.02459;0.02552;0.02101;0.02122;1809169.97
20250719 000000;0.02122;0.02279;0.02105;0.02234;1699020.89
20250720 000000;0.02234;0.02364;0.02152;0.02286;1621648.13
20250721 000000;0.02286;0.0248;0.01972;0.02117;2051702.1
20250722 000000;0.02117;0.02124;0.01898;0.0203;1983762.86
20250723 000000;0.0203;0.02072;0.017;0.01798;1854935.28
20250724 000000;0.01798;0.01871;0.0165;0.01775;1771153.49
20250725 000000;0.01775;0.01806;0.01673;0.0179;1985245.74
20250726 000000;0.0179;0.02043;0.01787;0.01942;1757314.8
20250727 000000;0.01942;0.02026;0.01905;0.01956;1631354.12
20250728 000000;0.01956;0.01962;0.01776;0.01823;1615616.93
20250729 000000;0.01823;0.01995;0.01775;0.01928;1847421.05
20250730 000000;0.01928;0.02248;0.01867;0.02234;1579090.6
20250731 000000;0.02234;0.02919;0.02227;0.02358;1606979.42
20250801 000000;0.02358;0.02427;0.02184;0.02226;1639882.8
20250802 000000;0.02226;0.023;0.018;0.01864;1877759.07
20250803 000000;0.01864;0.02103;0.01862;0.021;1413803.22
20250804 000000;0.021;0.02166;0.02041;0.02147;1373521.53
20250805 000000;0.02147;0.02269;0.01983;0.02009;1688009.14
20250806 000000;0.02009;0.02218;0.01896;0.01914;1892761.01
20250807 000000;0.01914;0.02042;0.01794;0.01955;1805543.67
20250808 000000;0.01955;0.02106;0.0192;0.0199;1052019.36
20250809 000000;0.0199;0.022;0.0195;0.02036;617952.57
20250810 000000;0.02036;0.02184;0.01971;0.02008;546225.49
20250811 000000;0.02008;0.02091;0.0192;0.01941;291221.71
20250812 000000;0.01941;0.02084;0.01927;0.02076;386396.06
20250813 000000;0.02076;0.02125;0.02007;0.02056;606310.42
20250814 000000;0.02056;0.02138;0.01909;0.01931;639065.51
20250815 000000;0.01931;0.02039;0.01873;0.01914;613097.39
20250816 000000;0.01914;0.02002;0.01897;0.01958;324384.17
20250817 000000;0.01958;0.02033;0.01903;0.01956;379305.43
20250818 000000;0.01956;0.01986;0.01845;0.01899;690421.2
20250819 000000;0.01899;0.01945;0.01774;0.01776;1486906.78
20250820 000000;0.01776;0.01882;0.017;0.01845;4456881.92
20250821 000000;0.01845;0.01896;0.01766;0.01832;5250774.6
20250822 000000;0.01832;0.0203;0.01771;0.02013;4913861.35
20250823 000000;0.02013;0.02031;0.01861;0.01974;4961611.09
20250824 000000;0.01974;0.01999;0.0188;0.01916;4232718.2
20250825 000000;0.01916;0.01951;0.0177;0.01785;4617166.49
20250826 000000;0.01785;0.01952;0.0177;0.01884;5231670.18
20250827 000000;0.01884;0.01902;0.01824;0.01829;4822729.05
20250828 000000;0.01829;0.01879;0.01762;0.01853;4262789.65
20250829 000000;0.01853;0.01866;0.0175;0.01766;1560752.47
20250830 000000;0.01766;0.0177;0.01728;0.01739;349216.45
20250831 000000;0.01739;0.0177;0.01701;0.01729;1374288.82
20250901 000000;0.01729;0.01729;0.01651;0.0166;2783738.94
20250902 000000;0.0166;0.01716;0.01651;0.0169;2843271.46
20250903 000000;0.0169;0.01755;0.01677;0.01726;4267058.34
20250904 000000;0.01726;0.0173;0.0165;0.01668;3957363.26
20250905 000000;0.01668;0.01718;0.01668;0.01695;48344.52
20250906 000000;0.01695;0.01711;0.01667;0.01667;28790.22
20250907 000000;0.01667;0.01703;0.01659;0.01684;51527.53
20250908 000000;0.01684;0.01771;0.01684;0.01756;1247207.06
20250909 000000;0.01756;0.01801;0.01746;0.0176;1096027.45
20250910 000000;0.0176;0.01821;0.01751;0.01808;45888.97
20250911 000000;0.01808;0.02009;0.01778;0.01856;103546.78
20250912 000000;0.01856;0.0189;0.01801;0.01877;95036.26
20250913 000000;0.01877;0.01933;0.01872;0.01896;350223.77
20250914 000000;0.01896;0.01896;0.01826;0.01839;332626
20250915 000000;0.01839;0.01847;0.01772;0.01793;326504.28
20250916 000000;0.01793;0.01834;0.01749;0.01795;487358.71
20250917 000000;0.01795;0.01854;0.01785;0.01854;250334.78
20250918 000000;0.01854;0.01888;0.01846;0.01876;89037.87
20250919 000000;0.01876;0.01876;0.01784;0.01803;423571.47
20250920 000000;0.01803;0.01845;0.01803;0.01815;205017.75
20250921 000000;0.01815;0.01815;0.01784;0.01784;38802.63
20250922 000000;0.01784;0.01784;0.01633;0.0166;223197.93
20250923 000000;0.0166;0.01687;0.01647;0.01668;132427.24
20250924 000000;0.01668;0.0169;0.01636;0.01674;130379.61
20250925 000000;0.01674;0.01674;0.01536;0.01536;266221.57
20250926 000000;0.01536;0.01575;0.01531;0.01575;93137.16
20250927 000000;0.01575;0.01576;0.01572;0.01572;4639.43
20250928 000000;0.01572;0.01582;0.01556;0.01576;67916.69
20250929 000000;0.01576;0.01606;0.01576;0.01589;68363.83
20250930 000000;0.01589;0.01592;0.01564;0.01584;137523.46
20251001 000000;0.01584;0.0163;0.01567;0.0163;100837.6
20251002 000000;0.0163;0.01686;0.0163;0.01684;116615.74
20251003 000000;0.01684;0.01686;0.01643;0.01681;243748.8
20251004 000000;0.01681;0.01681;0.01607;0.01616;269657.34
20251005 000000;0.01616;0.01654;0.01599;0.01599;142424.25
20251006 000000;0.01599;0.01692;0.01595;0.01692;416881.03
20251007 000000;0.01692;0.01706;0.01615;0.01615;212696.43
20251008 000000;0.01615;0.01623;0.01607;0.01623;20186.33
20251009 000000;0.01623;0.01623;0.01556;0.01559;150381.28
20251010 000000;0.01559;0.01572;0.01238;0.01238;987328.48
20251011 000000;0.01238;0.0128;0.012;0.01224;749415.39
20251012 000000;0.01224;0.01349;0.012;0.01337;358850.22
20251013 000000;0.01337;0.01393;0.01337;0.01393;163540.87
20251014 000000;0.01393;0.01393;0.01255;0.01325;398119.51
20251015 000000;0.01325;0.01332;0.01257;0.01271;228710.98
20251016 000000;0.01271;0.01289;0.01202;0.01202;330270.59
20251017 000000;0.01202;0.01214;0.01111;0.01138;411155.77
20251018 000000;0.01138;0.01159;0.01138;0.01159;35815.49
20251019 000000;0.01159;0.0123;0.01157;0.01213;189379.85
20251020 000000;0.01213;0.01264;0.01191;0.01243;246850.71
20251021 000000;0.01243;0.01263;0.01194;0.01217;353770.06
20251022 000000;0.01217;0.01217;0.01153;0.01169;255037.82
20251023 000000;0.01169;0.01191;0.01166;0.01168;115239.8
20251024 000000;0.01168;0.01215;0.01168;0.01199;170095.74
20251025 000000;0.01199;0.01222;0.01199;0.01217;40055.01
20251026 000000;0.01217;0.01301;0.01211;0.01283;644884.57
20251027 000000;0.01283;0.01302;0.01271;0.01302;182085.57
20251028 000000;0.01302;0.01527;0.01302;0.01362;1061502.22
20251029 000000;0.01362;0.01422;0.01357;0.01405;312636.39
20251030 000000;0.01405;0.01443;0.01339;0.01358;394466.6
20251031 000000;0.01358;0.01388;0.01322;0.01388;310246.08
20251101 000000;0.01388;0.0139;0.01348;0.01354;137812.73
20251102 000000;0.01354;0.01354;0.01314;0.0132;247796.35
20251103 000000;0.0132;0.01322;0.0116;0.0116;721854.49
20251104 000000;0.0116;0.0116;0.01026;0.01077;1163776.96
20251105 000000;0.01077;0.01114;0.01045;0.0111;756958.69
20251106 000000;0.0111;0.0111;0.01039;0.01039;430645.14
20251107 000000;0.01039;0.01176;0.01034;0.01152;670990.13
20251108 000000;0.01152;0.01153;0.01125;0.01125;72529.67
20251109 000000;0.01125;0.01139;0.01102;0.01139;453310.29
20251110 000000;0.01139;0.01274;0.01139;0.01254;461563.35
20251111 000000;0.01254;0.0127;0.01164;0.01171;297337.7
20251112 000000;0.01171;0.01196;0.01146;0.01146;166249.58
20251113 000000;0.01146;0.01169;0.01071;0.01077;829110.88
20251114 000000;0.01077;0.01077;0.01014;0.01019;408140.63
20251115 000000;0.01019;0.01042;0.01019;0.01031;241802.41
20251116 000000;0.01031;0.01031;0.00966;0.00966;302569.21
20251117 000000;0.00966;0.01007;0.00964;0.00972;486387.5
20251118 000000;0.00972;0.01008;0.00967;0.01008;159127.73
20251119 000000;0.01008;0.01008;0.00942;0.00969;328721.22
20251120 000000;0.00969;0.00989;0.00922;0.00931;364400.47
20251121 000000;0.00931;0.00931;0.00831;0.00862;856528.62
20251122 000000;0.00862;0.00862;0.00833;0.00857;348414.4
20251123 000000;0.00857;0.00983;0.00856;0.00956;625809.03
20251124 000000;0.00956;0.00964;0.00919;0.00947;304337.73
20251125 000000;0.00947;0.00951;0.00911;0.00929;337710.83
20251126 000000;0.00929;0.00957;0.00927;0.00957;140399.03
20251127 000000;0.00957;0.00958;0.00946;0.0095;59514.54
20251128 000000;0.0095;0.00963;0.00944;0.00944;128852.44
20251129 000000;0.00944;0.00944;0.00911;0.00917;230977.93
20251130 000000;0.00917;0.00932;0.00917;0.00921;72780.46
20251201 000000;0.00921;0.00921;0.00854;0.00863;383271.51
20251202 000000;0.00863;0.00937;0.00859;0.00937;274127.75
20251203 000000;0.00937;0.00953;0.00928;0.00941;161198.42
20251204 000000;0.00941;0.00941;0.00903;0.00907;155144.72
20251205 000000;0.00907;0.00907;0.00874;0.00874;220681.97
20251206 000000;0.00874;0.00874;0.00869;0.00869;221442.77
20251207 000000;0.00869;0.00888;0.00846;0.00857;453037.72
20251208 000000;0.00857;0.00886;0.00857;0.00886;89736.9
20251209 000000;0.00886;0.00919;0.00874;0.00908;233304.73
20251210 000000;0.00908;0.00917;0.00892;0.00892;177114.07
20251211 000000;0.00892;0.00892;0.00808;0.00808;498778.99
20251212 000000;0.00808;0.00817;0.00789;0.00789;123331.94
20251213 000000;0.00789;0.00792;0.0078;0.0078;60981.82
20251214 000000;0.0078;0.00793;0.00776;0.00776;94877.92
20251215 000000;0.00776;0.0079;0.00733;0.00744;321182.25
20251216 000000;0.00744;0.0076;0.00743;0.00747;155908.53
20251217 000000;0.00747;0.00759;0.00718;0.00718;249091.67
20251218 000000;0.00718;0.00741;0.00688;0.00691;378744.28
20251219 000000;0.00691;0.00736;0.00673;0.00736;843814.42
20251220 000000;0.00736;0.00743;0.00725;0.00743;93294.52
20251221 000000;0.00743;0.00743;0.00716;0.0073;142019.19
20251222 000000;0.0073;0.00765;0.0073;0.00743;331319.47
20251223 000000;0.00743;0.00743;0.0071;0.00719;610309.27
20251224 000000;0.00719;0.00727;0.0071;0.00723;487058.38
20251225 000000;0.00723;0.00751;0.00721;0.00737;731396.12
20251226 000000;0.00737;0.00767;0.00737;0.00746;247290.65
20251227 000000;0.00746;0.00756;0.00745;0.00756;41222.18
20251228 000000;0.00756;0.00767;0.00753;0.00756;103378.98
20251229 000000;0.00756;0.00776;0.0074;0.0074;245711.4
20251230 000000;0.0074;0.0074;0.00716;0.00716;157868.5
20251231 000000;0.00716;0.00716;0.00685;0.00688;126211.28
