20260101 000000;0.00688;0.00722;0.00688;0.00722;121940.04
20260102 000000;0.00722;0.00778;0.00722;0.00769;340504.89
20260103 000000;0.00769;0.00769;0.00737;0.00754;165003.19
20260104 000000;0.00754;0.00806;0.00754;0.00779;288102.31
20260105 000000;0.00779;0.00804;0.00773;0.00804;200574.59
20260106 000000;0.00804;0.00808;0.00756;0.00772;314373.13
20260107 000000;0.00772;0.00772;0.00734;0.00734;198893.72
20260108 000000;0.00734;0.00739;0.0072;0.00731;152891.29
20260109 000000;0.00731;0.00747;0.00723;0.00728;256189.48
20260110 000000;0.00728;0.00768;0.00725;0.00758;259040.18
20260111 000000;0.00758;0.00759;0.00747;0.00747;46980.82
20260112 000000;0.00747;0.00755;0.00737;0.00741;293411.56
20260113 000000;0.00741;0.00829;0.00738;0.00829;812917.63
20260114 000000;0.00829;0.0087;0.00806;0.00806;1065967.07
20260115 000000;0.00806;0.00806;0.00784;0.00784;322836.74
20260116 000000;0.00784;0.00808;0.00747;0.00763;396799.19
20260117 000000;0.00763;0.00773;0.00758;0.00773;64540.29
20260118 000000;0.00773;0.00802;0.00761;0.00768;309455.08
20260119 000000;0.00768;0.00768;0.00716;0.0072;458482.53
20260120 000000;0.0072;0.0072;0.00679;0.00683;172161.57
20260121 000000;0.00683;0.00711;0.00683;0.007;360933.55
20260122 000000;0.007;0.007;0.00685;0.00685;48554.61
20260123 000000;0.00685;0.00715;0.00685;0.00706;116263.51
20260124 000000;0.00706;0.00706;0.00698;0.00698;20257.68
20260125 000000;0.00698;0.00701;0.00661;0.00667;249744.88
20260126 000000;0.00667;0.00701;0.00667;0.00685;243835.66
20260127 000000;0.00685;0.00689;0.00679;0.00689;121573.17
20260128 000000;0.00689;0.00704;0.00677;0.00682;265920.45
20260129 000000;0.00682;0.00682;0.00629;0.00647;824769.28
20260130 000000;0.00647;0.00648;0.00626;0.00633;1350186.65
20260131 000000;0.00633;0.00658;0.00579;0.00619;3019291.07
20260201 000000;0.00619;0.00673;0.00586;0.00587;2148708.8
20260202 000000;0.00587;0.007;0.00579;0.00628;2068599.09
20260203 000000;0.00628;0.00629;0.00586;0.00601;1500965.99
20260204 000000;0.00601;0.00616;0.00592;0.00597;1396689.14
20260205 000000;0.00597;0.006;0.00509;0.00519;2129019.92
20260206 000000;0.00519;0.00635;0.00494;0.00599;2327857.28
20260207 000000;0.00599;0.00602;0.00559;0.0058;2094820.02
20260208 000000;0.0058;0.00607;0.00571;0.00586;1523266.19
20260209 000000;0.00586;0.00596;0.00566;0.0059;1262804.33
20260210 000000;0.0059;0.00598;0.00565;0.00572;1259466.89
20260211 000000;0.00572;0.00579;0.00562;0.00574;1326376.12
20260212 000000;0.00574;0.00608;0.00565;0.00578;1887950.81
20260213 000000;0.00578;0.00646;0.00576;0.00644;1326470.67
20260214 000000;0.00644;0.00693;0.00644;0.00678;1409263.22
20260215 000000;0.00678;0.00686;0.00634;0.00638;1184479.43
20260216 000000;0.00638;0.00884;0.00638;0.00883;2520881.17
20260217 000000;0.00883;0.00906;0.00823;0.00823;1284453.91
20260218 000000;0.00823;0.00832;0.00786;0.00788;1233205.96
20260219 000000;0.00788;0.00793;0.00766;0.00772;890015.88
20260220 000000;0.00772;0.00848;0.00771;0.00788;1442312.38
20260221 000000;0.00788;0.00792;0.00649;0.00668;1864102.58
20260222 000000;0.00668;0.00677;0.00657;0.0066;1039644.81
20260223 000000;0.0066;0.00663;0.00638;0.00645;1314241.74
20260224 000000;0.00645;0.00657;0.00634;0.00641;1069964.61
20260225 000000;0.00641;0.00708;0.00641;0.00679;1667780.13
20260226 000000;0.00679;0.00703;0.00665;0.00678;1161940.54
20260227 000000;0.00678;0.00695;0.0066;0.00664;1242803.88
20260228 000000;0.00664;0.00673;0.00634;0.00673;1354639.86
20260301 000000;0.00673;0.00685;0.0064;0.00648;1591863.4
20260302 000000;0.00648;0.00755;0.00635;0.00747;1929548.56
20260303 000000;0.00747;0.0077;0.00727;0.00749;1435918.44
20260304 000000;0.00749;0.00841;0.00747;0.00831;1203040.07
20260305 000000;0.00831;0.00882;0.00823;0.00882;1063370.16
20260306 000000;0.00882;0.01279;0.00855;0.01279;3945468.4
20260307 000000;0.01279;0.01306;0.01107;0.01296;1628710.51
20260308 000000;0.01296;0.01301;0.01215;0.01229;1269869.39
20260309 000000;0.01229;0.01352;0.01076;0.01085;2242786.67
20260310 000000;0.01085;0.01148;0.01015;0.01015;1606020.66
20260311 000000;0.01015;0.01043;0.0095;0.00984;1918140.88
20260312 000000;0.00984;0.01029;0.00951;0.01025;1078603.76
20260313 000000;0.01025;0.01076;0.00992;0.01003;1081564.76
20260314 000000;0.01003;0.0101;0.00953;0.0096;826542.65
20260315 000000;0.0096;0.01018;0.00959;0.01018;717319.3
20260316 000000;0.01018;0.01079;0.01009;0.01077;755543.94
20260317 000000;0.01077;0.01079;0.00987;0.01009;1348871.55
20260318 000000;0.01009;0.01025;0.0095;0.00951;955168.21
20260319 000000;0.00951;0.00955;0.00911;0.00923;817904.26
20260320 000000;0.00923;0.00933;0.00916;0.00916;759101.72
20260321 000000;0.00916;0.00933;0.00916;0.00925;704711.97
20260322 000000;0.00925;0.00925;0.00882;0.00885;943288.58
20260323 000000;0.00885;0.00919;0.00882;0.00906;856613.44
20260324 000000;0.00906;0.00917;0.00897;0.00911;765611.11
20260325 000000;0.00911;0.00928;0.00911;0.00918;716126.5
20260326 000000;0.00918;0.00918;0.00882;0.00887;890481.65
20260327 000000;0.00887;0.00891;0.0086;0.00866;760235.68
20260328 000000;0.00866;0.00885;0.00862;0.00874;793633.49
20260329 000000;0.00874;0.00877;0.00853;0.00853;757235.48
20260330 000000;0.00853;0.00875;0.00842;0.00842;817522.95
20260331 000000;0.00842;0.00846;0.00816;0.00841;846821.09
20260401 000000;0.00841;0.00855;0.00828;0.00831;794214.85
20260402 000000;0.00831;0.00834;0.00807;0.00816;943293.98
20260403 000000;0.00816;0.0083;0.00813;0.00819;877662.58
20260404 000000;0.00819;0.00819;0.00803;0.0081;1028636.88
20260405 000000;0.0081;0.00813;0.00803;0.00811;802857.84
20260406 000000;0.00811;0.00826;0.00803;0.00804;899712.83
20260407 000000;0.00804;0.00831;0.00788;0.00828;963245.89
20260408 000000;0.00828;0.0084;0.00794;0.00797;905088.87
20260409 000000;0.00797;0.00814;0.00786;0.008;900357.3
20260410 000000;0.008;0.00806;0.00795;0.00804;846445.81
20260411 000000;0.00804;0.00806;0.00785;0.00785;870354.73
20260412 000000;0.00785;0.00786;0.00754;0.00756;930598.65
20260413 000000;0.00756;0.00766;0.00747;0.00766;1001135.5
20260414 000000;0.00766;0.00766;0.00734;0.00736;1485606.52
20260415 000000;0.00736;0.00766;0.00733;0.00766;896746.9
20260416 000000;0.00766;0.00775;0.00749;0.00774;1535404.74
20260417 000000;0.00774;0.00801;0.00764;0.00792;1032179.8
20260418 000000;0.00792;0.00793;0.00771;0.00778;887608.78
20260419 000000;0.00778;0.00779;0.00764;0.00771;929372.04
20260420 000000;0.00771;0.00782;0.0077;0.00779;913318.02
20260421 000000;0.00779;0.00784;0.00767;0.00776;1120464.11
20260422 000000;0.00776;0.0079;0.00774;0.00778;846786.52
20260423 000000;0.00778;0.00782;0.00771;0.00775;859556.58
20260424 000000;0.00775;0.00779;0.00746;0.00746;884305.42
20260425 000000;0.00746;0.00752;0.00738;0.00739;860402.21
20260426 000000;0.00739;0.00744;0.00733;0.00739;878236.92
20260427 000000;0.00739;0.00743;0.0072;0.00729;955739.17
20260428 000000;0.00729;0.00732;0.00717;0.00722;874619.3
20260429 000000;0.00722;0.00737;0.00718;0.0072;904327.8
20260430 000000;0.0072;0.00725;0.00707;0.00708;935339.74
20260501 000000;0.00708;0.00718;0.00703;0.00717;1010743.62
20260502 000000;0.00717;0.00719;0.00712;0.00718;938772.08
20260503 000000;0.00718;0.00719;0.007;0.007;970174.85
20260504 000000;0.007;0.00704;0.00687;0.00689;937869.33
20260505 000000;0.00689;0.00711;0.00684;0.00709;993277.52
20260506 000000;0.00709;0.00719;0.00709;0.00716;1039534.27
20260507 000000;0.00716;0.00716;0.00705;0.00707;1059990.61
20260508 000000;0.00707;0.00744;0.0068;0.00736;2596355.49
20260509 000000;0.00736;0.0075;0.00731;0.00738;901348.69
20260510 000000;0.00738;0.0077;0.0073;0.00765;999438.13
20260511 000000;0.00765;0.00777;0.00762;0.00773;872754.35
20260512 000000;0.00773;0.00776;0.00752;0.00754;910880.71
20260513 000000;0.00754;0.00761;0.00747;0.00756;994164.21
20260514 000000;0.00756;0.00758;0.0073;0.00742;2005964.53
20260515 000000;0.00742;0.00743;0.00715;0.00715;1038374.64
20260516 000000;0.00715;0.00719;0.00693;0.00701;1069310.83
20260517 000000;0.00701;0.00701;0.00684;0.00685;997977.97
20260518 000000;0.00685;0.00688;0.00675;0.00684;1033057.51
20260519 000000;0.00684;0.00687;0.00673;0.00678;968356.13
20260520 000000;0.00678;0.00678;0.00667;0.00676;1120547.99
20260521 000000;0.00676;0.00684;0.00667;0.00676;1141669.58
20260522 000000;0.00676;0.00687;0.00671;0.00673;993378.48
20260523 000000;0.00673;0.00691;0.00665;0.0069;1060323.74
20260524 000000;0.0069;0.00693;0.00674;0.00674;933528.56
20260525 000000;0.00674;0.00686;0.00674;0.00681;952425.83
20260526 000000;0.00681;0.00683;0.00668;0.0067;1209128.34
20260527 000000;0.0067;0.00672;0.0064;0.00643;2129259.14
20260528 000000;0.00643;0.00645;0.00599;0.00638;3345996.26
20260529 000000;0.00638;0.00678;0.0061;0.00678;2919827.57
20260530 000000;0.00678;0.00729;0.00639;0.00641;3170722.22
20260531 000000;0.00641;0.00652;0.00632;0.00642;1401463.36
20260601 000000;0.00642;0.00644;0.0062;0.0062;1327400.4
20260602 000000;0.0062;0.00621;0.00596;0.00599;1408913.21
20260603 000000;0.00599;0.00605;0.00589;0.00592;1853333
20260604 000000;0.00592;0.00599;0.00583;0.00584;2078221.56
20260605 000000;0.00584;0.00586;0.00559;0.00564;2318384.21
20260606 000000;0.00564;0.00565;0.0055;0.00559;1797501.3
20260607 000000;0.00559;0.00574;0.00559;0.00571;1502092.87
20260608 000000;0.00571;0.00575;0.00566;0.00568;1115267.5
20260609 000000;0.00568;0.00568;0.00552;0.00557;1188700.82
20260610 000000;0.00557;0.00557;0.00525;0.00528;2348740.04
20260611 000000;0.00528;0.00542;0.00525;0.00537;1308714.35
20260612 000000;0.00537;0.00542;0.0053;0.00534;1314124.77
20260613 000000;0.00534;0.00545;0.00524;0.00538;1603794.42
20260614 000000;0.00538;0.0055;0.00527;0.0055;1200082.29
20260615 000000;0.0055;0.00565;0.00548;0.00557;1217476.06
20260616 000000;0.00557;0.00569;0.00544;0.00545;1087997.55
20260617 000000;0.00545;0.0055;0.00538;0.00545;1135923.93
20260618 000000;0.00545;0.00557;0.00539;0.00547;1359183.46
20260619 000000;0.00547;0.0055;0.00536;0.00544;1036851.96
20260620 000000;0.00544;0.00548;0.0054;0.00545;811454.5
