20240105 000000;0.3;0.6357;0.3;0.5494;161074.62
20240106 000000;0.5494;0.6;0.5418;0.5679;90793.16
20240107 000000;0.5679;0.58;0.54;0.54;25324.42
20240108 000000;0.54;0.54;0.5041;0.5368;12028.95
20240109 000000;0.5368;0.5422;0.4862;0.4986;5480.03
20240110 000000;0.4986;0.5563;0.4867;0.5297;14163.44
20240111 000000;0.5297;0.5299;0.5127;0.5178;3063.22
20240112 000000;0.5178;0.5543;0.5038;0.5038;6849.37
20240113 000000;0.5038;0.5148;0.4884;0.5108;3734.97
20240114 000000;0.5108;0.5181;0.4962;0.5062;6060.4
20240115 000000;0.5062;0.5097;0.4987;0.5034;3776.52
20240116 000000;0.5034;0.5034;0.4919;0.4944;2274.35
20240117 000000;0.4944;0.5091;0.4822;0.4882;21769.95
20240118 000000;0.4882;0.4882;0.4619;0.4666;7684.93
20240119 000000;0.4666;0.487;0.447;0.4575;21342.93
20240120 000000;0.4575;0.8805;0.4;0.517;97878.91
20240121 000000;0.517;0.6184;0.5166;0.5316;44064
20240122 000000;0.5316;0.5342;0.5026;0.5179;19327.94
20240123 000000;0.5179;0.5179;0.4877;0.4933;7181.92
20240124 000000;0.4933;0.5033;0.4893;0.49;14347.11
20240125 000000;0.49;0.5051;0.4792;0.4885;24928.41
20240126 000000;0.4885;0.4982;0.48;0.4968;6164.98
20240127 000000;0.4968;0.5037;0.4894;0.495;6376.72
20240128 000000;0.495;0.5969;0.4915;0.547;29349.61
20240129 000000;0.547;0.547;0.5059;0.5305;14133.76
20240130 000000;0.5305;0.5379;0.5165;0.5203;7229.96
20240131 000000;0.5203;0.5203;0.4827;0.4892;9147.04
20240201 000000;0.4892;0.4993;0.4651;0.4872;6327.34
20240202 000000;0.4872;0.4919;0.4649;0.4758;14361.84
20240203 000000;0.4758;0.479;0.4696;0.472;2633.69
20240204 000000;0.472;0.475;0.4577;0.4624;7160.53
20240205 000000;0.4624;0.5357;0.4585;0.505;19147.33
20240206 000000;0.505;0.5149;0.4774;0.5077;5956.48
20240207 000000;0.5077;0.5343;0.4997;0.5045;9893.68
20240208 000000;0.5045;0.5177;0.5008;0.5176;12582.15
20240209 000000;0.5176;0.5797;0.4956;0.4975;21832.28
20240210 000000;0.4975;0.5175;0.486;0.4889;11169.13
20240211 000000;0.4889;0.4972;0.4711;0.4814;20957.41
20240212 000000;0.4814;0.5088;0.4617;0.4955;39786.85
20240213 000000;0.4955;0.5063;0.4669;0.4776;25434.38
20240214 000000;0.4776;0.525;0.4684;0.4945;3218.03
20240215 000000;0.4945;0.52;0.4875;0.4899;2408.18
20240216 000000;0.4899;0.49;0.4;0.49;12953.88
20240217 000000;0.49;0.49;0.455;0.4819;3922.5
20240218 000000;0.4819;0.52;0.455;0.487;13263.26
20240219 000000;0.487;0.487;0.4307;0.4782;5813.39
20240220 000000;0.4782;0.4863;0.459;0.468;1715.94
20240221 000000;0.468;0.7;0.468;0.5481;44821.12
20240222 000000;0.5481;0.5614;0.52;0.5221;15168.68
20240223 000000;0.5221;0.5325;0.4964;0.5091;10880.09
20240224 000000;0.5091;0.5091;0.4926;0.5038;4252.76
20240225 000000;0.5038;0.5038;0.4795;0.4874;10579.5
20240226 000000;0.4874;0.491;0.4745;0.4851;5914.6
20240227 000000;0.4851;0.5438;0.4851;0.5291;24026.09
20240228 000000;0.5291;0.5746;0.5157;0.5224;25002.94
20240229 000000;0.5224;0.5409;0.5179;0.5189;15290.83
20240301 000000;0.5189;0.5488;0.5151;0.5235;22244.51
20240302 000000;0.5235;0.6001;0.5082;0.5445;88072.2
20240303 000000;0.5445;0.6208;0.5285;0.5745;46730.79
20240304 000000;0.5745;0.66;0.5262;0.5563;71486.94
20240305 000000;0.5563;0.5863;0.5405;0.5512;47131.45
20240306 000000;0.5512;0.582;0.5323;0.5686;24361.61
20240307 000000;0.5686;0.7374;0.5311;0.55;57366.02
20240308 000000;0.55;0.6112;0.55;0.5933;23659.83
20240309 000000;0.5933;0.7547;0.5704;0.7547;89258.67
20240310 000000;0.7547;0.7547;0.6241;0.7274;84830.67
20240311 000000;0.7274;0.734;0.6686;0.7264;41543.02
20240312 000000;0.7264;0.753;0.6799;0.7088;46535.25
20240313 000000;0.7088;0.934;0.6859;0.7133;153720.15
20240314 000000;0.7133;0.8754;0.6821;0.7392;179866.42
20240315 000000;0.7392;1.4673;0.7208;1.119;242442.15
20240316 000000;1.119;1.3797;0.8819;0.9514;231918.21
20240317 000000;0.9514;1.0548;0.9101;0.9497;84017.05
20240318 000000;0.9497;1.1019;0.9433;1.0089;95192.71
20240319 000000;1.0089;1.5567;1.0089;1.255;291356.82
20240320 000000;1.255;1.3303;1.0925;1.2063;155704.28
20240321 000000;1.2063;1.3157;1.1533;1.1702;137640.66
20240322 000000;1.1702;1.2872;1.1252;1.1282;90588.78
20240323 000000;1.1282;1.1424;1.0524;1.0877;59688.47
20240324 000000;1.0877;1.22;1.0514;1.1452;119739.83
20240325 000000;1.1452;1.1983;1.1127;1.1659;88551.38
20240326 000000;1.1659;1.705;1.1507;1.5795;269134.13
20240327 000000;1.5795;2.907;1.5795;2.3602;535191.99
20240328 000000;2.3602;2.5522;1.994;2.1935;253492.8
20240329 000000;2.1935;2.4911;1.8368;1.8766;164638.84
20240330 000000;1.8766;2.3413;1.8278;2.0885;131607.51
20240331 000000;2.0885;2.368;2.0268;2.2518;134069.02
20240401 000000;2.2518;2.2518;1.9802;2.0569;67267.26
20240402 000000;2.0569;2.7;2.0021;2.284;253535.83
20240403 000000;2.284;2.386;2.1015;2.1735;83092.17
20240404 000000;2.1735;2.4104;2.1128;2.1986;74223.76
20240405 000000;2.1986;2.2188;2.0463;2.0826;42799.76
20240406 000000;2.0826;2.1765;1.9999;2.1064;62956.67
20240407 000000;2.1064;2.7946;2.1064;2.7228;181518.86
20240408 000000;2.7228;2.8846;2.5597;2.6309;125020.65
20240409 000000;2.6309;3;2.331;2.7396;139632.66
20240410 000000;2.7396;2.9634;2.4633;2.9634;119713.6
20240411 000000;2.9634;3.8607;2.8801;3.626;193991.7
20240412 000000;3.626;3.9501;2.9216;3.7471;308431.32
20240413 000000;3.7471;3.8756;2.4871;3.35;258207.74
20240414 000000;3.35;3.4534;2.9017;3.3244;122020.64
20240415 000000;3.3244;3.6;3;3.0594;84723.17
20240416 000000;3.0594;3.1985;2.703;2.7895;89358.22
20240417 000000;2.7895;2.8543;2.2563;2.5064;113582.21
20240418 000000;2.5064;3.3995;2.4059;3.2245;142771.43
20240419 000000;3.2245;3.8;2.8699;3.5265;121313.7
20240420 000000;3.5265;3.7458;3.3079;3.3135;58325.57
20240421 000000;3.3135;3.4194;3.02;3.2392;46089.1
20240422 000000;3.2392;3.3496;2.7464;3.0341;67138.26
20240423 000000;3.0341;3.2513;2.8437;2.9157;42462.56
20240424 000000;2.9157;3.38;2.8;3.0232;86951.85
20240425 000000;3.0232;3.1602;2.805;3.0015;31549.8
20240426 000000;3.0015;3.0451;2.8999;2.9816;33367.33
20240427 000000;2.9816;2.9816;2.6775;2.7629;22785.99
20240428 000000;2.7629;2.809;2.6954;2.711;13576.97
20240429 000000;2.711;2.7446;2.1631;2.4615;72856.29
20240430 000000;2.4615;2.785;2.3199;2.53;71667.87
20240501 000000;2.53;2.604;2.3101;2.5187;44169.78
20240502 000000;2.5187;2.819;2.43;2.7014;28585.9
20240503 000000;2.7014;2.9936;2.54;2.9473;25131.36
20240504 000000;2.9473;3.3;2.9364;3.2824;44710.85
20240505 000000;3.2824;3.3;2.8827;2.9318;24409.43
20240506 000000;2.9318;2.972;2.7186;2.7922;24346.51
20240507 000000;2.7922;2.8575;2.5962;2.6125;16404.92
20240508 000000;2.6125;2.8575;2.5524;2.5792;15167.52
20240509 000000;2.5792;2.7283;2.5524;2.6799;20673.82
20240510 000000;2.6799;2.7009;2.4926;2.518;17173.79
20240511 000000;2.518;2.53;2.4613;2.4961;5924.55
20240512 000000;2.4961;2.525;2.45;2.48;9448.5
20240513 000000;2.48;2.6178;2.3809;2.5037;25623.68
20240514 000000;2.5037;2.5552;2.3311;2.384;20688.12
20240515 000000;2.384;2.5346;2.3383;2.521;14913.21
20240516 000000;2.521;2.6978;2.4785;2.5218;17048.69
20240517 000000;2.5218;2.6321;2.4948;2.564;18352.91
20240518 000000;2.564;2.659;2.564;2.5884;8801.22
20240519 000000;2.5884;2.6198;2.3685;2.3858;9443.06
20240520 000000;2.3858;2.5515;2.3858;2.4993;19034.88
20240521 000000;2.4993;2.5454;2.3784;2.4389;33584.98
20240522 000000;2.4389;2.4554;2.3114;2.3637;18601.39
20240523 000000;2.3637;2.4178;2.1724;2.2759;35080.17
20240524 000000;2.2759;2.3377;2.1633;2.3;23554.12
20240525 000000;2.3;2.3059;2.2398;2.2659;9382.39
20240526 000000;2.2659;2.32;2.2566;2.2637;11787.7
20240527 000000;2.2637;2.3958;2.1719;2.2066;24033.59
20240528 000000;2.2066;2.2237;2.1;2.1486;15687.56
20240529 000000;2.1486;2.1674;1.8909;2.0028;57427.37
20240530 000000;2.0028;2.116;1.8994;1.9242;26354.93
20240531 000000;1.9242;1.9521;1.85;1.8857;22321.06
20240601 000000;1.8857;1.8857;1.634;1.7928;73919.54
20240602 000000;1.7928;2.2026;1.7879;2.0644;52681.61
20240603 000000;2.0644;2.2109;1.9733;2.0435;57935.27
20240604 000000;2.0435;2.0458;1.8278;1.9325;34566.21
20240605 000000;1.9325;1.99;1.8572;1.9729;53666.24
20240606 000000;1.9729;2.0297;1.8779;1.891;24606.31
20240607 000000;1.891;1.9226;1.7388;1.7664;44765.72
20240608 000000;1.7664;1.8729;1.6652;1.8176;50119.05
20240609 000000;1.8176;1.8251;1.7289;1.7987;28785.76
20240610 000000;1.7987;1.8124;1.6823;1.7145;19684.48
20240611 000000;1.7145;1.7235;1.5276;1.6665;49395.21
20240612 000000;1.6665;1.7265;1.6224;1.6436;26697.24
20240613 000000;1.6436;1.6554;1.55;1.5588;14356.35
20240614 000000;1.5588;1.6086;1.5043;1.6084;17469.64
20240615 000000;1.6084;1.6374;1.4617;1.5528;27208.48
20240616 000000;1.5528;1.5827;1.5153;1.5511;19236.94
20240617 000000;1.5511;1.5764;1.4086;1.4197;38409.55
20240618 000000;1.4197;1.4472;1.2221;1.2955;81610.78
20240619 000000;1.2955;1.3458;1.2848;1.2923;37906.8
20240620 000000;1.2923;1.3064;1.2026;1.2658;39348.04
20240621 000000;1.2658;1.6745;1.2478;1.5533;143910.77
20240622 000000;1.5533;1.6033;1.4533;1.4744;45973.69
20240623 000000;1.4744;1.4963;1.4004;1.4143;22775.5
20240624 000000;1.4143;1.4223;1.3266;1.3758;30375.24
20240625 000000;1.3758;1.4781;1.357;1.4584;29406.38
20240626 000000;1.4584;1.463;1.3591;1.3721;22367.65
20240627 000000;1.3721;1.5308;1.3664;1.4815;25097.6
20240628 000000;1.4815;1.4915;1.3982;1.42;14559.75
20240629 000000;1.42;1.4267;1.3718;1.4034;13993.81
20240630 000000;1.4034;1.404;1.3534;1.3785;11721.03
20240701 000000;1.3785;1.4578;1.3785;1.3819;14727.17
20240702 000000;1.3819;1.3926;1.357;1.3647;10137.18
20240703 000000;1.3647;1.367;1.2876;1.3094;15642.35
20240704 000000;1.3094;1.3345;1.2295;1.2295;45152.41
20240705 000000;1.2295;1.2726;1.1808;1.261;59420.09
20240706 000000;1.261;1.2918;1.2413;1.2918;22023.8
20240707 000000;1.2918;1.3217;1.229;1.2337;17562.76
20240708 000000;1.2337;1.2717;1.2061;1.2344;28409.26
20240709 000000;1.2344;1.2747;1.2066;1.2375;24060.58
20240710 000000;1.2375;1.2681;1.2216;1.2359;15270.86
20240711 000000;1.2359;1.2408;1.1721;1.1839;21837.76
20240712 000000;1.1839;1.2163;1.1707;1.1992;29017.33
20240713 000000;1.1992;1.2183;1.1754;1.1992;13965.38
20240714 000000;1.1992;1.2203;1.17;1.1962;10506.61
20240715 000000;1.1962;1.3809;1.1962;1.3695;65865.12
20240716 000000;1.3695;1.4005;1.3181;1.3875;37491.31
20240717 000000;1.3875;1.44;1.3364;1.3364;25842.33
20240718 000000;1.3364;1.4328;1.3308;1.4286;39650.27
20240719 000000;1.4286;1.4334;1.3524;1.3849;34047.73
20240720 000000;1.3849;1.4668;1.3748;1.4447;20348.88
20240721 000000;1.4447;1.4505;1.3614;1.4069;25054.31
20240722 000000;1.4069;1.424;1.3184;1.3184;31012.55
20240723 000000;1.3184;1.3492;1.2912;1.2968;21706.33
20240724 000000;1.2968;1.3672;1.285;1.3136;32503.13
20240725 000000;1.3136;1.3271;1.2755;1.3204;16473.47
20240726 000000;1.3204;1.4083;1.3153;1.3281;19316.72
20240727 000000;1.3281;1.368;1.2982;1.3074;12491.58
20240728 000000;1.3074;1.3423;1.3004;1.3004;9364.6
20240729 000000;1.3004;1.3516;1.2933;1.3463;12167.92
20240730 000000;1.3463;1.4956;1.2716;1.3104;39612.57
20240731 000000;1.3104;1.3554;1.2628;1.3146;49120.64
20240801 000000;1.3146;1.3449;1.2508;1.3278;29952.71
20240802 000000;1.3278;1.472;1.1688;1.23;114941.9
20240803 000000;1.23;1.2799;1.1916;1.2279;45985.56
20240804 000000;1.2279;1.2677;1.1503;1.257;47962.58
20240805 000000;1.257;1.257;1.113;1.1924;129247
20240806 000000;1.1924;1.2862;1.1529;1.1922;47409.69
20240807 000000;1.1922;1.2244;1.1534;1.1534;34563.69
20240808 000000;1.1534;1.2218;1.1521;1.2162;38378.34
20240809 000000;1.2162;1.2382;1.139;1.1613;46918.97
20240810 000000;1.1613;1.1992;1.1527;1.1813;13844.84
20240811 000000;1.1813;1.223;1.1689;1.2029;25057.52
20240812 000000;1.2029;1.2211;1.1718;1.1969;19839.37
20240813 000000;1.1969;1.2734;1.1;1.2362;56678.2
20240814 000000;1.2362;1.2462;1.1445;1.1604;56899.19
20240815 000000;1.1604;1.1682;1.0972;1.1203;28478.5
20240816 000000;1.1203;1.1901;1.1078;1.1751;17822.67
20240817 000000;1.1751;1.2109;1.0984;1.1438;29486.68
20240818 000000;1.1438;1.1618;1.1354;1.1493;6913.3
20240819 000000;1.1493;1.1616;1.1169;1.1308;19623.64
20240820 000000;1.1308;1.1471;1.0981;1.131;20487.31
20240821 000000;1.131;1.219;1.1252;1.1883;46851.7
20240822 000000;1.1883;1.43;1.0602;1.1368;68583.56
20240823 000000;1.1368;1.277;1.1151;1.2017;59478.41
20240824 000000;1.2017;1.2581;1.1822;1.1903;35077.79
20240825 000000;1.1903;1.2322;1.1622;1.1872;15458.65
20240826 000000;1.1872;1.2151;1.1481;1.1481;30439.18
20240827 000000;1.1481;1.2217;1.1281;1.1379;45083.49
20240828 000000;1.1379;1.1509;1.1101;1.127;18300.51
20240829 000000;1.127;1.16;1.1187;1.129;9820.79
20240830 000000;1.129;1.1367;1.1031;1.1208;14884.02
20240831 000000;1.1208;1.1287;1.1006;1.1059;13255.53
20240901 000000;1.1059;1.1939;1.0529;1.0529;49818.91
20240902 000000;1.0529;1.1864;1.0488;1.0863;70307.05
20240903 000000;1.0863;1.1642;1.0515;1.0992;51038.92
20240904 000000;1.0992;1.1365;1.0656;1.1029;27466.12
20240905 000000;1.1029;1.1148;1.0679;1.0916;23204.98
20240906 000000;1.0916;1.1052;1.0363;1.0754;27137.12
20240907 000000;1.0754;1.0924;1.0477;1.0583;14802
20240908 000000;1.0583;1.0734;1.0359;1.0585;19275.55
20240909 000000;1.0585;1.1171;1.0548;1.0856;52473.11
20240910 000000;1.0856;1.1155;1.0656;1.0803;20026.38
20240911 000000;1.0803;1.0912;1.048;1.0548;22226.89
20240912 000000;1.0548;1.1459;1.0463;1.0803;27556.34
20240913 000000;1.0803;1.0988;1.034;1.0803;29377.42
20240914 000000;1.0803;1.0803;1.0305;1.0551;15474.06
20240915 000000;1.0551;1.0551;0.9875;1.003;21316.87
20240916 000000;1.003;1.0794;0.9424;1.045;62735.62
20240917 000000;1.045;1.1642;1.0249;1.0461;76164.56
20240918 000000;1.0461;1.0569;1.004;1.0569;51195.31
20240919 000000;1.0569;1.094;1.0533;1.0757;20471.79
20240920 000000;1.0757;1.0941;1.0432;1.0491;27508.08
20240921 000000;1.0491;1.0525;1.031;1.0485;17555.11
20240922 000000;1.0485;1.0856;1.0184;1.0556;39203.53
20240923 000000;1.0556;1.0671;1.0249;1.0361;42125.92
20240924 000000;1.0361;1.0477;1.0127;1.0292;34778.47
20240925 000000;1.0292;1.0347;0.994;1.0039;61268.38
20240926 000000;1.0039;1.0238;0.9943;1.0212;37210.02
20240927 000000;1.0212;1.1684;1.0204;1.0542;159689.17
20240928 000000;1.0542;1.0703;1.02;1.0243;32553.31
20240929 000000;1.0243;1.0525;1.0151;1.0368;34551.07
20240930 000000;1.0368;1.0503;1.015;1.0224;32739.26
20241001 000000;1.0224;1.0262;0.9696;0.9824;49093.26
20241002 000000;0.9824;1.0088;0.9824;1.0004;33973.51
20241003 000000;1.0004;1.0053;0.9738;0.9995;36048.9
20241004 000000;0.9995;1.0156;0.971;1.0019;24753.33
20241005 000000;1.0019;1.0702;0.96;0.9748;74205.47
20241006 000000;0.9748;1.0036;0.9697;0.9809;21102.46
20241007 000000;0.9809;0.996;0.9385;0.9389;21430.03
20241008 000000;0.9389;0.9876;0.91;0.972;55745.92
20241009 000000;0.972;0.9872;0.9272;0.9777;44465.31
20241010 000000;0.9777;0.9777;0.919;0.9404;29175.96
20241011 000000;0.9404;0.9623;0.924;0.9534;20811.41
20241012 000000;0.9534;0.9607;0.9125;0.9325;18057.45
20241013 000000;0.9325;0.9742;0.922;0.9532;28093.43
20241014 000000;0.9532;0.9885;0.9401;0.9571;28056.92
20241015 000000;0.9571;0.9939;0.909;0.9459;37380.89
20241016 000000;0.9459;0.9679;0.88;0.9223;44044.15
20241017 000000;0.9223;0.9427;0.9043;0.9089;16539.41
20241018 000000;0.9089;0.9319;0.8928;0.9213;9096.93
20241019 000000;0.9213;0.9411;0.896;0.9411;14784.8
20241020 000000;0.9411;0.962;0.9297;0.9592;9706.31
20241021 000000;0.9592;0.9768;0.9151;0.916;19837.62
20241022 000000;0.916;1.0424;0.9094;0.9459;66814.17
20241023 000000;0.9459;1.0056;0.926;0.963;82109.85
20241024 000000;0.963;0.9879;0.9512;0.9543;40422.91
20241025 000000;0.9543;0.9773;0.925;0.9339;41858.5
20241026 000000;0.9339;0.9407;0.9125;0.9329;33981.03
20241027 000000;0.9329;0.9477;0.9057;0.9391;17886.8
20241028 000000;0.9391;1.0077;0.9181;0.9232;41093.88
20241029 000000;0.9232;0.9809;0.9156;0.9426;31629.94
20241030 000000;0.9426;0.9432;0.92;0.9212;18913.24
20241031 000000;0.9212;0.9212;0.9;0.9009;15131.55
20241101 000000;0.9009;0.9107;0.8588;0.8871;29922.31
20241102 000000;0.8871;0.9124;0.8768;0.8997;6896.02
20241103 000000;0.8997;0.9055;0.82;0.8867;16327.5
20241104 000000;0.8867;0.9034;0.8407;0.8494;15920.82
20241105 000000;0.8494;0.9;0.8494;0.8802;6226.34
20241106 000000;0.8802;0.9222;0.8511;0.8792;28361.56
20241107 000000;0.8792;0.9753;0.8466;0.9363;93816.54
20241108 000000;0.9363;1.0977;0.8862;0.974;110667.83
20241109 000000;0.974;1.9891;0.9729;1.6933;327148.17
20241110 000000;1.6933;1.93;1.48;1.6728;440340.63
20241111 000000;1.6728;1.7343;1.4078;1.4303;248088.39
20241112 000000;1.4303;1.4888;1.3;1.3198;195012.58
20241113 000000;1.3198;1.5857;1.2201;1.2349;225837.72
20241114 000000;1.2349;1.4392;1.1101;1.1998;296617.92
20241115 000000;1.1998;1.3707;1.1484;1.3563;280047.99
20241116 000000;1.3563;1.4018;1.2159;1.2159;121295.89
20241117 000000;1.2159;1.3405;1.2095;1.2975;38952.55
20241118 000000;1.2975;1.3346;1.1685;1.2654;35847.4
20241119 000000;1.2654;1.5874;1.2299;1.4655;265012.94
20241120 000000;1.4655;1.4661;1.38;1.3924;107290.59
20241121 000000;1.3924;1.4163;1.2134;1.3327;70364.83
20241122 000000;1.3327;1.3859;1.2309;1.294;24848.42
20241123 000000;1.294;1.582;1.2719;1.4081;56638.03
20241124 000000;1.4081;1.4279;1.2858;1.3383;62230.4
20241125 000000;1.3383;1.4658;1.259;1.2924;105666.35
20241126 000000;1.2924;1.3641;1.2243;1.2922;32121.22
20241127 000000;1.2922;1.5373;1.2922;1.4368;152137.67
20241128 000000;1.4368;1.4864;1.342;1.441;63236.76
20241129 000000;1.441;1.5592;1.441;1.4834;89972.88
20241130 000000;1.4834;1.5781;1.4716;1.5396;115515.51
20241201 000000;1.5396;1.5459;1.4136;1.4528;104017.97
20241202 000000;1.4528;1.4661;1.3728;1.4073;93353.34
20241203 000000;1.4073;1.7012;1.3943;1.6864;281033.05
20241204 000000;1.6864;1.9154;1.64;1.7757;333235.67
20241205 000000;1.7757;1.7757;1.5725;1.6252;102272.98
20241206 000000;1.6252;1.7447;1.525;1.6855;90716.26
20241207 000000;1.6855;1.6997;1.5605;1.5891;20719.88
20241208 000000;1.5891;1.6291;1.5508;1.582;41822.81
20241209 000000;1.582;1.6322;1.4269;1.4587;79145.29
20241210 000000;1.4587;1.4863;1.1793;1.3993;85592.62
20241211 000000;1.3993;1.5056;1.325;1.4504;30180.61
20241212 000000;1.4504;1.473;1.3611;1.3692;32883.16
20241213 000000;1.3692;1.436;1.315;1.3446;43195.55
20241214 000000;1.3446;1.6323;1.3446;1.43;33098.74
20241215 000000;1.43;1.4599;1.3412;1.3987;29943.84
20241216 000000;1.3987;1.4835;1.3337;1.376;52523.13
20241217 000000;1.376;1.376;1.2691;1.2867;32119.66
20241218 000000;1.2867;1.3046;1.2099;1.2099;36375.7
20241219 000000;1.2099;1.2751;1.1836;1.2014;27851.67
20241220 000000;1.2014;1.2228;1.1;1.159;60961.36
20241221 000000;1.159;1.208;1.1341;1.1481;31082.1
20241222 000000;1.1481;1.1794;1.1049;1.1336;20731.06
20241223 000000;1.1336;1.1589;1.0823;1.1254;20518.74
20241224 000000;1.1254;1.2675;1.1254;1.199;14085.9
20241225 000000;1.199;1.2181;1.1247;1.145;18399.98
20241226 000000;1.145;1.1705;1.0808;1.1117;33638.39
20241227 000000;1.1117;1.2051;1.0759;1.1611;19931.75
20241228 000000;1.1611;1.1757;1.1287;1.1505;14631.39
20241229 000000;1.1505;1.1557;1.0914;1.1;10603.53
20241230 000000;1.1;1.176;1.0408;1.0513;29707.83
20241231 000000;1.0513;1.1007;1.0043;1.0145;13038.6
