20250101 000000;0.05324;0.05685;0.05282;0.0547;298478307.84
20250102 000000;0.0547;0.05783;0.05407;0.05614;215768658.32
20250103 000000;0.05614;0.06773;0.05423;0.06481;208651268.1
20250104 000000;0.06481;0.06572;0.05886;0.06015;165328885.86
20250105 000000;0.06015;0.06474;0.05701;0.05873;204156536.92
20250106 000000;0.05873;0.06861;0.05626;0.06303;205484617.4
20250107 000000;0.06303;0.066;0.0574;0.05919;180599831.33
20250108 000000;0.05919;0.06296;0.05012;0.05275;235477841.68
20250109 000000;0.05275;0.05925;0.04957;0.05257;234670500.22
20250110 000000;0.05257;0.05671;0.0509;0.05483;221850420.41
20250111 000000;0.05483;0.06192;0.05354;0.05949;217293722.95
20250112 000000;0.05949;0.06368;0.05721;0.05931;192344369.77
20250113 000000;0.05931;0.07275;0.05754;0.06841;258108508.43
20250114 000000;0.06841;0.06993;0.06471;0.06557;208722337.13
20250115 000000;0.06557;0.07009;0.06475;0.06822;128757328.48
20250116 000000;0.06822;0.0716;0.06517;0.0681;39744006.17
20250117 000000;0.0681;0.07215;0.06555;0.0683;35137246.27
20250118 000000;0.0683;0.06933;0.06029;0.06206;41931840.26
20250119 000000;0.06206;0.08;0.05715;0.06334;167905694.03
20250120 000000;0.06334;0.06916;0.05885;0.06852;60296643.33
20250121 000000;0.06852;0.07276;0.06524;0.06942;59167404.2
20250122 000000;0.06942;0.07085;0.06044;0.06596;44235844.26
20250123 000000;0.06596;0.06596;0.05777;0.06132;51328886.77
20250124 000000;0.06132;0.06209;0.05596;0.05782;38462885.45
20250125 000000;0.05782;0.11;0.03943;0.04165;182256280.84
20250126 000000;0.04165;0.04343;0.03513;0.03646;108359931.99
20250127 000000;0.03646;0.03921;0.03438;0.03757;86214887.31
20250128 000000;0.03757;0.0384;0.03331;0.03366;111693723.72
20250129 000000;0.03366;0.0352;0.03245;0.03368;55281608.96
20250130 000000;0.03368;0.03506;0.03298;0.0341;39164268.54
20250131 000000;0.0341;0.03508;0.03155;0.03272;35736644.71
20250201 000000;0.03272;0.03405;0.02968;0.02997;47942145.74
20250202 000000;0.02997;0.03124;0.02761;0.02965;55508977.64
20250203 000000;0.02965;0.03717;0.02321;0.03596;122126814.51
20250204 000000;0.03596;0.07262;0.03596;0.05681;261316960.31
20250205 000000;0.05681;0.06586;0.04866;0.05959;101492378.93
20250206 000000;0.05959;0.06441;0.057;0.0586;76410308.08
20250207 000000;0.0586;0.076;0.05615;0.0617;106122255.02
20250208 000000;0.0617;0.06899;0.06007;0.06318;58817144.28
20250209 000000;0.06318;0.0804;0.06102;0.06255;75421653.66
20250210 000000;0.06255;0.07237;0.0563;0.06588;58377192.71
20250211 000000;0.06588;0.07741;0.06328;0.06954;70245022.55
20250212 000000;0.06954;0.0708;0.06254;0.06563;41206288.3
20250213 000000;0.06563;0.06981;0.06042;0.06911;42065909.28
20250214 000000;0.06911;0.07557;0.06677;0.0735;59120638.94
20250215 000000;0.0735;0.07432;0.06556;0.07234;38569843.92
20250216 000000;0.07234;0.08145;0.06764;0.0731;46634100.7
20250217 000000;0.0731;0.08345;0.06939;0.07702;50076964.66
20250218 000000;0.07702;0.09337;0.04613;0.04635;84126400.03
20250219 000000;0.04635;0.0673;0.04373;0.05562;93840178.73
20250220 000000;0.05562;0.07391;0.05545;0.07266;77101788.19
20250221 000000;0.07266;0.09804;0.06939;0.07643;68966685.81
20250222 000000;0.07643;0.18862;0.07414;0.15137;131307014.14
20250223 000000;0.15137;0.16499;0.1232;0.14744;54838637.12
20250224 000000;0.14744;0.26;0.06751;0.069;119280877.58
20250225 000000;0.069;0.07679;0.06503;0.06814;74617993.32
20250226 000000;0.06814;0.07545;0.0645;0.07128;65922382.72
20250227 000000;0.07128;0.07262;0.06046;0.06209;57725987.75
20250228 000000;0.06209;0.06233;0.0578;0.058;38786686.13
20250301 000000;0.058;0.06024;0.05586;0.05646;27553106.5
20250302 000000;0.05646;0.06481;0.05537;0.06231;43071142.69
20250303 000000;0.06231;0.07254;0.05998;0.06178;51721959.81
20250304 000000;0.06178;0.06417;0.05712;0.06052;31755203.15
20250305 000000;0.06052;0.0606;0.05594;0.057;44502082.48
20250306 000000;0.057;0.05793;0.0539;0.05506;38100424.92
20250307 000000;0.05506;0.05926;0.05347;0.05433;27734837.65
20250308 000000;0.05433;0.05918;0.05404;0.05668;22427143.9
20250309 000000;0.05668;0.05834;0.0524;0.05332;22384587.27
20250310 000000;0.05332;0.06051;0.05244;0.05525;42199073.03
20250311 000000;0.05525;0.06058;0.05414;0.05919;38161856.82
20250312 000000;0.05919;0.0597;0.05521;0.05548;55681724.42
20250313 000000;0.05548;0.05705;0.05446;0.05502;68139343.7
20250314 000000;0.05502;0.05751;0.05198;0.05673;49196504.02
20250315 000000;0.05673;0.05892;0.05576;0.05848;29425921.2
20250316 000000;0.05848;0.05913;0.05503;0.05528;59798340.46
20250317 000000;0.05528;0.06052;0.05458;0.05825;72941571.54
20250318 000000;0.05825;0.05873;0.05484;0.05791;37468212.15
20250319 000000;0.05791;0.06141;0.05698;0.06057;63120732.66
20250320 000000;0.06057;0.06081;0.05526;0.0572;39442196.2
20250321 000000;0.0572;0.0575;0.05603;0.05619;46369840.05
20250322 000000;0.05619;0.05929;0.05563;0.0581;50352801.82
20250323 000000;0.0581;0.05977;0.05763;0.0589;29385533.26
20250324 000000;0.0589;0.06035;0.05816;0.05845;43579198.01
20250325 000000;0.05845;0.05921;0.05657;0.05823;31440066.07
20250326 000000;0.05823;0.06034;0.05625;0.05875;56463650.36
20250327 000000;0.05875;0.06043;0.05736;0.05749;53481633.11
20250328 000000;0.05749;0.05948;0.05508;0.05861;32371841.64
20250329 000000;0.05861;0.06092;0.05445;0.05814;58859798.68
20250330 000000;0.05814;0.06074;0.05719;0.05916;85309309.14
20250331 000000;0.05916;0.06038;0.0581;0.05972;49516368.91
20250401 000000;0.05972;0.06119;0.05848;0.05973;32078667.79
20250402 000000;0.05973;0.05981;0.05539;0.05683;71268227.62
20250403 000000;0.05683;0.06066;0.05438;0.05807;63871737.33
20250404 000000;0.05807;0.05864;0.05619;0.05664;38521777.71
20250405 000000;0.05664;0.05739;0.05545;0.05646;27311487.36
20250406 000000;0.05646;0.05687;0.05307;0.05389;27923191.28
20250407 000000;0.05389;0.05394;0.04622;0.0476;43782428.43
20250408 000000;0.0476;0.04985;0.03155;0.03388;84555919.11
20250409 000000;0.03388;0.03497;0.02932;0.03307;89518688.27
20250410 000000;0.03307;0.03307;0.02981;0.03223;54272217.85
20250411 000000;0.03223;0.0424;0.03214;0.03836;87560763.13
20250412 000000;0.03836;0.04052;0.03723;0.03965;60155015.06
20250413 000000;0.03965;0.03972;0.03433;0.03446;78462258.38
20250414 000000;0.03446;0.03609;0.03299;0.03409;30887650.05
20250415 000000;0.03409;0.03507;0.03305;0.03305;213832.09
20250416 000000;0.03305;0.03347;0.03171;0.03264;307801.88
20250417 000000;0.03264;0.0391;0.03202;0.0391;4829466.45
20250418 000000;0.0391;0.04306;0.03883;0.04188;3533654.85
20250419 000000;0.04188;0.04614;0.04167;0.04531;3260620.59
20250420 000000;0.04531;0.04798;0.04485;0.04649;1955208.19
20250421 000000;0.04649;0.04874;0.04594;0.04635;631820.01
20250422 000000;0.04635;0.0541;0.04513;0.05404;1107224.79
20250423 000000;0.05404;0.0571;0.04925;0.05239;1765424.85
20250424 000000;0.05239;0.06552;0.05054;0.05214;2501146.72
20250425 000000;0.05214;0.05385;0.04935;0.05055;1137896.6
20250426 000000;0.05055;0.0521;0.04796;0.04919;1039771.24
20250427 000000;0.04919;0.05011;0.04846;0.04893;372221.82
20250428 000000;0.04893;0.05214;0.04886;0.05175;631326.12
20250429 000000;0.05175;0.06349;0.04814;0.05;2211683
20250430 000000;0.05;0.0504;0.04715;0.0487;800476.75
20250501 000000;0.0487;0.04978;0.04726;0.04764;443231.27
20250502 000000;0.04764;0.05026;0.04479;0.04534;528032.22
20250503 000000;0.04534;0.04545;0.04174;0.04217;495073.17
20250504 000000;0.04217;0.04616;0.04173;0.04385;1171555.79
20250505 000000;0.04385;0.04631;0.04321;0.04406;605310.55
20250506 000000;0.04406;0.05143;0.04399;0.04812;742293.14
20250507 000000;0.04812;0.06499;0.04776;0.06152;4765368.92
20250508 000000;0.06152;0.06878;0.06152;0.06534;2009384.65
20250509 000000;0.06534;0.07;0.06329;0.06722;1904157.15
20250510 000000;0.06722;0.076;0.06516;0.07011;1770736.95
20250511 000000;0.07011;0.07317;0.06597;0.06686;1583448.82
20250512 000000;0.06686;0.0747;0.06323;0.06859;1951201.52
20250513 000000;0.06859;0.07225;0.06249;0.06914;1110337.58
20250514 000000;0.06914;0.06952;0.06433;0.0651;713566.63
20250515 000000;0.0651;0.06548;0.0601;0.06134;790976.71
20250516 000000;0.06134;0.06328;0.05823;0.05902;991737.17
20250517 000000;0.05902;0.05921;0.05628;0.0583;1040962.78
20250518 000000;0.0583;0.06135;0.05715;0.06099;2789673.18
20250519 000000;0.06099;0.06821;0.057;0.06523;1288313.86
20250520 000000;0.06523;0.06638;0.0619;0.06491;1103686.34
20250521 000000;0.06491;0.07037;0.06302;0.06833;1476740.89
20250522 000000;0.06833;0.06973;0.06569;0.06692;769462.74
20250523 000000;0.06692;0.069;0.06243;0.06454;934970.27
20250524 000000;0.06454;0.0706;0.06454;0.06706;783171.6
20250525 000000;0.06706;0.06842;0.0654;0.06628;1378421.06
20250526 000000;0.06628;0.0687;0.06446;0.06825;1120044.14
20250527 000000;0.06825;0.06837;0.0657;0.06772;1082523.92
20250528 000000;0.06772;0.06884;0.06567;0.06635;557959.4
20250529 000000;0.06635;0.06793;0.06414;0.06432;537670.43
20250530 000000;0.06432;0.06687;0.06103;0.06245;624826.53
20250531 000000;0.06245;0.06656;0.06146;0.06249;858449.62
20250601 000000;0.06249;0.06433;0.06099;0.06225;424603.53
20250602 000000;0.06225;0.06347;0.06099;0.06313;441907.86
20250603 000000;0.06313;0.06517;0.0596;0.0596;503432.43
20250604 000000;0.0596;0.06006;0.05625;0.05632;474676.66
20250605 000000;0.05632;0.05708;0.05319;0.05447;454991.41
20250606 000000;0.05447;0.05706;0.05447;0.05542;274732.02
20250607 000000;0.05542;0.05695;0.05525;0.0563;154284.75
20250608 000000;0.0563;0.0581;0.05519;0.05699;194639.25
20250609 000000;0.05699;0.05859;0.05354;0.058;518647.04
20250610 000000;0.058;0.06046;0.05599;0.05908;877209.75
20250611 000000;0.05908;0.06;0.05602;0.05677;357995.39
20250612 000000;0.05677;0.05723;0.05201;0.05291;828608.24
20250613 000000;0.05291;0.05372;0.05045;0.05321;596779.21
20250614 000000;0.05321;0.05691;0.05264;0.0554;516750.12
20250615 000000;0.0554;0.05868;0.05519;0.05723;845263.88
20250616 000000;0.05723;0.05876;0.05665;0.05769;268814.54
20250617 000000;0.05769;0.05946;0.05703;0.05841;13202317.98
20250618 000000;0.05841;0.05982;0.05696;0.05815;35782154.64
20250619 000000;0.05815;0.05867;0.05703;0.05843;53628366.87
20250620 000000;0.05843;0.05873;0.05722;0.05783;23028131.76
20250621 000000;0.05783;0.05836;0.05418;0.05486;12240654.39
20250622 000000;0.05486;0.05653;0.05449;0.05569;11285799.99
20250623 000000;0.05569;0.05885;0.05508;0.05867;37375628.36
20250624 000000;0.05867;0.05911;0.0508;0.05279;49838836.94
20250625 000000;0.05279;0.05649;0.05244;0.05642;33993937.68
20250626 000000;0.05642;0.05717;0.05536;0.05644;33904401.52
20250627 000000;0.05644;0.05771;0.05613;0.05671;33162412.72
20250628 000000;0.05671;0.05699;0.05587;0.05681;38763564.39
20250629 000000;0.05681;0.05792;0.0563;0.05723;28660395.75
20250630 000000;0.05723;0.05925;0.05678;0.05882;19550553.32
20250701 000000;0.05882;0.06116;0.05382;0.05541;16845863.44
20250702 000000;0.05541;0.0582;0.05478;0.05703;53197979.79
20250703 000000;0.05703;0.06133;0.05703;0.06114;53327600.08
20250704 000000;0.06114;0.06372;0.05954;0.06231;44357665.24
20250705 000000;0.06231;0.06395;0.06026;0.06391;38035365.08
20250706 000000;0.06391;0.06626;0.06165;0.06219;37463886.97
20250707 000000;0.06219;0.06238;0.05868;0.06098;34259588.52
20250708 000000;0.06098;0.06171;0.05914;0.06011;42428630.49
20250709 000000;0.06011;0.06384;0.05999;0.06256;47407302.15
20250710 000000;0.06256;0.06638;0.06256;0.06597;34663091.32
20250711 000000;0.06597;0.06885;0.06406;0.0654;16439563.46
20250712 000000;0.0654;0.07;0.06466;0.06907;2538100.66
20250713 000000;0.06907;0.07076;0.06478;0.06774;2543833.49
20250714 000000;0.06774;0.07038;0.06502;0.06583;2002345.75
20250715 000000;0.06583;0.06641;0.06327;0.06561;2145436.09
20250716 000000;0.06561;0.0669;0.06404;0.06634;1744885.5
20250717 000000;0.06634;0.06704;0.06391;0.0654;1627901.58
20250718 000000;0.0654;0.06841;0.06436;0.06526;1629508.38
20250719 000000;0.06526;0.06526;0.06164;0.06371;1765106.09
20250720 000000;0.06371;0.06822;0.06294;0.06627;2600371.26
20250721 000000;0.06627;0.06988;0.06457;0.06785;1736004.16
20250722 000000;0.06785;0.06908;0.06303;0.06527;4396773.61
20250723 000000;0.06527;0.06533;0.05723;0.0591;2132176.97
20250724 000000;0.0591;0.06391;0.05896;0.06065;2592624.91
20250725 000000;0.06065;0.06331;0.05853;0.06289;2412941.98
20250726 000000;0.06289;0.06299;0.0618;0.06283;1686189.34
20250727 000000;0.06283;0.06367;0.06245;0.06353;1457580.94
20250728 000000;0.06353;0.06583;0.06326;0.06425;2790850.32
20250729 000000;0.06425;0.06538;0.06198;0.06486;2120161.37
20250730 000000;0.06486;0.06696;0.06224;0.06508;2628845.74
20250731 000000;0.06508;0.06816;0.0628;0.06555;2232212.8
20250801 000000;0.06555;0.06556;0.06034;0.06235;1910543.02
20250802 000000;0.06235;0.06493;0.05992;0.06096;1839671.67
20250803 000000;0.06096;0.06858;0.06061;0.06835;2640348.28
20250804 000000;0.06835;0.0691;0.06366;0.06441;2323028.1
20250805 000000;0.06441;0.06467;0.06042;0.06124;1719517.99
20250806 000000;0.06124;0.06146;0.05384;0.05442;3824996.75
20250807 000000;0.05442;0.05496;0.05115;0.05463;2603496.24
20250808 000000;0.05463;0.05611;0.0534;0.0552;2719953.27
20250809 000000;0.0552;0.05707;0.05466;0.05582;1939174.25
20250810 000000;0.05582;0.05742;0.05518;0.05715;2199232.8
20250811 000000;0.05715;0.0579;0.05218;0.05218;1654263.17
20250812 000000;0.05218;0.05939;0.05177;0.05905;2081242.96
20250813 000000;0.05905;0.07116;0.05895;0.06798;4803970.9
20250814 000000;0.06798;0.07081;0.06461;0.06874;3995439.02
20250815 000000;0.06874;0.06876;0.0632;0.06397;2308099.24
20250816 000000;0.06397;0.07631;0.06319;0.06983;3120528.85
20250817 000000;0.06983;0.07448;0.06884;0.06972;1681999.35
20250818 000000;0.06972;0.07071;0.06691;0.06881;1599449.01
20250819 000000;0.06881;0.06916;0.06328;0.06352;1561493.58
20250820 000000;0.06352;0.085;0.0634;0.08465;5118975
20250821 000000;0.08465;0.0886;0.08288;0.08458;2699371.02
20250822 000000;0.08458;0.08794;0.08042;0.08412;3441573.77
20250823 000000;0.08412;0.08969;0.08199;0.08506;3460196.66
20250824 000000;0.08506;0.09193;0.08506;0.08865;3497246.06
20250825 000000;0.08865;0.0903;0.0853;0.08588;2006046.38
20250826 000000;0.08588;0.08813;0.0822;0.08551;2186532.39
20250827 000000;0.08551;0.08704;0.08224;0.08345;1501145.6
20250828 000000;0.08345;0.09963;0.08308;0.09856;2248182.09
20250829 000000;0.09856;0.101;0.08925;0.09014;2112963.29
20250830 000000;0.09014;0.09776;0.08726;0.09726;2115939.85
20250831 000000;0.09726;0.09804;0.09304;0.09573;2013068.25
20250901 000000;0.09573;0.10181;0.09381;0.10135;2376358.86
20250902 000000;0.10135;0.10304;0.09485;0.09495;2055483.78
20250903 000000;0.09495;0.10547;0.07777;0.10345;3403212.58
20250904 000000;0.10345;0.10765;0.09837;0.09905;1927792.75
20250905 000000;0.09905;0.09994;0.09539;0.0988;1854239.79
20250906 000000;0.0988;0.10116;0.09818;0.09974;1317239.85
20250907 000000;0.09974;0.12042;0.09932;0.10912;2660983.83
20250908 000000;0.10912;0.10964;0.07754;0.07767;3856956.24
20250909 000000;0.07767;0.10428;0.07149;0.08995;7572394.9
20250910 000000;0.08995;0.10139;0.08653;0.10115;2498807.29
20250911 000000;0.10115;0.10358;0.08522;0.08542;2057605.77
20250912 000000;0.08542;0.08691;0.08061;0.08453;2814924.73
20250913 000000;0.08453;0.08538;0.08082;0.08347;2131441.02
20250914 000000;0.08347;0.08377;0.0771;0.07874;2457407.29
20250915 000000;0.07874;0.08125;0.07637;0.07903;1914035.45
20250916 000000;0.07903;0.08059;0.0763;0.07801;1798991.12
20250917 000000;0.07801;0.07895;0.07456;0.07748;1776113.19
20250918 000000;0.07748;0.07972;0.07522;0.07597;1709893.08
20250919 000000;0.07597;0.07622;0.0625;0.06421;3035312.59
20250920 000000;0.06421;0.07449;0.06401;0.07387;6264090.84
20250921 000000;0.07387;0.0773;0.07052;0.07117;7248579.55
20250922 000000;0.07117;0.07409;0.06551;0.06598;3542416.94
20250923 000000;0.06598;0.06614;0.06342;0.06439;1312738.29
20250924 000000;0.06439;0.0666;0.06162;0.06494;1574908.6
20250925 000000;0.06494;0.06497;0.05939;0.05957;1613898.16
20250926 000000;0.05957;0.0625;0.05953;0.06109;2680315.12
20250927 000000;0.06109;0.07011;0.05782;0.06951;5556938.36
20250928 000000;0.06951;0.06968;0.0646;0.06705;3323876.68
20250929 000000;0.06705;0.07605;0.0661;0.07503;3165206.59
20250930 000000;0.07503;0.07549;0.07101;0.07191;2643946.99
20251001 000000;0.07191;0.07339;0.06657;0.07007;3251134.19
20251002 000000;0.07007;0.07578;0.06702;0.06747;3915989.37
20251003 000000;0.06747;0.06755;0.06481;0.06635;2433109.09
20251004 000000;0.06635;0.06747;0.06439;0.06682;3136834.19
20251005 000000;0.06682;0.06964;0.06431;0.06813;2138497.36
20251006 000000;0.06813;0.07021;0.06415;0.06606;3103515.69
20251007 000000;0.06606;0.0722;0.0646;0.07007;3197794.96
20251008 000000;0.07007;0.07237;0.06808;0.06922;2236627.65
20251009 000000;0.06922;0.0752;0.06863;0.0704;2884309.97
20251010 000000;0.0704;0.09576;0.04688;0.06998;9101565.57
20251011 000000;0.06998;0.07568;0.05036;0.05304;8362341.6
20251012 000000;0.05304;0.05845;0.05133;0.05764;3946300.32
20251013 000000;0.05764;0.06403;0.05728;0.06049;3065776.72
20251014 000000;0.06049;0.06341;0.0545;0.06015;2530819.82
20251015 000000;0.06015;0.06054;0.05507;0.05531;3188726.93
20251016 000000;0.05531;0.05854;0.05306;0.05351;2889153.97
20251017 000000;0.05351;0.05986;0.05051;0.05552;4915639.73
20251018 000000;0.05552;0.05946;0.05502;0.05921;1588423.46
20251019 000000;0.05921;0.05926;0.05641;0.05817;1498261.81
20251020 000000;0.05817;0.07186;0.05751;0.07078;3055294.33
20251021 000000;0.07078;0.07395;0.06822;0.06859;3394125.61
20251022 000000;0.06859;0.07124;0.06665;0.06691;1391617.13
20251023 000000;0.06691;0.06855;0.06468;0.0661;1021371.61
20251024 000000;0.0661;0.06791;0.06284;0.06405;1325908.93
20251025 000000;0.06405;0.06608;0.06236;0.0648;1533517.29
20251026 000000;0.0648;0.06752;0.06457;0.06649;1342589.92
20251027 000000;0.06649;0.07891;0.06361;0.07191;4567507.73
20251028 000000;0.07191;0.07251;0.06816;0.0717;2099363.79
20251029 000000;0.0717;0.07381;0.07008;0.0707;1586457.04
20251030 000000;0.0707;0.07157;0.06588;0.06821;1772965.54
20251031 000000;0.06821;0.07277;0.06682;0.07042;1441166.69
20251101 000000;0.07042;0.07128;0.06842;0.06919;1093747.17
20251102 000000;0.06919;0.07049;0.05591;0.06396;3511736.91
20251103 000000;0.06396;0.06701;0.05928;0.0643;4281049
20251104 000000;0.0643;0.06491;0.06073;0.06161;2266168.23
20251105 000000;0.06161;0.06208;0.05911;0.06057;1304680.58
20251106 000000;0.06057;0.06457;0.05835;0.0586;2515062.17
20251107 000000;0.0586;0.06042;0.05687;0.05792;1868502.45
20251108 000000;0.05792;0.06498;0.05539;0.05653;12681695.2
20251109 000000;0.05653;0.05827;0.05555;0.0577;1587315.36
20251110 000000;0.0577;0.05854;0.05548;0.05569;3019432.98
20251111 000000;0.05569;0.05737;0.05392;0.05394;1984717.51
20251112 000000;0.05394;0.0621;0.05348;0.05702;3227961.9
20251113 000000;0.05702;0.06223;0.05316;0.05404;2710023.33
20251114 000000;0.05404;0.05484;0.05149;0.05335;2370833.45
20251115 000000;0.05335;0.05505;0.0529;0.05359;1738253.02
20251116 000000;0.05359;0.05746;0.05242;0.05456;2355808.25
20251117 000000;0.05456;0.05639;0.05349;0.0541;1854971.37
20251118 000000;0.0541;0.05732;0.05374;0.05729;2691702.99
20251119 000000;0.05729;0.05891;0.05523;0.05874;6171452.71
20251120 000000;0.05874;0.06195;0.05435;0.05474;5815494.51
20251121 000000;0.05474;0.06245;0.05474;0.06035;5783874.9
20251122 000000;0.06035;0.06073;0.05782;0.06022;2476145.45
20251123 000000;0.06022;0.06451;0.05953;0.0624;4064297.42
20251124 000000;0.0624;0.06448;0.06125;0.06142;3364699.11
20251125 000000;0.06142;0.06567;0.05902;0.06555;3543810.07
20251126 000000;0.06555;0.06728;0.06001;0.06066;2534688.16
20251127 000000;0.06066;0.06151;0.0593;0.06008;2568542.09
20251128 000000;0.06008;0.06138;0.05904;0.06013;1670324.03
20251129 000000;0.06013;0.06288;0.05992;0.06148;1811874.47
20251130 000000;0.06148;0.06351;0.05988;0.05988;2412930.65
20251201 000000;0.05988;0.06172;0.05791;0.06011;4110962.63
20251202 000000;0.06011;0.06541;0.05998;0.06271;3175429.02
20251203 000000;0.06271;0.06476;0.06172;0.06287;1603267.5
20251204 000000;0.06287;0.06448;0.06146;0.06312;1371253.2
20251205 000000;0.06312;0.06348;0.06065;0.06239;1465211.71
20251206 000000;0.06239;0.06505;0.06168;0.06189;1550539.91
20251207 000000;0.06189;0.06365;0.06104;0.06289;1315740.23
20251208 000000;0.06289;0.06337;0.06121;0.06192;1417979.8
20251209 000000;0.06192;0.06323;0.05952;0.0603;1341520.54
20251210 000000;0.0603;0.0613;0.05868;0.05978;1503314.18
20251211 000000;0.05978;0.06262;0.05858;0.06223;1769015.33
20251212 000000;0.06223;0.06457;0.06118;0.06364;2028678.24
20251213 000000;0.06364;0.06776;0.06364;0.06769;2150952.61
20251214 000000;0.06769;0.06954;0.06598;0.06862;2428815.19
20251215 000000;0.06862;0.07074;0.06791;0.06996;2473487.41
20251216 000000;0.06996;0.07283;0.06932;0.07114;1852233.61
20251217 000000;0.07114;0.08342;0.07108;0.08125;4688532.87
20251218 000000;0.08125;0.08271;0.07852;0.08078;2896411.92
20251219 000000;0.08078;0.08107;0.07358;0.07506;2728791.83
20251220 000000;0.07506;0.0896;0.07506;0.0868;4786605.67
20251221 000000;0.0868;0.0888;0.0829;0.08484;1976375.15
20251222 000000;0.08484;0.09237;0.08405;0.08873;2023021.37
20251223 000000;0.08873;0.09282;0.06566;0.07061;10084639.28
20251224 000000;0.07061;0.08473;0.06996;0.08088;5460859.3
20251225 000000;0.08088;0.08249;0.07052;0.08115;4256290.24
20251226 000000;0.08115;0.08342;0.07843;0.07858;2569155.43
20251227 000000;0.07858;0.07991;0.0768;0.07756;1353923.54
20251228 000000;0.07756;0.08;0.07621;0.07915;1291311.98
20251229 000000;0.07915;0.08152;0.07735;0.08131;2657146.43
20251230 000000;0.08131;0.08252;0.07546;0.08046;2805921.41
20251231 000000;0.08046;0.08369;0.07774;0.07883;1769647.24
