20250101 000000;4.152;4.326;4.141;4.285;9053.34
20250102 000000;4.285;4.354;4.222;4.285;6693.98
20250103 000000;4.285;4.368;4.179;4.34;5308.19
20250104 000000;4.34;4.431;4.259;4.348;5533.83
20250105 000000;4.348;4.555;4.198;4.342;12036.32
20250106 000000;4.342;4.657;4.265;4.473;14799.78
20250107 000000;4.473;4.473;3.919;3.93;27280.61
20250108 000000;3.93;3.981;3.751;3.913;7974.75
20250109 000000;3.913;3.962;3.675;3.836;31658.31
20250110 000000;3.836;4.116;3.826;4.04;39952.51
20250111 000000;4.04;4.078;3.904;3.973;7301.92
20250112 000000;3.973;3.997;3.851;3.889;4380.7
20250113 000000;3.889;4.049;3.601;3.966;33319.37
20250114 000000;3.966;4.119;3.962;4.085;17485.02
20250115 000000;4.085;4.264;4.073;4.217;12527.62
20250116 000000;4.217;4.235;4.065;4.132;8538.54
20250117 000000;4.132;4.374;4.131;4.297;14827.08
20250118 000000;4.297;4.311;3.985;4.165;9993.52
20250119 000000;4.165;4.28;3.824;3.984;24685.01
20250120 000000;3.984;4.421;3.868;3.981;13201.72
20250121 000000;3.981;4.144;3.848;4.083;6598.86
20250122 000000;4.083;4.105;3.896;3.934;5947.42
20250123 000000;3.934;4.018;3.801;3.978;6650.6
20250124 000000;3.978;4.008;3.818;3.871;8848.58
20250125 000000;3.871;3.974;3.842;3.903;8862.45
20250126 000000;3.903;3.944;3.772;3.793;4855.44
20250127 000000;3.793;3.832;3.516;3.741;17635.45
20250128 000000;3.741;3.908;3.685;3.726;15764.52
20250129 000000;3.726;4.02;3.726;3.899;38607.04
20250130 000000;3.899;4.098;3.753;3.785;19833.03
20250131 000000;3.785;4.031;3.756;3.904;16460.89
20250201 000000;3.904;3.986;3.788;3.824;22130.79
20250202 000000;3.824;3.915;3.454;3.639;13471.59
20250203 000000;3.639;3.795;2.779;3.747;69926.88
20250204 000000;3.747;3.778;3.426;3.537;13817.35
20250205 000000;3.537;3.57;3.361;3.412;7883.32
20250206 000000;3.412;3.524;3.284;3.338;10794.17
20250207 000000;3.338;3.593;3.308;3.459;39003.62
20250208 000000;3.459;3.525;3.342;3.513;8218.25
20250209 000000;3.513;3.63;3.271;3.404;15859.74
20250210 000000;3.404;3.49;3.325;3.462;7383.27
20250211 000000;3.462;3.547;3.365;3.432;10797.62
20250212 000000;3.432;3.575;3.362;3.529;8771.79
20250213 000000;3.529;3.544;3.427;3.498;4840.23
20250214 000000;3.498;3.612;3.487;3.548;8145.29
20250215 000000;3.548;3.658;3.532;3.609;10733.17
20250216 000000;3.609;3.729;3.544;3.673;15304.32
20250217 000000;3.673;3.71;3.569;3.613;20506.03
20250218 000000;3.613;3.716;3.51;3.693;10086.9
20250219 000000;3.693;3.785;3.63;3.735;11334.28
20250220 000000;3.735;3.782;3.678;3.738;106416.39
20250221 000000;3.738;3.976;3.707;3.845;634749.53
20250222 000000;3.845;4.016;3.664;3.741;737596.76
20250223 000000;3.741;3.785;3.64;3.778;316611.9
20250224 000000;3.778;3.787;3.347;3.359;436640.77
20250225 000000;3.359;3.432;3.128;3.246;523992.65
20250226 000000;3.246;3.425;3.136;3.241;419152.13
20250227 000000;3.241;3.374;3.221;3.354;323530.83
20250228 000000;3.354;3.365;3.053;3.3;448367.89
20250301 000000;3.3;3.416;3.231;3.294;243094.74
20250302 000000;3.294;3.795;3.233;3.687;649779.14
20250303 000000;3.687;3.905;3.329;3.407;1212543.17
20250304 000000;3.407;3.407;2.916;3.145;1737469.5
20250305 000000;3.145;3.266;3.08;3.117;481200.89
20250306 000000;3.117;3.119;2.879;2.945;583718.73
20250307 000000;2.945;3.11;2.809;3.002;554821.1
20250308 000000;3.002;3.1;2.952;3.077;230865.79
20250309 000000;3.077;3.097;2.43;2.512;709598.48
20250310 000000;2.512;2.536;2.039;2.061;2880224.81
20250311 000000;2.061;2.085;1.784;1.891;1591811.81
20250312 000000;1.891;1.917;1.75;1.88;901434.33
20250313 000000;1.88;1.907;1.734;1.813;605062.86
20250314 000000;1.813;1.882;1.804;1.822;536438.05
20250315 000000;1.822;1.86;1.813;1.851;427766.42
20250316 000000;1.851;1.874;1.746;1.769;586415.98
20250317 000000;1.769;1.846;1.768;1.823;457040.98
20250318 000000;1.823;1.823;1.632;1.718;619258.89
20250319 000000;1.718;1.769;1.699;1.749;628474.01
20250320 000000;1.749;1.75;1.656;1.685;506993.18
20250321 000000;1.685;1.723;1.656;1.698;637648.38
20250322 000000;1.698;1.709;1.661;1.686;316761.24
20250323 000000;1.686;1.714;1.675;1.704;281398.01
20250324 000000;1.704;1.746;1.685;1.734;287233.3
20250325 000000;1.734;1.744;1.697;1.715;308851.79
20250326 000000;1.715;1.739;1.639;1.657;364650.02
20250327 000000;1.657;1.675;1.575;1.585;353952.23
20250328 000000;1.585;1.605;1.485;1.513;404475.4
20250329 000000;1.513;1.524;1.37;1.399;464987.79
20250330 000000;1.399;1.469;1.396;1.422;575300.49
20250331 000000;1.422;1.439;1.38;1.422;430156.43
20250401 000000;1.422;1.462;1.358;1.36;494574.01
20250402 000000;1.36;1.367;1.172;1.172;1620419.07
20250403 000000;1.172;1.235;1.16;1.209;689782.51
20250404 000000;1.209;1.263;1.174;1.248;592980.87
20250405 000000;1.248;1.257;1.207;1.241;233585.39
20250406 000000;1.241;1.247;1.007;1.03;763535.17
20250407 000000;1.03;1.163;0.993;1.119;1725625.46
20250408 000000;1.119;1.155;0.762;0.826;3455963.04
20250409 000000;0.826;0.977;0.813;0.8967;1668693.19
20250410 000000;0.8967;0.9324;0.8646;0.8692;1199464.5
20250411 000000;0.8692;0.923;0.8357;0.8535;949947.42
20250412 000000;0.8535;0.9054;0.8197;0.8789;775874.18
20250413 000000;0.8789;0.8901;0.7983;0.8289;365393.49
20250414 000000;0.8289;1.0148;0.8203;0.8854;884602.01
20250415 000000;0.8854;0.9339;0.7885;0.7938;896702.27
20250416 000000;0.7938;0.838;0.7387;0.78;382935.11
20250417 000000;0.78;0.8106;0.7651;0.7753;63835.33
20250418 000000;0.7753;0.8292;0.7693;0.7992;76402.98
20250419 000000;0.7992;0.8452;0.7924;0.8371;79267.16
20250420 000000;0.8371;0.8694;0.7929;0.8213;264629.77
20250421 000000;0.8213;1.1146;0.8209;1.0362;2374896.42
20250422 000000;1.0362;1.0607;0.9111;0.9954;938858.23
20250423 000000;0.9954;1.0341;0.9481;0.9545;603544.99
20250424 000000;0.9545;0.9738;0.9168;0.9577;402909.1
20250425 000000;0.9577;1.0904;0.9321;1.0347;709886.47
20250426 000000;1.0347;1.0394;0.9969;1.0183;489221.18
20250427 000000;1.0183;1.0239;0.9426;0.9447;373748.99
20250428 000000;0.9447;1.003;0.9224;0.9816;257011.89
20250429 000000;0.9816;1.3051;0.9711;1.1969;2174185.34
20250430 000000;1.1969;1.2018;1.0703;1.1127;906882.65
20250501 000000;1.1127;1.1731;1.0778;1.1248;614081.72
20250502 000000;1.1248;1.1652;1.0864;1.1283;322556.11
20250503 000000;1.1283;1.1322;1.0392;1.0727;192967.49
20250504 000000;1.0727;1.0794;1.0207;1.0266;261847.04
20250505 000000;1.0266;1.0481;1.0102;1.0285;280266.03
20250506 000000;1.0285;1.0472;0.9633;1.006;360800.07
20250507 000000;1.006;1.0623;1.006;1.0398;326533.55
20250508 000000;1.0398;1.121;1.0361;1.1178;245340.47
20250509 000000;1.1178;1.1754;1.1103;1.1472;459260.28
20250510 000000;1.1472;1.2088;1.1336;1.2086;337543.54
20250511 000000;1.2086;1.2188;1.0772;1.1952;698489.86
20250512 000000;1.1952;1.36;1.0951;1.1637;1106112.33
20250513 000000;1.1637;1.1961;1.1;1.1902;359512.1
20250514 000000;1.1902;1.199;1.1206;1.1438;346169.25
20250515 000000;1.1438;1.1565;1.0277;1.0683;422711.97
20250516 000000;1.0683;1.0942;1.0547;1.0724;291217.65
20250517 000000;1.0724;1.4549;1.0611;1.3384;2541683.83
20250518 000000;1.3384;1.4181;1.2052;1.2651;1413681.77
20250519 000000;1.2651;1.275;1.2069;1.2409;537391.7
20250520 000000;1.2409;1.2917;1.1778;1.2134;459299.77
20250521 000000;1.2134;1.2707;1.2036;1.2538;407931.31
20250522 000000;1.2538;1.2941;1.2506;1.2752;313811.31
20250523 000000;1.2752;1.2963;1.1623;1.1741;540894.45
20250524 000000;1.1741;1.2315;1.1723;1.194;256027.93
20250525 000000;1.194;1.2178;1.1417;1.1904;300549.8
20250526 000000;1.1904;1.2239;1.1871;1.2226;225782.08
20250527 000000;1.2226;1.2282;1.1913;1.204;198608.13
20250528 000000;1.204;1.2206;1.1525;1.1879;240788.15
20250529 000000;1.1879;1.1999;1.1375;1.1401;259633.71
20250530 000000;1.1401;1.1444;1.0691;1.0732;368889.09
20250531 000000;1.0732;1.075;0.998;1.0617;277274.73
20250601 000000;1.0617;1.0875;1.0506;1.0841;145133.45
20250602 000000;1.0841;1.0875;1.0474;1.0781;209373
20250603 000000;1.0781;1.0933;1.0559;1.0568;283312.97
20250604 000000;1.0568;1.0694;1.007;1.0158;234984.04
20250605 000000;1.0158;1.0175;0.9419;0.9549;316183.92
20250606 000000;0.9549;0.9967;0.9518;0.9779;82354.42
20250607 000000;0.9779;1.0189;0.9743;1.002;240373.83
20250608 000000;1.002;1.0206;0.9818;1.0035;186872.77
20250609 000000;1.0035;1.0292;0.9872;1.0284;71726.84
20250610 000000;1.0284;1.0461;1.0171;1.0319;109935.14
20250611 000000;1.0319;1.0342;0.9835;0.9882;124652.87
20250612 000000;0.9882;0.9953;0.9585;0.9613;73507.64
20250613 000000;0.9613;0.9659;0.9243;0.9559;92612.89
20250614 000000;0.9559;0.9598;0.9295;0.9439;56247.55
20250615 000000;0.9439;0.9503;0.9378;0.9502;29853.78
20250616 000000;0.9502;0.9686;0.9435;0.9555;71525.28
20250617 000000;0.9555;0.9572;0.9218;0.9326;75233.45
20250618 000000;0.9326;0.9511;0.9298;0.945;84774.9
20250619 000000;0.945;0.9515;0.9338;0.9427;28478.71
20250620 000000;0.9427;0.9437;0.8975;0.9;66394.22
20250621 000000;0.9;0.9148;0.8752;0.8838;72054.12
20250622 000000;0.8838;0.8982;0.8551;0.8933;117966.2
20250623 000000;0.8933;0.9459;0.8816;0.9448;92153.99
20250624 000000;0.9448;0.958;0.9337;0.9554;74822.38
20250625 000000;0.9554;0.975;0.9493;0.9673;76313.97
20250626 000000;0.9673;0.9818;0.9651;0.9757;68731.43
20250627 000000;0.9757;1.0275;0.9135;1.0032;503223.61
20250628 000000;1.0032;1.0287;0.9613;1.0035;263777.32
20250629 000000;1.0035;1.0385;0.9763;1.0133;222979.73
20250630 000000;1.0133;1.0304;0.9696;0.9951;141477.97
20250701 000000;0.9951;1.021;0.9325;0.9441;142091.83
20250702 000000;0.9441;0.9921;0.9296;0.966;68374.72
20250703 000000;0.966;0.9989;0.9659;0.9764;82385.35
20250704 000000;0.9764;1.1233;0.9662;1.1056;561518.33
20250705 000000;1.1056;1.1199;1.0662;1.0908;280970.5
20250706 000000;1.0908;1.0981;1.0607;1.0789;104585.48
20250707 000000;1.0789;1.1199;1.0271;1.0383;201375.29
20250708 000000;1.0383;1.0543;1.0249;1.0477;101680.67
20250709 000000;1.0477;1.0689;1.0286;1.064;43469.41
20250710 000000;1.064;1.1357;1.0617;1.1196;103154.37
20250711 000000;1.1196;1.1738;1.0717;1.1011;173821.15
20250712 000000;1.1011;1.1348;1.0813;1.123;82167.98
20250713 000000;1.123;1.1803;1.1119;1.1346;153529.65
20250714 000000;1.1346;1.1553;1.081;1.1083;95592.1
20250715 000000;1.1083;1.1419;1.0663;1.136;101426.67
20250716 000000;1.136;1.2326;1.1317;1.1927;201401.94
20250717 000000;1.1927;1.2589;1.1536;1.2224;140373.73
20250718 000000;1.2224;1.2529;1.172;1.2032;95842.4
20250719 000000;1.2032;1.2332;1.1882;1.2171;52220.05
20250720 000000;1.2171;1.2754;1.2067;1.2335;94335.74
20250721 000000;1.2335;1.2619;1.1353;1.1821;188937.74
20250722 000000;1.1821;1.2078;1.1561;1.1952;133475.76
20250723 000000;1.1952;1.1989;1.0809;1.1146;138787.14
20250724 000000;1.1146;1.1346;1.0754;1.0907;112708.27
20250725 000000;1.0907;1.0983;1.0494;1.0817;125333.77
20250726 000000;1.0817;1.117;1.0738;1.1099;59058.04
20250727 000000;1.1099;1.1328;1.0894;1.1097;74464.88
20250728 000000;1.1097;1.1121;1.0712;1.0787;45945.63
20250729 000000;1.0787;1.0999;1.0485;1.0542;41251.75
20250730 000000;1.0542;1.0841;1.0155;1.0352;45132.35
20250731 000000;1.0352;1.0742;1.0086;1.021;55959.82
20250801 000000;1.021;1.0248;0.9832;0.9956;49420.99
20250802 000000;0.9956;1.0219;0.9803;1.0186;41919.08
20250803 000000;1.0186;1.0277;0.9912;1.0071;48722.76
20250804 000000;1.0071;1.0865;0.9951;1.0403;81298.94
20250805 000000;1.0403;1.1015;0.996;1.0405;67225.13
20250806 000000;1.0405;1.0576;1.0192;1.0469;50113.29
20250807 000000;1.0469;1.0825;1.0246;1.0733;39151.13
20250808 000000;1.0733;1.0893;1.0578;1.0661;44946.36
20250809 000000;1.0661;1.1007;1.0637;1.0733;46993.39
20250810 000000;1.0733;1.0838;1.0419;1.0539;53623.92
20250811 000000;1.0539;1.0816;1.0258;1.035;78015.14
20250812 000000;1.035;1.0774;1.0296;1.0712;52145.31
20250813 000000;1.0712;1.0867;1.055;1.0748;72856.52
20250814 000000;1.0748;1.0901;1.0177;1.029;77887.38
20250815 000000;1.029;1.0495;1.0041;1.0149;61221.36
20250816 000000;1.0149;1.0416;1.0136;1.034;36473.01
20250817 000000;1.034;1.0417;1.0129;1.0147;36459.74
20250818 000000;1.0147;1.0188;0.9889;1.0002;31001.9
20250819 000000;1.0002;1.0192;0.9815;0.9826;36644.06
20250820 000000;0.9826;0.9933;0.9465;0.972;81227.03
20250821 000000;0.972;0.9792;0.9461;0.9577;37232.18
20250822 000000;0.9577;1.0239;0.9512;0.9988;75286.48
20250823 000000;0.9988;0.9996;0.9584;0.9617;43698.02
20250824 000000;0.9617;0.9701;0.9351;0.9529;49086.92
20250825 000000;0.9529;0.9581;0.9142;0.9142;45792.15
20250826 000000;0.9142;0.9258;0.8949;0.922;47693.99
20250827 000000;0.922;0.9385;0.9088;0.9105;38968.77
20250828 000000;0.9105;0.9352;0.9095;0.9281;32627.78
20250829 000000;0.9281;0.9316;0.8771;0.899;50801.11
20250830 000000;0.899;0.9108;0.8925;0.9089;30214.56
20250831 000000;0.9089;0.913;0.8839;0.8851;34148
20250901 000000;0.8851;0.8995;0.8788;0.8854;31786.51
20250902 000000;0.8854;0.91;0.8837;0.8904;32596.11
20250903 000000;0.8904;0.9193;0.8874;0.9058;33668.16
20250904 000000;0.9058;0.9111;0.8777;0.8814;33585.39
20250905 000000;0.8814;0.9228;0.88;0.9182;30353.33
20250906 000000;0.9182;0.9315;0.8861;0.8924;48634.89
20250907 000000;0.8924;0.9605;0.8919;0.8954;83756.43
20250908 000000;0.8954;0.9269;0.8716;0.8865;43007.99
20250909 000000;0.8865;0.9026;0.8794;0.8978;52398.66
20250910 000000;0.8978;0.9218;0.8877;0.8948;61389.39
20250911 000000;0.8948;0.9311;0.8873;0.9266;58203.79
20250912 000000;0.9266;0.9742;0.9168;0.9613;60772.25
20250913 000000;0.9613;0.9805;0.9551;0.9664;58547.17
20250914 000000;0.9664;0.99;0.938;0.962;80536.7
20250915 000000;0.962;1.207;0.9301;1.0774;1007659.01
20250916 000000;1.0774;1.1214;1.0266;1.0793;595100.67
20250917 000000;1.0793;1.0908;1.0142;1.0448;146939.14
20250918 000000;1.0448;1.0503;1.0128;1.019;74352.29
20250919 000000;1.019;1.0266;0.9917;0.9934;57781.7
20250920 000000;0.9934;0.9953;0.9729;0.978;53938.72
20250921 000000;0.978;0.9883;0.9612;0.9635;51907.16
20250922 000000;0.9635;0.9704;0.9141;0.922;92422.25
20250923 000000;0.922;0.9228;0.906;0.9092;46837.95
20250924 000000;0.9092;0.9792;0.8983;0.965;125809.72
20250925 000000;0.965;0.9652;0.8822;0.891;87745.81
20250926 000000;0.891;0.9073;0.8847;0.8988;67873.64
20250927 000000;0.8988;0.9079;0.8841;0.8923;56326.77
20250928 000000;0.8923;0.9151;0.8802;0.913;47028.54
20250929 000000;0.913;0.9439;0.9028;0.9307;51131.9
20250930 000000;0.9307;0.9311;0.9119;0.9203;58780.07
20251001 000000;0.9203;0.9599;0.9192;0.9479;42625.45
20251002 000000;0.9479;0.9798;0.9472;0.9786;61105.08
20251003 000000;0.9786;1.0376;0.9624;1.0245;150898.66
20251004 000000;1.0245;1.0523;0.9776;0.9927;139564.05
20251005 000000;0.9927;1.0141;0.9786;0.9848;35835.67
20251006 000000;0.9848;1.0245;0.9804;1.0048;33279.09
20251007 000000;1.0048;1.0086;0.9524;0.9668;34577.26
20251008 000000;0.9668;1.0235;0.9629;0.9894;65273.82
20251009 000000;0.9894;1.0138;0.9525;0.9779;37774.43
20251010 000000;0.9779;0.9911;0.7229;0.8257;128550.23
20251011 000000;0.8257;0.8533;0.8016;0.8226;95427.3
20251012 000000;0.8226;0.8854;0.8028;0.8816;56028.44
20251013 000000;0.8816;0.9037;0.8771;0.894;50595.46
20251014 000000;0.894;0.8987;0.8315;0.8766;95104.92
20251015 000000;0.8766;0.8775;0.83;0.8421;45460.69
20251016 000000;0.8421;0.8643;0.7858;0.7988;131033.67
20251017 000000;0.7988;0.8198;0.7642;0.8042;51334.21
20251018 000000;0.8042;0.8368;0.783;0.8104;172249.16
20251019 000000;0.8104;1.0283;0.7991;0.8195;57373.97
20251020 000000;0.8195;0.8787;0.7984;0.8404;66479.98
20251021 000000;0.8404;0.8865;0.8094;0.8122;72614.98
20251022 000000;0.8122;0.838;0.7766;0.7982;73682.35
20251023 000000;0.7982;0.8268;0.7818;0.7907;82291.93
20251024 000000;0.7907;0.8259;0.7458;0.7935;97400.49
20251025 000000;0.7935;0.8128;0.7661;0.8116;77681.03
20251026 000000;0.8116;0.8338;0.7648;0.8019;72202.91
20251027 000000;0.8019;0.8633;0.7947;0.8168;71471.64
20251028 000000;0.8168;0.8557;0.7949;0.8089;82762.82
20251029 000000;0.8089;0.8343;0.7923;0.8007;98871.81
20251030 000000;0.8007;0.8165;0.7524;0.7565;91250.31
20251031 000000;0.7565;0.8199;0.7565;0.7636;86918.84
20251101 000000;0.7636;0.8047;0.7628;0.7859;95988.49
20251102 000000;0.7859;0.8021;0.771;0.7917;73743.39
20251103 000000;0.7917;0.7987;0.7468;0.7637;101006.66
20251104 000000;0.7637;0.7869;0.6877;0.728;88291.31
20251105 000000;0.728;0.7482;0.6881;0.7292;85469.29
20251106 000000;0.7292;0.7334;0.6649;0.6886;93709.57
20251107 000000;0.6886;0.7233;0.6697;0.7075;83291.5
20251108 000000;0.7075;0.7194;0.6834;0.6995;85143.31
20251109 000000;0.6995;0.727;0.6869;0.7143;80296.4
20251110 000000;0.7143;0.7584;0.7016;0.7418;85306.53
20251111 000000;0.7418;0.7517;0.6896;0.6977;92927.83
20251112 000000;0.6977;0.7164;0.6739;0.6815;86792.62
20251113 000000;0.6815;0.7055;0.6506;0.6796;85553.11
20251114 000000;0.6796;0.6879;0.6266;0.6378;98381.11
20251115 000000;0.6378;0.6684;0.623;0.6439;91943.15
20251116 000000;0.6439;0.6532;0.6197;0.6276;90330.44
20251117 000000;0.6276;0.6487;0.6004;0.6006;95166.61
20251118 000000;0.6006;0.6141;0.5825;0.6039;95027.44
20251119 000000;0.6039;0.6211;0.5516;0.5906;113457.06
20251120 000000;0.5906;0.6093;0.5678;0.5713;99320.59
20251121 000000;0.5713;0.5724;0.526;0.5518;109594.67
20251122 000000;0.5518;0.5575;0.5309;0.5488;116425.01
20251123 000000;0.5488;0.6313;0.5479;0.5747;100375.92
20251124 000000;0.5747;0.5932;0.5589;0.5818;92367.94
20251125 000000;0.5818;0.5845;0.5662;0.5718;97056.25
20251126 000000;0.5718;0.6017;0.5628;0.5994;95113.38
20251127 000000;0.5994;0.6037;0.5856;0.6031;92911.42
20251128 000000;0.6031;0.6667;0.5565;0.5854;99567.43
20251129 000000;0.5854;0.6982;0.5681;0.5846;114802.64
20251130 000000;0.5846;0.6365;0.515;0.586;116900.72
20251201 000000;0.586;0.5943;0.5307;0.5533;103378.18
20251202 000000;0.5533;0.6021;0.5464;0.5951;99998.18
20251203 000000;0.5951;0.6202;0.5776;0.5976;91969.21
20251204 000000;0.5976;0.6063;0.5679;0.5776;89498.71
20251205 000000;0.5776;0.6845;0.5246;0.5576;104220.42
20251206 000000;0.5576;0.6046;0.4977;0.5627;124720.19
20251207 000000;0.5627;0.5954;0.5463;0.5595;105530.6
20251208 000000;0.5595;0.594;0.5567;0.5629;100684.61
20251209 000000;0.5629;0.5942;0.5619;0.5863;99384.72
20251210 000000;0.5863;0.5877;0.5639;0.5753;95263.25
20251211 000000;0.5753;0.578;0.5479;0.5746;96671.04
20251212 000000;0.5746;0.6104;0.5594;0.568;99972.06
20251213 000000;0.568;0.5886;0.5455;0.562;99106.58
20251214 000000;0.562;0.5797;0.5258;0.5456;93253.34
20251215 000000;0.5456;0.5566;0.5125;0.5326;105363.44
20251216 000000;0.5326;0.5537;0.5151;0.542;99651.28
20251217 000000;0.542;0.5484;0.5075;0.5227;104570.7
20251218 000000;0.5227;0.5467;0.5116;0.5227;102043.86
20251219 000000;0.5227;0.5409;0.5147;0.5317;102378.26
20251220 000000;0.5317;0.547;0.5224;0.5391;103011.76
20251221 000000;0.5391;0.5456;0.5214;0.545;106475.5
20251222 000000;0.545;0.5505;0.5276;0.5386;104554.53
20251223 000000;0.5386;0.5405;0.5272;0.5341;105525.46
20251224 000000;0.5341;0.5403;0.5167;0.5389;107219.74
20251225 000000;0.5389;0.5559;0.5256;0.5295;109487.96
20251226 000000;0.5295;0.5507;0.5219;0.5303;104203.74
20251227 000000;0.5303;0.5404;0.5219;0.5278;103559.87
20251228 000000;0.5278;0.55;0.5201;0.5368;102998.91
20251229 000000;0.5368;0.5562;0.5249;0.54;105451.51
20251230 000000;0.54;0.5467;0.5125;0.5343;100608.13
20251231 000000;0.5343;0.6638;0.4829;0.5237;143164.33
