20230622 000000;2.247;2.371;2.235;2.244;34363.31
20230623 000000;2.244;2.328;2.219;2.28;14242.16
20230624 000000;2.28;2.3;2.213;2.242;23240.01
20230625 000000;2.242;2.344;2.241;2.269;23088.63
20230626 000000;2.269;2.298;2.204;2.236;14190.09
20230627 000000;2.236;2.287;2.236;2.263;8649.97
20230628 000000;2.263;2.27;2.108;2.159;17156.78
20230629 000000;2.159;2.235;2.157;2.172;20031.1
20230630 000000;2.172;2.275;2.096;2.236;30202.89
20230701 000000;2.236;2.247;2.195;2.246;8822.29
20230702 000000;2.246;2.247;2.165;2.224;8592.2
20230703 000000;2.224;2.276;2.215;2.254;14513.64
20230704 000000;2.254;2.288;2.219;2.256;12768.44
20230705 000000;2.256;2.282;2.167;2.215;15632.4
20230706 000000;2.215;2.255;2.123;2.125;15018.82
20230707 000000;2.125;2.161;2.11;2.152;23455.67
20230708 000000;2.152;2.199;2.14;2.177;11592.3
20230709 000000;2.177;2.205;2.161;2.171;9587.37
20230710 000000;2.171;2.223;2.123;2.162;9847.42
20230711 000000;2.162;2.185;2.118;2.144;15113.65
20230712 000000;2.144;2.171;2.103;2.14;10244
20230713 000000;2.14;2.263;2.126;2.249;12402.7
20230714 000000;2.249;2.304;2.136;2.179;19777.13
20230715 000000;2.179;2.208;2.158;2.182;11220.95
20230716 000000;2.182;2.205;2.141;2.153;11015.72
20230717 000000;2.153;2.194;2.113;2.163;13381.61
20230718 000000;2.163;2.174;2.09;2.117;9143.31
20230719 000000;2.117;2.165;2.105;2.154;10662.14
20230720 000000;2.154;2.188;2.115;2.142;9635.15
20230721 000000;2.142;2.167;2.122;2.133;8468.76
20230722 000000;2.133;2.176;2.116;2.13;9367.37
20230723 000000;2.13;2.197;2.122;2.15;10051.42
20230724 000000;2.15;2.154;2.03;2.064;17993.97
20230725 000000;2.064;2.127;2.042;2.096;14107.6
20230726 000000;2.096;2.126;2.063;2.098;9634.46
20230727 000000;2.098;2.267;2.091;2.167;28473.46
20230728 000000;2.167;2.234;2.159;2.193;20583.06
20230729 000000;2.193;2.307;2.183;2.266;28023.75
20230730 000000;2.266;2.295;2.155;2.192;16161.68
20230731 000000;2.192;2.225;2.147;2.16;10232.54
20230801 000000;2.16;2.175;2.105;2.161;13538.1
20230802 000000;2.161;2.178;2.111;2.121;16979.06
20230803 000000;2.121;2.131;2.082;2.087;10671.97
20230804 000000;2.087;2.109;2.052;2.079;8169.07
20230805 000000;2.079;2.095;2.047;2.09;14889.42
20230806 000000;2.09;2.155;2.071;2.131;29064.26
20230807 000000;2.131;2.265;2.098;2.189;35175.68
20230808 000000;2.189;2.213;2.144;2.185;32021.44
20230809 000000;2.185;2.205;2.131;2.155;10036.57
20230810 000000;2.155;2.162;2.112;2.121;9683.58
20230811 000000;2.121;2.129;2.093;2.102;9478.41
20230812 000000;2.102;2.117;2.089;2.099;8571.75
20230813 000000;2.099;2.165;2.093;2.154;16608.11
20230814 000000;2.154;2.749;2.123;2.699;93403.48
20230815 000000;2.699;2.779;2.219;2.324;113591.55
20230816 000000;2.324;2.373;2.241;2.295;45623.92
20230817 000000;2.295;2.373;1.781;2.069;54683.74
20230818 000000;2.069;2.121;2.015;2.067;35076.77
20230819 000000;2.067;2.081;2.032;2.049;15704.47
20230820 000000;2.049;2.108;2.035;2.091;11891.06
20230821 000000;2.091;2.099;1.991;2.024;14716
20230822 000000;2.024;2.039;1.952;2.004;17744.51
20230823 000000;2.004;2.07;1.977;2.037;13101.09
20230824 000000;2.037;2.064;1.972;1.993;14077.43
20230825 000000;1.993;2.009;1.944;1.976;34227.04
20230826 000000;1.976;2.005;1.955;1.969;14313.42
20230827 000000;1.969;1.982;1.949;1.975;18061.95
20230828 000000;1.975;2.019;1.936;2.007;14469.18
20230829 000000;2.007;2.131;1.979;2.092;96578.57
20230830 000000;2.092;2.104;2.039;2.058;9526.8
20230831 000000;2.058;2.117;1.974;1.988;13742.07
20230901 000000;1.988;2.01;1.932;1.958;11774.58
20230902 000000;1.958;2.037;1.951;2.034;19727.37
20230903 000000;2.034;2.036;1.982;2.02;15581.77
20230904 000000;2.02;2.056;1.991;2.016;27816.49
20230905 000000;2.016;2.082;1.986;2.071;32660.24
20230906 000000;2.071;2.106;2.016;2.048;21084.8
20230907 000000;2.048;2.061;2.002;2.043;10209.01
20230908 000000;2.043;2.046;1.97;1.989;11821.53
20230909 000000;1.989;2.014;1.971;1.993;11335.69
20230910 000000;1.993;1.993;1.934;1.975;16090.47
20230911 000000;1.975;1.987;1.86;1.894;12668.27
20230912 000000;1.894;1.986;1.892;1.931;11145.33
20230913 000000;1.931;1.998;1.913;1.987;13346.06
20230914 000000;1.987;2.167;1.973;2.142;42583.19
20230915 000000;2.142;2.261;2.087;2.123;58540.63
20230916 000000;2.123;2.188;2.088;2.156;25278.83
20230917 000000;2.156;2.254;2.058;2.074;27362.67
20230918 000000;2.074;2.121;2.046;2.07;27268.45
20230919 000000;2.07;2.119;2.055;2.105;15142.3
20230920 000000;2.105;2.113;2.025;2.073;13853.89
20230921 000000;2.073;2.084;1.979;1.984;11658.66
20230922 000000;1.984;2.03;1.973;2.007;20201.83
20230923 000000;2.007;2.019;1.981;1.992;17519.08
20230924 000000;1.992;2.017;1.953;1.96;30940.74
20230925 000000;1.96;2.027;1.948;2.022;19560.48
20230926 000000;2.022;2.028;1.966;1.999;17311.86
20230927 000000;1.999;2.088;1.991;2.069;28890.49
20230928 000000;2.069;2.148;2.06;2.113;23627.6
20230929 000000;2.113;2.395;2.089;2.299;52549.92
20230930 000000;2.299;2.312;2.195;2.214;54306.43
20231001 000000;2.214;2.377;2.198;2.352;49469.81
20231002 000000;2.352;2.363;2.169;2.193;37402.85
20231003 000000;2.193;2.197;2.116;2.143;19994.87
20231004 000000;2.143;2.174;2.099;2.129;24500.01
20231005 000000;2.129;2.146;2.069;2.07;16215.64
20231006 000000;2.07;2.147;2.047;2.126;15949.11
20231007 000000;2.126;2.156;2.093;2.141;18388.53
20231008 000000;2.141;2.168;2.111;2.129;19509.05
20231009 000000;2.129;2.131;2.006;2.02;19953.3
20231010 000000;2.02;2.047;1.977;1.992;18374.79
20231011 000000;1.992;2.025;1.969;1.988;15677.32
20231012 000000;1.988;2.007;1.934;1.964;14732.87
20231013 000000;1.964;2.029;1.947;1.998;23460.41
20231014 000000;1.998;2.026;1.984;2.007;32672.31
20231015 000000;2.007;2.212;1.994;2.126;25280.11
20231016 000000;2.126;2.289;2.118;2.189;38238.78
20231017 000000;2.189;2.204;2.1;2.12;20454.86
20231018 000000;2.12;2.155;2.077;2.084;57738.81
20231019 000000;2.084;2.106;2.054;2.074;14593.05
20231020 000000;2.074;2.321;2.062;2.258;74693.64
20231021 000000;2.258;2.381;2.226;2.329;35010.17
20231022 000000;2.329;2.364;2.209;2.276;21514.3
20231023 000000;2.276;2.395;2.208;2.395;45211.09
20231024 000000;2.395;2.762;2.364;2.409;66630.66
20231025 000000;2.409;2.645;2.365;2.532;55440.07
20231026 000000;2.532;2.593;2.4;2.49;29919.78
20231027 000000;2.49;2.498;2.374;2.448;21226.68
20231028 000000;2.448;2.493;2.429;2.452;17343.18
20231029 000000;2.452;2.49;2.423;2.448;18121.91
20231030 000000;2.448;2.501;2.394;2.438;17509.66
20231031 000000;2.438;2.485;2.35;2.43;17711.66
20231101 000000;2.43;2.52;2.375;2.512;16817.09
20231102 000000;2.512;2.568;2.407;2.473;29462.32
20231103 000000;2.473;3.082;2.373;2.656;101269.89
20231104 000000;2.656;3.08;2.656;2.816;83615.02
20231105 000000;2.816;2.878;2.559;2.622;44264.05
20231106 000000;2.622;2.693;2.525;2.637;29575.85
20231107 000000;2.637;2.988;2.585;2.85;43349.15
20231108 000000;2.85;3.216;2.826;2.891;59952.72
20231109 000000;2.891;5.455;2.838;5.151;535474.41
20231110 000000;5.151;5.728;4.059;4.47;298031.78
20231111 000000;4.47;4.659;3.86;4.266;120230.84
20231112 000000;4.266;4.493;3.906;4.109;60263.7
20231113 000000;4.109;4.237;3.612;3.772;40730.11
20231114 000000;3.772;3.822;3.438;3.616;25156.99
20231115 000000;3.616;3.843;3.612;3.838;34103.11
20231116 000000;3.838;4.275;3.735;3.834;43089.68
20231117 000000;3.834;4.013;3.518;3.646;22930.19
20231118 000000;3.646;3.677;3.314;3.465;16962.2
20231119 000000;3.465;3.648;3.357;3.621;15703.93
20231120 000000;3.621;3.802;3.519;3.673;27960.16
20231121 000000;3.673;3.943;3.22;3.238;33735.36
20231122 000000;3.238;3.574;3.227;3.544;23117.78
20231123 000000;3.544;3.787;3.512;3.759;48415.49
20231124 000000;3.759;3.859;3.58;3.618;23396.64
20231125 000000;3.618;3.732;3.593;3.726;11316.44
20231126 000000;3.726;3.922;3.537;3.597;25236.25
20231127 000000;3.597;3.628;3.378;3.473;17247.34
20231128 000000;3.473;3.595;3.373;3.564;10580.49
20231129 000000;3.564;3.853;3.534;3.626;37761.95
20231130 000000;3.626;3.646;3.499;3.56;9249.62
20231201 000000;3.56;3.752;3.546;3.722;15742.79
20231202 000000;3.722;4.344;3.708;4.205;56815.55
20231203 000000;4.205;4.367;3.97;4.155;28787.04
20231204 000000;4.155;5.189;4.001;4.849;134079.42
20231205 000000;4.849;5.684;4.37;5.383;78681.14
20231206 000000;5.383;5.678;4.513;4.619;65102.78
20231207 000000;4.619;4.728;4.37;4.516;22997.19
20231208 000000;4.516;4.612;4.406;4.591;17622.22
20231209 000000;4.591;4.663;4.245;4.294;12624.99
20231210 000000;4.294;4.417;4.201;4.352;11423.79
20231211 000000;4.352;4.37;3.375;3.888;32538.93
20231212 000000;3.888;4.111;3.667;3.78;16858.21
20231213 000000;3.78;3.97;3.568;3.9;14200.65
20231214 000000;3.9;4.054;3.672;3.941;29895.37
20231215 000000;3.941;4.004;3.597;3.635;21652.85
20231216 000000;3.635;3.849;3.585;3.765;12288.39
20231217 000000;3.765;3.92;3.69;3.753;13588.8
20231218 000000;3.753;3.806;3.373;3.728;14987.56
20231219 000000;3.728;3.963;3.695;3.763;27307.95
20231220 000000;3.763;4.245;3.734;4.187;42768.41
20231221 000000;4.187;4.263;3.852;4.027;23148.91
20231222 000000;4.027;4.135;3.96;4.117;17213.98
20231223 000000;4.117;4.278;3.975;4.227;32738.15
20231224 000000;4.227;4.312;4.016;4.096;32631.72
20231225 000000;4.096;4.453;4.042;4.375;35522.34
20231226 000000;4.375;4.627;4.133;4.554;105645.45
20231227 000000;4.554;4.604;4.256;4.351;39574.73
20231228 000000;4.351;4.462;3.94;4.016;19537.79
20231229 000000;4.016;4.503;3.898;4.281;18854.34
20231230 000000;4.281;4.556;4.056;4.098;34348.65
20231231 000000;4.098;4.156;3.858;3.974;14992.77
