20240101 000000;0.0000012946;0.0000014088;0.0000012623;0.0000014042;513501039475
20240102 000000;0.0000014042;0.0000014397;0.00000132;0.0000013373;807022129062
20240103 000000;0.0000013373;0.0000014229;0.000000974;0.0000011862;1683452534913
20240104 000000;0.0000011862;0.00000129;0.0000011727;0.0000012557;634078358692
20240105 000000;0.0000012557;0.0000012743;0.00000116;0.0000011965;641106548119
20240106 000000;0.0000011965;0.0000011978;0.0000010975;0.0000011572;676948992988
20240107 000000;0.0000011572;0.0000012158;0.0000010938;0.0000011134;615504500345
20240108 000000;0.0000011134;0.0000012077;0.0000010332;0.0000011946;1291706831004
20240109 000000;0.0000011946;0.0000012577;0.0000011;0.0000011968;1012791746582
20240110 000000;0.0000011968;0.0000013878;0.0000011593;0.0000013263;1564987514530
20240111 000000;0.0000013263;0.000001499;0.0000012551;0.0000013631;2110656421117
20240112 000000;0.0000013631;0.0000014042;0.0000011728;0.0000012356;1948513252934
20240113 000000;0.0000012356;0.0000012628;0.0000011868;0.0000012443;934785917876
20240114 000000;0.0000012443;0.0000012554;0.0000011917;0.0000011943;434386751833
20240115 000000;0.000001194;0.000001247;0.000001193;0.000001204;470392739224
20240116 000000;0.000001204;0.000001267;0.00000118;0.000001245;969663667597
20240117 000000;0.000001245;0.000001266;0.00000119;0.000001207;502738708245
20240118 000000;0.000001207;0.000001211;0.000001123;0.000001142;798372922467
20240119 000000;0.000001142;0.000001149;0.000001058;0.000001136;562378193127
20240120 000000;0.000001136;0.00000118;0.000001109;0.000001167;452994894907
20240121 000000;0.000001167;0.000001191;0.000001117;0.000001121;642676152406
20240122 000000;0.000001121;0.000001127;0.000001045;0.000001054;422009627518
20240123 000000;0.000001054;0.000001073;0.000000974;0.000001043;415571365521
20240124 000000;0.000001043;0.000001069;0.000001021;0.000001043;756553533826
20240125 000000;0.000001043;0.000001049;0.000001001;0.000001027;286810489479
20240126 000000;0.000001027;0.00000109;0.000001016;0.000001084;413481525982
20240127 000000;0.000001084;0.000001106;0.00000107;0.000001095;393952377581
20240128 000000;0.000001095;0.00000112;0.000001051;0.000001065;793629753627
20240129 000000;0.000001065;0.000001085;0.000001036;0.000001064;714132707915
20240130 000000;0.000001064;0.000001081;0.000001003;0.00000101;746035053075
20240131 000000;0.00000101;0.000001012;0.000000907;0.000000914;1154118561373
20240201 000000;0.000000914;0.000000939;0.000000888;0.000000918;467860655394
20240202 000000;0.000000918;0.00000094;0.000000913;0.00000093;413118273141
20240203 000000;0.00000093;0.000000948;0.000000918;0.000000924;234626982130
20240204 000000;0.000000924;0.000000924;0.000000879;0.000000886;302540660945
20240205 000000;0.000000886;0.00000098;0.000000868;0.000000898;506555681541
20240206 000000;0.000000898;0.000000918;0.000000885;0.000000903;375678874608
20240207 000000;0.000000903;0.000000982;0.000000903;0.000000967;490274034288
20240208 000000;0.000000967;0.000000984;0.000000946;0.000000953;352441795901
20240209 000000;0.000000953;0.00000103;0.000000953;0.000001016;576067485287
20240210 000000;0.000001016;0.000001042;0.000001003;0.000001013;310138573565
20240211 000000;0.000001013;0.000001035;0.000000986;0.000001005;337421809080
20240212 000000;0.000001005;0.00000109;0.000000986;0.000001077;889123574839
20240213 000000;0.000001077;0.000001133;0.00000105;0.000001082;1700336443843
20240214 000000;0.000001082;0.000001261;0.000001063;0.000001246;1279209039856
20240215 000000;0.000001246;0.000001301;0.0000012;0.000001243;1635654849953
20240216 000000;0.000001243;0.00000126;0.000001143;0.000001165;1815344606119
20240217 000000;0.000001165;0.000001199;0.000001107;0.000001188;437651356481
20240218 000000;0.000001188;0.000001234;0.000001167;0.000001225;724200456458
20240219 000000;0.000001225;0.000001261;0.000001195;0.00000123;728707461589
20240220 000000;0.00000123;0.000001243;0.00000112;0.000001194;796627638752
20240221 000000;0.000001194;0.000001199;0.0000011;0.000001152;268859820082
20240222 000000;0.000001152;0.00000124;0.000001105;0.000001207;806042595017
20240223 000000;0.000001207;0.000001401;0.000001172;0.000001194;2790408994260
20240224 000000;0.000001194;0.000001316;0.00000115;0.000001311;1173319981430
20240225 000000;0.000001311;0.000001396;0.000001282;0.000001375;1545405826496
20240226 000000;0.000001375;0.000001885;0.000001343;0.000001806;3315461310933
20240227 000000;0.000001806;0.000002965;0.000001745;0.000002656;6715882597369
20240228 000000;0.000002656;0.0000036;0.00000258;0.000003176;9752278899383
20240229 000000;0.000003176;0.00000332;0.000002635;0.000002735;5540974441426
20240301 000000;0.000002735;0.0000043;0.000002673;0.000003993;6060767839845
20240302 000000;0.000003993;0.000004973;0.00000392;0.000004373;5038357022719
20240303 000000;0.000004373;0.000005999;0.000003599;0.000005924;5608860782601
20240304 000000;0.000005924;0.000008293;0.000005564;0.000007013;8099279649165
20240305 000000;0.000007013;0.00000869;0.00000481;0.000006303;5474696618290
20240306 000000;0.000006303;0.00000825;0.000005891;0.000007196;3999713653564
20240307 000000;0.000007196;0.000007735;0.000006398;0.000006816;2265175629125
20240308 000000;0.000006816;0.000009525;0.000006749;0.000009011;4036899055897
20240309 000000;0.000009011;0.000009912;0.000008415;0.000008756;2159904434284
20240310 000000;0.000008756;0.000009305;0.000008199;0.000008546;1593709418529
20240311 000000;0.000008546;0.00000951;0.000007773;0.000009043;1907347430203
20240312 000000;0.000009043;0.000009145;0.000007491;0.000008283;1229492212215
20240313 000000;0.000008283;0.000009363;0.000008112;0.000009022;1997948437845
20240314 000000;0.000009022;0.000010849;0.000008742;0.000009961;2511026098138
20240315 000000;0.000009961;0.000010347;0.000008224;0.000008916;1770124234284
20240316 000000;0.000008916;0.000009074;0.000007024;0.0000075;1399729837407
20240317 000000;0.0000075;0.000008473;0.00000688;0.000007851;1335656673975
20240318 000000;0.000007851;0.00000819;0.00000661;0.000006812;1055106029552
20240319 000000;0.000006812;0.000007695;0.00000582;0.000006597;1516488218528
20240320 000000;0.000006597;0.00000859;0.000006428;0.000008392;1540951749642
20240321 000000;0.000008392;0.0000085;0.000007667;0.000007895;921678581496
20240322 000000;0.000007895;0.000008275;0.000007102;0.000007425;675373695494
20240323 000000;0.000007425;0.000007777;0.000007306;0.000007321;517939166211
20240324 000000;0.000007321;0.000007991;0.000007189;0.000007811;404934016606
20240325 000000;0.000007811;0.000008504;0.000007439;0.000008092;703669524959
20240326 000000;0.000008092;0.000008753;0.000007836;0.000008031;690036362735
20240327 000000;0.000008031;0.000008364;0.000007512;0.000007626;560628488792
20240328 000000;0.000007626;0.000008314;0.000007386;0.000008025;877775744863
20240329 000000;0.000008025;0.000008056;0.000007569;0.000007736;337623339966
20240330 000000;0.000007736;0.00000885;0.000007704;0.000008119;827011313959
20240331 000000;0.000008119;0.000009189;0.000008028;0.0000088;578476154013
20240401 000000;0.0000088;0.0000088;0.000007516;0.000007924;811325340158
20240402 000000;0.000007924;0.000007925;0.00000685;0.000007251;650861501704
20240403 000000;0.000007251;0.000007438;0.0000066;0.000006805;486551461962
20240404 000000;0.000006805;0.000007191;0.000006611;0.000006922;327871761211
20240405 000000;0.000006922;0.000006984;0.00000635;0.000006573;418648433129
20240406 000000;0.000006573;0.000006866;0.000006542;0.00000677;202023309040
20240407 000000;0.00000677;0.000007526;0.000006726;0.000007443;458873139277
20240408 000000;0.000007443;0.00000797;0.0000072;0.000007767;535614572940
20240409 000000;0.000007767;0.000007864;0.000006929;0.000007036;342395259774
20240410 000000;0.000007036;0.000007256;0.000006673;0.000007138;444470673039
20240411 000000;0.000007138;0.0000077;0.00000682;0.000007316;745996281383
20240412 000000;0.000007316;0.0000076;0.00000473;0.000005922;1094521213422
20240413 000000;0.000005922;0.000006046;0.00000411;0.000005046;906502412959
20240414 000000;0.000005046;0.000005799;0.000004823;0.000005443;831678125078
20240415 000000;0.000005443;0.000005812;0.000004742;0.000005093;652828523235
20240416 000000;0.000005093;0.00000556;0.000004752;0.000005404;757454843682
20240417 000000;0.000005404;0.000005483;0.00000487;0.000004914;409218683314
20240418 000000;0.000004914;0.000005288;0.00000464;0.000005084;327684790139
20240419 000000;0.000005084;0.00000546;0.0000046;0.000005133;439720359013
20240420 000000;0.000005133;0.000005887;0.00000503;0.000005815;448187902185
20240421 000000;0.000005815;0.000006232;0.00000561;0.000005958;479416561300
20240422 000000;0.000005958;0.000007;0.000005931;0.000006874;798116167033
20240423 000000;0.000006874;0.000007888;0.00000665;0.000007679;1312234177352
20240424 000000;0.000007679;0.000008173;0.000007056;0.00000725;989781188703
20240425 000000;0.00000725;0.00000808;0.00000695;0.000007783;798457225934
20240426 000000;0.000007783;0.000007889;0.00000724;0.000007374;455416121112
20240427 000000;0.000007374;0.000007422;0.000006682;0.00000721;501185253049
20240428 000000;0.00000721;0.000007756;0.000007143;0.000007222;524173905178
20240429 000000;0.000007222;0.000007488;0.000006795;0.000007363;701250837290
20240430 000000;0.000007363;0.000007589;0.00000635;0.000006673;710695122682
20240501 000000;0.000006673;0.000007214;0.000005921;0.000006987;1104317058910
20240502 000000;0.000006987;0.000007874;0.000006679;0.000007549;1364230066124
20240503 000000;0.000007549;0.000008303;0.000007455;0.000008075;1060661150160
20240504 000000;0.000008075;0.000008987;0.000008021;0.000008669;829706112882
20240505 000000;0.000008669;0.000008797;0.000008266;0.000008524;510313586677
20240506 000000;0.000008524;0.000009172;0.00000832;0.00000834;732256380755
20240507 000000;0.00000834;0.000008637;0.000007894;0.000007906;410492958752
20240508 000000;0.000007906;0.000008252;0.00000762;0.000007959;436989590773
20240509 000000;0.000007959;0.00000875;0.000007911;0.000008539;1370641565094
20240510 000000;0.000008539;0.00000881;0.00000816;0.000008411;862775706438
20240511 000000;0.000008411;0.000008948;0.000008384;0.000008516;631599804781
20240512 000000;0.000008516;0.000008961;0.000008496;0.000008755;1120274364182
20240513 000000;0.000008755;0.000011207;0.000008303;0.000009915;1685449783495
20240514 000000;0.000009915;0.00001149;0.000009835;0.000010572;1910541133633
20240515 000000;0.000010572;0.0000116;0.000009952;0.000010501;1288418673905
20240516 000000;0.000010501;0.000010798;0.00000961;0.000010049;1050890717604
20240517 000000;0.000010049;0.000010434;0.0000098;0.000010176;1151310131660
20240518 000000;0.000010176;0.000010456;0.000009238;0.000009543;854285419678
20240519 000000;0.000009543;0.000009591;0.000008901;0.000009162;536321027461
20240520 000000;0.000009162;0.0000114;0.000008963;0.0000114;2493221779657
20240521 000000;0.0000114;0.000014111;0.0000108;0.000013832;1925595037727
20240522 000000;0.000013832;0.0000143;0.0000125;0.000013378;587418506934
20240523 000000;0.000013378;0.000015792;0.000012679;0.000014909;1094320654419
20240524 000000;0.000014909;0.000015154;0.000013429;0.000014146;591966744501
20240525 000000;0.000014146;0.00001583;0.00001412;0.000015082;503138386279
20240526 000000;0.000015082;0.000016383;0.00001463;0.000016021;565018912245
20240527 000000;0.000016021;0.000017246;0.00001602;0.000016702;689928749366
20240528 000000;0.000016702;0.0000171;0.00001562;0.000015989;730452901760
20240529 000000;0.000015989;0.00001655;0.000014365;0.00001477;643779558493
20240530 000000;0.00001477;0.000015209;0.000013169;0.000014419;708064424335
20240531 000000;0.000014419;0.000016014;0.000014275;0.000015417;773750081173
20240601 000000;0.000015417;0.0000158;0.00001471;0.000014862;566352958162
20240602 000000;0.000014862;0.000015052;0.00001391;0.000014623;395257301008
20240603 000000;0.000014623;0.000015493;0.00001437;0.000014447;430640821896
20240604 000000;0.000014447;0.000014855;0.000014;0.000014353;396716003124
20240605 000000;0.000014353;0.00001507;0.000014087;0.000014566;539507574986
20240606 000000;0.000014566;0.0000152;0.000014216;0.000014351;314798975872
20240607 000000;0.000014351;0.000014523;0.000011088;0.00001278;410371861784
20240608 000000;0.00001278;0.000013215;0.00001198;0.000012108;298677455017
20240609 000000;0.000012108;0.00001295;0.000011864;0.00001275;282202934709
20240610 000000;0.00001275;0.0000131;0.000012048;0.000012091;197923053101
20240611 000000;0.000012091;0.000012995;0.00001122;0.000012739;535056886065
20240612 000000;0.000012739;0.000013908;0.000012114;0.000013206;694959702128
20240613 000000;0.000013206;0.000013331;0.000011725;0.000011905;372547195753
20240614 000000;0.000011905;0.000012261;0.000010578;0.000011369;512232418274
20240615 000000;0.000011369;0.000012276;0.000011336;0.000011852;410969046768
20240616 000000;0.000011852;0.0000129;0.00001146;0.000012315;425179338913
20240617 000000;0.000012315;0.000012424;0.000010712;0.000011165;280696851656
20240618 000000;0.000011165;0.000011229;0.000009497;0.000010978;457208964903
20240619 000000;0.000010978;0.000012;0.00001077;0.000011352;262789780530
20240620 000000;0.000011352;0.00001223;0.000010874;0.000010996;330993845900
20240621 000000;0.000010996;0.000011719;0.000010572;0.00001142;304594264255
20240622 000000;0.00001142;0.000011634;0.000011183;0.000011409;163490551419
20240623 000000;0.000011409;0.00001184;0.00001083;0.000010914;253417564240
20240624 000000;0.000010914;0.000011328;0.00001;0.000011297;372043484409
20240625 000000;0.000011297;0.000013035;0.000011271;0.000012822;944462148343
20240626 000000;0.000012822;0.000013479;0.000012116;0.000012536;274568121273
20240627 000000;0.000012536;0.000012718;0.000012125;0.000012596;251603290279
20240628 000000;0.000012596;0.000012641;0.000011383;0.000011585;240007743158
20240629 000000;0.000011585;0.000011859;0.00001127;0.000011314;238605054069
20240630 000000;0.000011314;0.00001193;0.00001083;0.00001193;283569767532
20240701 000000;0.00001193;0.000012158;0.000011319;0.000011426;257182234443
20240702 000000;0.000011426;0.000011638;0.000010978;0.00001131;288339526953
20240703 000000;0.00001131;0.000011344;0.000009979;0.000010249;308752990538
20240704 000000;0.000010249;0.00001037;0.000008837;0.00000893;712514405358
20240705 000000;0.00000893;0.000009177;0.0000076;0.00000888;755626865527
20240706 000000;0.00000888;0.0000099;0.000008734;0.000009726;560708732550
20240707 000000;0.000009726;0.00000989;0.000008334;0.000008404;461117454052
20240708 000000;0.000008404;0.000009513;0.00000775;0.000009171;743647373091
20240709 000000;0.000009171;0.000009586;0.000008889;0.00000908;374359925931
20240710 000000;0.00000908;0.000009441;0.00000877;0.000009209;265751917066
20240711 000000;0.000009209;0.000009769;0.0000088;0.000008899;319024584428
20240712 000000;0.000008899;0.00000898;0.000008296;0.000008689;290068133673
20240713 000000;0.000008689;0.000008924;0.00000846;0.000008702;135541811713
20240714 000000;0.000008702;0.000009351;0.000008611;0.000009202;295348140221
20240715 000000;0.000009202;0.000011455;0.000009131;0.000011322;715400550977
20240716 000000;0.000011322;0.000012667;0.000011111;0.000012365;1194035376697
20240717 000000;0.000012365;0.000012884;0.00001152;0.000011674;517052672854
20240718 000000;0.000011674;0.000012222;0.000011236;0.000011645;451776250322
20240719 000000;0.000011645;0.000013034;0.000011295;0.000012694;562451476516
20240720 000000;0.000012694;0.000012759;0.000011926;0.000012215;402727626310
20240721 000000;0.000012215;0.0000128;0.000011566;0.000012498;500092337350
20240722 000000;0.000012498;0.00001267;0.000011728;0.000011885;372928233365
20240723 000000;0.000011885;0.000012743;0.000011597;0.000012532;4697804357470
20240724 000000;0.000012532;0.00001315;0.000011979;0.000012205;4655220694305
20240725 000000;0.000012205;0.000012267;0.00001084;0.000011481;4567804417131
20240726 000000;0.000011481;0.000012128;0.000011402;0.00001203;2516944246770
20240727 000000;0.00001203;0.000012495;0.000011586;0.000011908;2229229291021
20240728 000000;0.000011908;0.00001197;0.000011559;0.000011748;1154927651881
20240729 000000;0.000011748;0.000012412;0.000011692;0.000011796;2123899782465
20240730 000000;0.000011796;0.000012033;0.000011033;0.000011313;1155124737205
20240731 000000;0.000011313;0.000011641;0.000010867;0.000011042;1055855172134
20240801 000000;0.000011042;0.000011144;0.00000974;0.000010522;2137171734765
20240802 000000;0.000010522;0.000010603;0.000009231;0.000009333;2277645627955
20240803 000000;0.000009333;0.000009547;0.000008292;0.000008618;2472210069302
20240804 000000;0.000008618;0.00000878;0.000007666;0.0000081;3303100395428
20240805 000000;0.0000081;0.000008245;0.000005854;0.000007041;11375982560947
20240806 000000;0.000007041;0.000008182;0.00000704;0.000007738;5034702071051
20240807 000000;0.000007738;0.00000838;0.000007262;0.000007369;4119278593916
20240808 000000;0.000007369;0.00000889;0.00000719;0.000008766;3924333077377
20240809 000000;0.000008766;0.000008993;0.000008314;0.000008528;2979877947122
20240810 000000;0.000008528;0.00000871;0.00000828;0.000008436;1090679477450
20240811 000000;0.000008436;0.000008788;0.00000765;0.000007725;1666331133143
20240812 000000;0.000007725;0.00000852;0.000007708;0.000008227;805148248023
20240813 000000;0.000008227;0.000008364;0.000007894;0.000008186;341269135787
20240814 000000;0.000008186;0.000008462;0.00000791;0.000008007;351704057387
20240815 000000;0.000008007;0.000008063;0.000007206;0.000007443;363642782350
20240816 000000;0.000007443;0.000007588;0.000006871;0.000007178;469935042360
20240817 000000;0.000007178;0.000007706;0.000007107;0.000007482;348581680988
20240818 000000;0.000007482;0.000007622;0.000007283;0.00000729;279664592446
20240819 000000;0.00000729;0.000007704;0.00000716;0.000007678;281324859878
20240820 000000;0.000007678;0.000008283;0.000007634;0.000007756;531855656345
20240821 000000;0.000007756;0.000008072;0.000007502;0.00000792;427416387452
20240822 000000;0.00000792;0.000008073;0.000007731;0.000007983;397933968005
20240823 000000;0.000007983;0.000009295;0.000007951;0.000009076;666603605263
20240824 000000;0.000009076;0.000009852;0.00000886;0.000009492;708376572946
20240825 000000;0.000009492;0.000009525;0.000008696;0.000009147;669807744732
20240826 000000;0.000009147;0.000009262;0.00000842;0.00000852;442868428811
20240827 000000;0.00000852;0.000008691;0.000007514;0.000007637;400835679528
20240828 000000;0.000007637;0.000008124;0.000007346;0.000007681;494788118545
20240829 000000;0.000007681;0.000008198;0.00000755;0.000007655;413795370455
20240830 000000;0.000007655;0.000007923;0.000007346;0.000007763;303788301392
20240831 000000;0.000007763;0.000007878;0.000007517;0.000007598;188305582667
20240901 000000;0.000007598;0.000007635;0.000007073;0.000007134;269672993651
20240902 000000;0.000007134;0.00000768;0.000007087;0.000007615;297633892363
20240903 000000;0.000007615;0.000007757;0.000007245;0.000007261;285400729885
20240904 000000;0.000007261;0.000007521;0.00000685;0.00000735;413782298842
20240905 000000;0.00000735;0.00000741;0.000007009;0.000007104;175302467841
20240906 000000;0.000007104;0.000007269;0.000006337;0.000006641;346044943431
20240907 000000;0.000006641;0.000007023;0.000006641;0.000006762;216976855074
20240908 000000;0.000006762;0.000007402;0.000006706;0.000007073;306689512592
20240909 000000;0.000007073;0.0000076;0.000006944;0.000007388;314139571541
20240910 000000;0.000007388;0.000007553;0.00000729;0.000007464;200642173165
20240911 000000;0.000007464;0.000007466;0.000006978;0.000007237;367020513731
20240912 000000;0.000007237;0.00000749;0.000007213;0.000007416;339980688211
20240913 000000;0.000007416;0.000008061;0.000007309;0.000007906;1614422509060
20240914 000000;0.000007906;0.000007936;0.000007627;0.000007754;1045963921449
20240915 000000;0.000007754;0.000007829;0.000007298;0.000007351;972396316516
20240916 000000;0.000007351;0.000007391;0.000007064;0.000007198;1638310379031
20240917 000000;0.000007198;0.000007643;0.000007106;0.00000732;1772371312893
20240918 000000;0.00000732;0.000007546;0.000006991;0.000007531;2331784823266
20240919 000000;0.000007531;0.000008338;0.000007531;0.000007952;3416214400010
20240920 000000;0.000007952;0.000008508;0.000007713;0.000008245;2972740620912
20240921 000000;0.000008245;0.000008443;0.000008004;0.000008414;1277504491554
20240922 000000;0.000008414;0.000008479;0.000007735;0.000008005;1516061219686
20240923 000000;0.000008005;0.000008333;0.000007828;0.00000813;2850348144297
20240924 000000;0.00000813;0.000008761;0.000007925;0.000008587;5388177602673
20240925 000000;0.000008587;0.00000879;0.000008365;0.000008448;4508622204415
20240926 000000;0.000008448;0.0000098;0.000008217;0.000009511;7382782763792
20240927 000000;0.000009511;0.00001094;0.000009368;0.000010692;6259310455027
20240928 000000;0.000010692;0.000011563;0.000010558;0.000011382;6681891976944
20240929 000000;0.000011382;0.00001195;0.000010981;0.000011283;5674180590937
20240930 000000;0.000011283;0.000011496;0.000010352;0.000010468;3983012320315
20241001 000000;0.000010468;0.000011448;0.000009285;0.000009704;6164602120050
20241002 000000;0.000009704;0.000010309;0.000008926;0.000009241;5023354831424
20241003 000000;0.000009241;0.000009524;0.00000835;0.000008634;4400802817634
20241004 000000;0.000008634;0.000009597;0.000008479;0.00000939;4256799216654
20241005 000000;0.00000939;0.000009606;0.00000882;0.000009346;2891321934471
20241006 000000;0.000009346;0.000010333;0.000009257;0.000010234;4137149999280
20241007 000000;0.000010234;0.000010815;0.000009775;0.000009799;5713648544291
20241008 000000;0.000009799;0.000010063;0.000009327;0.000009513;3718806663018
20241009 000000;0.000009513;0.000009873;0.000008981;0.000009121;3315565875426
20241010 000000;0.000009121;0.000009461;0.0000088;0.000009285;2747170539402
20241011 000000;0.000009285;0.000009973;0.000009202;0.000009738;3156162935712
20241012 000000;0.000009738;0.000010239;0.000009684;0.000009893;2738085769001
20241013 000000;0.000009893;0.000009987;0.000009368;0.000009701;2403593882231
20241014 000000;0.000009701;0.000011068;0.00000955;0.0000109;5371869393325
20241015 000000;0.0000109;0.00001117;0.000010019;0.000010393;6102050115683
20241016 000000;0.000010393;0.000010665;0.00001012;0.000010437;3394190618631
20241017 000000;0.000010437;0.000010567;0.000009627;0.000009878;2822450455619
20241018 000000;0.000009878;0.000010729;0.000009829;0.000010503;3069998049769
20241019 000000;0.000010503;0.000010939;0.000010317;0.000010487;1649943032330
20241020 000000;0.000010487;0.00001078;0.000010109;0.000010691;1879491330950
20241021 000000;0.00001069;0.00001089;0.00001004;0.00001018;2477037896036
20241022 000000;0.00001018;0.00001036;0.00000986;0.00001007;1536391032230
20241023 000000;0.00001007;0.00001012;0.00000941;0.00000981;1938985331389
20241024 000000;0.00000981;0.00001009;0.00000967;0.00001001;1701350178389
20241025 000000;0.00001001;0.00001005;0.00000843;0.00000879;3161708901884
20241026 000000;0.00000879;0.00000912;0.00000863;0.00000907;1940576427235
20241027 000000;0.00000907;0.00000929;0.00000893;0.00000916;1301137011675
20241028 000000;0.00000916;0.00000944;0.00000858;0.00000918;2431852158812
20241029 000000;0.00000918;0.00000992;0.00000913;0.00000967;2806513979329
20241030 000000;0.00000967;0.00001013;0.00000926;0.00000964;3011961752901
20241031 000000;0.00000964;0.00000971;0.00000888;0.00000912;1943272993000
20241101 000000;0.00000912;0.00000935;0.00000872;0.00000889;1899845257878
20241102 000000;0.00000889;0.000009;0.00000819;0.00000872;1239973154210
20241103 000000;0.00000872;0.00000873;0.00000787;0.00000818;2564716668282
20241104 000000;0.00000818;0.00000838;0.00000771;0.00000791;2233781789428
20241105 000000;0.00000791;0.00000882;0.00000791;0.00000856;2527622886160
20241106 000000;0.00000856;0.00001005;0.00000856;0.00000989;5950907389384
20241107 000000;0.00000989;0.00001105;0.00000979;0.00001099;8486671138473
20241108 000000;0.00001099;0.00001149;0.00001018;0.00001076;8876625787239
20241109 000000;0.00001076;0.00001149;0.00001045;0.0000112;5913826698688
20241110 000000;0.0000112;0.00001299;0.000011;0.00001232;31081645413565
20241111 000000;0.00001232;0.00001345;0.00001175;0.000013;17818521503692
20241112 000000;0.000013;0.0000149;0.00001229;0.00001412;15989550403622
20241113 000000;0.00001412;0.00002243;0.00001249;0.0000208;14292513109559
20241114 000000;0.0000208;0.00002568;0.00002007;0.00002065;12278658735998
20241115 000000;0.00002065;0.00002399;0.0000188;0.00002332;7817931169058
20241116 000000;0.00002332;0.00002367;0.00002067;0.00002127;3452835937907
20241117 000000;0.00002127;0.00002258;0.0000195;0.00002121;4018068784940
20241118 000000;0.00002121;0.00002278;0.00001964;0.00002047;3316118981046
20241119 000000;0.00002047;0.00002122;0.00001894;0.00001968;4179484211100
20241120 000000;0.00001968;0.00002057;0.00001831;0.00001876;5125235720543
20241121 000000;0.00001876;0.00002175;0.00001804;0.00002068;12607535251582
20241122 000000;0.00002068;0.00002184;0.00001978;0.00002064;7802940420015
20241123 000000;0.00002064;0.00002234;0.00001975;0.00002049;12443818792492
20241124 000000;0.00002049;0.00002122;0.00001904;0.0000202;7541134898793
20241125 000000;0.0000202;0.00002075;0.00001833;0.00001899;8648003773544
20241126 000000;0.00001899;0.00001948;0.00001728;0.0000183;6978850830177
20241127 000000;0.0000183;0.00002014;0.00001787;0.00001974;6524570845723
20241128 000000;0.00001974;0.00002033;0.00001894;0.00001987;5369354529194
20241129 000000;0.00001987;0.0000213;0.0000195;0.00002046;6438931679413
20241130 000000;0.00002046;0.00002164;0.0000201;0.00002021;4330519184430
20241201 000000;0.00002021;0.00002333;0.00002007;0.00002226;9671632139403
20241202 000000;0.00002226;0.00002286;0.00001957;0.00002043;8461332776744
20241203 000000;0.00002043;0.00002108;0.00001885;0.00002025;5721396155558
20241204 000000;0.00002025;0.00002209;0.0000202;0.00002179;7645087067743
20241205 000000;0.00002179;0.0000229;0.00002033;0.00002116;9654432097399
20241206 000000;0.00002116;0.0000223;0.00002034;0.00002155;9058936541548
20241207 000000;0.00002155;0.00002692;0.00002111;0.00002488;13000791649822
20241208 000000;0.00002488;0.00002716;0.00002418;0.00002642;11681792410726
20241209 000000;0.00002642;0.00002837;0.0000235;0.0000265;11733632364454
20241210 000000;0.0000265;0.00002723;0.00002208;0.00002349;22585754573090
20241211 000000;0.00002349;0.00002549;0.00002162;0.00002513;11986212872582
20241212 000000;0.00002513;0.000026;0.00002321;0.00002366;9590508537275
20241213 000000;0.00002366;0.00002499;0.00002308;0.00002477;5225506339466
20241214 000000;0.00002477;0.00002487;0.00002291;0.00002331;3325188376918
20241215 000000;0.00002331;0.00002451;0.0000226;0.00002418;2968094596748
20241216 000000;0.00002418;0.00002473;0.0000229;0.00002346;4787942405828
20241217 000000;0.00002346;0.00002367;0.00002207;0.00002242;4630769322712
20241218 000000;0.00002242;0.00002255;0.00001913;0.00001942;6950688923847
20241219 000000;0.00001942;0.00001976;0.00001656;0.00001706;14759278726989
20241220 000000;0.00001706;0.000018;0.00001442;0.00001768;21989297560529
20241221 000000;0.00001768;0.00001975;0.00001694;0.00001738;12267532034508
20241222 000000;0.00001738;0.00001844;0.00001667;0.00001784;8234551777045
20241223 000000;0.00001784;0.00001885;0.00001723;0.00001848;7633307045667
20241224 000000;0.00001848;0.00001954;0.00001789;0.00001926;5873182117494
20241225 000000;0.00001926;0.00001937;0.00001813;0.00001854;4497161141438
20241226 000000;0.00001854;0.00001878;0.00001704;0.0000174;5605367441060
20241227 000000;0.0000174;0.00001829;0.00001725;0.00001788;5387977654022
20241228 000000;0.00001788;0.00001904;0.00001776;0.00001876;3368592243625
20241229 000000;0.00001876;0.00001919;0.00001775;0.0000179;2607619719377
20241230 000000;0.0000179;0.00001898;0.00001746;0.00001848;4685477295887
20241231 000000;0.00001848;0.00002184;0.00001771;0.00001996;12230842382518
