20230622 000000;0.0000013812;0.000001693;0.000001365;0.000001545;5392329930763
20230623 000000;0.000001545;0.0000017835;0.0000014565;0.000001651;3097250986818
20230624 000000;0.000001651;0.0000017525;0.000001496;0.0000015558;2250781191656
20230625 000000;0.0000015558;0.000001673;0.0000015238;0.0000016051;1666400694305
20230626 000000;0.0000016051;0.00000163;0.00000148;0.0000015092;1800017121471
20230627 000000;0.0000015092;0.000001668;0.000001494;0.0000016192;1909270200442
20230628 000000;0.0000016192;0.0000016192;0.0000013628;0.0000014213;1578355296149
20230629 000000;0.0000014213;0.000001628;0.0000014066;0.000001541;1369217790113
20230630 000000;0.000001541;0.0000017025;0.0000014466;0.0000016218;4241983264584
20230701 000000;0.0000016218;0.0000016301;0.00000152;0.000001555;1036436732300
20230702 000000;0.000001555;0.000001614;0.00000149;0.0000015839;805016877870
20230703 000000;0.0000015839;0.000001894;0.0000015601;0.0000018345;2371655896705
20230704 000000;0.0000018345;0.000001883;0.000001695;0.0000017125;1339015639559
20230705 000000;0.0000017125;0.0000017678;0.00000161;0.0000016519;937435313618
20230706 000000;0.0000016519;0.0000017815;0.0000015349;0.00000154;1459729879739
20230707 000000;0.00000154;0.0000015992;0.00000151;0.0000015648;1454984000599
20230708 000000;0.0000015648;0.0000015983;0.0000015104;0.0000015527;495158376058
20230709 000000;0.0000015527;0.0000015891;0.00000153;0.0000015441;351404547370
20230710 000000;0.0000015441;0.000001583;0.000001434;0.0000015151;1327080220902
20230711 000000;0.0000015151;0.0000015332;0.0000014846;0.0000015021;709937593820
20230712 000000;0.0000015021;0.0000015667;0.0000014846;0.0000015082;734798003942
20230713 000000;0.0000015082;0.0000017672;0.0000014621;0.0000017121;2142824841144
20230714 000000;0.0000017121;0.0000018804;0.000001552;0.0000016387;3018999159892
20230715 000000;0.0000016387;0.0000017048;0.0000016137;0.0000016435;1500757591225
20230716 000000;0.0000016435;0.0000016664;0.00000156;0.0000015745;853730657347
20230717 000000;0.0000015745;0.0000016035;0.0000015085;0.0000015742;707654502608
20230718 000000;0.0000015742;0.0000015974;0.000001485;0.000001516;986724035887
20230719 000000;0.000001516;0.000001575;0.0000015071;0.0000015254;1686491219323
20230720 000000;0.0000015254;0.0000015754;0.000001465;0.0000015035;1152205559161
20230721 000000;0.0000015035;0.0000015481;0.0000014866;0.0000015223;616292517059
20230722 000000;0.0000015223;0.000001548;0.0000014748;0.0000014901;328185760898
20230723 000000;0.0000014901;0.000001536;0.0000014669;0.0000015048;326331591459
20230724 000000;0.0000015048;0.0000015092;0.0000012888;0.0000013467;876602325946
20230725 000000;0.0000013467;0.0000013565;0.000001288;0.0000013069;679281817667
20230726 000000;0.0000013069;0.0000013858;0.000001225;0.0000013336;1086649970116
20230727 000000;0.0000013336;0.000001443;0.0000013125;0.0000013433;909234892928
20230728 000000;0.0000013433;0.000001374;0.0000012949;0.0000013365;510875498845
20230729 000000;0.0000013365;0.000001355;0.0000013244;0.0000013481;257558894903
20230730 000000;0.0000013481;0.0000013491;0.0000012494;0.0000012959;632117626224
20230731 000000;0.0000012959;0.0000013221;0.0000012032;0.0000012373;316268474514
20230801 000000;0.0000012373;0.000001306;0.00000118;0.000001306;456137927645
20230802 000000;0.000001306;0.0000013179;0.0000012062;0.0000012194;570111927872
20230803 000000;0.0000012194;0.0000012322;0.0000011932;0.000001198;523389358387
20230804 000000;0.000001198;0.000001224;0.0000011123;0.0000011541;462594578656
20230805 000000;0.0000011541;0.0000011709;0.0000011254;0.0000011539;487635090312
20230806 000000;0.0000011539;0.0000011754;0.0000011251;0.000001157;508238371836
20230807 000000;0.000001157;0.0000011956;0.0000010592;0.0000011173;635606732946
20230808 000000;0.0000011173;0.0000012245;0.0000011;0.0000011763;711801597998
20230809 000000;0.0000011763;0.0000012864;0.0000011744;0.0000012309;1012868682943
20230810 000000;0.0000012309;0.0000012662;0.0000012151;0.0000012329;600825275601
20230811 000000;0.0000012329;0.0000012686;0.00000122;0.0000012462;454547528641
20230812 000000;0.0000012462;0.0000013603;0.0000012447;0.0000013518;697976216114
20230813 000000;0.0000013518;0.0000014247;0.0000013254;0.0000013644;825823072565
20230814 000000;0.0000013644;0.0000014634;0.0000013252;0.0000014055;1036079083368
20230815 000000;0.0000014055;0.0000014112;0.000001241;0.0000012686;1064239630682
20230816 000000;0.0000012686;0.0000012767;0.0000011391;0.000001165;574587528363
20230817 000000;0.000001165;0.000001226;0.000000941;0.0000010795;784047851249
20230818 000000;0.0000010795;0.0000011176;0.0000010493;0.0000010895;822101536861
20230819 000000;0.0000010895;0.0000011442;0.0000010858;0.0000011357;515609280649
20230820 000000;0.0000011357;0.0000011494;0.0000011039;0.0000011184;372394513996
20230821 000000;0.0000011184;0.0000011288;0.0000010456;0.000001086;376613866218
20230822 000000;0.000001086;0.0000010906;0.0000010089;0.000001073;384202726439
20230823 000000;0.000001073;0.0000011279;0.0000010464;0.0000011045;826306086225
20230824 000000;0.0000011045;0.0000011082;0.0000009156;0.0000009417;1505199756110
20230825 000000;0.0000009417;0.0000009417;0.000000779;0.0000008825;3358266285450
20230826 000000;0.0000008825;0.0000009655;0.000000855;0.000000868;1577000953487
20230827 000000;0.000000868;0.000000913;0.000000865;0.0000008962;1204743495226
20230828 000000;0.0000008962;0.0000009051;0.000000838;0.000000858;1171956411694
20230829 000000;0.000000858;0.000000907;0.00000081;0.0000008951;1425439553816
20230830 000000;0.0000008951;0.0000009003;0.0000008578;0.0000008685;619188202850
20230831 000000;0.0000008685;0.0000008727;0.000000792;0.0000008028;1248318416255
20230901 000000;0.0000008028;0.0000008212;0.000000755;0.000000775;927102551262
20230902 000000;0.000000775;0.0000007982;0.0000007621;0.0000007844;578172177989
20230903 000000;0.0000007844;0.0000008076;0.0000007726;0.0000008022;352058369034
20230904 000000;0.0000008022;0.000000828;0.000000783;0.0000007981;564808455155
20230905 000000;0.0000007981;0.000000816;0.000000785;0.0000008027;829878587429
20230906 000000;0.0000008027;0.00000081;0.00000077;0.000000796;707800288270
20230907 000000;0.000000796;0.0000008148;0.000000785;0.000000808;575528581992
20230908 000000;0.000000808;0.000000815;0.0000007752;0.0000007963;457511941972
20230909 000000;0.0000007963;0.0000007976;0.0000007834;0.000000786;277793803712
20230910 000000;0.000000786;0.0000007861;0.000000689;0.0000007074;1209632504343
20230911 000000;0.0000007074;0.0000007092;0.0000006;0.0000006685;900976610509
20230912 000000;0.0000006685;0.0000007024;0.0000006618;0.0000006718;583973995573
20230913 000000;0.0000006718;0.0000006987;0.0000006543;0.0000006738;446689680424
20230914 000000;0.0000006738;0.0000006957;0.0000006704;0.0000006828;594272570768
20230915 000000;0.0000006828;0.0000006874;0.0000006555;0.0000006838;414424042342
20230916 000000;0.0000006838;0.0000007063;0.000000671;0.0000006757;530223647474
20230917 000000;0.0000006757;0.000000676;0.0000005968;0.0000006277;674826096738
20230918 000000;0.0000006277;0.0000006492;0.000000617;0.000000627;581276565622
20230919 000000;0.000000627;0.000000649;0.0000006244;0.0000006417;494949267691
20230920 000000;0.0000006417;0.0000006472;0.000000611;0.0000006283;780818186451
20230921 000000;0.0000006283;0.0000006391;0.0000006023;0.0000006112;494232168973
20230922 000000;0.0000006112;0.0000007306;0.000000605;0.0000007156;1577049920814
20230923 000000;0.0000007156;0.0000007383;0.0000006628;0.0000006775;914796303010
20230924 000000;0.0000006775;0.0000006932;0.000000658;0.0000006759;841687002053
20230925 000000;0.0000006759;0.0000007193;0.0000006652;0.0000007101;1157047641550
20230926 000000;0.0000007101;0.0000007238;0.0000006827;0.0000006944;566060035939
20230927 000000;0.0000006944;0.0000007651;0.0000006941;0.000000735;1202664520504
20230928 000000;0.000000735;0.0000007542;0.0000007078;0.0000007335;972106625706
20230929 000000;0.0000007335;0.0000008242;0.0000007261;0.0000007908;2729231200578
20230930 000000;0.0000007908;0.0000008165;0.000000755;0.0000007986;2250976452754
20231001 000000;0.0000007986;0.0000008288;0.0000007721;0.0000008135;1428586736337
20231002 000000;0.0000008135;0.0000008465;0.00000069;0.0000007426;2283612044378
20231003 000000;0.0000007426;0.0000007477;0.0000007178;0.0000007229;736534217946
20231004 000000;0.0000007229;0.0000007243;0.0000006888;0.0000007176;986115413381
20231005 000000;0.0000007176;0.0000007333;0.0000006974;0.0000007012;920062886489
20231006 000000;0.0000007012;0.0000007294;0.0000006814;0.0000007239;593903458935
20231007 000000;0.0000007239;0.0000007305;0.0000006964;0.000000708;434784300447
20231008 000000;0.000000708;0.0000007205;0.000000691;0.0000007156;615926116223
20231009 000000;0.0000007156;0.000000718;0.000000635;0.0000006648;940673384811
20231010 000000;0.0000006648;0.0000006701;0.000000637;0.0000006452;558518530251
20231011 000000;0.0000006452;0.000000655;0.0000006248;0.0000006359;508503140156
20231012 000000;0.0000006359;0.0000006389;0.000000612;0.0000006256;454436450935
20231013 000000;0.0000006256;0.000000665;0.0000006239;0.0000006462;944019458449
20231014 000000;0.0000006462;0.000000655;0.0000006415;0.0000006452;1149939427990
20231015 000000;0.0000006452;0.0000006842;0.0000006349;0.0000006656;2554631752648
20231016 000000;0.0000006656;0.000000715;0.0000006624;0.0000006735;1945027037423
20231017 000000;0.0000006735;0.000000679;0.0000006321;0.0000006356;1574230806544
20231018 000000;0.0000006356;0.0000006442;0.0000006233;0.0000006308;2316671413987
20231019 000000;0.0000006308;0.0000006407;0.0000006184;0.0000006274;1783160156149
20231020 000000;0.0000006274;0.0000006614;0.0000006229;0.0000006566;1772239856906
20231021 000000;0.0000006566;0.0000007239;0.0000006516;0.0000006991;2934155877593
20231022 000000;0.0000006991;0.0000007571;0.000000685;0.0000007477;2577939186398
20231023 000000;0.0000007477;0.00000102;0.0000007248;0.0000010058;3318864713204
20231024 000000;0.0000010058;0.0000010566;0.00000086;0.0000009246;13446743863009
20231025 000000;0.0000009246;0.0000012403;0.000000911;0.0000012059;10706723134225
20231026 000000;0.0000012059;0.0000013564;0.0000011271;0.000001283;6837631835970
20231027 000000;0.000001283;0.00000129;0.0000011;0.0000011606;3721150095440
20231028 000000;0.0000011606;0.0000012577;0.0000011168;0.0000011411;2509677641707
20231029 000000;0.0000011411;0.0000011586;0.0000011045;0.0000011461;1244318912241
20231030 000000;0.0000011461;0.0000012256;0.00000113;0.0000011717;4078857859564
20231031 000000;0.0000011717;0.0000012068;0.000001083;0.0000011462;1739645747648
20231101 000000;0.0000011462;0.0000012219;0.000001091;0.0000011861;2731497679145
20231102 000000;0.0000011861;0.0000012094;0.0000010469;0.0000010911;3752832835243
20231103 000000;0.0000010911;0.0000010954;0.0000010282;0.000001078;2382215155528
20231104 000000;0.000001078;0.0000011436;0.0000010641;0.0000011165;1674602997608
20231105 000000;0.0000011165;0.0000011453;0.00000108;0.0000011224;2184014097530
20231106 000000;0.0000011224;0.0000012146;0.000001105;0.0000012047;2350032569090
20231107 000000;0.0000012047;0.0000012047;0.0000010828;0.0000011651;2008158947455
20231108 000000;0.0000011651;0.0000012006;0.0000011429;0.0000011838;1957387702509
20231109 000000;0.0000011838;0.000001458;0.0000010267;0.0000013317;4806756515380
20231110 000000;0.0000013317;0.0000013622;0.00000123;0.0000013441;3305832233042
20231111 000000;0.0000013441;0.0000013805;0.0000012425;0.0000012764;2036541872627
20231112 000000;0.0000012764;0.0000012973;0.000001179;0.0000012274;2149062946021
20231113 000000;0.0000012274;0.000001298;0.0000011594;0.000001162;3068392768522
20231114 000000;0.000001162;0.0000011976;0.00000108;0.0000011511;1365895234047
20231115 000000;0.0000011511;0.0000012892;0.0000011419;0.0000012551;2077594093879
20231116 000000;0.0000012551;0.0000013186;0.0000011161;0.0000011423;1575181472419
20231117 000000;0.0000011423;0.0000011792;0.00000109;0.0000011518;985399474013
20231118 000000;0.0000011518;0.0000011524;0.000001092;0.0000011474;460148409712
20231119 000000;0.0000011474;0.0000011933;0.0000011123;0.0000011888;637530253748
20231120 000000;0.0000011888;0.0000012426;0.0000011283;0.0000011314;1420091591560
20231121 000000;0.0000011314;0.0000011428;0.0000010271;0.0000010353;1499991729357
20231122 000000;0.0000010353;0.00000112;0.0000010301;0.0000011063;1299142728201
20231123 000000;0.0000011063;0.000001135;0.0000010658;0.000001068;1019314706776
20231124 000000;0.000001068;0.00000114;0.0000010635;0.000001107;938047397647
20231125 000000;0.000001107;0.0000011908;0.0000010996;0.0000011795;1267479748421
20231126 000000;0.0000011795;0.0000011858;0.0000010725;0.0000011134;1022629159699
20231127 000000;0.0000011134;0.0000011261;0.0000010455;0.0000010819;1744689778472
20231128 000000;0.0000010819;0.000001113;0.0000010396;0.0000010938;678316425104
20231129 000000;0.0000010938;0.0000011202;0.00000105;0.0000010569;756343244238
20231130 000000;0.0000010569;0.0000010988;0.000001052;0.0000010845;610948566651
20231201 000000;0.0000010845;0.0000011188;0.0000010787;0.0000011055;785506358323
20231202 000000;0.0000011055;0.0000011972;0.0000011022;0.0000011662;1296094174906
20231203 000000;0.0000011662;0.0000012338;0.0000011612;0.0000012062;1992029480102
20231204 000000;0.0000012062;0.0000014951;0.00000112;0.0000013937;4609190120308
20231205 000000;0.0000013937;0.0000016871;0.0000013432;0.0000016168;4492824189085
20231206 000000;0.0000016168;0.00000169;0.000001465;0.0000014837;4315740002564
20231207 000000;0.0000014837;0.000001648;0.000001418;0.0000015247;2920689740714
20231208 000000;0.0000015247;0.0000016056;0.0000014917;0.0000015752;1874936710125
20231209 000000;0.0000015752;0.0000017777;0.0000015072;0.0000015321;2558506908366
20231210 000000;0.0000015321;0.0000016343;0.0000014992;0.0000016039;2610685321229
20231211 000000;0.0000016039;0.0000016137;0.0000012;0.0000014132;2782775007342
20231212 000000;0.0000014132;0.0000014572;0.0000013431;0.0000013957;1657282945797
20231213 000000;0.0000013957;0.0000014393;0.0000013;0.0000014143;1796746862714
20231214 000000;0.0000014143;0.0000014832;0.0000013189;0.0000014832;1975696229795
20231215 000000;0.0000014832;0.0000014917;0.000001321;0.0000013288;1299892702765
20231216 000000;0.0000013288;0.0000014733;0.0000013123;0.0000014176;1479079889338
20231217 000000;0.0000014176;0.0000014675;0.0000013299;0.0000013354;1403712962499
20231218 000000;0.0000013354;0.0000013543;0.0000012034;0.0000013055;2230789239221
20231219 000000;0.0000013055;0.0000013362;0.0000012412;0.0000012476;1318302703453
20231220 000000;0.0000012476;0.0000013132;0.0000012326;0.0000012673;1419894477745
20231221 000000;0.0000012673;0.0000013257;0.000001227;0.0000013046;1815823774452
20231222 000000;0.0000013046;0.00000159;0.0000012538;0.0000015724;3289848467184
20231223 000000;0.0000015724;0.0000015943;0.00000144;0.0000014708;1601641751124
20231224 000000;0.0000014708;0.0000014884;0.00000133;0.0000013704;1591406678814
20231225 000000;0.0000013704;0.0000014453;0.0000013567;0.000001405;1091820633163
20231226 000000;0.000001405;0.0000014253;0.0000012447;0.0000013386;952818976593
20231227 000000;0.0000013386;0.0000014913;0.0000012828;0.0000014475;1689939081482
20231228 000000;0.0000014475;0.0000015007;0.0000013314;0.0000013427;1312063122500
20231229 000000;0.0000013427;0.0000014503;0.0000013012;0.0000013475;1282056670980
20231230 000000;0.0000013475;0.0000013707;0.0000013048;0.0000013078;582801033124
20231231 000000;0.0000013078;0.0000013518;0.0000012594;0.0000012946;547667588966
