20260101 000000;0.000004032;0.000004975;0.000004032;0.000004927;2621943854074
20260102 000000;0.000004927;0.00000616;0.000004809;0.000005998;7982748969440
20260103 000000;0.000005998;0.000006295;0.000005739;0.000006106;4452167466586
20260104 000000;0.000006106;0.000007257;0.000006088;0.00000718;5658296499920
20260105 000000;0.00000718;0.000007247;0.000006586;0.000007004;6691383590943
20260106 000000;0.000007004;0.0000071;0.000006346;0.000006709;5798502975524
20260107 000000;0.000006709;0.000007095;0.00000646;0.000006562;5672357052447
20260108 000000;0.000006562;0.000006704;0.000005999;0.000006082;4891368266747
20260109 000000;0.000006082;0.000006425;0.000005945;0.000006113;4253181744587
20260110 000000;0.000006113;0.000006116;0.000005878;0.000005944;1703651252888
20260111 000000;0.000005944;0.000006059;0.000005697;0.000005806;2153929420492
20260112 000000;0.000005806;0.000006048;0.000005705;0.000005731;3338833272369
20260113 000000;0.000005731;0.000006613;0.0000057;0.000006576;5292095556424
20260114 000000;0.000006576;0.000006888;0.00000615;0.000006241;7321890593789
20260115 000000;0.000006241;0.000006265;0.000005859;0.000005912;3749078686768
20260116 000000;0.000005912;0.000006004;0.000005728;0.000005924;2553853360050
20260117 000000;0.000005924;0.000005962;0.000005759;0.000005802;1192133551610
20260118 000000;0.000005802;0.000005842;0.000005453;0.000005462;2113963857364
20260119 000000;0.000005462;0.000005463;0.000005;0.000005274;4083018580425
20260120 000000;0.000005274;0.000005282;0.000004967;0.000004984;2829560056584
20260121 000000;0.000004984;0.000005347;0.000004827;0.000005146;3991685231803
20260122 000000;0.000005146;0.000005249;0.00000486;0.000004952;2392312215444
20260123 000000;0.000004952;0.00000531;0.000004863;0.000005029;2584395062831
20260124 000000;0.000005029;0.000005129;0.000004939;0.000005002;933194287940
20260125 000000;0.000005002;0.00000505;0.000004615;0.000004709;2612891947956
20260126 000000;0.000004709;0.000005031;0.000004701;0.000005011;1957032020607
20260127 000000;0.000005011;0.00000526;0.000004839;0.00000502;2401045402561
20260128 000000;0.00000502;0.000005105;0.000004915;0.000004985;1747237560853
20260129 000000;0.000004985;0.000004992;0.000004602;0.000004734;2667601214655
20260130 000000;0.000004734;0.000004776;0.000004503;0.000004639;3658577712515
20260131 000000;0.000004639;0.000004641;0.000003827;0.000004152;4982819092109
20260201 000000;0.000004152;0.000004321;0.000004073;0.000004155;3068081110424
20260202 000000;0.000004155;0.000004383;0.000003978;0.000004249;3579926332066
20260203 000000;0.000004249;0.00000441;0.000004005;0.000004123;3910578657391
20260204 000000;0.000004123;0.000004316;0.000004002;0.000004204;4012919331052
20260205 000000;0.000004204;0.000004211;0.000003403;0.000003425;7740788730951
20260206 000000;0.000003425;0.000004;0.000003106;0.000003911;7896757432532
20260207 000000;0.000003911;0.000003942;0.000003739;0.000003862;4526085351243
20260208 000000;0.000003862;0.000003918;0.000003711;0.000003779;2157548188509
20260209 000000;0.000003779;0.000003856;0.000003624;0.000003816;2565921681619
20260210 000000;0.000003816;0.000003844;0.000003595;0.000003645;1960195405126
20260211 000000;0.000003645;0.000003739;0.000003459;0.000003567;2681545660158
20260212 000000;0.000003567;0.000003768;0.000003566;0.000003718;2451828770694
20260213 000000;0.000003718;0.000003841;0.000003634;0.000003778;2285528375760
20260214 000000;0.000003778;0.000005002;0.00000376;0.000004832;7349734120628
20260215 000000;0.000004832;0.00000509;0.000004341;0.000004415;7357443234862
20260216 000000;0.000004415;0.00000458;0.000004364;0.000004479;4574086412542
20260217 000000;0.000004479;0.000004515;0.000004288;0.000004394;2658886172650
20260218 000000;0.000004394;0.000004434;0.000004188;0.000004235;2479109673492
20260219 000000;0.000004235;0.000004277;0.000004121;0.000004229;1646317312407
20260220 000000;0.000004229;0.000004387;0.000004061;0.000004258;2978987217642
20260221 000000;0.000004258;0.000004412;0.000004133;0.000004153;2097236003003
20260222 000000;0.000004153;0.000004153;0.000003992;0.000004055;1549781265839
20260223 000000;0.000004055;0.00000421;0.00000385;0.000003968;3424441286318
20260224 000000;0.000003968;0.000004017;0.000003843;0.000003947;2475377804945
20260225 000000;0.000003947;0.000004448;0.000003893;0.000004138;5574401540268
20260226 000000;0.000004138;0.000004181;0.000003776;0.000003826;5083743944744
20260227 000000;0.000003826;0.000003916;0.000003562;0.000003683;3306509444748
20260228 000000;0.000003683;0.0000037;0.00000342;0.000003656;3748555852250
20260301 000000;0.000003656;0.00000379;0.000003363;0.000003448;3880847883059
20260302 000000;0.000003448;0.000003698;0.000003367;0.000003518;4121276273065
20260303 000000;0.000003518;0.000003553;0.000003345;0.00000346;3666726806405
20260304 000000;0.00000346;0.00000379;0.00000339;0.000003655;5239104730736
20260305 000000;0.000003655;0.000003655;0.000003409;0.000003475;3612958975921
20260306 000000;0.000003475;0.000003525;0.000003301;0.000003386;3069463542267
20260307 000000;0.000003386;0.000003425;0.000003205;0.000003247;1832488029022
20260308 000000;0.000003247;0.000003297;0.000003127;0.000003185;2187897845925
20260309 000000;0.000003185;0.000003385;0.000003185;0.000003262;2711208687374
20260310 000000;0.000003262;0.000003525;0.000003257;0.0000033;3716318938889
20260311 000000;0.0000033;0.000003392;0.000003246;0.000003333;2234867776490
20260312 000000;0.000003333;0.000003391;0.000003259;0.00000335;2860421042523
20260313 000000;0.00000335;0.000003677;0.00000334;0.000003371;5380600778737
20260314 000000;0.000003371;0.000003431;0.000003302;0.000003356;1811382855546
20260315 000000;0.000003356;0.000003461;0.000003318;0.000003456;2167068822081
20260316 000000;0.000003456;0.000004142;0.000003454;0.000004007;9559663330672
20260317 000000;0.000004007;0.000004023;0.000003627;0.000003663;5352526434650
20260318 000000;0.000003663;0.0000038;0.000003432;0.000003527;4401992152914
20260319 000000;0.000003527;0.00000357;0.000003332;0.000003414;2913245157394
20260320 000000;0.000003414;0.000003484;0.000003369;0.000003417;1978749120494
20260321 000000;0.000003417;0.00000346;0.000003284;0.000003317;1569370361025
20260322 000000;0.000003317;0.000003378;0.000003221;0.000003277;2339667428775
20260323 000000;0.000003277;0.000003573;0.000003246;0.000003455;4422890066496
20260324 000000;0.000003455;0.000003537;0.000003378;0.000003533;2483524013037
20260325 000000;0.000003533;0.000003618;0.000003489;0.000003542;2782327876736
20260326 000000;0.000003542;0.000003547;0.000003363;0.000003407;1949258299257
20260327 000000;0.000003407;0.000003439;0.00000325;0.000003277;2516580494070
20260328 000000;0.000003277;0.000003403;0.000003255;0.000003285;1516634214877
20260329 000000;0.000003285;0.000003327;0.00000317;0.000003277;1613360098679
20260330 000000;0.000003277;0.000003414;0.000003274;0.000003316;2068658227425
20260331 000000;0.000003316;0.000003431;0.000003279;0.000003406;2379500722316
20260401 000000;0.000003406;0.00000353;0.000003366;0.000003404;2352890415475
20260402 000000;0.000003404;0.000003442;0.000003261;0.000003332;2249981478994
20260403 000000;0.000003332;0.000003517;0.000003308;0.000003419;2479356020050
20260404 000000;0.000003419;0.000003454;0.000003345;0.000003404;1264530064893
20260405 000000;0.000003404;0.000003494;0.000003292;0.000003492;1915337383654
20260406 000000;0.000003492;0.000003634;0.000003306;0.000003324;4107479256604
20260407 000000;0.000003324;0.000003775;0.000003315;0.000003716;4274748709413
20260408 000000;0.000003716;0.000003781;0.000003525;0.000003542;3516580773303
20260409 000000;0.000003542;0.000003672;0.000003435;0.000003513;2889297559835
20260410 000000;0.000003513;0.0000037;0.000003466;0.000003625;2798764449998
20260411 000000;0.000003625;0.000003849;0.000003531;0.000003635;2566675559537
20260412 000000;0.000003635;0.000003655;0.000003443;0.000003461;2301072619910
20260413 000000;0.000003461;0.000003767;0.000003454;0.00000375;3089391124974
20260414 000000;0.00000375;0.0000038;0.00000355;0.000003569;2340877321086
20260415 000000;0.000003569;0.000003793;0.00000353;0.000003721;391851471848
20260416 000000;0.000003721;0.000004058;0.000003699;0.000003975;753822596727
20260417 000000;0.000003975;0.000004119;0.000003825;0.000003959;589593549019
20260418 000000;0.000003959;0.000003979;0.000003754;0.000003775;290427958268
20260419 000000;0.000003775;0.000003842;0.000003623;0.00000365;289655617979
20260420 000000;0.00000365;0.000003848;0.000003645;0.000003758;257527439408
20260421 000000;0.000003758;0.000003838;0.000003705;0.000003812;348807820309
20260422 000000;0.000003812;0.000003984;0.000003788;0.000003795;431196161851
20260423 000000;0.000003795;0.000003851;0.000003699;0.00000383;313513912910
20260424 000000;0.00000383;0.00000393;0.000003788;0.000003867;231264149963
20260425 000000;0.000003867;0.0000039;0.000003785;0.000003851;150727117478
20260426 000000;0.000003851;0.000003948;0.000003813;0.0000039;258079260681
20260427 000000;0.0000039;0.000004024;0.000003766;0.000003905;442916776109
20260428 000000;0.000003905;0.000003908;0.000003811;0.000003879;315282977720
20260429 000000;0.000003879;0.000004159;0.00000375;0.000003855;513485837683
20260430 000000;0.000003855;0.000003945;0.000003804;0.000003873;346573976872
20260501 000000;0.000003873;0.000004027;0.000003873;0.000003941;366976249717
20260502 000000;0.000003941;0.000004006;0.000003897;0.000003993;259035055657
20260503 000000;0.000003993;0.000003995;0.000003912;0.000003943;329265084521
20260504 000000;0.000003943;0.000004127;0.000003908;0.000003985;633537492912
20260505 000000;0.000003985;0.000004229;0.00000398;0.000004118;513577460087
20260506 000000;0.000004118;0.000004278;0.000004089;0.000004164;543340243671
20260507 000000;0.000004164;0.00000427;0.000004075;0.000004156;651492018695
20260508 000000;0.000004156;0.000004366;0.000004089;0.000004316;558630974077
20260509 000000;0.000004316;0.000004365;0.00000423;0.000004246;282119995415
20260510 000000;0.000004246;0.000004583;0.0000042;0.000004407;472490587586
20260511 000000;0.000004407;0.000004424;0.000004263;0.00000434;307872471990
20260512 000000;0.00000434;0.000004353;0.000004064;0.000004141;288707218357
20260513 000000;0.000004141;0.00000426;0.000003987;0.000004054;254211085139
20260514 000000;0.000004054;0.000004217;0.000003995;0.000004093;252361229848
20260515 000000;0.000004093;0.000004123;0.000003826;0.000003908;208940149683
20260516 000000;0.000003908;0.000003919;0.0000037;0.000003761;163377802591
20260517 000000;0.000003761;0.000003802;0.000003546;0.000003679;126635837675
20260518 000000;0.000003679;0.000003713;0.000003597;0.000003696;203753038555
20260519 000000;0.000003696;0.000003733;0.000003624;0.000003642;82300220645
20260520 000000;0.000003642;0.000003758;0.000003624;0.000003719;138529478754
20260521 000000;0.000003719;0.000003833;0.000003701;0.000003803;126100943698
20260522 000000;0.000003803;0.00000383;0.000003574;0.0000036;160739617183
20260523 000000;0.0000036;0.00000375;0.000003443;0.000003647;188002731540
20260524 000000;0.000003647;0.00000365;0.000003517;0.000003579;75073957237
20260525 000000;0.000003579;0.000003657;0.000003544;0.000003598;171877455446
20260526 000000;0.000003598;0.00000365;0.00000349;0.000003514;108825873597
20260527 000000;0.000003514;0.0000036;0.000003423;0.000003471;153635939082
20260528 000000;0.000003471;0.000003479;0.000003279;0.000003383;223777894495
20260529 000000;0.000003383;0.000003456;0.000003309;0.000003386;163913999523
20260530 000000;0.000003386;0.000003458;0.000003379;0.000003411;127222946506
20260531 000000;0.000003411;0.000003469;0.000003345;0.000003422;106122056014
20260601 000000;0.000003422;0.000003449;0.000003315;0.000003417;177687106996
20260602 000000;0.000003417;0.00000342;0.000003043;0.000003114;281805716386
20260603 000000;0.000003114;0.000003248;0.000003048;0.000003123;224242734887
20260604 000000;0.000003123;0.000003145;0.000002849;0.000002954;384074671449
20260605 000000;0.000002954;0.000002963;0.000002599;0.000002693;622449510152
20260606 000000;0.000002693;0.000002749;0.000002512;0.000002682;343116054104
20260607 000000;0.000002682;0.000002885;0.000002669;0.000002818;320859313430
20260608 000000;0.000002818;0.00000287;0.000002745;0.000002815;253585171717
20260609 000000;0.000002815;0.000002841;0.000002694;0.000002776;274289991498
20260610 000000;0.000002776;0.000002806;0.000002641;0.000002694;248897638534
20260611 000000;0.000002694;0.000002839;0.000002694;0.000002786;287688982959
20260612 000000;0.000002786;0.000002873;0.000002754;0.000002806;196213473900
20260613 000000;0.000002806;0.000002883;0.000002788;0.000002855;125043859238
20260614 000000;0.000002855;0.000002921;0.000002763;0.000002917;128152053151
20260615 000000;0.000002917;0.000003134;0.00000288;0.000002946;226383676914
20260616 000000;0.000002946;0.000003011;0.000002895;0.00000295;152886875389
20260617 000000;0.00000295;0.000003032;0.000002883;0.000002946;285712938833
20260618 000000;0.000002946;0.000002966;0.00000277;0.000002849;188845553029
20260619 000000;0.000002849;0.00000287;0.00000277;0.000002828;68872764302
20260620 000000;0.000002828;0.000002865;0.000002792;0.000002824;62363806051
