20250101 000000;0.00001996;0.00002075;0.00001907;0.00001936;6772797940785
20250102 000000;0.00001936;0.00002116;0.00001918;0.00002049;7849721267981
20250103 000000;0.00002049;0.00002175;0.00002006;0.00002157;5057005697592
20250104 000000;0.00002157;0.0000219;0.00002055;0.00002113;3444048826903
20250105 000000;0.00002113;0.00002138;0.00002032;0.00002072;2387390477360
20250106 000000;0.00002072;0.00002139;0.00002026;0.00002078;4193983963833
20250107 000000;0.00002078;0.00002083;0.00001846;0.00001859;5370883002873
20250108 000000;0.00001859;0.00001893;0.000017;0.00001782;5888795954360
20250109 000000;0.00001782;0.00001809;0.00001664;0.00001699;5493948074436
20250110 000000;0.00001699;0.00001789;0.00001699;0.00001764;5417468381604
20250111 000000;0.00001764;0.00001847;0.00001747;0.00001802;2455926529500
20250112 000000;0.00001802;0.00001805;0.00001749;0.00001774;1661393886668
20250113 000000;0.00001774;0.00001828;0.00001562;0.00001686;6538523392654
20250114 000000;0.00001686;0.00001764;0.00001679;0.00001747;1667784624315
20250115 000000;0.00001747;0.00001922;0.00001686;0.00001907;1758135313282
20250116 000000;0.00001907;0.00001927;0.00001795;0.00001812;1313594468372
20250117 000000;0.00001812;0.00002053;0.00001812;0.0000203;2048522876199
20250118 000000;0.0000203;0.00002102;0.0000181;0.00001846;2429331273411
20250119 000000;0.00001846;0.000019;0.00001521;0.00001604;8320469723243
20250120 000000;0.00001604;0.00001761;0.00001512;0.0000158;7295734719318
20250121 000000;0.0000158;0.00001636;0.00001472;0.0000159;3468787420304
20250122 000000;0.0000159;0.00001618;0.000015;0.00001514;1794564158570
20250123 000000;0.00001514;0.00001558;0.00001431;0.00001534;2929704396515
20250124 000000;0.00001534;0.00001617;0.00001458;0.00001495;2324639583617
20250125 000000;0.00001495;0.0000154;0.00001457;0.00001503;1177189685658
20250126 000000;0.00001503;0.0000152;0.00001394;0.00001401;1177921124800
20250127 000000;0.00001401;0.00001401;0.0000121;0.00001311;5393836215978
20250128 000000;0.00001311;0.00001335;0.00001133;0.00001144;2007815834220
20250129 000000;0.00001144;0.00001334;0.00001136;0.0000124;3595780303957
20250130 000000;0.0000124;0.00001351;0.00001222;0.00001294;1941348831972
20250131 000000;0.00001294;0.00001478;0.00001274;0.00001387;3637412507344
20250201 000000;0.00001387;0.00001429;0.00001206;0.00001224;2435183305943
20250202 000000;0.00001224;0.00001253;0.00001002;0.00001076;7475022711818
20250203 000000;0.00001076;0.00001144;0.00000798;0.000011;21069135091711
20250204 000000;0.000011;0.0000111;0.00000965;0.00001016;6143597686058
20250205 000000;0.00001016;0.00001046;0.00000974;0.00001;1870870493409
20250206 000000;0.00001;0.00001038;0.00000911;0.00000921;2651968434651
20250207 000000;0.00000921;0.00000984;0.00000845;0.00000894;3498526442882
20250208 000000;0.00000894;0.00000969;0.00000887;0.00000956;1636533179397
20250209 000000;0.00000956;0.00000985;0.00000891;0.00000954;2161227573177
20250210 000000;0.00000954;0.00000996;0.00000915;0.0000096;2548870871930
20250211 000000;0.0000096;0.0000106;0.00000938;0.00000958;2507135745537
20250212 000000;0.00000958;0.00001026;0.00000905;0.00001009;3181744984925
20250213 000000;0.00001009;0.00001025;0.00000944;0.00000968;1715454708241
20250214 000000;0.00000968;0.00001075;0.00000962;0.0000103;1994978568875
20250215 000000;0.0000103;0.00001038;0.00000981;0.00000993;1097972257302
20250216 000000;0.00000993;0.00001004;0.00000957;0.0000097;878931929740
20250217 000000;0.0000097;0.00001068;0.0000095;0.0000101;2992001466268
20250218 000000;0.0000101;0.0000102;0.00000891;0.00000925;2053971295538
20250219 000000;0.00000925;0.00000957;0.00000911;0.00000935;1401795535868
20250220 000000;0.00000935;0.00000971;0.0000093;0.00000963;1772395767823
20250221 000000;0.00000963;0.00001014;0.00000904;0.00000913;2131676261956
20250222 000000;0.00000913;0.00000974;0.00000907;0.00000963;1275274913958
20250223 000000;0.00000963;0.0000098;0.00000921;0.00000936;984747208351
20250224 000000;0.00000936;0.00000943;0.00000762;0.00000789;4018802786089
20250225 000000;0.00000789;0.00000843;0.00000731;0.00000824;4731369835462
20250226 000000;0.00000824;0.0000085;0.00000782;0.00000832;2617235931630
20250227 000000;0.00000832;0.0000086;0.00000806;0.00000821;2396082057456
20250228 000000;0.00000821;0.00000826;0.00000726;0.00000792;5354220381555
20250301 000000;0.00000792;0.000008;0.00000736;0.0000076;1592516196156
20250302 000000;0.0000076;0.00000895;0.00000755;0.00000884;4906652570023
20250303 000000;0.00000884;0.00000887;0.00000706;0.00000722;4154439831773
20250304 000000;0.00000722;0.00000728;0.00000627;0.00000699;6328276729880
20250305 000000;0.00000699;0.00000735;0.00000681;0.00000708;2280564093310
20250306 000000;0.00000708;0.00000734;0.00000676;0.00000683;1796160159837
20250307 000000;0.00000683;0.00000736;0.00000642;0.00000699;3675104874402
20250308 000000;0.00000699;0.00000705;0.00000657;0.00000667;1709320718047
20250309 000000;0.00000667;0.00000674;0.00000572;0.00000586;3052199787482
20250310 000000;0.00000586;0.00000665;0.00000563;0.0000057;6218594500536
20250311 000000;0.0000057;0.0000065;0.00000525;0.00000632;5516995321457
20250312 000000;0.00000632;0.00000698;0.00000614;0.00000695;8188991087142
20250313 000000;0.00000695;0.00000744;0.0000065;0.00000669;10260320597317
20250314 000000;0.00000669;0.00000733;0.00000668;0.00000705;6472211622495
20250315 000000;0.00000705;0.00000738;0.00000696;0.00000714;5407253479378
20250316 000000;0.00000714;0.00000718;0.00000645;0.00000658;7082767602820
20250317 000000;0.00000658;0.0000076;0.00000656;0.00000739;5105814164085
20250318 000000;0.00000739;0.00000742;0.00000671;0.00000729;4482770107397
20250319 000000;0.00000729;0.00000755;0.00000714;0.00000746;4816138222538
20250320 000000;0.00000746;0.00000787;0.00000728;0.00000764;8315816495424
20250321 000000;0.00000764;0.00000789;0.00000715;0.0000072;3701270548498
20250322 000000;0.0000072;0.00000741;0.00000701;0.00000706;2086149776347
20250323 000000;0.00000706;0.00000739;0.00000701;0.00000734;1872687948474
20250324 000000;0.00000734;0.00000819;0.00000718;0.00000799;4183316618121
20250325 000000;0.00000799;0.00000825;0.00000783;0.00000802;2916660642228
20250326 000000;0.00000802;0.00000927;0.00000796;0.00000853;5636336804487
20250327 000000;0.00000853;0.0000087;0.00000819;0.00000844;2921621439328
20250328 000000;0.00000844;0.00000852;0.0000076;0.00000779;4029275291147
20250329 000000;0.00000779;0.00000789;0.00000706;0.00000721;5145491174434
20250330 000000;0.00000721;0.00000734;0.00000676;0.00000694;5599201693815
20250331 000000;0.00000694;0.00000734;0.00000676;0.0000072;8263761727478
20250401 000000;0.0000072;0.00000787;0.00000719;0.00000773;9445766562844
20250402 000000;0.00000773;0.00000807;0.0000069;0.00000706;7985823430742
20250403 000000;0.00000706;0.0000073;0.00000637;0.0000067;8310354694855
20250404 000000;0.0000067;0.00000729;0.0000066;0.00000725;7376816313497
20250405 000000;0.00000725;0.00000737;0.00000692;0.00000705;3840022730984
20250406 000000;0.00000705;0.00000714;0.00000615;0.00000633;7920210065367
20250407 000000;0.00000633;0.00000678;0.00000571;0.00000646;22725378191679
20250408 000000;0.00000646;0.00000664;0.00000593;0.00000604;8309532385015
20250409 000000;0.00000604;0.00000714;0.00000578;0.00000698;14781432640288
20250410 000000;0.00000698;0.000007;0.00000648;0.0000067;6887487906369
20250411 000000;0.0000067;0.00000705;0.00000664;0.00000693;6369844969426
20250412 000000;0.00000693;0.00000758;0.00000682;0.00000743;6049726799301
20250413 000000;0.00000743;0.00000777;0.00000711;0.00000728;4305649168129
20250414 000000;0.00000728;0.00000774;0.00000725;0.00000733;4748030608195
20250415 000000;0.00000733;0.00000752;0.00000689;0.000007;3703667600402
20250416 000000;0.000007;0.00000733;0.00000693;0.00000713;3268740525996
20250417 000000;0.00000713;0.00000744;0.00000703;0.00000723;2699298007097
20250418 000000;0.00000723;0.00000734;0.000007;0.00000733;2299441782348
20250419 000000;0.00000733;0.0000076;0.00000716;0.0000075;1694675374263
20250420 000000;0.0000075;0.0000077;0.00000726;0.00000754;2013439800422
20250421 000000;0.00000754;0.00000806;0.00000752;0.00000774;5534574772389
20250422 000000;0.00000774;0.00000889;0.00000761;0.00000881;9242899392983
20250423 000000;0.00000881;0.0000093;0.00000863;0.00000882;11101548978937
20250424 000000;0.00000882;0.00000886;0.00000832;0.00000875;8488812961429
20250425 000000;0.00000875;0.00000929;0.00000856;0.00000904;7969364397526
20250426 000000;0.00000904;0.0000098;0.00000902;0.00000918;6356206198152
20250427 000000;0.00000918;0.00000921;0.00000872;0.00000876;4017271516109
20250428 000000;0.00000876;0.0000092;0.00000855;0.00000897;6737247006640
20250429 000000;0.00000897;0.00000915;0.00000872;0.00000887;4574581646720
20250430 000000;0.00000887;0.00000913;0.00000844;0.00000889;4737388645439
20250501 000000;0.00000889;0.00000909;0.00000866;0.00000873;5301718591284
20250502 000000;0.00000873;0.00000892;0.00000853;0.00000869;4409283613503
20250503 000000;0.00000869;0.00000872;0.00000807;0.00000818;3398518115308
20250504 000000;0.00000818;0.00000827;0.000008;0.00000808;3263203553377
20250505 000000;0.00000808;0.00000836;0.00000778;0.00000793;4731661838103
20250506 000000;0.00000793;0.00000803;0.00000758;0.00000799;5037104921988
20250507 000000;0.00000799;0.00000831;0.00000794;0.00000825;4911547001295
20250508 000000;0.00000825;0.00001177;0.00000821;0.00001112;17893304350204
20250509 000000;0.00001112;0.00001397;0.00001064;0.00001237;22386077308713
20250510 000000;0.00001237;0.00001404;0.00001216;0.00001369;14502619831490
20250511 000000;0.00001369;0.00001424;0.00001258;0.00001361;11567951812591
20250512 000000;0.00001361;0.00001542;0.00001277;0.00001362;16962903527597
20250513 000000;0.00001362;0.00001509;0.00001274;0.00001444;13005382795795
20250514 000000;0.00001444;0.00001449;0.00001349;0.00001391;8031904013577
20250515 000000;0.00001391;0.00001415;0.00001267;0.00001302;8793307064570
20250516 000000;0.00001302;0.0000138;0.00001252;0.00001259;6884835625421
20250517 000000;0.00001259;0.00001276;0.00001195;0.00001217;8595779351099
20250518 000000;0.00001217;0.00001424;0.00001213;0.00001384;13284521508807
20250519 000000;0.00001384;0.00001419;0.0000125;0.00001327;10501225075836
20250520 000000;0.00001327;0.00001366;0.00001262;0.00001316;8864477356912
20250521 000000;0.00001316;0.00001463;0.00001281;0.00001364;17649073271725
20250522 000000;0.00001364;0.00001551;0.00001362;0.00001551;12772333920257
20250523 000000;0.00001551;0.00001633;0.00001356;0.00001381;17365650878259
20250524 000000;0.00001381;0.00001422;0.00001356;0.00001377;7229164031832
20250525 000000;0.00001377;0.00001399;0.00001262;0.0000136;9013205755614
20250526 000000;0.0000136;0.00001446;0.00001349;0.00001385;9373034283329
20250527 000000;0.00001385;0.00001432;0.00001335;0.0000139;8112931800491
20250528 000000;0.0000139;0.00001418;0.00001336;0.000014;7211798366151
20250529 000000;0.000014;0.00001512;0.00001337;0.00001344;11054704365185
20250530 000000;0.00001344;0.00001356;0.00001149;0.0000116;12558056066491
20250531 000000;0.0000116;0.00001186;0.00001094;0.00001165;9578142181125
20250601 000000;0.00001165;0.00001204;0.00001128;0.0000118;5264682644687
20250602 000000;0.0000118;0.00001242;0.0000114;0.00001234;5770668299906
20250603 000000;0.00001234;0.00001297;0.00001216;0.00001225;7928892427985
20250604 000000;0.00001225;0.00001263;0.00001175;0.00001183;4927431273504
20250605 000000;0.00001183;0.00001208;0.00001037;0.00001064;12587410144660
20250606 000000;0.00001064;0.00001151;0.00001055;0.00001105;6869631627854
20250607 000000;0.00001105;0.00001163;0.00001095;0.0000115;4159046152494
20250608 000000;0.0000115;0.00001207;0.00001129;0.00001168;4658304291612
20250609 000000;0.00001168;0.00001271;0.00001139;0.00001265;8069001708473
20250610 000000;0.00001265;0.00001362;0.00001241;0.00001312;10595082344607
20250611 000000;0.00001312;0.00001345;0.0000122;0.00001248;8839437313322
20250612 000000;0.00001248;0.0000126;0.00001136;0.0000115;10641610340391
20250613 000000;0.0000115;0.00001152;0.00001044;0.00001122;17777339288944
20250614 000000;0.00001122;0.00001131;0.00001069;0.00001094;5749465910687
20250615 000000;0.00001094;0.00001133;0.0000108;0.00001112;6816029711714
20250616 000000;0.00001112;0.00001156;0.00001054;0.00001058;11907776555147
20250617 000000;0.00001058;0.00001077;0.00000965;0.00001012;13038159749474
20250618 000000;0.00001012;0.00001041;0.00000974;0.00001034;8690031300466
20250619 000000;0.00001034;0.00001049;0.00001014;0.0000103;5572306483718
20250620 000000;0.0000103;0.00001051;0.00000946;0.00000985;8254239085737
20250621 000000;0.00000985;0.00001012;0.00000892;0.00000927;7982695443368
20250622 000000;0.00000927;0.00000948;0.0000083;0.00000888;13982547470865
20250623 000000;0.00000888;0.00001002;0.00000866;0.00000991;15120926861602
20250624 000000;0.00000991;0.0000103;0.00000976;0.00001005;9569012748452
20250625 000000;0.00001005;0.00001018;0.00000937;0.00000946;8040520416625
20250626 000000;0.00000946;0.00000973;0.00000911;0.00000916;7807184037124
20250627 000000;0.00000916;0.00000937;0.00000892;0.00000917;6128834361691
20250628 000000;0.00000917;0.00000962;0.00000913;0.00000956;3470544908708
20250629 000000;0.00000956;0.00001049;0.00000943;0.00001039;6177706789205
20250630 000000;0.00001039;0.00001043;0.00000958;0.00000974;8668588954968
20250701 000000;0.00000974;0.00000983;0.00000916;0.00000926;5203795591173
20250702 000000;0.00000926;0.00001038;0.00000918;0.00001006;8716470993367
20250703 000000;0.00001006;0.00001079;0.00000988;0.00001013;11373379934580
20250704 000000;0.00001013;0.00001027;0.00000944;0.00000964;7022577624932
20250705 000000;0.00000964;0.00000993;0.00000951;0.0000097;4016358155395
20250706 000000;0.0000097;0.00001033;0.00000956;0.00001002;6650205085977
20250707 000000;0.00001002;0.00001027;0.0000097;0.0000099;6088855499897
20250708 000000;0.0000099;0.00001029;0.00000972;0.00001019;5683759292258
20250709 000000;0.00001019;0.00001136;0.00001001;0.00001104;11049452329971
20250710 000000;0.00001104;0.00001254;0.00001088;0.0000124;14232113778251
20250711 000000;0.0000124;0.00001327;0.000012;0.00001235;20666534729501
20250712 000000;0.00001235;0.00001257;0.00001183;0.00001225;5478974336827
20250713 000000;0.00001225;0.00001268;0.00001208;0.00001231;9450658136152
20250714 000000;0.00001231;0.00001336;0.00001201;0.00001223;14366190764186
20250715 000000;0.00001223;0.0000129;0.00001165;0.00001284;15022126881235
20250716 000000;0.00001284;0.00001411;0.00001249;0.00001354;16929575447066
20250717 000000;0.00001354;0.00001385;0.00001281;0.00001337;13976576617150
20250718 000000;0.00001337;0.00001433;0.00001266;0.00001299;16999212473689
20250719 000000;0.00001299;0.00001354;0.00001265;0.00001342;5085659270990
20250720 000000;0.00001342;0.0000146;0.00001331;0.00001401;10725676940132
20250721 000000;0.00001401;0.00001454;0.00001365;0.0000141;9122915034884
20250722 000000;0.0000141;0.00001475;0.00001348;0.00001417;7024830970522
20250723 000000;0.00001417;0.00001418;0.0000122;0.00001274;5735685325803
20250724 000000;0.00001274;0.00001305;0.00001185;0.00001239;4786691887741
20250725 000000;0.00001239;0.00001257;0.00001173;0.00001256;6790925470858
20250726 000000;0.00001256;0.00001278;0.00001234;0.0000124;3851592650929
20250727 000000;0.0000124;0.00001297;0.00001237;0.0000128;5398843820477
20250728 000000;0.0000128;0.00001314;0.00001181;0.0000119;6164756941218
20250729 000000;0.0000119;0.00001215;0.00001125;0.00001153;5679088778325
20250730 000000;0.00001153;0.00001161;0.00001072;0.00001133;4787655779792
20250731 000000;0.00001133;0.00001166;0.00001068;0.00001077;5974864583253
20250801 000000;0.00001077;0.00001083;0.00001004;0.00001038;10478165237486
20250802 000000;0.00001038;0.00001064;0.00000986;0.00001012;5064146077733
20250803 000000;0.00001012;0.00001056;0.00000999;0.00001045;2810247579979
20250804 000000;0.00001045;0.00001083;0.00001034;0.00001076;4332079842510
20250805 000000;0.00001076;0.0000108;0.00000998;0.00001019;3813380501287
20250806 000000;0.00001019;0.00001061;0.00000996;0.00001055;2173292103124
20250807 000000;0.00001055;0.00001115;0.00001046;0.00001111;2833735478490
20250808 000000;0.00001111;0.00001201;0.00001095;0.00001181;7016276597688
20250809 000000;0.00001181;0.00001266;0.00001163;0.0000124;7774763886784
20250810 000000;0.0000124;0.00001265;0.00001179;0.00001207;6297033156111
20250811 000000;0.00001207;0.00001243;0.00001112;0.00001122;7619400314999
20250812 000000;0.00001122;0.00001236;0.00001107;0.00001213;9517149928313
20250813 000000;0.00001213;0.0000125;0.00001196;0.00001225;9160480463568
20250814 000000;0.00001225;0.00001268;0.00001081;0.00001105;9396115339896
20250815 000000;0.00001105;0.00001128;0.00001051;0.00001081;4378422177185
20250816 000000;0.00001081;0.00001111;0.00001078;0.00001108;1444104204297
20250817 000000;0.00001108;0.00001155;0.00001098;0.00001111;1793582386488
20250818 000000;0.00001111;0.00001114;0.00001055;0.00001068;2641247714336
20250819 000000;0.00001068;0.00001086;0.00001016;0.0000102;2407075714207
20250820 000000;0.0000102;0.00001073;0.00001002;0.00001066;3812339300432
20250821 000000;0.00001066;0.00001076;0.0000102;0.00001041;3629097813113
20250822 000000;0.00001041;0.0000117;0.00000981;0.00001158;10111430328766
20250823 000000;0.00001158;0.00001162;0.00001098;0.00001126;5675574326318
20250824 000000;0.00001126;0.00001149;0.00001066;0.00001083;8346843247530
20250825 000000;0.00001083;0.00001108;0.00000957;0.00000975;9183473663344
20250826 000000;0.00000975;0.00001019;0.00000967;0.00001009;5445398013888
20250827 000000;0.00001009;0.0000103;0.00000995;0.00001002;4818527436420
20250828 000000;0.00001002;0.00001026;0.00000992;0.00001021;2805835847456
20250829 000000;0.00001021;0.00001026;0.00000949;0.00000977;4350835332448
20250830 000000;0.00000977;0.00001006;0.00000968;0.00000984;1679930078312
20250831 000000;0.00000984;0.00001002;0.00000963;0.00000964;1870247345940
20250901 000000;0.00000964;0.00000995;0.00000914;0.00000947;4384692850547
20250902 000000;0.00000947;0.00000982;0.00000933;0.00000978;3640031036884
20250903 000000;0.00000978;0.00001003;0.00000968;0.00000987;1989885413422
20250904 000000;0.00000987;0.00000997;0.00000937;0.00000944;2067698930265
20250905 000000;0.00000944;0.00000989;0.00000941;0.00000974;2994105667732
20250906 000000;0.00000974;0.00000981;0.00000954;0.00000964;1338672076286
20250907 000000;0.00000964;0.00000995;0.00000963;0.00000988;1722204751412
20250908 000000;0.00000988;0.00001036;0.00000981;0.0000103;2331634477667
20250909 000000;0.0000103;0.00001084;0.00001014;0.00001032;2572958203488
20250910 000000;0.00001032;0.00001068;0.00001022;0.00001053;1498216519669
20250911 000000;0.00001053;0.00001069;0.00001035;0.00001069;1381451239692
20250912 000000;0.00001069;0.00001166;0.0000104;0.00001154;3017708279513
20250913 000000;0.00001154;0.00001269;0.00001146;0.00001191;5280513658832
20250914 000000;0.00001191;0.00001197;0.00001113;0.00001154;2779847359346
20250915 000000;0.00001154;0.00001168;0.00001056;0.00001078;2258656390991
20250916 000000;0.00001078;0.0000111;0.0000106;0.00001107;1592167457385
20250917 000000;0.00001107;0.00001151;0.00001071;0.00001141;2861538151073
20250918 000000;0.00001141;0.00001166;0.00001121;0.00001144;2217804988669
20250919 000000;0.00001144;0.0000115;0.00001067;0.00001075;1652413705681
20250920 000000;0.00001075;0.00001085;0.00001054;0.00001072;1198498216212
20250921 000000;0.00001072;0.00001079;0.00001038;0.0000104;1062898242001
20250922 000000;0.0000104;0.00001048;0.00000936;0.00000967;3356932119022
20250923 000000;0.00000967;0.00000984;0.00000941;0.00000957;1671651261118
20250924 000000;0.00000957;0.00000985;0.00000933;0.00000964;1158105090526
20250925 000000;0.00000964;0.00000967;0.00000886;0.00000907;2641190954242
20250926 000000;0.00000907;0.00000947;0.00000903;0.00000938;1759852984063
20250927 000000;0.00000938;0.00000944;0.0000092;0.00000923;653730737440
20250928 000000;0.00000923;0.00000947;0.00000903;0.00000944;766090515231
20250929 000000;0.00000944;0.00000951;0.00000909;0.00000939;1136656206594
20250930 000000;0.00000939;0.00000943;0.00000896;0.00000932;1382880076595
20251001 000000;0.00000932;0.0000098;0.00000923;0.00000978;1638242415600
20251002 000000;0.00000978;0.00001034;0.00000975;0.00001022;2092776173260
20251003 000000;0.00001022;0.0000104;0.00000985;0.00001012;1996609418154
20251004 000000;0.00001012;0.00001023;0.00000956;0.00000977;1536905914873
20251005 000000;0.00000977;0.00001019;0.00000968;0.00000979;1734921354745
20251006 000000;0.00000979;0.00001037;0.00000967;0.0000102;2145878102055
20251007 000000;0.0000102;0.00001026;0.00000943;0.00000947;2043471365614
20251008 000000;0.00000947;0.00000975;0.00000923;0.00000957;1731705204571
20251009 000000;0.00000957;0.00000958;0.000009;0.00000925;1414392288569
20251010 000000;0.00000925;0.00000939;0.00000278;0.00000672;7200719627847
20251011 000000;0.00000672;0.00000738;0.00000649;0.00000672;4370851963312
20251012 000000;0.00000672;0.00000772;0.00000652;0.00000749;3781926753140
20251013 000000;0.00000749;0.00000798;0.00000729;0.00000784;3533074369888
20251014 000000;0.00000784;0.00000791;0.00000705;0.00000751;3950614476860
20251015 000000;0.00000751;0.00000766;0.00000704;0.00000718;1996694331052
20251016 000000;0.00000718;0.00000732;0.00000674;0.00000688;2238621715259
20251017 000000;0.00000688;0.00000696;0.00000629;0.00000665;2773431626773
20251018 000000;0.00000665;0.00000685;0.00000663;0.00000675;967941690302
20251019 000000;0.00000675;0.00000714;0.00000665;0.00000699;1453711359812
20251020 000000;0.00000699;0.00000733;0.00000684;0.00000716;1642707646146
20251021 000000;0.00000716;0.00000738;0.00000683;0.00000691;2305481173447
20251022 000000;0.00000691;0.00000697;0.00000644;0.00000671;1845729215266
20251023 000000;0.00000671;0.00000703;0.0000067;0.00000694;1499250175048
20251024 000000;0.00000694;0.00000724;0.00000692;0.00000718;1579580754615
20251025 000000;0.00000718;0.00000722;0.00000708;0.00000716;765418567430
20251026 000000;0.00000716;0.00000747;0.00000702;0.00000733;1466695239691
20251027 000000;0.00000733;0.00000744;0.00000706;0.00000714;1591343825199
20251028 000000;0.00000714;0.00000733;0.00000683;0.00000699;1340748860753
20251029 000000;0.00000699;0.00000724;0.00000679;0.00000703;2164204496002
20251030 000000;0.00000703;0.0000071;0.00000626;0.00000644;2276786866574
20251031 000000;0.00000644;0.00000666;0.00000641;0.00000657;1187666163033
20251101 000000;0.00000657;0.00000674;0.00000651;0.0000067;728131476796
20251102 000000;0.0000067;0.00000676;0.0000065;0.0000067;723491033967
20251103 000000;0.0000067;0.00000671;0.00000551;0.00000572;3479396572379
20251104 000000;0.00000572;0.00000587;0.00000521;0.00000559;3927111847161
20251105 000000;0.00000559;0.00000582;0.0000053;0.00000576;1787472954660
20251106 000000;0.00000576;0.00000578;0.00000527;0.00000555;1960636789923
20251107 000000;0.00000555;0.00000636;0.00000551;0.00000619;3061840840331
20251108 000000;0.00000619;0.0000063;0.00000594;0.00000609;1789898273535
20251109 000000;0.00000609;0.00000618;0.00000583;0.00000606;1598119703157
20251110 000000;0.00000606;0.00000633;0.00000601;0.00000621;1928219796239
20251111 000000;0.00000621;0.00000635;0.00000582;0.00000583;1692004284382
20251112 000000;0.00000583;0.0000061;0.00000565;0.00000572;1496260238223
20251113 000000;0.00000572;0.00000599;0.00000528;0.00000543;2135238550996
20251114 000000;0.00000543;0.00000547;0.00000478;0.0000049;3227029889669
20251115 000000;0.0000049;0.00000515;0.00000489;0.00000498;1473327555588
20251116 000000;0.00000498;0.00000506;0.00000468;0.00000486;2146563196099
20251117 000000;0.00000486;0.00000507;0.00000462;0.00000472;2286373177644
20251118 000000;0.00000472;0.00000495;0.00000461;0.00000487;2042958896207
20251119 000000;0.00000487;0.0000049;0.00000445;0.00000476;2226980997758
20251120 000000;0.00000476;0.00000497;0.00000444;0.00000445;2931553709897
20251121 000000;0.00000445;0.00000456;0.00000395;0.00000413;4846167951866
20251122 000000;0.00000413;0.0000042;0.00000396;0.00000412;2235218117491
20251123 000000;0.00000412;0.00000425;0.00000409;0.00000416;1735604379557
20251124 000000;0.00000416;0.00000466;0.0000041;0.00000456;2278503532783
20251125 000000;0.00000456;0.00000465;0.00000434;0.00000457;1637137885904
20251126 000000;0.00000457;0.00000476;0.00000443;0.00000469;1758612507892
20251127 000000;0.00000469;0.00000485;0.00000462;0.00000472;1203478829342
20251128 000000;0.00000472;0.0000049;0.00000458;0.00000463;1492903109565
20251129 000000;0.00000463;0.00000466;0.00000451;0.00000457;1009947882591
20251130 000000;0.00000457;0.00000471;0.00000452;0.00000453;1089810934676
20251201 000000;0.00000453;0.00000456;0.00000395;0.00000405;2777756553623
20251202 000000;0.00000405;0.00000464;0.00000399;0.00000456;2452175755432
20251203 000000;0.00000456;0.00000487;0.00000454;0.0000048;2556208097060
20251204 000000;0.0000048;0.00000494;0.00000469;0.00000476;2206806642170
20251205 000000;0.00000476;0.00000483;0.00000431;0.00000439;1810553665971
20251206 000000;0.00000439;0.00000457;0.00000433;0.00000452;1034700804541
20251207 000000;0.00000452;0.00000461;0.0000043;0.00000442;1689579913735
20251208 000000;0.00000442;0.00000504;0.0000044;0.00000475;2643137422130
20251209 000000;0.00000475;0.00000506;0.00000455;0.000004948;2378735900125
20251210 000000;0.000004948;0.000004964;0.000004618;0.000004647;2588806755101
20251211 000000;0.000004647;0.000004699;0.000004373;0.000004593;1989296371081
20251212 000000;0.000004593;0.000004651;0.00000421;0.000004327;1822071598051
20251213 000000;0.000004327;0.000004444;0.000004326;0.00000438;930036854375
20251214 000000;0.00000438;0.000004408;0.000004112;0.000004171;1313645071719
20251215 000000;0.000004171;0.000004375;0.000003926;0.000004069;1994851910464
20251216 000000;0.000004069;0.000004154;0.000003942;0.000004094;1961932701116
20251217 000000;0.000004094;0.000004253;0.000003846;0.000003904;1870057167493
20251218 000000;0.000003904;0.000004007;0.000003636;0.000003715;2792449255083
20251219 000000;0.000003715;0.000004177;0.000003662;0.000004112;2685496762679
20251220 000000;0.000004112;0.000004147;0.000004045;0.000004076;1009004613077
20251221 000000;0.000004076;0.000004118;0.000003943;0.000004026;1084600181339
20251222 000000;0.000004026;0.000004145;0.000003916;0.000004022;1575661424341
20251223 000000;0.000004022;0.000004057;0.000003863;0.000003937;947869489513
20251224 000000;0.000003937;0.000004005;0.000003843;0.000003975;792443020762
20251225 000000;0.000003975;0.000004054;0.000003877;0.000003897;765822289286
20251226 000000;0.000003897;0.000004092;0.000003873;0.000004034;973246915647
20251227 000000;0.000004034;0.000004214;0.000004014;0.000004196;729710388655
20251228 000000;0.000004196;0.000004262;0.000004128;0.000004179;743882480886
20251229 000000;0.000004179;0.000004328;0.000004053;0.000004071;1086323478696
20251230 000000;0.000004071;0.000004223;0.000003991;0.000004141;846410081394
20251231 000000;0.000004141;0.000004174;0.000003978;0.000004032;675668712330
