20250101 000000;0.003421;0.0036;0.00329;0.003419;36132661.6
20250102 000000;0.003419;0.00376;0.0034;0.003536;51244023.9
20250103 000000;0.003536;0.00394;0.003388;0.003732;57974736.83
20250104 000000;0.003732;0.003814;0.00356;0.003707;38440561.55
20250105 000000;0.003707;0.003979;0.003531;0.003692;39945352.97
20250106 000000;0.003692;0.0039;0.003573;0.003678;39375913.4
20250107 000000;0.003678;0.003735;0.003304;0.003358;67122899.83
20250108 000000;0.003358;0.003419;0.003;0.003129;50793530.77
20250109 000000;0.003129;0.0032;0.002894;0.002931;27319167.64
20250110 000000;0.002931;0.003195;0.002899;0.00296;36911640.42
20250111 000000;0.00296;0.003047;0.002887;0.002988;26469044.79
20250112 000000;0.002988;0.003148;0.00276;0.002878;31727677.64
20250113 000000;0.002878;0.002973;0.002554;0.002786;49654884.29
20250114 000000;0.002786;0.00298;0.002691;0.002802;22688873.98
20250115 000000;0.002802;0.003131;0.002709;0.003061;29401005.65
20250116 000000;0.003061;0.00314;0.00282;0.002888;44990017.43
20250117 000000;0.002888;0.003539;0.002851;0.003355;81404081.53
20250118 000000;0.003355;0.003397;0.00282;0.002979;71037609.06
20250119 000000;0.002979;0.0031;0.002562;0.002659;78182336.8
20250120 000000;0.002659;0.00283;0.002445;0.002462;85230603.91
20250121 000000;0.002462;0.002813;0.002395;0.002665;69472491.05
20250122 000000;0.002665;0.002842;0.00257;0.002621;60104163.33
20250123 000000;0.002621;0.002869;0.002503;0.002601;63796256.39
20250124 000000;0.002601;0.002809;0.002475;0.002542;46894505.42
20250125 000000;0.002542;0.002655;0.002443;0.002537;40824219.45
20250126 000000;0.002537;0.002666;0.002433;0.002433;51808599.26
20250127 000000;0.002433;0.002464;0.002152;0.002256;74217104.04
20250128 000000;0.002256;0.00244;0.002136;0.002163;51585152.54
20250129 000000;0.002163;0.002341;0.002103;0.002235;58929699.36
20250130 000000;0.002235;0.00245;0.002203;0.002321;49130425.39
20250131 000000;0.002321;0.002353;0.002213;0.00224;43664347
20250201 000000;0.00224;0.002352;0.001978;0.002016;45406733.14
20250202 000000;0.002016;0.002111;0.001807;0.001839;60496843.11
20250203 000000;0.001839;0.002141;0.001624;0.001966;110476479.68
20250204 000000;0.001966;0.002006;0.001774;0.001855;61113512.84
20250205 000000;0.001855;0.001964;0.001785;0.001816;54987941.15
20250206 000000;0.001816;0.001913;0.001728;0.001791;45666535.33
20250207 000000;0.001791;0.001869;0.001669;0.001702;57901799.57
20250208 000000;0.001702;0.001916;0.00169;0.001754;43927034.93
20250209 000000;0.001754;0.002033;0.00172;0.001849;56671332.95
20250210 000000;0.001849;0.001999;0.001784;0.001884;60787158.65
20250211 000000;0.001884;0.001961;0.001798;0.001817;69554298.24
20250212 000000;0.001817;0.001906;0.001718;0.001878;68781906.45
20250213 000000;0.001878;0.001909;0.001748;0.001785;51522903.33
20250214 000000;0.001785;0.002;0.001757;0.001854;70500861.36
20250215 000000;0.001854;0.00187;0.001781;0.00179;41417478.39
20250216 000000;0.00179;0.00207;0.001707;0.001771;69318225.54
20250217 000000;0.001771;0.001846;0.001745;0.001801;48001330.75
20250218 000000;0.001801;0.001805;0.001631;0.001691;43428312.8
20250219 000000;0.001691;0.001801;0.001651;0.001725;47003854.14
20250220 000000;0.001725;0.001771;0.001672;0.001758;59931731.7
20250221 000000;0.001758;0.001823;0.001672;0.001699;61036568.1
20250222 000000;0.001699;0.001811;0.001667;0.001723;53590692.84
20250223 000000;0.001723;0.001789;0.001646;0.001663;51757701.12
20250224 000000;0.001663;0.001675;0.001498;0.001501;86552145.4
20250225 000000;0.001501;0.001608;0.001411;0.001559;79259740.9
20250226 000000;0.001559;0.001605;0.00142;0.001493;69791485.85
20250227 000000;0.001493;0.00179;0.001432;0.001563;120616126.55
20250228 000000;0.001563;0.0018;0.0014;0.001568;101606385.42
20250301 000000;0.001568;0.001733;0.001496;0.001556;77132600.04
20250302 000000;0.001556;0.001783;0.001548;0.001684;90084617.38
20250303 000000;0.001684;0.001688;0.00145;0.001468;59562810.96
20250304 000000;0.001468;0.001542;0.001406;0.001477;65442400.86
20250305 000000;0.001477;0.001623;0.001425;0.001531;62348767.8
20250306 000000;0.001531;0.001544;0.001437;0.001443;60807354.12
20250307 000000;0.001443;0.001475;0.001387;0.001425;69955758.29
20250308 000000;0.001425;0.001444;0.001352;0.001397;61246099.39
20250309 000000;0.001397;0.001417;0.001208;0.001234;75853511.71
20250310 000000;0.001234;0.001369;0.0012;0.001236;99516023.95
20250311 000000;0.001236;0.00131;0.001173;0.001268;75084308.07
20250312 000000;0.001268;0.001309;0.001228;0.001275;64445170.92
20250313 000000;0.001275;0.001287;0.001212;0.001245;55664835.93
20250314 000000;0.001245;0.001381;0.001225;0.001334;60823121.12
20250315 000000;0.001334;0.00146;0.001313;0.001386;68006420.21
20250316 000000;0.001386;0.0014;0.001281;0.0013;53371426.75
20250317 000000;0.0013;0.001441;0.001298;0.001378;66839045.59
20250318 000000;0.001378;0.001442;0.0013;0.001384;74799552.03
20250319 000000;0.001384;0.00143;0.001325;0.001411;62588572.32
20250320 000000;0.001411;0.001437;0.00132;0.001346;63064389.74
20250321 000000;0.001346;0.001366;0.001287;0.001307;50668778.31
20250322 000000;0.001307;0.001374;0.001306;0.001366;59781385.23
20250323 000000;0.001366;0.00138;0.001314;0.001361;57960649.24
20250324 000000;0.001361;0.001445;0.001311;0.001391;53887432.88
20250325 000000;0.001391;0.001413;0.001315;0.00138;54764024.79
20250326 000000;0.00138;0.001455;0.001366;0.001391;65428128.83
20250327 000000;0.001391;0.001418;0.001343;0.001385;52963497.44
20250328 000000;0.001385;0.001416;0.001269;0.001282;58918414.05
20250329 000000;0.001282;0.001309;0.00119;0.00125;72483587.49
20250330 000000;0.00125;0.00134;0.001231;0.001236;73032702.1
20250331 000000;0.001236;0.00134;0.001214;0.001281;92015423.93
20250401 000000;0.001281;0.00132;0.001261;0.00129;63411975.12
20250402 000000;0.00129;0.001321;0.001196;0.001205;74694899.34
20250403 000000;0.001205;0.001305;0.001167;0.001223;86379732.17
20250404 000000;0.001223;0.001338;0.001193;0.001215;86985361.08
20250405 000000;0.001215;0.001304;0.001188;0.001249;85301520.51
20250406 000000;0.001249;0.001302;0.001087;0.001137;79401822.63
20250407 000000;0.001137;0.001196;0.001055;0.001164;83500624.43
20250408 000000;0.001164;0.001198;0.001065;0.00111;71725339.41
20250409 000000;0.00111;0.00124;0.00108;0.001183;68523241.67
20250410 000000;0.001183;0.00126;0.001112;0.001164;80972702.73
20250411 000000;0.001164;0.0013;0.001142;0.001223;95168195.59
20250412 000000;0.001223;0.001291;0.001193;0.001247;76489462.71
20250413 000000;0.001247;0.001267;0.001198;0.001205;62668119.85
20250414 000000;0.001205;0.001295;0.001205;0.00122;44523981.18
20250415 000000;0.00122;0.001246;0.001166;0.001192;19572946.88
20250416 000000;0.001192;0.00122;0.001158;0.001198;14777115.68
20250417 000000;0.001198;0.001211;0.001156;0.001186;17119274.52
20250418 000000;0.001186;0.001208;0.001153;0.001167;9675599.38
20250419 000000;0.001167;0.001413;0.001153;0.001244;42177375.72
20250420 000000;0.001244;0.001362;0.001206;0.001242;34427324.03
20250421 000000;0.001242;0.001401;0.001235;0.00128;25544104.19
20250422 000000;0.00128;0.001381;0.001245;0.001328;29174007.25
20250423 000000;0.001328;0.001449;0.001321;0.00138;26155450.3
20250424 000000;0.00138;0.00138;0.001268;0.001314;34723369.62
20250425 000000;0.001314;0.00144;0.001308;0.001374;34638539.54
20250426 000000;0.001374;0.001472;0.001342;0.001416;46999251.5
20250427 000000;0.001416;0.001421;0.001339;0.001346;15476189.98
20250428 000000;0.001346;0.00139;0.001288;0.001337;27936416.92
20250429 000000;0.001337;0.001351;0.001306;0.00132;17584852.72
20250430 000000;0.00132;0.001347;0.001266;0.001286;24334054.21
20250501 000000;0.001286;0.001354;0.001279;0.001308;28529269.88
20250502 000000;0.001308;0.00132;0.001258;0.001292;15226676.58
20250503 000000;0.001292;0.001304;0.001207;0.001244;27563863.4
20250504 000000;0.001244;0.001244;0.001188;0.001193;8741168.46
20250505 000000;0.001193;0.001214;0.001165;0.001183;13159753.89
20250506 000000;0.001183;0.001202;0.001105;0.001143;19825847.37
20250507 000000;0.001143;0.00126;0.001135;0.001177;32232391.69
20250508 000000;0.001177;0.001328;0.001174;0.00129;41892870.99
20250509 000000;0.00129;0.00142;0.001232;0.001379;56979612.38
20250510 000000;0.001379;0.00158;0.001377;0.001497;30912625.45
20250511 000000;0.001497;0.001859;0.001482;0.001631;88056867.38
20250512 000000;0.001631;0.00172;0.001473;0.001554;37747732.92
20250513 000000;0.001554;0.00166;0.001423;0.001564;34095754.24
20250514 000000;0.001564;0.00164;0.001461;0.00148;25573348.38
20250515 000000;0.00148;0.001505;0.001396;0.001427;29751490.42
20250516 000000;0.001427;0.00148;0.001396;0.001396;11869634.21
20250517 000000;0.001396;0.00141;0.001327;0.001336;9443687.88
20250518 000000;0.001336;0.00154;0.001331;0.00137;23087481.23
20250519 000000;0.00137;0.001379;0.001291;0.001338;20343312.14
20250520 000000;0.001338;0.001353;0.001281;0.001319;17384321.37
20250521 000000;0.001319;0.00144;0.0013;0.001393;27945153.45
20250522 000000;0.001393;0.001469;0.001307;0.001402;39611476.64
20250523 000000;0.001402;0.0015;0.001328;0.001328;25698219.92
20250524 000000;0.001328;0.001341;0.001262;0.001301;20952873.73
20250525 000000;0.001301;0.001309;0.001236;0.001288;10575842.58
20250526 000000;0.001288;0.00131;0.001216;0.001258;18569044.57
20250527 000000;0.001258;0.001326;0.00124;0.001283;11012036.08
20250528 000000;0.001283;0.001288;0.0012;0.001219;14082544.88
20250529 000000;0.001219;0.001249;0.00118;0.001193;14926618.98
20250530 000000;0.001193;0.001193;0.00108;0.00108;22963824.35
20250531 000000;0.00108;0.001301;0.001026;0.001121;61409109.28
20250601 000000;0.001121;0.001198;0.001079;0.001133;22417537.56
20250602 000000;0.001133;0.001144;0.001058;0.001099;25773396.61
20250603 000000;0.001099;0.001194;0.001058;0.001092;33515880.6
20250604 000000;0.001092;0.00111;0.001052;0.00106;13673397.34
20250605 000000;0.00106;0.001134;0.001007;0.001064;57836871.83
20250606 000000;0.001064;0.001114;0.001052;0.001075;25947954.56
20250607 000000;0.001075;0.001117;0.001065;0.001107;21882811.21
20250608 000000;0.001107;0.001117;0.001078;0.001083;13410546.22
20250609 000000;0.001083;0.001124;0.001059;0.001104;20439972.47
20250610 000000;0.001104;0.001144;0.001087;0.001135;20901705.03
20250611 000000;0.001135;0.001148;0.001091;0.001091;19235569.17
20250612 000000;0.001091;0.001101;0.001009;0.001023;28531408.34
20250613 000000;0.001023;0.001025;0.000967;0.000996;31790801.33
20250614 000000;0.000996;0.001015;0.000974;0.000986;13523484.56
20250615 000000;0.000986;0.001019;0.000976;0.001008;18656610.86
20250616 000000;0.001008;0.001129;0.000998;0.001019;34178812.24
20250617 000000;0.001019;0.001027;0.00096;0.000963;18737395.45
20250618 000000;0.000963;0.00102;0.00094;0.000954;20867314.86
20250619 000000;0.000954;0.001049;0.000942;0.000958;18078851.45
20250620 000000;0.000958;0.000985;0.000912;0.000921;15137631.4
20250621 000000;0.000921;0.000938;0.000879;0.000884;22512171.36
20250622 000000;0.000884;0.000899;0.000781;0.000832;43233617.32
20250623 000000;0.000832;0.000934;0.000832;0.00093;35123178.55
20250624 000000;0.00093;0.001019;0.000899;0.00091;28738320.18
20250625 000000;0.00091;0.000979;0.000887;0.000889;36108902.2
20250626 000000;0.000889;0.000895;0.000867;0.000874;12895803.4
20250627 000000;0.000874;0.000905;0.000864;0.000883;9646929.38
20250628 000000;0.000883;0.000948;0.000878;0.000898;14230291.06
20250629 000000;0.000898;0.00095;0.000892;0.000944;26078221.05
20250630 000000;0.000944;0.000948;0.000848;0.000885;24825820.37
20250701 000000;0.000885;0.000901;0.000836;0.000846;34009666.45
20250702 000000;0.000846;0.000917;0.000812;0.000886;43426051.46
20250703 000000;0.000886;0.000931;0.000855;0.000862;20307253.78
20250704 000000;0.000862;0.000884;0.000821;0.000833;31696504.76
20250705 000000;0.000833;0.00088;0.000831;0.000865;17903363.25
20250706 000000;0.000865;0.000892;0.000844;0.000859;16095821.12
20250707 000000;0.000859;0.000859;0.000806;0.000838;15575523.3
20250708 000000;0.000838;0.000922;0.000834;0.000861;27331577.41
20250709 000000;0.000861;0.001;0.000861;0.000908;29175139.8
20250710 000000;0.000908;0.001001;0.000898;0.00097;31115866.47
20250711 000000;0.00097;0.001015;0.000954;0.000967;32304547.99
20250712 000000;0.000967;0.000972;0.000892;0.000918;19775703.56
20250713 000000;0.000918;0.00102;0.000915;0.000981;26517825.35
20250714 000000;0.000981;0.001088;0.000962;0.000974;29993329.21
20250715 000000;0.000974;0.00102;0.000935;0.00102;15269074.37
20250716 000000;0.00102;0.001036;0.000982;0.00103;28515251.01
20250717 000000;0.00103;0.001068;0.001007;0.001046;36794385.39
20250718 000000;0.001046;0.00108;0.001024;0.001035;30326810.56
20250719 000000;0.001035;0.00132;0.001033;0.001169;118657213.01
20250720 000000;0.001169;0.001252;0.001137;0.001179;54790515.77
20250721 000000;0.001179;0.00122;0.001145;0.001167;33887749.49
20250722 000000;0.001167;0.001256;0.001091;0.001207;35554604.26
20250723 000000;0.001207;0.001316;0.001085;0.0011;58947941.16
20250724 000000;0.0011;0.001142;0.001059;0.00107;31965676.33
20250725 000000;0.00107;0.001079;0.00101;0.001063;24353205.41
20250726 000000;0.001063;0.001151;0.001048;0.001071;23751637.22
20250727 000000;0.001071;0.00112;0.001068;0.001083;29357700.22
20250728 000000;0.001083;0.001126;0.001025;0.001033;25100520.02
20250729 000000;0.001033;0.001061;0.001011;0.001035;9743739.06
20250730 000000;0.001035;0.001058;0.000995;0.001045;27295156.61
20250731 000000;0.001045;0.00117;0.001032;0.001037;43973264.51
20250801 000000;0.001037;0.001057;0.000976;0.000986;19414690.44
20250802 000000;0.000986;0.001019;0.00098;0.000994;11538418.39
20250803 000000;0.000994;0.001016;0.000978;0.00101;11105115.13
20250804 000000;0.00101;0.001122;0.00099;0.001032;19467668.85
20250805 000000;0.001032;0.001054;0.000978;0.001011;25791203.46
20250806 000000;0.001011;0.001029;0.000986;0.001015;15198379.8
20250807 000000;0.001015;0.001051;0.000977;0.001028;21149643.25
20250808 000000;0.001028;0.00106;0.001009;0.00106;20432895.33
20250809 000000;0.00106;0.00112;0.001028;0.001041;14946995.75
20250810 000000;0.001041;0.001077;0.001007;0.00103;25163834.54
20250811 000000;0.00103;0.001055;0.001005;0.001017;26059067.09
20250812 000000;0.001017;0.00116;0.000999;0.001056;49567736.24
20250813 000000;0.001056;0.001164;0.001031;0.001085;116610768.64
20250814 000000;0.001085;0.001087;0.000966;0.000997;69108465.17
20250815 000000;0.000997;0.001123;0.00098;0.001;62950298.08
20250816 000000;0.001;0.00104;0.000984;0.001021;13703918.95
20250817 000000;0.001021;0.001024;0.000993;0.001012;14106255.94
20250818 000000;0.001012;0.001012;0.000953;0.000973;16851935.35
20250819 000000;0.000973;0.000978;0.000933;0.000946;17491106.96
20250820 000000;0.000946;0.000991;0.000933;0.000973;20632527.2
20250821 000000;0.000973;0.000985;0.000933;0.000957;22778146.29
20250822 000000;0.000957;0.001009;0.000923;0.001009;25716219.55
20250823 000000;0.001009;0.001065;0.000989;0.001022;25332193.59
20250824 000000;0.001022;0.001031;0.000973;0.000988;18554780.09
20250825 000000;0.000988;0.001003;0.000908;0.000918;25255757.65
20250826 000000;0.000918;0.000948;0.00091;0.000937;17557549.3
20250827 000000;0.000937;0.000947;0.000918;0.000931;23583236.68
20250828 000000;0.000931;0.000958;0.000917;0.000943;25961522.54
20250829 000000;0.000943;0.00104;0.000894;0.000924;45799938.45
20250830 000000;0.000924;0.000944;0.000901;0.000918;24213327.3
20250831 000000;0.000918;0.000963;0.000914;0.000914;15888902.16
20250901 000000;0.000914;0.000933;0.000865;0.000879;25224542.29
20250902 000000;0.000879;0.000904;0.000876;0.000897;14754761.5
20250903 000000;0.000897;0.000914;0.00088;0.000896;13976047.19
20250904 000000;0.000896;0.000902;0.000859;0.000881;12737924.54
20250905 000000;0.000881;0.000963;0.000862;0.000917;25367227.82
20250906 000000;0.000917;0.00092;0.000877;0.000894;14516820.5
20250907 000000;0.000894;0.000924;0.000879;0.0009;18661588.53
20250908 000000;0.0009;0.000921;0.000893;0.00091;17728186.55
20250909 000000;0.00091;0.00093;0.000894;0.000913;24268132.6
20250910 000000;0.000913;0.000929;0.00082;0.000898;39702217.92
20250911 000000;0.000898;0.000925;0.000887;0.00092;9879274.25
20250912 000000;0.00092;0.000973;0.00091;0.000934;20547679.12
20250913 000000;0.000934;0.000968;0.000921;0.000951;22831229.48
20250914 000000;0.000951;0.000993;0.000903;0.000934;34428727.26
20250915 000000;0.000934;0.000934;0.000865;0.000899;33327429.36
20250916 000000;0.000899;0.000903;0.000868;0.000891;20229130.72
20250917 000000;0.000891;0.000935;0.00088;0.000925;26610545.66
20250918 000000;0.000925;0.000932;0.000899;0.000911;18698969.96
20250919 000000;0.000911;0.000984;0.000882;0.000882;21974164.71
20250920 000000;0.000882;0.000907;0.000875;0.000894;22156424.41
20250921 000000;0.000894;0.000898;0.000876;0.000884;16680204.54
20250922 000000;0.000884;0.000888;0.000812;0.000817;28747993.12
20250923 000000;0.000817;0.000843;0.000797;0.000813;28076628.59
20250924 000000;0.000813;0.000854;0.000806;0.000815;26825114.09
20250925 000000;0.000815;0.000821;0.000767;0.000768;24476037.1
20250926 000000;0.000768;0.000793;0.000756;0.000772;31103351.04
20250927 000000;0.000772;0.000789;0.00077;0.000775;12015755.15
20250928 000000;0.000775;0.000821;0.000758;0.000795;23734505.33
20250929 000000;0.000795;0.000803;0.000774;0.000783;13193012.92
20250930 000000;0.000783;0.000811;0.000735;0.000771;38719295.27
20251001 000000;0.000771;0.000805;0.000761;0.000797;17709454.97
20251002 000000;0.000797;0.000823;0.000772;0.000823;40768056.77
20251003 000000;0.000823;0.000858;0.000787;0.000805;57106031.91
20251004 000000;0.000805;0.000808;0.000772;0.000789;20796829.08
20251005 000000;0.000789;0.000805;0.000746;0.000782;45958201.49
20251006 000000;0.000782;0.000823;0.000781;0.000807;23509802.26
20251007 000000;0.000807;0.000807;0.000757;0.000772;18791796.24
20251008 000000;0.000772;0.000777;0.00074;0.00077;17869156.01
20251009 000000;0.00077;0.000776;0.000736;0.000757;34216764.87
20251010 000000;0.000757;0.000763;0.000437;0.00058;90671719.74
20251011 000000;0.00058;0.0006;0.000554;0.000575;66903834.5
20251012 000000;0.000575;0.000614;0.00056;0.000592;39385452.06
20251013 000000;0.000592;0.000663;0.000586;0.000651;51470870.57
20251014 000000;0.000651;0.000651;0.000581;0.000619;28861268.46
20251015 000000;0.000619;0.000638;0.000596;0.000604;41757384.12
20251016 000000;0.000604;0.000612;0.000571;0.000572;25594792.93
20251017 000000;0.000572;0.000581;0.000521;0.000554;46507868.98
20251018 000000;0.000554;0.000572;0.000544;0.000558;33306764.97
20251019 000000;0.000558;0.000578;0.000547;0.000559;28460559.41
20251020 000000;0.000559;0.000579;0.000551;0.000572;15998909.76
20251021 000000;0.000572;0.000572;0.000533;0.000538;30564467.31
20251022 000000;0.000538;0.000604;0.000511;0.000545;86901267.53
20251023 000000;0.000545;0.00057;0.000532;0.000547;40574845.7
20251024 000000;0.000547;0.000556;0.000539;0.000551;31320841.76
20251025 000000;0.000551;0.000557;0.000537;0.00055;23709399.84
20251026 000000;0.00055;0.000571;0.000544;0.000565;43302459.44
20251027 000000;0.000565;0.00057;0.000545;0.00055;23448104.28
20251028 000000;0.00055;0.00056;0.000525;0.000526;35431699.32
20251029 000000;0.000526;0.000535;0.000521;0.000528;22805483.07
20251030 000000;0.000528;0.00053;0.000472;0.000488;32022512.92
20251031 000000;0.000488;0.000537;0.000486;0.000502;23014578.03
20251101 000000;0.000502;0.000555;0.000492;0.000521;29254427.37
20251102 000000;0.000521;0.000528;0.00049;0.000506;30008162.32
20251103 000000;0.000506;0.000507;0.000454;0.000455;37604892.33
20251104 000000;0.000455;0.000462;0.000411;0.000451;72339680.24
20251105 000000;0.000451;0.00047;0.00042;0.000461;26219022.19
20251106 000000;0.000461;0.000461;0.000434;0.000449;32827415.78
20251107 000000;0.000449;0.000549;0.000435;0.000485;48060985.46
20251108 000000;0.000485;0.000546;0.000474;0.000504;58284948.67
20251109 000000;0.000504;0.000506;0.000473;0.000494;18196445.29
20251110 000000;0.000494;0.000566;0.000494;0.000526;16223529.02
20251111 000000;0.000526;0.00056;0.000454;0.000495;37237135.26
20251112 000000;0.000495;0.0005;0.000472;0.000478;22447064.23
20251113 000000;0.000478;0.000484;0.000441;0.000444;25462615.66
20251114 000000;0.000444;0.000449;0.00042;0.000422;43489815.81
20251115 000000;0.000422;0.000443;0.00042;0.000443;18848429.96
20251116 000000;0.000443;0.000445;0.000414;0.000422;27755833
20251117 000000;0.000422;0.000437;0.000397;0.000403;64403198.82
20251118 000000;0.000403;0.000502;0.000395;0.00048;65554373.7
20251119 000000;0.00048;0.000493;0.000415;0.000439;99944048.11
20251120 000000;0.000439;0.00049;0.000423;0.000439;78394787.09
20251121 000000;0.000439;0.00048;0.000401;0.000428;70423441.41
20251122 000000;0.000428;0.000437;0.000407;0.00042;41756173.77
20251123 000000;0.00042;0.000442;0.000418;0.000423;31477719.02
20251124 000000;0.000423;0.000434;0.000404;0.00043;78645107.28
20251125 000000;0.00043;0.000441;0.000418;0.000423;33540137.72
20251126 000000;0.000423;0.000463;0.000421;0.000434;34413001.4
20251127 000000;0.000434;0.000446;0.000428;0.00043;11343068.48
20251128 000000;0.00043;0.000434;0.000415;0.000419;18372521.78
20251129 000000;0.000419;0.000426;0.000413;0.000415;10890906.92
20251130 000000;0.000415;0.00042;0.000406;0.000411;12267834.87
20251201 000000;0.000411;0.000412;0.000372;0.000377;36532439.08
20251202 000000;0.000377;0.000422;0.00036;0.000405;57387135.45
20251203 000000;0.000405;0.000422;0.000393;0.000396;24983798.46
20251204 000000;0.000396;0.00041;0.000386;0.000397;17045728.92
20251205 000000;0.000397;0.000424;0.000374;0.000401;37049638.61
20251206 000000;0.000401;0.000401;0.000372;0.000385;16664228.21
20251207 000000;0.000385;0.000387;0.000366;0.000372;21376672.34
20251208 000000;0.000372;0.000394;0.00037;0.000377;16797127.65
20251209 000000;0.000377;0.000391;0.00037;0.000386;31604734.15
20251210 000000;0.000386;0.000398;0.000369;0.000375;35461176.53
20251211 000000;0.000375;0.000375;0.000361;0.00037;19925688.62
20251212 000000;0.00037;0.000373;0.000333;0.00035;77688001.8
20251213 000000;0.00035;0.000361;0.000349;0.000355;12713212.1
20251214 000000;0.000355;0.000357;0.000335;0.000343;13609985.76
20251215 000000;0.000343;0.000367;0.000321;0.000331;43982257.69
20251216 000000;0.000331;0.000331;0.00031;0.000318;57417163.34
20251217 000000;0.000318;0.000322;0.000296;0.000296;30969418.57
20251218 000000;0.000296;0.000301;0.000281;0.000293;25004340.08
20251219 000000;0.000293;0.000309;0.000285;0.000303;29296170.96
20251220 000000;0.000303;0.000304;0.000291;0.000297;22514511.5
20251221 000000;0.000297;0.000297;0.00028;0.000286;29784021.08
20251222 000000;0.000286;0.000295;0.000274;0.000282;43328901.32
20251223 000000;0.000282;0.000288;0.000261;0.000277;32792003.98
20251224 000000;0.000277;0.000286;0.000267;0.000279;16676111.78
20251225 000000;0.000279;0.000286;0.000275;0.000275;16399487.43
20251226 000000;0.000275;0.000286;0.000272;0.000274;25666660.11
20251227 000000;0.000274;0.00029;0.000274;0.000283;54420481.52
20251228 000000;0.000283;0.000332;0.000276;0.000293;74566096.29
20251229 000000;0.000293;0.000301;0.000281;0.000283;22313315.36
20251230 000000;0.000283;0.000291;0.000279;0.000289;24168163.9
20251231 000000;0.000289;0.000292;0.000277;0.000283;14199980.16
