20230622 000000;0.00174;0.00178;0.001614;0.001656;51117504.42
20230623 000000;0.001656;0.001923;0.001622;0.001702;75775995.44
20230624 000000;0.001702;0.00178;0.00155;0.001689;53731476.71
20230625 000000;0.001689;0.001752;0.001645;0.001666;28196557.3
20230626 000000;0.001666;0.0017;0.00158;0.0016;80878999.79
20230627 000000;0.0016;0.001666;0.001571;0.001627;22897663.68
20230628 000000;0.001627;0.001635;0.00152;0.001545;25232411.99
20230629 000000;0.001545;0.0016;0.001525;0.001564;31694339.25
20230630 000000;0.001564;0.001635;0.001546;0.001594;28868771.73
20230701 000000;0.001594;0.001599;0.001557;0.001583;29619201.97
20230702 000000;0.001583;0.001719;0.001569;0.001672;40399966.44
20230703 000000;0.001672;0.00173;0.001626;0.001669;32875817.71
20230704 000000;0.001669;0.00167;0.00155;0.001591;35254210.84
20230705 000000;0.001591;0.001613;0.001522;0.001565;24003623.98
20230706 000000;0.001565;0.001613;0.00154;0.001566;22539846.53
20230707 000000;0.001566;0.001572;0.0015;0.001524;22359611.72
20230708 000000;0.001524;0.00154;0.001458;0.001476;20636099.98
20230709 000000;0.001476;0.001513;0.001435;0.001459;23484460.33
20230710 000000;0.001459;0.001485;0.001377;0.001413;27056035.14
20230711 000000;0.001413;0.001431;0.001353;0.001367;23232090.55
20230712 000000;0.001367;0.0014;0.00133;0.001393;25087148.75
20230713 000000;0.001393;0.001472;0.001324;0.00142;29606547.94
20230714 000000;0.00142;0.00167;0.001419;0.001579;44295236.23
20230715 000000;0.001579;0.001625;0.001526;0.001563;26353299.93
20230716 000000;0.001563;0.001646;0.001514;0.001558;35261580.28
20230717 000000;0.001558;0.001668;0.001515;0.001553;39007583.8
20230718 000000;0.001553;0.00158;0.001491;0.001526;25623597.53
20230719 000000;0.001526;0.001638;0.001492;0.001554;29294580.34
20230720 000000;0.001554;0.001647;0.001523;0.001557;23656130.1
20230721 000000;0.001557;0.001588;0.0015;0.001554;24711519.92
20230722 000000;0.001554;0.001576;0.0015;0.001512;22783599.74
20230723 000000;0.001512;0.001569;0.001505;0.001548;20106724.39
20230724 000000;0.001548;0.001561;0.001431;0.001431;37911801.85
20230725 000000;0.001431;0.001512;0.001374;0.00146;48524370.75
20230726 000000;0.00146;0.001519;0.001418;0.00148;36749689.45
20230727 000000;0.00148;0.001516;0.001441;0.001456;29799095.99
20230728 000000;0.001456;0.001517;0.001434;0.001504;25966082.13
20230729 000000;0.001504;0.001524;0.00142;0.001497;28912076.32
20230730 000000;0.001497;0.001513;0.00146;0.001475;19770497.02
20230731 000000;0.001475;0.00151;0.00145;0.001456;20262744.09
20230801 000000;0.001456;0.001512;0.001442;0.001493;25388585.77
20230802 000000;0.001493;0.001524;0.001451;0.001471;20750248.98
20230803 000000;0.001471;0.001501;0.00145;0.001473;19706742.52
20230804 000000;0.001473;0.0015;0.001455;0.001472;18380780.47
20230805 000000;0.001472;0.001858;0.001458;0.001703;55717180.29
20230806 000000;0.001703;0.001751;0.001501;0.001572;47337231.43
20230807 000000;0.001572;0.001594;0.00149;0.001516;29431756.04
20230808 000000;0.001516;0.001577;0.00149;0.001547;34957711.69
20230809 000000;0.001547;0.00158;0.001521;0.001537;25138942.16
20230810 000000;0.001537;0.0016;0.0015;0.001566;26638741.69
20230811 000000;0.001566;0.001691;0.001542;0.001579;54931698.4
20230812 000000;0.001579;0.0016;0.0015;0.00158;40575696.3
20230813 000000;0.00158;0.001603;0.001526;0.001552;30376327.43
20230814 000000;0.001552;0.001621;0.001533;0.001571;40524295.4
20230815 000000;0.001571;0.002097;0.001544;0.001795;79309827.35
20230816 000000;0.001795;0.00206;0.001691;0.001711;104986153.83
20230817 000000;0.001711;0.001785;0.00151;0.001535;73207276.73
20230818 000000;0.001535;0.00162;0.001445;0.00149;46927848
20230819 000000;0.00149;0.00158;0.001445;0.0015;35635980.17
20230820 000000;0.0015;0.001518;0.001461;0.001486;20302762.24
20230821 000000;0.001486;0.001651;0.001421;0.00159;36674898.12
20230822 000000;0.00159;0.0017;0.001481;0.001512;41380221.77
20230823 000000;0.001512;0.001602;0.001481;0.001545;37263287.6
20230824 000000;0.001545;0.0016;0.001511;0.001535;36749074.9
20230825 000000;0.001535;0.001536;0.00148;0.001491;21156081.08
20230826 000000;0.001491;0.00152;0.001474;0.001493;18933391.95
20230827 000000;0.001493;0.001499;0.001466;0.001474;20256011.39
20230828 000000;0.001474;0.00152;0.00145;0.001477;21808092.12
20230829 000000;0.001477;0.00154;0.001431;0.001506;26870711.98
20230830 000000;0.001506;0.001536;0.00146;0.00148;23803500.31
20230831 000000;0.00148;0.001492;0.001403;0.001424;23752371.04
20230901 000000;0.001424;0.0016;0.0014;0.001512;39702080.07
20230902 000000;0.001512;0.001545;0.00143;0.001457;34559289.14
20230903 000000;0.001457;0.001479;0.001416;0.001437;20922246.58
20230904 000000;0.001437;0.001478;0.001426;0.001444;19095186.33
20230905 000000;0.001444;0.001499;0.00144;0.001469;25583815.58
20230906 000000;0.001469;0.001481;0.00144;0.001448;22028154.71
20230907 000000;0.001448;0.00147;0.00144;0.001464;25173927.01
20230908 000000;0.001464;0.001482;0.001441;0.001453;26550560.88
20230909 000000;0.001453;0.001465;0.00144;0.001455;20542273.59
20230910 000000;0.001455;0.00148;0.00141;0.001428;23887717.57
20230911 000000;0.001428;0.001444;0.001349;0.00137;22504689.39
20230912 000000;0.00137;0.00144;0.001351;0.001389;27817397.55
20230913 000000;0.001389;0.00149;0.00137;0.001447;33528682.55
20230914 000000;0.001447;0.001472;0.001412;0.001422;32806778.89
20230915 000000;0.001422;0.001466;0.00141;0.00146;19040595.08
20230916 000000;0.00146;0.001499;0.00143;0.001453;42352840.31
20230917 000000;0.001453;0.001468;0.001423;0.001434;30568752.62
20230918 000000;0.001434;0.00147;0.00142;0.00144;22687045.64
20230919 000000;0.00144;0.0015;0.001401;0.001458;44942315.96
20230920 000000;0.001458;0.001599;0.001417;0.00147;66841824.41
20230921 000000;0.00147;0.001539;0.001422;0.001443;32796371.33
20230922 000000;0.001443;0.001483;0.00143;0.001456;29108841.3
20230923 000000;0.001456;0.001466;0.00142;0.001433;29101739.89
20230924 000000;0.001433;0.001484;0.001418;0.001444;120776996.32
20230925 000000;0.001444;0.001459;0.00142;0.001444;27287196.04
20230926 000000;0.001444;0.00146;0.001424;0.00144;24471916.47
20230927 000000;0.00144;0.001536;0.001415;0.00149;38680299.53
20230928 000000;0.00149;0.001585;0.00144;0.001473;50708431.24
20230929 000000;0.001473;0.001496;0.00144;0.001453;28151391
20230930 000000;0.001453;0.001494;0.00143;0.001452;36058825.14
20231001 000000;0.001452;0.00155;0.00142;0.001481;43671059.12
20231002 000000;0.001481;0.001594;0.001461;0.001479;56906855.31
20231003 000000;0.001479;0.001533;0.001443;0.00145;39811328.9
20231004 000000;0.00145;0.00151;0.001434;0.001462;37022909.59
20231005 000000;0.001462;0.001499;0.001417;0.001436;35458724.86
20231006 000000;0.001436;0.001548;0.0014;0.001489;53043108.9
20231007 000000;0.001489;0.00151;0.00142;0.001454;27427925.44
20231008 000000;0.001454;0.00152;0.00142;0.001446;31581022.71
20231009 000000;0.001446;0.0016;0.001365;0.001432;59861469.73
20231010 000000;0.001432;0.0015;0.001378;0.001427;48211978.19
20231011 000000;0.001427;0.001435;0.00139;0.001425;28860254.66
20231012 000000;0.001425;0.001482;0.0013;0.001391;71037856.82
20231013 000000;0.001391;0.001485;0.001387;0.001423;47661500.65
20231014 000000;0.001423;0.00145;0.001399;0.001414;43322857.41
20231015 000000;0.001414;0.00146;0.001407;0.001432;29672488.83
20231016 000000;0.001432;0.001542;0.001401;0.001434;32364646.47
20231017 000000;0.001434;0.001534;0.001404;0.001488;54322580.16
20231018 000000;0.001488;0.001552;0.001423;0.001432;35760238.76
20231019 000000;0.001432;0.001545;0.0012;0.001438;43132497.91
20231020 000000;0.001438;0.001604;0.001433;0.001524;66971745.03
20231021 000000;0.001524;0.001599;0.001415;0.001491;61410752.22
20231022 000000;0.001491;0.00192;0.001484;0.001722;220043184.2
20231023 000000;0.001722;0.001963;0.001599;0.001784;147121760.1
20231024 000000;0.001784;0.001934;0.00167;0.001735;91804173.82
20231025 000000;0.001735;0.002;0.00168;0.001761;66290445.45
20231026 000000;0.001761;0.002181;0.001744;0.001972;129282799.48
20231027 000000;0.001972;0.0024;0.001872;0.002186;189709114.97
20231028 000000;0.002186;0.00231;0.002039;0.002084;87272918.35
20231029 000000;0.002084;0.00225;0.002051;0.002137;77798867.43
20231030 000000;0.002137;0.002218;0.00209;0.002186;46110365.93
20231031 000000;0.002186;0.002269;0.002;0.002119;63812581.17
20231101 000000;0.002119;0.00265;0.002075;0.002492;92320049.31
20231102 000000;0.002492;0.003788;0.002451;0.002882;208144935.9
20231103 000000;0.002882;0.002925;0.00261;0.002655;72652827.11
20231104 000000;0.002655;0.0033;0.002644;0.002707;65343103.35
20231105 000000;0.002707;0.002764;0.00254;0.002682;61573181.69
20231106 000000;0.002682;0.002859;0.00257;0.002743;89765310.71
20231107 000000;0.002743;0.00278;0.00258;0.002702;46431275.84
20231108 000000;0.002702;0.002818;0.00264;0.00271;53659580.84
20231109 000000;0.00271;0.003715;0.002702;0.003091;156490208.15
20231110 000000;0.003091;0.003599;0.003063;0.003408;128478789.43
20231111 000000;0.003408;0.003768;0.003251;0.003295;64981740.78
20231112 000000;0.003295;0.003925;0.00311;0.003229;56133495.11
20231113 000000;0.003229;0.0036;0.002956;0.002977;58051585.04
20231114 000000;0.002977;0.0034;0.002934;0.003106;56992873
20231115 000000;0.003106;0.0036;0.003053;0.003272;46505826.34
20231116 000000;0.003272;0.003372;0.00301;0.003038;48929955.94
20231117 000000;0.003038;0.0032;0.002825;0.00313;40265000.49
20231118 000000;0.00313;0.0032;0.002901;0.003044;39726342.89
20231119 000000;0.003044;0.00333;0.00301;0.003304;63622195.26
20231120 000000;0.003304;0.003328;0.003092;0.003122;59135683.56
20231121 000000;0.003122;0.003258;0.002935;0.002982;50375809.27
20231122 000000;0.002982;0.0033;0.002935;0.003119;47239263.78
20231123 000000;0.003119;0.0038;0.00301;0.003439;61572409.85
20231124 000000;0.003439;0.003762;0.0033;0.00348;67578415.24
20231125 000000;0.00348;0.003604;0.00336;0.0035;45655033.42
20231126 000000;0.0035;0.004804;0.003458;0.004164;162234189.2
20231127 000000;0.004164;0.005136;0.00415;0.004806;168792771.94
20231128 000000;0.004806;0.007;0.004795;0.0064;202554634.06
20231129 000000;0.0064;0.006423;0.005401;0.005724;83586078
20231130 000000;0.005724;0.0077;0.0055;0.007131;143447940.16
20231201 000000;0.007131;0.007895;0.006688;0.007059;110593720.68
20231202 000000;0.007059;0.00785;0.006958;0.007256;73013846.58
20231203 000000;0.007256;0.007677;0.00666;0.007038;67925569.71
20231204 000000;0.007038;0.007333;0.0066;0.007087;102805285.16
20231205 000000;0.007087;0.0074;0.006813;0.006993;64447671.71
20231206 000000;0.006993;0.007197;0.0065;0.006558;40335434.42
20231207 000000;0.006558;0.00723;0.006117;0.006657;79578365.52
20231208 000000;0.006657;0.007199;0.006435;0.006681;60137903.6
20231209 000000;0.006681;0.007;0.006282;0.006528;52609501.38
20231210 000000;0.006528;0.00685;0.006402;0.006448;33920503.69
20231211 000000;0.006448;0.006638;0.0058;0.006067;62511659.46
20231212 000000;0.006067;0.0079;0.006008;0.006195;56080978.59
20231213 000000;0.006195;0.007123;0.005825;0.006501;59798999.05
20231214 000000;0.006501;0.006686;0.0063;0.00658;39047855.52
20231215 000000;0.00658;0.006655;0.00606;0.006061;35236528.17
20231216 000000;0.006061;0.006498;0.005993;0.006173;49740887.41
20231217 000000;0.006173;0.00631;0.005803;0.005835;29086655.48
20231218 000000;0.005835;0.005928;0.005352;0.005595;29101212.43
20231219 000000;0.005595;0.005845;0.005475;0.00563;26545824.97
20231220 000000;0.00563;0.00715;0.005554;0.006568;71696006.17
20231221 000000;0.006568;0.0074;0.006299;0.006517;63236111.4
20231222 000000;0.006517;0.007056;0.006074;0.006405;50757381.94
20231223 000000;0.006405;0.006889;0.006048;0.006598;32934552.4
20231224 000000;0.006598;0.006935;0.00648;0.006545;45599267.7
20231225 000000;0.006545;0.007337;0.006005;0.006935;37240264.05
20231226 000000;0.006935;0.006967;0.00613;0.006365;30014222.42
20231227 000000;0.006365;0.006603;0.00625;0.006524;19920629.02
20231228 000000;0.006524;0.006649;0.005805;0.006152;23092114.85
20231229 000000;0.006152;0.006279;0.0059;0.006001;17762990.89
20231230 000000;0.006001;0.006049;0.005534;0.005694;30521220.39
20231231 000000;0.005694;0.005796;0.005466;0.005576;22448901.1
