20260101 000000;0.000283;0.000303;0.000275;0.000293;22656857.52
20260102 000000;0.000293;0.000329;0.000293;0.000321;37080745.89
20260103 000000;0.000321;0.000355;0.000305;0.000321;86534647.49
20260104 000000;0.000321;0.000341;0.000317;0.000323;33624810.61
20260105 000000;0.000323;0.000345;0.000318;0.000335;47924091.79
20260106 000000;0.000335;0.000358;0.000321;0.000333;78968883.76
20260107 000000;0.000333;0.000402;0.000294;0.00032;112686996.55
20260108 000000;0.00032;0.000324;0.000282;0.000307;61648285.6
20260109 000000;0.000307;0.000312;0.000294;0.000301;19735876.54
20260110 000000;0.000301;0.000317;0.000298;0.000304;13243211.15
20260111 000000;0.000304;0.000318;0.000297;0.0003;20942791.79
20260112 000000;0.0003;0.000316;0.00028;0.000296;29534267.96
20260113 000000;0.000296;0.000313;0.000291;0.000312;20491861.23
20260114 000000;0.000312;0.000323;0.000307;0.000313;16773170.94
20260115 000000;0.000313;0.000313;0.000284;0.000284;19064570.38
20260116 000000;0.000284;0.000303;0.000283;0.000303;10079806.49
20260117 000000;0.000303;0.000314;0.000291;0.000297;15896061.57
20260118 000000;0.000297;0.000301;0.000286;0.000287;8919897.4
20260119 000000;0.000287;0.000291;0.000267;0.000277;17160873.32
20260120 000000;0.000277;0.000306;0.000265;0.00027;32139099.07
20260121 000000;0.00027;0.000289;0.000262;0.000284;29501860.16
20260122 000000;0.000284;0.000284;0.000265;0.00027;12773964.97
20260123 000000;0.00027;0.000281;0.000266;0.000275;19246943.77
20260124 000000;0.000275;0.000279;0.00027;0.000273;13232072.33
20260125 000000;0.000273;0.000276;0.00025;0.000256;18130288.39
20260126 000000;0.000256;0.000266;0.000253;0.00026;18003337.14
20260127 000000;0.00026;0.000266;0.000256;0.000263;13580768.08
20260128 000000;0.000263;0.000266;0.000256;0.00026;6984050.99
20260129 000000;0.00026;0.00026;0.000241;0.000252;11651059.41
20260130 000000;0.000252;0.000268;0.000237;0.000243;27132683.63
20260131 000000;0.000243;0.000245;0.000206;0.000223;38843864.17
20260201 000000;0.000223;0.000233;0.00021;0.00021;27475720.88
20260202 000000;0.00021;0.000222;0.00021;0.000219;27346253.81
20260203 000000;0.000219;0.00022;0.000202;0.000211;32235830.33
20260204 000000;0.000211;0.000215;0.000201;0.000207;29612348.6
20260205 000000;0.000207;0.00021;0.000171;0.000187;35200378.35
20260206 000000;0.000187;0.000228;0.000176;0.000197;26222038.67
20260207 000000;0.000197;0.000197;0.000187;0.000192;9376704.34
20260208 000000;0.000192;0.000199;0.000189;0.000196;11765183.99
20260209 000000;0.000196;0.000196;0.000184;0.000192;12240508.51
20260210 000000;0.000192;0.000201;0.000186;0.000193;20662265.46
20260211 000000;0.000193;0.000212;0.000183;0.0002;37287618.53
20260212 000000;0.0002;0.000204;0.000183;0.000193;52170203.02
20260213 000000;0.000193;0.000232;0.000191;0.000208;44479250.96
20260214 000000;0.000208;0.000222;0.000204;0.000218;27489797.29
20260215 000000;0.000218;0.000224;0.00019;0.000204;41884827.82
20260216 000000;0.000204;0.000208;0.000201;0.000204;12088575.82
20260217 000000;0.000204;0.000221;0.000201;0.000201;36190648.07
20260218 000000;0.000201;0.000209;0.000196;0.0002;19540428.35
20260219 000000;0.0002;0.000214;0.000195;0.0002;29332300.79
20260220 000000;0.0002;0.000205;0.000193;0.000197;18689833.36
20260221 000000;0.000197;0.000208;0.000197;0.000199;15664624.01
20260222 000000;0.000199;0.000204;0.000193;0.000201;7895916.17
20260223 000000;0.000201;0.000201;0.000188;0.000188;8820434.39
20260224 000000;0.000188;0.000193;0.000183;0.000189;15716717.32
20260225 000000;0.000189;0.000203;0.000186;0.000199;8816828.04
20260226 000000;0.000199;0.000207;0.000181;0.000194;39045870.32
20260227 000000;0.000194;0.000196;0.000187;0.00019;14908961
20260228 000000;0.00019;0.000192;0.000183;0.000192;8244240.5
20260301 000000;0.000192;0.000199;0.000183;0.000186;24657733.86
20260302 000000;0.000186;0.000197;0.000183;0.00019;9347130.36
20260303 000000;0.00019;0.00019;0.00018;0.000185;5726272.68
20260304 000000;0.000185;0.000198;0.000183;0.000189;26184406.55
20260305 000000;0.000189;0.000191;0.00018;0.000188;14026883.59
20260306 000000;0.000188;0.00019;0.00018;0.000181;2928777.99
20260307 000000;0.000181;0.000186;0.000178;0.00018;8986579.45
20260308 000000;0.00018;0.00018;0.000171;0.000173;7612053.24
20260309 000000;0.000173;0.000186;0.000173;0.000176;13716644.43
20260310 000000;0.000176;0.000202;0.000176;0.000183;37461485.12
20260311 000000;0.000183;0.000195;0.000179;0.000189;34800931.35
20260312 000000;0.000189;0.000189;0.000182;0.000182;5532816.51
20260313 000000;0.000182;0.000231;0.000182;0.000227;24741348.03
20260314 000000;0.000227;0.000227;0.000185;0.000195;35770704.96
20260315 000000;0.000195;0.000197;0.000188;0.000191;11596288.8
20260316 000000;0.000191;0.000205;0.00019;0.000195;31154434.95
20260317 000000;0.000195;0.000206;0.00019;0.000195;35362546.97
20260318 000000;0.000195;0.000204;0.000182;0.000191;30507774.08
20260319 000000;0.000191;0.000198;0.000184;0.000187;12642900.5
20260320 000000;0.000187;0.000194;0.000184;0.000188;14127045.04
20260321 000000;0.000188;0.000204;0.00017;0.000194;25958008.72
20260322 000000;0.000194;0.000221;0.000181;0.000183;13399398.59
20260323 000000;0.000183;0.0002;0.000178;0.000186;15368275.87
20260324 000000;0.000186;0.00019;0.00018;0.000184;9720517.18
20260325 000000;0.000184;0.000189;0.000178;0.000186;9589851.75
20260326 000000;0.000186;0.000187;0.000178;0.000181;5759575.21
20260327 000000;0.000181;0.000182;0.000173;0.000175;5155759.51
20260328 000000;0.000175;0.000177;0.000171;0.000175;3535683.33
20260329 000000;0.000175;0.000177;0.000156;0.000173;34565707.21
20260330 000000;0.000173;0.000177;0.000169;0.000173;12735470.19
20260331 000000;0.000173;0.000178;0.000168;0.000171;12855786.23
20260401 000000;0.000171;0.000177;0.000166;0.000172;19198638.99
20260402 000000;0.000172;0.000172;0.000156;0.000158;16965869.53
20260403 000000;0.000158;0.000166;0.000158;0.000163;12173330.38
20260404 000000;0.000163;0.000185;0.000159;0.000166;21826125
20260405 000000;0.000166;0.000175;0.000162;0.000164;13949699.59
20260406 000000;0.000164;0.000172;0.00016;0.000165;14826536.06
20260407 000000;0.000165;0.000169;0.000163;0.000169;3532374.51
20260408 000000;0.000169;0.000198;0.00016;0.000197;33108743.27
20260409 000000;0.000197;0.0002;0.000166;0.000184;33642558.51
20260410 000000;0.000184;0.000184;0.000166;0.00017;12192430.64
20260411 000000;0.00017;0.000191;0.000162;0.000169;15448282.85
20260412 000000;0.000169;0.000174;0.000156;0.000163;52405970.63
20260413 000000;0.000163;0.000173;0.000158;0.000164;24964244.36
20260414 000000;0.000164;0.000186;0.000162;0.000162;13832913.47
20260415 000000;0.000162;0.00018;0.000162;0.00017;8120197.98
20260416 000000;0.00017;0.000187;0.000165;0.000175;29453899.21
20260417 000000;0.000175;0.000189;0.000173;0.000186;27305847.77
20260418 000000;0.000186;0.000202;0.000172;0.000178;25051828.93
20260419 000000;0.000178;0.000179;0.000166;0.000169;14416123.51
20260420 000000;0.000169;0.000184;0.000164;0.000177;15978458.05
20260421 000000;0.000177;0.000262;0.000176;0.000237;86117545.07
20260422 000000;0.000237;0.000237;0.000186;0.000203;37110487.21
20260423 000000;0.000203;0.000203;0.000192;0.000194;7140026.81
20260424 000000;0.000194;0.000194;0.000188;0.00019;10941161.38
20260425 000000;0.00019;0.000199;0.000186;0.000187;5806235.05
20260426 000000;0.000187;0.000192;0.000186;0.000191;4307472.11
20260427 000000;0.000191;0.000216;0.000172;0.000174;44277938.26
20260428 000000;0.000174;0.000184;0.000173;0.000179;23286988.81
20260429 000000;0.000179;0.000184;0.000174;0.000179;6226613.85
20260430 000000;0.000179;0.000179;0.000169;0.000177;4752048.79
20260501 000000;0.000177;0.000178;0.000171;0.000176;3456873.63
20260502 000000;0.000176;0.000189;0.000176;0.000181;9314501.25
20260503 000000;0.000181;0.000183;0.000177;0.00018;4834135.23
20260504 000000;0.00018;0.000186;0.000178;0.000182;5357185.06
20260505 000000;0.000182;0.000189;0.000173;0.000184;18044666.96
20260506 000000;0.000184;0.000236;0.000178;0.000185;141576513.16
20260507 000000;0.000185;0.000198;0.000177;0.000181;20637792.67
20260508 000000;0.000181;0.000202;0.000181;0.000189;35548910.61
20260509 000000;0.000189;0.000197;0.000187;0.000192;13675692.43
20260510 000000;0.000192;0.000229;0.000188;0.000193;14854951.03
20260511 000000;0.000193;0.000197;0.000186;0.000192;8016218.76
20260512 000000;0.000192;0.0002;0.000187;0.000188;14074906.31
20260513 000000;0.000188;0.000197;0.00018;0.000188;18972457.44
20260514 000000;0.000188;0.00019;0.000181;0.000186;7653723.39
20260515 000000;0.000186;0.000194;0.000179;0.000182;8991739.64
20260516 000000;0.000182;0.000185;0.000156;0.000174;27539073.02
20260517 000000;0.000174;0.000182;0.000166;0.000174;15684896.17
20260518 000000;0.000174;0.000174;0.000157;0.000171;19862739.4
20260519 000000;0.000171;0.00018;0.000161;0.00017;44667873.56
20260520 000000;0.00017;0.000175;0.000168;0.000175;2525514.33
20260521 000000;0.000175;0.000178;0.00017;0.000173;11496330.29
20260522 000000;0.000173;0.00018;0.000171;0.000172;8254679.74
20260523 000000;0.000172;0.000178;0.000163;0.00017;22755042.84
20260524 000000;0.00017;0.000175;0.000163;0.000171;11142766.25
20260525 000000;0.000171;0.000178;0.000167;0.000171;15250573.42
20260526 000000;0.000171;0.000177;0.000164;0.000169;15440682.9
20260527 000000;0.000169;0.000179;0.00015;0.000162;127237437.66
20260528 000000;0.000162;0.000164;0.000128;0.000158;55910497.68
20260529 000000;0.000158;0.000164;0.000148;0.000158;41434395.26
20260530 000000;0.000158;0.000164;0.000154;0.000157;13476460.46
20260531 000000;0.000157;0.00016;0.00015;0.000156;13294635.71
20260601 000000;0.000156;0.000156;0.000147;0.000152;14127560.05
20260602 000000;0.000152;0.000152;0.000135;0.000145;17958530.96
20260603 000000;0.000145;0.000151;0.000138;0.000147;21620455.7
20260604 000000;0.000147;0.000147;0.000131;0.000135;18388570.91
20260605 000000;0.000135;0.000154;0.000127;0.000129;38597675.04
20260606 000000;0.000129;0.000148;0.000116;0.000127;49084860.17
20260607 000000;0.000127;0.000131;0.000124;0.000128;18041618.88
20260608 000000;0.000128;0.000133;0.000123;0.000125;8866964.74
20260609 000000;0.000125;0.000128;0.000123;0.000124;8398143.97
20260610 000000;0.000124;0.000124;0.000117;0.00012;24258201.77
20260611 000000;0.00012;0.000125;0.000118;0.000122;7884161.29
20260612 000000;0.000122;0.00015;0.000121;0.000132;37673662.74
20260613 000000;0.000132;0.000132;0.000123;0.000128;18047934.77
20260614 000000;0.000128;0.00014;0.00011;0.000134;55289038.37
20260615 000000;0.000134;0.000135;0.000128;0.000129;16287282.97
20260616 000000;0.000129;0.000131;0.000122;0.000128;16113788.08
20260617 000000;0.000128;0.000129;0.000124;0.000124;4212359.83
20260618 000000;0.000124;0.000128;0.00012;0.00012;8857519.85
20260619 000000;0.00012;0.000126;0.000117;0.000121;16878923.94
20260620 000000;0.000121;0.000125;0.00012;0.000121;10243433.08
