20250101 000000;0.00000000026099;0.00000000027044;0.00000000025783;0.00000000026804;2072116815588482
20250102 000000;0.00000000026804;0.00000000028378;0.00000000026795;0.00000000028092;3167912629682108
20250103 000000;0.00000000028092;0.00000000030399;0.00000000027;0.00000000030198;1814298986736425
20250104 000000;0.00000000030198;0.00000000033305;0.00000000029699;0.00000000030686;1973424855818444
20250105 000000;0.00000000030686;0.00000000030763;0.00000000029156;0.00000000029895;1121327751177445
20250106 000000;0.00000000029895;0.00000000031401;0.00000000029096;0.00000000030391;1949073007385052
20250107 000000;0.00000000030391;0.00000000030658;0.00000000025812;0.00000000025894;2488964937699881
20250108 000000;0.00000000025894;0.00000000027103;0.00000000022988;0.00000000024896;3556926876372109
20250109 000000;0.00000000024896;0.00000000025698;0.00000000023599;0.00000000024197;4790592140806874
20250110 000000;0.00000000024197;0.00000000025777;0.00000000024173;0.00000000025301;5328965191384760
20250111 000000;0.00000000025301;0.00000000025815;0.00000000024343;0.00000000025197;3055823894027898
20250112 000000;0.00000000025197;0.00000000025378;0.00000000024195;0.00000000024495;3056773674078643
20250113 000000;0.00000000024495;0.00000000025304;0.00000000021507;0.00000000023195;8028762786479095
20250114 000000;0.00000000023195;0.00000000024599;0.0000000002313;0.00000000024584;391048375927672
20250115 000000;0.00000000024584;0.00000000026;0.00000000023057;0.00000000025981;366168962403439
20250116 000000;0.00000000025981;0.00000000025994;0.00000000023948;0.00000000024223;291800679573486
20250117 000000;0.00000000024223;0.00000000026725;0.00000000024208;0.00000000026553;274961981301566
20250118 000000;0.00000000026553;0.00000000027783;0.00000000023228;0.00000000024189;382336064342734
20250119 000000;0.00000000024189;0.00000000025109;0.00000000018904;0.00000000019439;1103904481597902
20250120 000000;0.00000000019439;0.00000000021395;0.00000000018;0.00000000018427;871137007991935
20250121 000000;0.00000000018427;0.00000000019795;0.00000000017237;0.00000000019425;586068526594638
20250122 000000;0.00000000019425;0.00000000021098;0.00000000019149;0.00000000019801;470154269141128
20250123 000000;0.00000000019801;0.00000000020615;0.00000000018848;0.00000000019573;406102996487795
20250124 000000;0.00000000019573;0.00000000020656;0.00000000018806;0.00000000019308;286665626101992
20250125 000000;0.00000000019308;0.00000000020153;0.00000000018943;0.00000000019778;178688690743321
20250126 000000;0.00000000019778;0.000000000203;0.00000000018802;0.00000000018909;216441862370317
20250127 000000;0.00000000018909;0.00000000019091;0.000000000165;0.0000000001828;283260126870197
20250128 000000;0.0000000001828;0.00000000018522;0.00000000016604;0.00000000017159;211676637649727
20250129 000000;0.00000000017159;0.00000000018699;0.00000000017111;0.00000000017809;171924881989836
20250130 000000;0.00000000017809;0.00000000018999;0.00000000017702;0.00000000018199;215356386290076
20250131 000000;0.00000000018199;0.00000000020798;0.00000000017689;0.00000000019532;375915536995479
20250201 000000;0.00000000019532;0.00000000020372;0.0000000001805;0.00000000018529;306700543582694
20250202 000000;0.00000000018529;0.00000000019699;0.00000000014281;0.00000000015227;378527200242902
20250203 000000;0.00000000015227;0.00000000015227;0.0000000001;0.00000000013241;1296531151147973
20250204 000000;0.00000000013241;0.00000000013712;0.00000000011503;0.00000000012083;577522372374626
20250205 000000;0.00000000012083;0.00000000012841;0.00000000011546;0.00000000012022;613285609304541
20250206 000000;0.00000000012022;0.00000000012573;0.00000000011061;0.00000000011188;386446010178431
20250207 000000;0.00000000011188;0.00000000012686;0.00000000010963;0.00000000011247;420991755577041
20250208 000000;0.00000000011247;0.00000000012081;0.00000000011227;0.00000000011941;251810261654781
20250209 000000;0.00000000011941;0.0000000001224;0.00000000011145;0.00000000011599;402017316427149
20250210 000000;0.00000000011599;0.000000000121;0.00000000011382;0.00000000011897;259995864412029
20250211 000000;0.00000000011897;0.00000000012989;0.000000000117;0.00000000011907;463662467285011
20250212 000000;0.00000000011907;0.00000000012497;0.00000000011371;0.00000000012381;318527411759965
20250213 000000;0.00000000012381;0.00000000012669;0.00000000011842;0.0000000001212;295365264149636
20250214 000000;0.0000000001212;0.00000000012998;0.00000000011927;0.00000000012543;420921124299000
20250215 000000;0.00000000012543;0.00000000012592;0.00000000012002;0.00000000012066;208349721373721
20250216 000000;0.00000000012066;0.00000000012321;0.00000000011946;0.00000000012106;348011293068264
20250217 000000;0.00000000012106;0.00000000012665;0.00000000012032;0.00000000012383;357939016429651
20250218 000000;0.00000000012383;0.00000000012434;0.00000000010669;0.00000000011201;434521669420370
20250219 000000;0.00000000011201;0.000000000116;0.00000000010826;0.00000000011217;366720601921220
20250220 000000;0.00000000011217;0.00000000011548;0.00000000011101;0.00000000011397;322378470863162
20250221 000000;0.00000000011397;0.00000000012021;0.0000000001091;0.00000000011019;438195037498023
20250222 000000;0.00000000011019;0.00000000011995;0.00000000011005;0.00000000011752;267056983170268
20250223 000000;0.00000000011752;0.0000000001199;0.00000000011112;0.00000000011368;227453023328021
20250224 000000;0.00000000011368;0.00000000011529;0.00000000009169;0.00000000009522;707065263493950
20250225 000000;0.00000000009522;0.00000000010182;0.00000000008856;0.00000000009959;522962247176626
20250226 000000;0.00000000009959;0.00000000010287;0.00000000009378;0.00000000009772;450832569014401
20250227 000000;0.00000000009772;0.00000000011483;0.00000000009675;0.00000000010836;1086265914935672
20250228 000000;0.00000000010836;0.00000000012049;0.00000000010434;0.00000000011251;2062710028340830
20250301 000000;0.00000000011251;0.0000000001203;0.00000000010528;0.00000000010869;499271990526329
20250302 000000;0.00000000010869;0.00000000011808;0.00000000010672;0.00000000011714;670624419591132
20250303 000000;0.00000000011714;0.00000000011717;0.00000000009449;0.00000000009842;483063504894954
20250304 000000;0.00000000009842;0.00000000010205;0.0000000000898;0.00000000009719;391814311100995
20250305 000000;0.00000000009719;0.00000000010022;0.00000000009575;0.00000000009972;331953730690330
20250306 000000;0.00000000009972;0.00000000010304;0.00000000009611;0.00000000009775;331728125020003
20250307 000000;0.00000000009775;0.00000000009999;0.00000000009261;0.00000000009594;319383532996300
20250308 000000;0.00000000009594;0.00000000009732;0.00000000009275;0.00000000009504;209671787173842
20250309 000000;0.00000000009504;0.00000000009549;0.00000000007814;0.00000000008131;500289527357969
20250310 000000;0.00000000008131;0.00000000008759;0.00000000007131;0.00000000007538;447952023396035
20250311 000000;0.00000000007538;0.00000000007799;0.00000000006853;0.0000000000753;376335495975440
20250312 000000;0.0000000000753;0.00000000007797;0.00000000007266;0.00000000007694;316943792661300
20250313 000000;0.00000000007694;0.00000000008199;0.00000000007455;0.00000000007726;230803116465622
20250314 000000;0.00000000007726;0.000000000086;0.000000000076;0.00000000007901;907133357629269
20250315 000000;0.00000000007901;0.00000000008189;0.00000000007805;0.00000000008059;2610333682741781
20250316 000000;0.00000000008059;0.00000000008647;0.00000000007663;0.00000000007736;5723304453292147
20250317 000000;0.00000000007736;0.00000000008848;0.00000000007736;0.00000000008679;5508334289804892
20250318 000000;0.00000000008679;0.00000000009147;0.00000000008016;0.00000000008844;8963281468491098
20250319 000000;0.00000000008844;0.00000000009606;0.000000000087;0.00000000009132;6007487136027547
20250320 000000;0.00000000009132;0.00000000009203;0.0000000000866;0.00000000009045;4671631750983642
20250321 000000;0.00000000009045;0.00000000009299;0.00000000008802;0.00000000008883;3459245661144072
20250322 000000;0.00000000008883;0.00000000009599;0.00000000008861;0.0000000000912;3086949898484261
20250323 000000;0.0000000000912;0.00000000009707;0.00000000008944;0.00000000009137;4678570623990771
20250324 000000;0.00000000009137;0.00000000009467;0.00000000008961;0.00000000009344;3342175315291567
20250325 000000;0.00000000009344;0.00000000009542;0.00000000009091;0.00000000009388;3146026403157584
20250326 000000;0.00000000009388;0.000000000108;0.00000000009272;0.00000000010466;9089405762175590
20250327 000000;0.00000000010466;0.000000000116;0.00000000010031;0.00000000010132;22009760570335975
20250328 000000;0.00000000010132;0.00000000010387;0.0000000000917;0.00000000009509;6573595458382905
20250329 000000;0.00000000009509;0.00000000009629;0.0000000000809;0.00000000008286;7053765459359971
20250330 000000;0.00000000008286;0.00000000008498;0.00000000007923;0.0000000000817;4239071255764518
20250331 000000;0.0000000000817;0.00000000008361;0.00000000007835;0.00000000008122;4487196600687119
20250401 000000;0.00000000008122;0.00000000008582;0.00000000008035;0.00000000008275;4426196271413027
20250402 000000;0.00000000008275;0.00000000008297;0.00000000007549;0.0000000000776;4441531569182431
20250403 000000;0.0000000000776;0.00000000008001;0.00000000007253;0.00000000007532;4085367850023801
20250404 000000;0.00000000007532;0.00000000008163;0.00000000007499;0.00000000008022;6090188281331613
20250405 000000;0.00000000008022;0.00000000008179;0.00000000007723;0.00000000007963;1079519356398388
20250406 000000;0.00000000007963;0.00000000008025;0.00000000006668;0.00000000006986;5295174633541242
20250407 000000;0.00000000006986;0.00000000007144;0.00000000006151;0.00000000007021;5769000496418541
20250408 000000;0.00000000007021;0.000000000074;0.0000000000638;0.00000000006494;3715545315496161
20250409 000000;0.00000000006494;0.00000000007599;0.00000000006283;0.00000000007247;5569473146760277
20250410 000000;0.00000000007247;0.00000000007255;0.00000000006852;0.00000000007122;2606871756752206
20250411 000000;0.00000000007122;0.00000000007535;0.0000000000702;0.00000000007366;4212409029561084
20250412 000000;0.00000000007366;0.00000000009297;0.00000000007281;0.00000000008978;11811437495771677
20250413 000000;0.00000000008978;0.00000000009199;0.00000000008108;0.00000000008282;7612356072617660
20250414 000000;0.00000000008282;0.0000000000929;0.00000000008105;0.0000000000915;6360587304048912
20250415 000000;0.0000000000915;0.000000000138;0.00000000008886;0.00000000013687;36697799400933706
20250416 000000;0.00000000013687;0.0000000003472;0.00000000013203;0.00000000028118;122766392565861716
20250417 000000;0.00000000028118;0.00000000045;0.00000000022265;0.00000000037062;75967458014395084
20250418 000000;0.00000000037062;0.0000000003797;0.00000000011505;0.00000000013157;69010407578607045
20250419 000000;0.00000000013157;0.0000000001358;0.00000000010545;0.00000000012528;49807521115747460
20250420 000000;0.00000000012528;0.00000000013139;0.00000000011255;0.0000000001173;24393141414534155
20250421 000000;0.0000000001173;0.00000000012251;0.000000000106;0.00000000011089;15117669338078564
20250422 000000;0.00000000011089;0.00000000012869;0.00000000010376;0.00000000012098;19266989698411218
20250423 000000;0.00000000012098;0.0000000001262;0.00000000011157;0.00000000011947;16013118756991160
20250424 000000;0.00000000011947;0.00000000017674;0.00000000011723;0.00000000014534;56908358307893856
20250425 000000;0.00000000014534;0.00000000016301;0.00000000013377;0.00000000014573;21384405207438285
20250426 000000;0.00000000014573;0.00000000016699;0.00000000014504;0.00000000015879;14558775583117626
20250427 000000;0.00000000015879;0.000000000165;0.0000000001506;0.00000000015762;14240211670188560
20250428 000000;0.00000000015762;0.00000000016798;0.00000000014613;0.00000000015281;10075915532255085
20250429 000000;0.00000000015281;0.0000000001589;0.00000000014111;0.00000000014448;7366217873736732
20250430 000000;0.00000000014448;0.00000000014783;0.0000000001378;0.00000000014276;4496146234529514
20250501 000000;0.00000000014276;0.00000000015187;0.00000000014116;0.00000000014387;5065485512980492
20250502 000000;0.00000000014387;0.00000000015524;0.00000000014065;0.00000000014712;6200479314651154
20250503 000000;0.00000000014712;0.00000000019796;0.0000000001464;0.00000000017151;27168964188418580
20250504 000000;0.00000000017151;0.00000000017868;0.00000000014724;0.00000000015152;12660602615716976
20250505 000000;0.00000000015152;0.00000000016025;0.000000000148;0.00000000015198;6235389416655319
20250506 000000;0.00000000015198;0.00000000015388;0.00000000013808;0.00000000014809;6436499359687485
20250507 000000;0.00000000014809;0.000000000152;0.00000000013816;0.00000000014415;4316298431303554
20250508 000000;0.00000000014415;0.00000000016813;0.00000000014313;0.00000000015967;9774370220102425
20250509 000000;0.00000000015967;0.000000000192;0.00000000014883;0.00000000017087;12984567124159164
20250510 000000;0.00000000017087;0.00000000018355;0.00000000016534;0.000000000178;12543606880211212
20250511 000000;0.000000000178;0.00000000018958;0.00000000017158;0.00000000018258;9800398001150220
20250512 000000;0.00000000018258;0.0000000002;0.00000000017468;0.00000000019311;15594225098933767
20250513 000000;0.00000000019311;0.00000000019835;0.00000000017611;0.0000000001936;9177315897958793
20250514 000000;0.0000000001936;0.00000000020501;0.00000000017913;0.00000000018127;7795329283198153
20250515 000000;0.00000000018127;0.00000000018669;0.00000000012121;0.00000000015353;14479805263793247
20250516 000000;0.00000000015353;0.00000000015632;0.000000000142;0.00000000014366;5523637070834136
20250517 000000;0.00000000014366;0.00000000015064;0.00000000013581;0.00000000015064;4991997362203910
20250518 000000;0.00000000015064;0.00000000015996;0.00000000014;0.00000000015324;5850281551038548
20250519 000000;0.00000000015324;0.000000000155;0.00000000014021;0.00000000015293;4743539645928244
20250520 000000;0.00000000015293;0.00000000015496;0.00000000014643;0.00000000015379;4744270258624358
20250521 000000;0.00000000015379;0.00000000016269;0.00000000015077;0.00000000016071;4755248278099260
20250522 000000;0.00000000016071;0.00000000016699;0.00000000016;0.00000000016385;4248084912772637
20250523 000000;0.00000000016385;0.00000000017238;0.00000000014621;0.0000000001473;6916386080978253
20250524 000000;0.0000000001473;0.0000000001634;0.00000000014713;0.00000000015501;4869440443884292
20250525 000000;0.00000000015501;0.00000000015683;0.00000000014568;0.00000000015361;4030650777288466
20250526 000000;0.00000000015361;0.00000000015602;0.00000000014777;0.00000000015036;2988999171850706
20250527 000000;0.00000000015036;0.00000000015472;0.00000000014611;0.00000000015202;1801900875386154
20250528 000000;0.00000000015202;0.00000000015389;0.00000000014364;0.0000000001487;3422463928323910
20250529 000000;0.0000000001487;0.00000000015232;0.00000000014515;0.00000000014581;2925035867258203
20250530 000000;0.00000000014581;0.00000000014794;0.00000000012162;0.00000000012317;5433497724177667
20250531 000000;0.00000000012317;0.00000000013054;0.00000000011781;0.00000000012916;3867691085370449
20250601 000000;0.00000000012916;0.00000000013127;0.00000000012531;0.00000000013092;2085409083517714
20250602 000000;0.00000000013092;0.00000000013475;0.00000000012449;0.00000000013152;2605440905433323
20250603 000000;0.00000000013152;0.000000000141;0.00000000012411;0.00000000013295;3125234233634249
20250604 000000;0.00000000013295;0.00000000013628;0.00000000012686;0.00000000012838;2291954058842767
20250605 000000;0.00000000012838;0.00000000013088;0.00000000010574;0.00000000011621;4422202961780295
20250606 000000;0.00000000011621;0.00000000012348;0.00000000011548;0.0000000001199;2561179152704849
20250607 000000;0.0000000001199;0.000000000128;0.00000000011908;0.00000000012492;2147949817127977
20250608 000000;0.00000000012492;0.00000000012557;0.00000000012082;0.00000000012271;1430217105819889
20250609 000000;0.00000000012271;0.00000000013781;0.00000000011944;0.00000000013006;2064715831040258
20250610 000000;0.00000000013006;0.00000000013577;0.00000000012207;0.00000000013274;2871109680527909
20250611 000000;0.00000000013274;0.0000000001338;0.00000000012244;0.00000000012715;3156402548506082
20250612 000000;0.00000000012715;0.00000000012738;0.00000000011601;0.00000000011673;3082237671425221
20250613 000000;0.00000000011673;0.00000000011673;0.00000000010692;0.00000000011595;4008798235739601
20250614 000000;0.00000000011595;0.00000000011639;0.0000000001121;0.0000000001153;1680231765495227
20250615 000000;0.0000000001153;0.00000000011723;0.00000000011061;0.00000000011558;1815092647894490
20250616 000000;0.00000000011558;0.00000000012085;0.00000000011353;0.00000000011455;2159241356347552
20250617 000000;0.00000000011455;0.00000000011666;0.00000000010751;0.00000000010948;3014882516189196
20250618 000000;0.00000000010948;0.00000000011223;0.00000000010413;0.00000000010914;2974648025333492
20250619 000000;0.00000000010914;0.00000000011062;0.00000000010534;0.00000000010768;1716844880722932
20250620 000000;0.00000000010768;0.00000000011038;0.00000000009912;0.00000000010189;2340878823934982
20250621 000000;0.00000000010189;0.00000000010377;0.00000000008516;0.00000000009353;2159476800680725
20250622 000000;0.00000000009353;0.00000000009578;0.000000000085;0.00000000009125;3618930915379921
20250623 000000;0.00000000009125;0.000000000101;0.00000000008931;0.00000000010036;2381612742047037
20250624 000000;0.00000000010036;0.000000000108;0.00000000009594;0.0000000001026;2749955834671758
20250625 000000;0.0000000001026;0.00000000012354;0.00000000010226;0.00000000011182;12453199765416504
20250626 000000;0.00000000011182;0.00000000011699;0.0000000001064;0.00000000011369;5141188335710491
20250627 000000;0.00000000011369;0.00000000012001;0.00000000011254;0.00000000011585;4643820590895560
20250628 000000;0.00000000011585;0.00000000011843;0.00000000010994;0.00000000011792;2451645339717579
20250629 000000;0.00000000011792;0.00000000013838;0.00000000011612;0.00000000013547;11190890956293696
20250630 000000;0.00000000013547;0.00000000015;0.00000000012412;0.00000000012552;9754753452365694
20250701 000000;0.00000000012552;0.00000000012642;0.00000000011338;0.00000000011474;5589076498205987
20250702 000000;0.00000000011474;0.0000000001335;0.00000000011208;0.00000000012596;7908087899944013
20250703 000000;0.00000000012596;0.00000000013616;0.00000000012497;0.00000000012976;6353110867429500
20250704 000000;0.00000000012976;0.00000000013086;0.00000000012194;0.00000000012293;4066072084411514
20250705 000000;0.00000000012293;0.00000000012602;0.00000000011459;0.00000000012128;3047949997755604
20250706 000000;0.00000000012128;0.00000000012383;0.00000000011848;0.00000000012194;2326573406595568
20250707 000000;0.00000000012194;0.00000000012212;0.00000000011309;0.00000000011846;1851132219953858
20250708 000000;0.00000000011846;0.00000000012251;0.00000000011612;0.00000000011972;1501666180484819
20250709 000000;0.00000000011972;0.00000000012557;0.00000000011907;0.00000000012445;2557669707692532
20250710 000000;0.00000000012445;0.00000000013396;0.00000000012044;0.00000000013244;3708767054159208
20250711 000000;0.00000000013244;0.00000000014873;0.00000000013044;0.00000000013348;5765851406946502
20250712 000000;0.00000000013348;0.00000000013499;0.00000000012094;0.00000000012672;4047862704145167
20250713 000000;0.00000000012672;0.00000000013526;0.00000000012546;0.00000000012819;2296134945062231
20250714 000000;0.00000000012819;0.00000000013475;0.00000000012644;0.00000000012863;4577504178283040
20250715 000000;0.00000000012863;0.00000000014488;0.00000000012225;0.0000000001394;9070310590962508
20250716 000000;0.0000000001394;0.0000000001485;0.00000000013658;0.00000000014264;6150891065201320
20250717 000000;0.00000000014264;0.000000000154;0.00000000013843;0.00000000014671;5720100774413702
20250718 000000;0.00000000014671;0.00000000015499;0.00000000013914;0.00000000014267;6567538823862823
20250719 000000;0.00000000014267;0.00000000014473;0.000000000137;0.00000000014181;3289145904744311
20250720 000000;0.00000000014181;0.00000000015063;0.00000000014002;0.00000000014966;3587921037023194
20250721 000000;0.00000000014966;0.00000000015309;0.00000000014402;0.0000000001481;3528470541071651
20250722 000000;0.0000000001481;0.00000000015107;0.00000000013916;0.00000000014707;3339381791719919
20250723 000000;0.00000000014707;0.00000000014742;0.00000000011111;0.00000000012375;6429921220517633
20250724 000000;0.00000000012375;0.00000000012382;0.00000000011043;0.00000000011545;5928539750182751
20250725 000000;0.00000000011545;0.0000000001243;0.000000000112;0.00000000012407;3695946501526135
20250726 000000;0.00000000012407;0.00000000012418;0.00000000011855;0.00000000011898;1869073959107126
20250727 000000;0.00000000011898;0.00000000012426;0.00000000011859;0.00000000012285;1757520219710079
20250728 000000;0.00000000012285;0.00000000012482;0.0000000001001;0.00000000010622;15139272589879963
20250729 000000;0.00000000010622;0.00000000011027;0.00000000010112;0.00000000010426;5733074090977353
20250730 000000;0.00000000010426;0.0000000001085;0.00000000009594;0.00000000010179;6023783745293117
20250731 000000;0.00000000010179;0.00000000010753;0.00000000009836;0.00000000009954;3811373303180756
20250801 000000;0.00000000009954;0.00000000010202;0.00000000009256;0.00000000009424;5396890961561142
20250802 000000;0.00000000009424;0.0000000001175;0.00000000009299;0.00000000010145;5708355643334510
20250803 000000;0.00000000010145;0.00000000010279;0.0000000000958;0.00000000010016;2436745245889907
20250804 000000;0.00000000010016;0.000000000106;0.0000000000991;0.00000000010348;1955823829992038
20250805 000000;0.00000000010348;0.00000000010434;0.000000000098;0.00000000010001;1273523343819856
20250806 000000;0.00000000010001;0.00000000012259;0.00000000009837;0.00000000011597;6927387896599765
20250807 000000;0.00000000011597;0.000000000136;0.00000000010868;0.00000000012011;14106996838393117
20250808 000000;0.00000000012011;0.000000000121;0.00000000011064;0.00000000011632;5620503888500748
20250809 000000;0.00000000011632;0.0000000001185;0.000000000111;0.00000000011606;2780648921521224
20250810 000000;0.00000000011606;0.00000000012149;0.00000000011163;0.00000000011509;2156084235867925
20250811 000000;0.00000000011509;0.00000000013016;0.00000000011069;0.00000000011205;4020150750051779
20250812 000000;0.00000000011205;0.00000000012175;0.00000000011161;0.00000000011733;3312928637117237
20250813 000000;0.00000000011733;0.00000000012511;0.0000000001158;0.000000000119;3052343232024756
20250814 000000;0.000000000119;0.00000000012274;0.00000000010817;0.00000000010994;2823295907252812
20250815 000000;0.00000000010994;0.00000000011262;0.00000000010336;0.00000000010741;1427449255083952
20250816 000000;0.00000000010741;0.00000000010998;0.00000000010523;0.00000000010815;875156286648004
20250817 000000;0.00000000010815;0.000000000112;0.000000000107;0.00000000010881;1030222066983179
20250818 000000;0.00000000010881;0.00000000010947;0.0000000001005;0.00000000010449;1578054622939252
20250819 000000;0.00000000010449;0.00000000010599;0.0000000001002;0.00000000010038;1425311832507467
20250820 000000;0.00000000010038;0.0000000001186;0.00000000010033;0.00000000010703;5667860739644785
20250821 000000;0.00000000010703;0.00000000011177;0.0000000001028;0.00000000010746;1957158316070061
20250822 000000;0.00000000010746;0.00000000011403;0.00000000010125;0.00000000011058;2765852562565164
20250823 000000;0.00000000011058;0.00000000011136;0.00000000010653;0.00000000010767;1558236581089878
20250824 000000;0.00000000010767;0.00000000011095;0.0000000001072;0.00000000010755;1159736233280169
20250825 000000;0.00000000010755;0.00000000010765;0.00000000009912;0.00000000010025;1883090985281476
20250826 000000;0.00000000010025;0.00000000011407;0.00000000009845;0.00000000010541;2469312761574921
20250827 000000;0.00000000010541;0.0000000001144;0.00000000010133;0.00000000010393;2014016728630204
20250828 000000;0.00000000010393;0.00000000010685;0.00000000010365;0.00000000010466;1086447349977553
20250829 000000;0.00000000010466;0.00000000010574;0.00000000010061;0.00000000010191;1186701315664965
20250830 000000;0.00000000010191;0.00000000010344;0.00000000010111;0.00000000010204;1081170426895730
20250831 000000;0.00000000010204;0.00000000010412;0.0000000001007;0.00000000010181;693584125978852
20250901 000000;0.00000000010181;0.00000000010281;0.0000000000954;0.0000000000967;2204610967163711
20250902 000000;0.0000000000967;0.00000000009975;0.00000000009503;0.00000000009755;1412634899551855
20250903 000000;0.00000000009755;0.00000000009936;0.00000000009639;0.00000000009791;839075559977192
20250904 000000;0.00000000009791;0.00000000010319;0.00000000009398;0.00000000009772;1768032957057690
20250905 000000;0.00000000009772;0.000000000099;0.00000000009631;0.0000000000982;982326921616710
20250906 000000;0.0000000000982;0.00000000009863;0.00000000009589;0.0000000000967;728029359255464
20250907 000000;0.0000000000967;0.00000000009864;0.00000000009602;0.0000000000975;952649388733490
20250908 000000;0.0000000000975;0.00000000010036;0.000000000097;0.00000000009915;1237398396387377
20250909 000000;0.00000000009915;0.00000000011223;0.00000000009824;0.00000000010116;3715684688222015
20250910 000000;0.00000000010116;0.00000000010511;0.00000000010007;0.00000000010193;1649959807415994
20250911 000000;0.00000000010193;0.0000000001032;0.00000000009999;0.00000000010128;1000210751615458
20250912 000000;0.00000000010128;0.00000000010447;0.00000000010021;0.00000000010339;1559747174724627
20250913 000000;0.00000000010339;0.00000000011384;0.000000000103;0.00000000010443;2068191321722663
20250914 000000;0.00000000010443;0.00000000010526;0.00000000010075;0.00000000010202;1448737909813874
20250915 000000;0.00000000010202;0.00000000010296;0.00000000009811;0.00000000009998;1135484522388218
20250916 000000;0.00000000009998;0.00000000010152;0.00000000009912;0.00000000010142;884039980778295
20250917 000000;0.00000000010142;0.0000000001045;0.00000000009881;0.00000000010265;1408040575654671
20250918 000000;0.00000000010265;0.00000000010361;0.00000000010058;0.00000000010239;1473468674622475
20250919 000000;0.00000000010239;0.00000000010299;0.0000000000986;0.00000000009975;805996370790925
20250920 000000;0.00000000009975;0.00000000010098;0.0000000000982;0.00000000009908;760474786436243
20250921 000000;0.00000000009908;0.0000000001018;0.00000000009401;0.00000000009692;1842727527331176
20250922 000000;0.00000000009692;0.00000000009692;0.00000000008637;0.0000000000892;2690944571085339
20250923 000000;0.0000000000892;0.00000000009231;0.00000000008714;0.00000000008973;1509052733229650
20250924 000000;0.00000000008973;0.0000000000924;0.00000000008802;0.00000000009043;918697954911620
20250925 000000;0.00000000009043;0.00000000009063;0.00000000008283;0.00000000008283;1286214746772445
20250926 000000;0.00000000008283;0.0000000000974;0.00000000008259;0.00000000008903;4163053608038343
20250927 000000;0.00000000008903;0.00000000009599;0.000000000087;0.00000000008993;2370161697253410
20250928 000000;0.00000000008993;0.00000000009369;0.00000000008797;0.00000000008995;1842684582950832
20250929 000000;0.00000000008995;0.00000000009063;0.00000000008868;0.00000000008946;882029414630526
20250930 000000;0.00000000008946;0.00000000009104;0.00000000008614;0.00000000008853;956956768413270
20251001 000000;0.00000000008853;0.00000000009242;0.00000000008672;0.00000000009027;1393081028019243
20251002 000000;0.00000000009027;0.0000000000965;0.00000000008951;0.00000000009192;1843756754415296
20251003 000000;0.00000000009192;0.00000000009332;0.00000000009;0.00000000009193;721461140319681
20251004 000000;0.00000000009193;0.00000000009277;0.00000000009013;0.00000000009173;619458719641078
20251005 000000;0.00000000009173;0.00000000009358;0.0000000000902;0.00000000009028;733060842121516
20251006 000000;0.00000000009028;0.00000000009286;0.00000000008875;0.00000000009173;885462321912226
20251007 000000;0.00000000009173;0.00000000009736;0.00000000008742;0.00000000008809;3095729186425607
20251008 000000;0.00000000008809;0.00000000008999;0.0000000000874;0.00000000008785;1099122201460856
20251009 000000;0.00000000008785;0.00000000008993;0.00000000008448;0.00000000008654;902321680847432
20251010 000000;0.00000000008654;0.000000000087;0.00000000006;0.00000000006657;3608055622653817
20251011 000000;0.00000000006657;0.00000000008182;0.00000000006405;0.00000000007123;5013075306134388
20251012 000000;0.00000000007123;0.00000000008674;0.00000000007118;0.00000000008069;6916515524169870
20251013 000000;0.00000000008069;0.00000000008079;0.00000000007583;0.000000000078;1958947379028778
20251014 000000;0.000000000078;0.000000000083;0.00000000007193;0.00000000007487;2658524466795219
20251015 000000;0.00000000007487;0.00000000007763;0.00000000007329;0.00000000007529;2046678827235603
20251016 000000;0.00000000007529;0.00000000007596;0.00000000004044;0.00000000004555;30373706070835209
20251017 000000;0.00000000004555;0.00000000004656;0.00000000003389;0.00000000003529;14153535915310241
20251018 000000;0.00000000003529;0.00000000005831;0.000000000035;0.00000000003874;22583267741442120
20251019 000000;0.00000000003874;0.00000000004723;0.00000000003806;0.00000000004026;3563317477722695
20251020 000000;0.00000000004026;0.00000000004155;0.00000000003632;0.00000000003679;3411971582843796
20251021 000000;0.00000000003679;0.00000000003772;0.00000000003394;0.00000000003599;3720886402759320
20251022 000000;0.00000000003599;0.0000000000361;0.00000000002755;0.00000000002857;5749285578033661
20251023 000000;0.00000000002857;0.00000000002999;0.00000000002759;0.00000000002818;4304414674465520
20251024 000000;0.00000000002818;0.00000000002919;0.000000000025;0.00000000002593;4129539913877864
20251025 000000;0.00000000002593;0.00000000002748;0.000000000024;0.00000000002509;4112576515509350
20251026 000000;0.00000000002509;0.00000000002757;0.00000000002381;0.00000000002491;4489643002659522
20251027 000000;0.00000000002491;0.00000000002607;0.00000000002426;0.0000000000244;3169043021048040
20251028 000000;0.0000000000244;0.00000000002585;0.00000000002327;0.0000000000236;3550890687777873
20251029 000000;0.0000000000236;0.00000000002574;0.0000000000232;0.00000000002431;3504532158576272
20251030 000000;0.00000000002431;0.00000000002486;0.00000000002087;0.00000000002162;3276366755019986
20251031 000000;0.00000000002162;0.0000000000234;0.00000000002102;0.00000000002252;3360175785392781
20251101 000000;0.00000000002252;0.00000000002327;0.00000000001968;0.00000000002189;3604842726320837
20251102 000000;0.00000000002189;0.00000000002414;0.00000000001962;0.00000000002039;5381954684502582
20251103 000000;0.00000000002039;0.00000000002079;0.00000000001747;0.00000000001812;4594515192382569
20251104 000000;0.00000000001812;0.00000000001834;0.00000000001389;0.00000000001411;5293122163401756
20251105 000000;0.00000000001411;0.0000000000165;0.00000000001336;0.00000000001561;4897565262856993
20251106 000000;0.00000000001561;0.00000000001713;0.00000000001381;0.00000000001427;5676887454053404
20251107 000000;0.00000000001427;0.00000000001674;0.00000000001363;0.00000000001644;4769292057004080
20251108 000000;0.00000000001644;0.00000000001668;0.00000000001441;0.00000000001534;4239989113044837
20251109 000000;0.00000000001534;0.00000000001615;0.0000000000145;0.000000000016;4209716534291432
20251110 000000;0.000000000016;0.00000000002223;0.0000000000152;0.00000000001804;7527274134072315
20251111 000000;0.00000000001804;0.0000000000229;0.00000000001783;0.00000000001962;5605395147985545
20251112 000000;0.00000000001962;0.000000000021;0.00000000001684;0.00000000001878;4623028117802506
20251113 000000;0.00000000001878;0.000000000022;0.00000000001717;0.00000000001793;5051918685912660
20251114 000000;0.00000000001793;0.00000000002034;0.00000000001634;0.00000000001648;4291214194371951
20251115 000000;0.00000000001648;0.00000000001845;0.0000000000158;0.00000000001589;4917471425230199
20251116 000000;0.00000000001589;0.0000000000172;0.0000000000153;0.00000000001622;4404943908407478
20251117 000000;0.00000000001622;0.00000000001741;0.00000000001499;0.00000000001542;5243421069330274
20251118 000000;0.00000000001542;0.000000000017;0.00000000001487;0.00000000001616;5000170442338545
20251119 000000;0.00000000001616;0.00000000001699;0.00000000001485;0.00000000001485;4456255697611410
20251120 000000;0.00000000001485;0.0000000000166;0.0000000000147;0.00000000001512;5106226115575486
20251121 000000;0.00000000001512;0.00000000001545;0.000000000014;0.00000000001483;4777250930107420
20251122 000000;0.00000000001483;0.00000000001502;0.00000000001414;0.00000000001472;4278188993920413
20251123 000000;0.00000000001472;0.00000000001486;0.00000000001327;0.00000000001394;4215266528487152
20251124 000000;0.00000000001394;0.00000000001649;0.00000000001305;0.00000000001525;4712872807530236
20251125 000000;0.00000000001525;0.00000000001728;0.00000000001441;0.00000000001497;4970710596033625
20251126 000000;0.00000000001497;0.00000000001548;0.00000000001358;0.000000000015;4396260808516099
20251127 000000;0.000000000015;0.0000000000159;0.00000000001467;0.00000000001528;4102630322554527
20251128 000000;0.00000000001528;0.00000000001536;0.000000000014;0.00000000001463;4490598776260936
20251129 000000;0.00000000001463;0.00000000001539;0.0000000000142;0.00000000001474;4215549764837762
20251130 000000;0.00000000001474;0.00000000001687;0.0000000000145;0.00000000001565;4527969368638936
20251201 000000;0.00000000001565;0.0000000000159;0.00000000001387;0.00000000001459;5120576812573476
20251202 000000;0.00000000001459;0.00000000001724;0.00000000001406;0.0000000000165;5381620025523305
20251203 000000;0.0000000000165;0.00000000001944;0.00000000001604;0.00000000001669;5260342687873318
20251204 000000;0.00000000001669;0.00000000001749;0.00000000001598;0.00000000001642;4241316224772178
20251205 000000;0.00000000001642;0.00000000001655;0.00000000001506;0.00000000001562;4367181442138464
20251206 000000;0.00000000001562;0.00000000001674;0.00000000001495;0.00000000001607;3854712105427453
20251207 000000;0.00000000001607;0.00000000002137;0.00000000001595;0.00000000001895;5957248702405448
20251208 000000;0.00000000001895;0.00000000001989;0.00000000001618;0.00000000001656;4611095487076644
20251209 000000;0.00000000001656;0.00000000001954;0.00000000001625;0.00000000001798;4280491086007866
20251210 000000;0.00000000001798;0.0000000000194;0.00000000001735;0.00000000001807;3980449512543709
20251211 000000;0.00000000001807;0.00000000001842;0.0000000000162;0.00000000001762;5290684509082361
20251212 000000;0.00000000001762;0.00000000001813;0.00000000001645;0.00000000001701;3925967655172768
20251213 000000;0.00000000001701;0.00000000001735;0.00000000001622;0.00000000001646;3892308357346947
20251214 000000;0.00000000001646;0.00000000001647;0.0000000000152;0.00000000001558;4311291841023764
20251215 000000;0.00000000001558;0.00000000001607;0.00000000001451;0.00000000001537;4112145673701541
20251216 000000;0.00000000001537;0.00000000001611;0.00000000001464;0.00000000001557;4363373682454490
20251217 000000;0.00000000001557;0.00000000001592;0.00000000001429;0.00000000001442;4421246199599688
20251218 000000;0.00000000001442;0.00000000001474;0.00000000001372;0.00000000001393;5047359671105957
20251219 000000;0.00000000001393;0.00000000001558;0.00000000001372;0.00000000001514;5027590705301967
20251220 000000;0.00000000001514;0.00000000001559;0.00000000001411;0.00000000001445;4275043944831390
20251221 000000;0.00000000001445;0.00000000001492;0.00000000001427;0.00000000001446;4406648249339934
20251222 000000;0.00000000001446;0.00000000001479;0.000000000014;0.00000000001453;4979525660083189
20251223 000000;0.00000000001453;0.00000000001469;0.000000000014;0.00000000001409;4000088555534067
20251224 000000;0.00000000001409;0.00000000001436;0.00000000001403;0.00000000001413;4014043603130806
20251225 000000;0.00000000001413;0.00000000001521;0.00000000001363;0.00000000001432;5507565162407837
20251226 000000;0.00000000001432;0.0000000000145;0.00000000001378;0.00000000001401;4338690534900019
20251227 000000;0.00000000001401;0.00000000001433;0.00000000001392;0.00000000001425;4026301553843812
20251228 000000;0.00000000001425;0.00000000001453;0.00000000001399;0.0000000000141;4401238874332655
20251229 000000;0.0000000000141;0.00000000001473;0.00000000001402;0.00000000001416;4259246673650243
20251230 000000;0.00000000001416;0.0000000000144;0.000000000014;0.00000000001407;4207688706926183
20251231 000000;0.00000000001407;0.00000000001494;0.00000000001373;0.00000000001402;4684749622638976
