20260101 000000;0.00000000001402;0.00000000001496;0.00000000001402;0.00000000001432;4371792022267591
20260102 000000;0.00000000001432;0.00000000001692;0.00000000001404;0.00000000001552;4902198468945445
20260103 000000;0.00000000001552;0.00000000001657;0.00000000001495;0.00000000001591;4553180414982585
20260104 000000;0.00000000001591;0.00000000001642;0.00000000001497;0.00000000001577;4452743818419386
20260105 000000;0.00000000001577;0.00000000001848;0.00000000001506;0.00000000001668;5555011836369331
20260106 000000;0.00000000001668;0.00000000001844;0.00000000001594;0.00000000001844;4373150398446795
20260107 000000;0.00000000001844;0.00000000001866;0.00000000001601;0.00000000001764;5530017766129809
20260108 000000;0.00000000001764;0.00000000001834;0.00000000001627;0.0000000000167;4190037360014046
20260109 000000;0.0000000000167;0.00000000001927;0.0000000000163;0.00000000001914;4278004311612442
20260110 000000;0.00000000001914;0.00000000001915;0.00000000001682;0.00000000001784;3733675897060638
20260111 000000;0.00000000001784;0.0000000000181;0.00000000001633;0.00000000001661;3343666790960340
20260112 000000;0.00000000001661;0.00000000001797;0.00000000001635;0.00000000001654;4030820322099851
20260113 000000;0.00000000001654;0.0000000000179;0.00000000001623;0.00000000001728;4459220355122116
20260114 000000;0.00000000001728;0.000000000018;0.00000000001706;0.00000000001773;3816108937233253
20260115 000000;0.00000000001773;0.0000000000184;0.00000000001686;0.00000000001752;4191895804553191
20260116 000000;0.00000000001752;0.00000000001755;0.00000000001634;0.00000000001667;4309298424122877
20260117 000000;0.00000000001667;0.00000000001715;0.00000000001605;0.0000000000171;4307747923811760
20260118 000000;0.0000000000171;0.00000000001826;0.00000000001627;0.00000000001627;3985597658453383
20260119 000000;0.00000000001627;0.00000000001641;0.00000000001546;0.0000000000158;5306829438688602
20260120 000000;0.0000000000158;0.00000000001718;0.00000000001492;0.00000000001535;4993167106746846
20260121 000000;0.00000000001535;0.00000000001594;0.00000000001416;0.00000000001503;5604330970174379
20260122 000000;0.00000000001503;0.00000000001513;0.0000000000145;0.0000000000148;4205312353369327
20260123 000000;0.0000000000148;0.00000000001638;0.00000000001445;0.00000000001505;5932728514695438
20260124 000000;0.00000000001505;0.00000000001517;0.00000000001428;0.00000000001449;4304943439847487
20260125 000000;0.00000000001449;0.00000000001453;0.00000000001351;0.00000000001353;3912415173175682
20260126 000000;0.00000000001353;0.00000000001438;0.00000000001352;0.00000000001435;4150343940275853
20260127 000000;0.00000000001435;0.00000000001485;0.00000000001403;0.0000000000146;4178696681735933
20260128 000000;0.0000000000146;0.0000000000148;0.00000000001358;0.00000000001382;4952716971541465
20260129 000000;0.00000000001382;0.00000000001411;0.00000000001337;0.00000000001356;4527556424521123
20260130 000000;0.00000000001356;0.00000000001389;0.00000000001306;0.00000000001323;4419051507231656
20260131 000000;0.00000000001323;0.00000000001376;0.00000000001198;0.00000000001227;4945029890091699
20260201 000000;0.00000000001227;0.00000000001261;0.0000000000112;0.00000000001138;5236779729321917
20260202 000000;0.00000000001138;0.00000000001156;0.00000000001002;0.0000000000111;6357667191294316
20260203 000000;0.0000000000111;0.00000000001258;0.00000000001063;0.00000000001128;6460470789161758
20260204 000000;0.00000000001128;0.00000000001223;0.00000000001079;0.00000000001134;5779897951751081
20260205 000000;0.00000000001134;0.00000000001192;0.00000000000959;0.00000000000964;6979211451156172
20260206 000000;0.00000000000964;0.000000000010967;0.000000000009;0.000000000010545;6507101362321332
20260207 000000;0.000000000010545;0.000000000010654;0.000000000009923;0.00000000001034;5412291965684452
20260208 000000;0.00000000001034;0.00000000001082;0.00000000000999;0.00000000001033;5299119745538830
20260209 000000;0.00000000001033;0.0000000000115;0.00000000001021;0.00000000001145;5546802785707290
20260210 000000;0.00000000001145;0.00000000001202;0.000000000010451;0.000000000010978;6258791440175612
20260211 000000;0.000000000010978;0.000000000010982;0.000000000009547;0.000000000009948;6141930898160818
20260212 000000;0.000000000009948;0.000000000011193;0.000000000009941;0.000000000010495;5802072391117203
20260213 000000;0.000000000010495;0.00000000001091;0.0000000000101;0.000000000010767;5873389186957589
20260214 000000;0.000000000010767;0.000000000011137;0.000000000010108;0.000000000011049;6184068903476010
20260215 000000;0.000000000011049;0.00000000001135;0.00000000001037;0.000000000010721;6133208462331815
20260216 000000;0.000000000010721;0.000000000011218;0.0000000000102;0.000000000010263;5443297689830144
20260217 000000;0.000000000010263;0.0000000000115;0.00000000001017;0.000000000011387;5929962755431673
20260218 000000;0.000000000011387;0.000000000011497;0.00000000001053;0.000000000010737;5503587160027815
20260219 000000;0.000000000010737;0.000000000011389;0.000000000010527;0.000000000011201;5434375178036515
20260220 000000;0.000000000011201;0.000000000011433;0.0000000000109;0.000000000011359;5117856292460896
20260221 000000;0.000000000011359;0.000000000011479;0.000000000010527;0.000000000010594;5379745926167844
20260222 000000;0.000000000010594;0.000000000011058;0.000000000010527;0.000000000010923;5337000881590140
20260223 000000;0.000000000010923;0.00000000001098;0.00000000001004;0.000000000010559;5587786992415278
20260224 000000;0.000000000010559;0.00000000001085;0.000000000009725;0.000000000010339;5853633142249988
20260225 000000;0.000000000010339;0.0000000000115;0.00000000001002;0.00000000001002;6011333690727497
20260226 000000;0.00000000001002;0.000000000010557;0.000000000009751;0.000000000010312;6461231366651585
20260227 000000;0.000000000010312;0.000000000010998;0.00000000000982;0.000000000010121;6099756745527439
20260228 000000;0.000000000010121;0.000000000010222;0.000000000009184;0.000000000009922;6142922203675116
20260301 000000;0.000000000009922;0.000000000011477;0.000000000009907;0.000000000010569;6139099130040878
20260302 000000;0.000000000010569;0.00000000001117;0.000000000010289;0.000000000010464;6183487229654088
20260303 000000;0.000000000010464;0.000000000010836;0.000000000010321;0.000000000010634;5399575315084568
20260304 000000;0.000000000010634;0.000000000011159;0.000000000010333;0.000000000010644;5896219571880443
20260305 000000;0.000000000010644;0.000000000011022;0.000000000010046;0.0000000000102;5771314530356758
20260306 000000;0.0000000000102;0.000000000010356;0.000000000009251;0.000000000009946;6630947225793146
20260307 000000;0.000000000009946;0.000000000010096;0.000000000009311;0.000000000009667;6356239329597623
20260308 000000;0.000000000009667;0.000000000010308;0.000000000009133;0.000000000009929;6648724392161738
20260309 000000;0.000000000009929;0.000000000010297;0.00000000000944;0.00000000000991;6662331018335334
20260310 000000;0.00000000000991;0.000000000010197;0.0000000000097;0.00000000000978;6350651459097978
20260311 000000;0.00000000000978;0.000000000010001;0.0000000000096;0.000000000009796;5831062324796927
20260312 000000;0.000000000009796;0.000000000009939;0.0000000000094;0.000000000009665;6050850294273947
20260313 000000;0.000000000009665;0.000000000010179;0.00000000000965;0.000000000009916;5922510255212275
20260314 000000;0.000000000009916;0.000000000010001;0.000000000009451;0.000000000009767;6165169679229219
20260315 000000;0.000000000009767;0.000000000010288;0.000000000009706;0.000000000010203;6151920557311803
20260316 000000;0.000000000010203;0.0000000000115;0.000000000010136;0.000000000011289;6186017975606519
20260317 000000;0.000000000011289;0.0000000000115;0.000000000010208;0.000000000011171;6232912861777926
20260318 000000;0.000000000011171;0.0000000000115;0.000000000010588;0.000000000011021;6043816918381000
20260319 000000;0.000000000011021;0.00000000001104;0.000000000010399;0.000000000010475;5379858598945915
20260320 000000;0.000000000010475;0.00000000001069;0.000000000010339;0.000000000010649;5676984241338947
20260321 000000;0.000000000010649;0.000000000010728;0.000000000009898;0.000000000010229;5975773606011967
20260322 000000;0.000000000010229;0.000000000010513;0.000000000009901;0.000000000009951;6512837132641218
20260323 000000;0.000000000009951;0.000000000010302;0.000000000009897;0.000000000010065;6349825158166506
20260324 000000;0.000000000010065;0.000000000010225;0.000000000009915;0.000000000010124;6103567726642474
20260325 000000;0.000000000010124;0.000000000010493;0.00000000000992;0.000000000009979;5909313863572261
20260326 000000;0.000000000009979;0.000000000010151;0.000000000009902;0.000000000009957;5386713262116160
20260327 000000;0.000000000009957;0.000000000010199;0.000000000009927;0.000000000010001;5289413860087113
20260328 000000;0.000000000010001;0.000000000010279;0.000000000009952;0.000000000010206;5961614952611448
20260329 000000;0.000000000010206;0.000000000010225;0.00000000001002;0.000000000010066;5773146237570123
20260330 000000;0.000000000010066;0.000000000010516;0.000000000010045;0.000000000010263;5974685316475055
20260331 000000;0.000000000010263;0.000000000010573;0.000000000010123;0.000000000010436;5824700941999011
20260401 000000;0.000000000010436;0.00000000001045;0.000000000010073;0.00000000001018;5964153791284637
20260402 000000;0.00000000001018;0.000000000010181;0.000000000009675;0.000000000010006;6336064884948858
20260403 000000;0.000000000010006;0.000000000010321;0.000000000009858;0.000000000010033;5860824833317002
20260404 000000;0.000000000010033;0.000000000010297;0.000000000009902;0.000000000010118;5575632410147911
20260405 000000;0.000000000010118;0.00000000001035;0.00000000000964;0.000000000010213;6569801541488802
20260406 000000;0.000000000010213;0.000000000010551;0.00000000001003;0.00000000001032;5776738289585335
20260407 000000;0.00000000001032;0.000000000010579;0.000000000010046;0.000000000010523;5804768619948199
20260408 000000;0.000000000010523;0.000000000011133;0.000000000010166;0.000000000010697;6079594007931230
20260409 000000;0.000000000010697;0.000000000010823;0.000000000010205;0.000000000010374;5867609979320499
20260410 000000;0.000000000010374;0.000000000010819;0.000000000010013;0.000000000010542;5861963907368382
20260411 000000;0.000000000010542;0.00000000001131;0.00000000001029;0.000000000011053;6372131608512693
20260412 000000;0.000000000011053;0.000000000011497;0.000000000009936;0.000000000010359;7502871667077850
20260413 000000;0.000000000010359;0.0000000000107;0.000000000010029;0.000000000010657;7086423648433115
20260414 000000;0.000000000010657;0.000000000010738;0.00000000001012;0.000000000010542;6067568426718144
20260415 000000;0.000000000010542;0.000000000010676;0.000000000010206;0.000000000010444;5783567276918254
20260416 000000;0.000000000010444;0.000000000010691;0.00000000001015;0.000000000010447;6670667468186350
20260417 000000;0.000000000010447;0.000000000010792;0.000000000010236;0.000000000010556;6046743174411597
20260418 000000;0.000000000010556;0.0000000000108;0.000000000010054;0.000000000010103;6159887308553430
20260419 000000;0.000000000010103;0.000000000010313;0.000000000009901;0.000000000010183;6018063006984512
20260420 000000;0.000000000010183;0.000000000010221;0.000000000009896;0.000000000010015;6414066984921151
20260421 000000;0.000000000010015;0.000000000010299;0.000000000009916;0.000000000009982;6047590030688085
20260422 000000;0.000000000009982;0.0000000000109;0.000000000009918;0.000000000010736;6801290089318759
20260423 000000;0.000000000010736;0.0000000000109;0.000000000010004;0.000000000010132;6352834705473449
20260424 000000;0.000000000010132;0.000000000010641;0.00000000001;0.000000000010396;6746045889363576
20260425 000000;0.000000000010396;0.0000000000108;0.000000000010362;0.000000000010626;5813826710903460
20260426 000000;0.000000000010626;0.000000000010925;0.000000000010413;0.000000000010442;5944727407804333
20260427 000000;0.000000000010442;0.000000000011547;0.000000000010263;0.000000000011306;7049440625287645
20260428 000000;0.000000000011306;0.000000000011546;0.000000000010324;0.000000000010581;5792255184514625
20260429 000000;0.000000000010581;0.000000000011037;0.000000000010486;0.000000000010667;6047742526660018
20260430 000000;0.000000000010667;0.000000000010867;0.000000000010355;0.000000000010679;6047688330622625
20260501 000000;0.000000000010679;0.000000000010895;0.000000000010636;0.000000000010817;5490366795252467
20260502 000000;0.000000000010817;0.000000000011363;0.00000000001073;0.000000000011025;5842896954019639
20260503 000000;0.000000000011025;0.000000000011099;0.000000000010668;0.000000000010869;5321859240734426
20260504 000000;0.000000000010869;0.000000000011;0.000000000010201;0.000000000010826;6910803153433727
20260505 000000;0.000000000010826;0.000000000011001;0.000000000010647;0.000000000010762;5609792383537749
20260506 000000;0.000000000010762;0.000000000011032;0.000000000010685;0.000000000010812;5879799705551628
20260507 000000;0.000000000010812;0.000000000010917;0.00000000001071;0.00000000001077;5374844635872703
20260508 000000;0.00000000001077;0.0000000000109;0.000000000010451;0.000000000010821;5432004655232483
20260509 000000;0.000000000010821;0.000000000011072;0.000000000010429;0.000000000010804;5926823147870834
20260510 000000;0.000000000010804;0.000000000012532;0.000000000010723;0.00000000001204;5760360759094325
20260511 000000;0.00000000001204;0.000000000018802;0.000000000011578;0.000000000018603;12436202333396619
20260512 000000;0.000000000018603;0.000000000022136;0.00000000001611;0.00000000001756;8192111478093782
20260513 000000;0.00000000001756;0.000000000018569;0.000000000014222;0.000000000015111;6167490546021913
20260514 000000;0.000000000015111;0.000000000017777;0.000000000014;0.000000000016447;5098746873919316
20260515 000000;0.000000000016447;0.000000000017435;0.000000000014233;0.000000000015112;5813233273518195
20260516 000000;0.000000000015112;0.000000000017399;0.000000000014326;0.000000000014725;5034932554459061
20260517 000000;0.000000000014725;0.0000000000163;0.000000000014604;0.000000000015529;4408977865400489
20260518 000000;0.000000000015529;0.000000000015986;0.0000000000131;0.000000000014194;4292926608368971
20260519 000000;0.000000000014194;0.000000000015019;0.000000000013104;0.000000000013413;4476439785287321
20260520 000000;0.000000000013413;0.000000000013986;0.000000000012635;0.000000000013853;5111612914738833
20260521 000000;0.000000000013853;0.00000000001392;0.000000000012501;0.000000000012932;5145591342515077
20260522 000000;0.000000000012932;0.000000000013642;0.00000000001235;0.000000000013164;4903789309899431
20260523 000000;0.000000000013164;0.000000000013204;0.000000000011688;0.000000000012331;5914792991227406
20260524 000000;0.000000000012331;0.000000000017799;0.000000000012063;0.000000000015356;8108991968259292
20260525 000000;0.000000000015356;0.000000000016798;0.000000000013953;0.000000000014824;6445072178940832
20260526 000000;0.000000000014824;0.00000000001512;0.000000000013124;0.000000000013848;4939046185778218
20260527 000000;0.000000000013848;0.000000000013993;0.00000000001255;0.000000000012854;5262120991563982
20260528 000000;0.000000000012854;0.000000000013409;0.000000000012295;0.000000000012576;5727628874949088
20260529 000000;0.000000000012576;0.000000000013952;0.000000000012477;0.000000000012778;5388632456804269
20260530 000000;0.000000000012778;0.000000000013494;0.0000000000125;0.000000000012999;5293832740622086
20260531 000000;0.000000000012999;0.000000000014112;0.000000000012722;0.0000000000138;5503328248524653
20260601 000000;0.0000000000138;0.000000000014001;0.000000000012685;0.000000000013129;5444185943502485
20260602 000000;0.000000000013129;0.000000000014;0.00000000001213;0.00000000001228;6128068875396532
20260603 000000;0.00000000001228;0.000000000014;0.000000000012084;0.000000000012597;6779711138293098
20260604 000000;0.000000000012597;0.000000000012729;0.000000000011727;0.000000000011765;5632190044641732
20260605 000000;0.000000000011765;0.000000000011984;0.00000000001115;0.00000000001118;5579173100174933
20260606 000000;0.00000000001118;0.000000000011353;0.000000000011023;0.0000000000111;5281690320478914
20260607 000000;0.0000000000111;0.000000000012481;0.000000000011025;0.000000000012166;5957483730871976
20260608 000000;0.000000000012166;0.0000000000129;0.000000000012061;0.000000000012157;4893146187052495
20260609 000000;0.000000000012157;0.000000000012357;0.0000000000113;0.000000000011658;5154839147395822
20260610 000000;0.000000000011658;0.000000000011777;0.000000000010417;0.000000000011205;5880870997541376
20260611 000000;0.000000000011205;0.000000000012694;0.000000000010825;0.00000000001217;5505884698854720
20260612 000000;0.00000000001217;0.000000000012641;0.000000000011996;0.000000000012108;4732156321081980
20260613 000000;0.000000000012108;0.000000000012419;0.0000000000117;0.000000000012001;5112506612049574
20260614 000000;0.000000000012001;0.000000000012233;0.000000000011234;0.000000000011998;5255666222219250
20260615 000000;0.000000000011998;0.0000000000128;0.000000000011813;0.000000000012327;5043672428758152
20260616 000000;0.000000000012327;0.0000000000128;0.000000000012077;0.000000000012686;5061116077968783
20260617 000000;0.000000000012686;0.000000000012806;0.000000000012149;0.00000000001241;4811695359656703
20260618 000000;0.00000000001241;0.000000000012422;0.000000000011481;0.000000000011537;4984666408135782
20260619 000000;0.000000000011537;0.000000000012259;0.000000000011438;0.000000000011633;5037170725130607
20260620 000000;0.000000000011633;0.000000000012;0.000000000011479;0.000000000011907;3846568232157042
