20230622 000000;0.00000000016254;0.0000000001821;0.00000000015135;0.00000000015392;2774496493170068
20230623 000000;0.00000000015392;0.0000000001675;0.00000000015361;0.00000000015764;2275925884219236
20230624 000000;0.00000000015764;0.00000000016451;0.00000000014266;0.00000000014821;2332948223356693
20230625 000000;0.00000000014821;0.00000000015598;0.0000000001466;0.00000000015156;2038269325530869
20230626 000000;0.00000000015156;0.000000000166;0.00000000014411;0.00000000015285;2781472098248141
20230627 000000;0.00000000015285;0.00000000016243;0.00000000015127;0.0000000001597;2336382293343280
20230628 000000;0.0000000001597;0.00000000015988;0.00000000014055;0.00000000014507;2824752152727766
20230629 000000;0.00000000014507;0.00000000015488;0.00000000014476;0.00000000015046;1672539588188803
20230630 000000;0.00000000015046;0.00000000015555;0.00000000012683;0.00000000014146;2074919605446744
20230701 000000;0.00000000014146;0.00000000014307;0.00000000013702;0.00000000013977;1557558793943169
20230702 000000;0.00000000013977;0.00000000015214;0.00000000013405;0.00000000014195;2193211981724028
20230703 000000;0.00000000014195;0.00000000015291;0.00000000014098;0.00000000014544;2421342297568576
20230704 000000;0.00000000014544;0.00000000014775;0.00000000013771;0.0000000001395;1707439632095456
20230705 000000;0.0000000001395;0.00000000014293;0.00000000013479;0.00000000013765;1387739860747676
20230706 000000;0.00000000013765;0.00000000014105;0.0000000001285;0.00000000012851;1880657307986274
20230707 000000;0.00000000012851;0.00000000013568;0.00000000012609;0.00000000013313;1253151694880655
20230708 000000;0.00000000013313;0.0000000001356;0.00000000012818;0.00000000013089;896310298935098
20230709 000000;0.00000000013089;0.00000000013376;0.00000000012812;0.00000000012919;786008293819819
20230710 000000;0.00000000012919;0.00000000013344;0.00000000012756;0.00000000013031;974666333643458
20230711 000000;0.00000000013031;0.00000000013552;0.000000000128;0.00000000013073;1417652137797843
20230712 000000;0.00000000013073;0.00000000013198;0.00000000008;0.0000000001088;3498291331007483
20230713 000000;0.0000000001088;0.00000000011369;0.00000000009767;0.00000000010591;3170520133998877
20230714 000000;0.00000000010591;0.00000000011665;0.00000000010121;0.00000000010392;2098586175402726
20230715 000000;0.00000000010392;0.00000000010633;0.0000000000977;0.00000000010277;2598522752578410
20230716 000000;0.00000000010277;0.0000000001046;0.00000000009709;0.00000000009812;1883182545150239
20230717 000000;0.00000000009812;0.00000000009891;0.000000000091;0.00000000009742;5377160582659670
20230718 000000;0.00000000009742;0.00000000010271;0.00000000009402;0.00000000009621;1992427759788394
20230719 000000;0.00000000009621;0.00000000010041;0.00000000009398;0.00000000009573;2399785331845691
20230720 000000;0.00000000009573;0.00000000009953;0.00000000009499;0.0000000000967;3699389446210591
20230721 000000;0.0000000000967;0.00000000011482;0.00000000009545;0.00000000010986;11108051783325839
20230722 000000;0.00000000010986;0.000000000155;0.00000000010975;0.00000000011229;3922371720271166
20230723 000000;0.00000000011229;0.000000000125;0.00000000010701;0.000000000115;1401101223247773
20230724 000000;0.000000000115;0.000000000115;0.00000000009304;0.0000000000985;1289267865599872
20230725 000000;0.0000000000985;0.00000000010174;0.00000000009411;0.00000000009881;1650706750852448
20230726 000000;0.00000000009881;0.00000000010174;0.00000000009505;0.00000000009895;850664455682270
20230727 000000;0.00000000009895;0.000000000106;0.000000000094;0.00000000009728;734094812260295
20230728 000000;0.00000000009728;0.000000000099;0.0000000000942;0.00000000009836;639886035914687
20230729 000000;0.00000000009836;0.00000000009889;0.0000000000961;0.00000000009785;510804938921740
20230730 000000;0.00000000009785;0.0000000001091;0.0000000000962;0.00000000009964;976977195329309
20230731 000000;0.00000000009964;0.00000000010492;0.000000000094;0.00000000009643;724112954536455
20230801 000000;0.00000000009643;0.000000000098;0.00000000008931;0.0000000000945;969323972626795
20230802 000000;0.0000000000945;0.00000000009592;0.000000000088;0.00000000008933;654449665553066
20230803 000000;0.00000000008933;0.0000000000961;0.000000000088;0.00000000008908;578159763783301
20230804 000000;0.00000000008908;0.00000000009094;0.000000000087;0.00000000008925;1032541628785562
20230805 000000;0.00000000008925;0.000000000092;0.000000000085;0.00000000008941;981868368043616
20230806 000000;0.00000000008941;0.00000000009;0.000000000086;0.00000000008807;468850200194511
20230807 000000;0.00000000008807;0.0000000000921;0.00000000007935;0.00000000008563;1103228408626384
20230808 000000;0.00000000008563;0.000000000092;0.00000000007694;0.00000000008699;1619567747430498
20230809 000000;0.00000000008699;0.00000000009442;0.00000000008401;0.00000000008699;1863417091055715
20230810 000000;0.00000000008699;0.00000000009234;0.000000000085;0.00000000008734;1307320165686294
20230811 000000;0.00000000008734;0.00000000009065;0.00000000008511;0.00000000008699;694586575486529
20230812 000000;0.00000000008699;0.00000000009107;0.00000000008586;0.00000000008805;648781480282031
20230813 000000;0.00000000008805;0.00000000009362;0.0000000000875;0.00000000008805;681036690501500
20230814 000000;0.00000000008805;0.00000000009254;0.00000000008402;0.00000000009192;886316464320036
20230815 000000;0.00000000009192;0.000000000115;0.000000000089;0.0000000000892;2461956501339903
20230816 000000;0.0000000000892;0.00000000009213;0.00000000006966;0.00000000007488;1681418043454174
20230817 000000;0.00000000007488;0.00000000007805;0.0000000000655;0.00000000006767;1474007996859377
20230818 000000;0.00000000006767;0.00000000007661;0.00000000006249;0.00000000006991;1171940692405713
20230819 000000;0.00000000006991;0.00000000007577;0.00000000006805;0.00000000007281;825760599369510
20230820 000000;0.00000000007281;0.00000000007691;0.00000000007065;0.00000000007426;664779370129096
20230821 000000;0.00000000007426;0.00000000007543;0.000000000061;0.00000000007056;796471844085879
20230822 000000;0.00000000007056;0.00000000007225;0.00000000006837;0.00000000007202;1189311856802103
20230823 000000;0.00000000007202;0.00000000007408;0.00000000006994;0.00000000007223;1037364714650871
20230824 000000;0.00000000007223;0.00000000007398;0.00000000006893;0.00000000006953;1364753424906688
20230825 000000;0.00000000006953;0.00000000007097;0.000000000064;0.00000000006855;981446840974573
20230826 000000;0.00000000006855;0.00000000007238;0.00000000006813;0.00000000006831;838072765200481
20230827 000000;0.00000000006831;0.00000000006937;0.00000000006735;0.00000000006818;653911452413098
20230828 000000;0.00000000006818;0.00000000006886;0.00000000006603;0.00000000006799;554604197789663
20230829 000000;0.00000000006799;0.00000000007088;0.00000000006623;0.00000000006935;859933525049628
20230830 000000;0.00000000006935;0.00000000007068;0.00000000006753;0.0000000000692;634965558209410
20230831 000000;0.0000000000692;0.00000000006946;0.00000000006479;0.00000000006547;657550103994661
20230901 000000;0.00000000006547;0.00000000006664;0.00000000006263;0.00000000006384;792380998466528
20230902 000000;0.00000000006384;0.00000000006797;0.00000000006366;0.00000000006593;1127728583025527
20230903 000000;0.00000000006593;0.00000000006607;0.00000000006443;0.00000000006518;422328940660594
20230904 000000;0.00000000006518;0.00000000006581;0.00000000006365;0.00000000006402;1816055926581927
20230905 000000;0.00000000006402;0.00000000006554;0.00000000006315;0.00000000006454;666089500931659
20230906 000000;0.00000000006454;0.00000000006607;0.00000000006371;0.00000000006428;651889360881429
20230907 000000;0.00000000006428;0.00000000006506;0.00000000006353;0.00000000006487;471802830672112
20230908 000000;0.00000000006487;0.00000000006607;0.00000000006411;0.00000000006436;554303706851722
20230909 000000;0.00000000006436;0.00000000006477;0.00000000006288;0.00000000006343;493709809806199
20230910 000000;0.00000000006343;0.00000000006375;0.00000000005481;0.00000000005578;838330522870449
20230911 000000;0.00000000005578;0.00000000005628;0.00000000005032;0.00000000005177;1087695716784040
20230912 000000;0.00000000005177;0.00000000005426;0.00000000005146;0.00000000005171;788651655009442
20230913 000000;0.00000000005171;0.00000000005683;0.0000000000514;0.00000000005278;724504500236340
20230914 000000;0.00000000005278;0.00000000005385;0.00000000004706;0.00000000004953;1154363306333946
20230915 000000;0.00000000004953;0.00000000005136;0.00000000004917;0.00000000005031;611137284887937
20230916 000000;0.00000000005031;0.0000000000606;0.00000000004963;0.00000000005815;1472729369997138
20230917 000000;0.00000000005815;0.00000000006587;0.00000000005329;0.00000000005464;2294690513745728
20230918 000000;0.00000000005464;0.00000000006501;0.0000000000545;0.00000000006059;1208654203268288
20230919 000000;0.00000000006059;0.00000000006727;0.0000000000602;0.00000000006418;1594109107270139
20230920 000000;0.00000000006418;0.00000000006517;0.00000000006113;0.00000000006385;893875473944987
20230921 000000;0.00000000006385;0.00000000006481;0.00000000005934;0.00000000006119;1114066902345794
20230922 000000;0.00000000006119;0.00000000006397;0.00000000005924;0.00000000006274;1079947148529515
20230923 000000;0.00000000006274;0.0000000000633;0.00000000006098;0.00000000006276;649949777683329
20230924 000000;0.00000000006276;0.00000000006307;0.00000000006133;0.00000000006159;666182580037229
20230925 000000;0.00000000006159;0.00000000006235;0.000000000061;0.00000000006176;884005006633305
20230926 000000;0.00000000006176;0.00000000006176;0.00000000005684;0.00000000005835;734225268275051
20230927 000000;0.00000000005835;0.00000000006087;0.0000000000547;0.00000000005535;1121575173588036
20230928 000000;0.00000000005535;0.00000000005856;0.00000000005529;0.0000000000574;885422545831688
20230929 000000;0.0000000000574;0.00000000006107;0.00000000005718;0.00000000005932;1575960324231637
20230930 000000;0.00000000005932;0.00000000006858;0.00000000005804;0.00000000006745;1631994966117455
20231001 000000;0.00000000006745;0.00000000006887;0.00000000006343;0.00000000006698;1116382888266128
20231002 000000;0.00000000006698;0.00000000006926;0.0000000000617;0.00000000006313;1167274695104255
20231003 000000;0.00000000006313;0.00000000006368;0.00000000006144;0.00000000006227;696458056890949
20231004 000000;0.00000000006227;0.00000000006246;0.000000000057;0.00000000005923;1020036052649942
20231005 000000;0.00000000005923;0.00000000006037;0.00000000005774;0.00000000005814;958879715400127
20231006 000000;0.00000000005814;0.00000000005997;0.00000000005785;0.00000000005959;741235731052468
20231007 000000;0.00000000005959;0.00000000006827;0.00000000005885;0.00000000006593;1594299097747423
20231008 000000;0.00000000006593;0.000000000068;0.00000000006216;0.00000000006424;939360236270634
20231009 000000;0.00000000006424;0.00000000006807;0.00000000005962;0.00000000006457;1877919261141557
20231010 000000;0.00000000006457;0.000000000078;0.00000000006342;0.00000000007272;3411442415799815
20231011 000000;0.00000000007272;0.00000000007952;0.00000000007122;0.00000000007637;3839550091383080
20231012 000000;0.00000000007637;0.00000000007658;0.00000000006885;0.00000000007172;2588439229314343
20231013 000000;0.00000000007172;0.00000000009767;0.00000000007167;0.00000000009031;9343355039303256
20231014 000000;0.00000000009031;0.00000000014101;0.00000000008465;0.00000000012196;7905999925897468
20231015 000000;0.00000000012196;0.00000000018;0.00000000011895;0.00000000016037;7556397468611737
20231016 000000;0.00000000016037;0.0000000001645;0.0000000001275;0.00000000014255;6789848865347884
20231017 000000;0.00000000014255;0.00000000015461;0.00000000013519;0.00000000015118;2653780132881661
20231018 000000;0.00000000015118;0.00000000021279;0.00000000014638;0.00000000019731;4320757912529732
20231019 000000;0.00000000019731;0.00000000020445;0.0000000001637;0.00000000017456;4305285211034592
20231020 000000;0.00000000017456;0.00000000017483;0.000000000141;0.00000000014806;2748139746487321
20231021 000000;0.00000000014806;0.00000000016736;0.00000000014555;0.00000000014906;2912566728695512
20231022 000000;0.00000000014906;0.00000000018661;0.00000000014757;0.00000000015808;2695815101327437
20231023 000000;0.00000000015808;0.00000000016277;0.00000000010799;0.00000000012342;4009552586323078
20231024 000000;0.00000000012342;0.00000000014211;0.000000000118;0.00000000012922;3474092432498595
20231025 000000;0.00000000012922;0.00000000015205;0.000000000125;0.00000000013553;2335624469537702
20231026 000000;0.00000000013553;0.00000000013997;0.00000000012872;0.00000000013675;1671127206595867
20231027 000000;0.00000000013675;0.0000000001488;0.000000000125;0.00000000013284;2126232784851726
20231028 000000;0.00000000013284;0.0000000001386;0.00000000012879;0.00000000013184;1495036135478107
20231029 000000;0.00000000013184;0.000000000142;0.00000000013052;0.00000000013963;1512121257605821
20231030 000000;0.00000000013963;0.00000000016649;0.00000000013878;0.00000000016071;3115412439269611
20231031 000000;0.00000000016071;0.00000000016486;0.00000000013641;0.00000000014526;1747619172782543
20231101 000000;0.00000000014526;0.00000000014752;0.00000000013094;0.00000000013874;1582361652309122
20231102 000000;0.00000000013874;0.00000000014614;0.00000000013584;0.00000000014363;1065811963885492
20231103 000000;0.00000000014363;0.00000000015467;0.00000000013656;0.00000000014097;1687979011445525
20231104 000000;0.00000000014097;0.00000000015107;0.000000000138;0.00000000014831;1863868352687258
20231105 000000;0.00000000014831;0.00000000015;0.0000000001362;0.00000000013734;1809402477795646
20231106 000000;0.00000000013734;0.00000000014476;0.00000000013452;0.00000000014133;1005826830323913
20231107 000000;0.00000000014133;0.00000000014173;0.000000000133;0.00000000013783;769929223667213
20231108 000000;0.00000000013783;0.00000000014804;0.00000000013724;0.00000000013997;1238239393660862
20231109 000000;0.00000000013997;0.00000000015538;0.00000000011303;0.0000000001358;2158523234950061
20231110 000000;0.0000000001358;0.00000000015082;0.000000000132;0.00000000014548;1999361499590733
20231111 000000;0.00000000014548;0.00000000014809;0.000000000135;0.00000000013991;1771631648256157
20231112 000000;0.00000000013991;0.000000000143;0.00000000013279;0.00000000013701;1434566866924316
20231113 000000;0.00000000013701;0.00000000014338;0.00000000013009;0.0000000001313;1294569119841399
20231114 000000;0.0000000001313;0.00000000013418;0.00000000012304;0.00000000012718;1029600909159286
20231115 000000;0.00000000012718;0.00000000013535;0.0000000001256;0.00000000013112;1305504477182793
20231116 000000;0.00000000013112;0.00000000013286;0.000000000123;0.00000000012731;826489364071836
20231117 000000;0.00000000012731;0.00000000012946;0.000000000117;0.00000000012179;1003184450637638
20231118 000000;0.00000000012179;0.00000000012853;0.00000000011701;0.00000000012298;1121361829459337
20231119 000000;0.00000000012298;0.00000000012486;0.00000000011924;0.00000000012353;904999552844873
20231120 000000;0.00000000012353;0.000000000129;0.00000000012218;0.00000000012499;1267723692618824
20231121 000000;0.00000000012499;0.00000000012821;0.00000000011789;0.00000000011822;1304374184594140
20231122 000000;0.00000000011822;0.00000000012467;0.00000000011808;0.00000000012405;769498193087245
20231123 000000;0.00000000012405;0.00000000012597;0.00000000012012;0.00000000012159;527068120158370
20231124 000000;0.00000000012159;0.00000000012667;0.00000000012022;0.00000000012474;1102075337828286
20231125 000000;0.00000000012474;0.00000000021;0.00000000012257;0.00000000015977;8350997779171345
20231126 000000;0.00000000015977;0.000000000195;0.00000000014835;0.00000000015899;5503682409414774
20231127 000000;0.00000000015899;0.00000000017303;0.0000000001366;0.00000000014839;3323324298625839
20231128 000000;0.00000000014839;0.00000000015285;0.0000000001348;0.0000000001444;2437314079108143
20231129 000000;0.0000000001444;0.00000000017679;0.000000000138;0.00000000015124;4355172336263657
20231130 000000;0.00000000015124;0.000000000169;0.00000000014871;0.00000000016298;2957145111215724
20231201 000000;0.00000000016298;0.00000000016399;0.000000000152;0.00000000015437;2461977683343294
20231202 000000;0.00000000015437;0.0000000001581;0.00000000014903;0.00000000015324;4106709579434190
20231203 000000;0.00000000015324;0.00000000018986;0.00000000015088;0.00000000016849;7181630237794530
20231204 000000;0.00000000016849;0.0000000001759;0.0000000001406;0.00000000016029;4457686370970316
20231205 000000;0.00000000016029;0.00000000017958;0.000000000155;0.00000000017202;4156572375091656
20231206 000000;0.00000000017202;0.00000000017236;0.00000000015198;0.00000000015273;2692925169644358
20231207 000000;0.00000000015273;0.00000000016988;0.00000000015096;0.00000000016443;3207285196646831
20231208 000000;0.00000000016443;0.00000000017;0.00000000015895;0.0000000001645;3843873874051358
20231209 000000;0.0000000001645;0.00000000023912;0.0000000001645;0.000000000206;6948273040037372
20231210 000000;0.000000000206;0.00000000026449;0.00000000020524;0.00000000021994;7564771273769647
20231211 000000;0.00000000021994;0.0000000002297;0.00000000018;0.00000000019773;5799024311033713
20231212 000000;0.00000000019773;0.000000000229;0.00000000019575;0.0000000002237;3014777775023206
20231213 000000;0.0000000002237;0.00000000023935;0.000000000202;0.0000000002272;3544708739483484
20231214 000000;0.0000000002272;0.00000000022836;0.00000000020253;0.00000000021087;2926249467814608
20231215 000000;0.00000000021087;0.00000000022836;0.0000000001985;0.00000000020825;3634039744694104
20231216 000000;0.00000000020825;0.00000000030165;0.00000000020415;0.00000000028865;7457263856726286
20231217 000000;0.00000000028865;0.0000000002926;0.0000000002397;0.00000000024216;4731544174617441
20231218 000000;0.00000000024216;0.00000000025945;0.00000000020335;0.00000000023209;3921391534176739
20231219 000000;0.00000000023209;0.0000000002397;0.00000000021415;0.00000000021913;2122304921942535
20231220 000000;0.00000000021913;0.00000000023357;0.00000000021841;0.00000000022313;1523507390414161
20231221 000000;0.00000000022313;0.00000000025376;0.00000000021905;0.00000000023754;1752744893805449
20231222 000000;0.00000000023754;0.00000000029228;0.00000000023354;0.00000000028086;5406267615808262
20231223 000000;0.00000000028086;0.00000000028088;0.0000000002559;0.00000000026631;2389898905390914
20231224 000000;0.00000000026631;0.00000000026747;0.00000000024;0.00000000024357;2040527528619353
20231225 000000;0.00000000024357;0.00000000026778;0.00000000024357;0.000000000254;2050192462759114
20231226 000000;0.000000000254;0.00000000025413;0.00000000020555;0.00000000022047;1358026439966400
20231227 000000;0.00000000022047;0.00000000025766;0.000000000216;0.00000000023893;2358150036076982
20231228 000000;0.00000000023893;0.00000000025808;0.00000000022711;0.00000000023064;1949967346002469
20231229 000000;0.00000000023064;0.0000000002416;0.000000000219;0.0000000002242;1126048435964149
20231230 000000;0.0000000002242;0.00000000022994;0.00000000021749;0.00000000022306;875073842787208
20231231 000000;0.00000000022306;0.00000000022853;0.00000000017414;0.00000000019505;2451174500235767
