20260101 000000;0.00003941;0.00004478;0.00003938;0.00004426;9078033289
20260102 000000;0.00004426;0.00004961;0.00004329;0.00004867;31732763833
20260103 000000;0.00004867;0.00005242;0.00004676;0.00005079;21802087540
20260104 000000;0.00005079;0.00005953;0.00005072;0.00005732;37002509313
20260105 000000;0.00005732;0.0000612;0.0000553;0.00005794;19876235278
20260106 000000;0.00005794;0.00006192;0.0000554;0.00005711;20332843612
20260107 000000;0.00005711;0.00005874;0.00005466;0.00005502;11829037625
20260108 000000;0.00005502;0.00005547;0.0000514;0.00005342;10737137145
20260109 000000;0.00005342;0.0000547;0.0000524;0.00005265;7472707375
20260110 000000;0.00005265;0.00005269;0.00005114;0.00005156;3318296903
20260111 000000;0.00005156;0.00005268;0.00005021;0.00005107;5719118546
20260112 000000;0.00005107;0.00005268;0.00004959;0.00005056;12876733941
20260113 000000;0.00005056;0.00005656;0.0000503;0.00005519;13666963731
20260114 000000;0.00005519;0.00005581;0.00005311;0.00005336;13660348292
20260115 000000;0.00005336;0.00005339;0.00004921;0.00005003;5025474334
20260116 000000;0.00005003;0.00005197;0.0000485;0.0000516;12436960778
20260117 000000;0.0000516;0.00005167;0.00004993;0.00005022;6878976604
20260118 000000;0.00005022;0.00005063;0.00004668;0.00004677;6101207219
20260119 000000;0.00004677;0.00004677;0.00004222;0.00004531;9828420416
20260120 000000;0.00004531;0.00004564;0.00004212;0.00004236;9557134121
20260121 000000;0.00004236;0.00004534;0.0000422;0.00004406;13322048103
20260122 000000;0.00004406;0.00004509;0.00004251;0.00004325;6826464652
20260123 000000;0.00004325;0.00004498;0.00004252;0.00004332;6014726780
20260124 000000;0.00004332;0.00004364;0.00004265;0.00004304;3408247113
20260125 000000;0.00004304;0.00004322;0.00003957;0.00004048;7328591052
20260126 000000;0.00004048;0.00004239;0.00004048;0.00004162;5271133461
20260127 000000;0.00004162;0.00004252;0.00004104;0.00004208;4017010262
20260128 000000;0.00004208;0.00004245;0.00004117;0.00004167;6524734449
20260129 000000;0.00004167;0.00004179;0.00003818;0.00003908;8631346152
20260130 000000;0.00003908;0.00003984;0.00003748;0.00003926;13877482179
20260131 000000;0.00003926;0.00003928;0.00003195;0.00003472;22318200890
20260201 000000;0.00003472;0.00003548;0.00003305;0.00003392;9581664033
20260202 000000;0.00003392;0.00003628;0.00003275;0.00003561;26817527550
20260203 000000;0.00003561;0.00003659;0.0000333;0.00003461;13774470345
20260204 000000;0.00003461;0.00003555;0.00003321;0.00003385;10476154840
20260205 000000;0.00003385;0.00003435;0.00002816;0.00002851;25504676492
20260206 000000;0.00002851;0.00003335;0.00002563;0.00003237;22288268941
20260207 000000;0.00003237;0.0000326;0.00003071;0.00003183;10129899201
20260208 000000;0.00003183;0.00003204;0.00003077;0.00003104;5779209625
20260209 000000;0.00003104;0.00003142;0.0000297;0.00003089;4585212411
20260210 000000;0.00003089;0.00003099;0.00002945;0.00002989;4514604530
20260211 000000;0.00002989;0.00003022;0.00002829;0.00002906;7045663750
20260212 000000;0.00002906;0.00003063;0.00002901;0.00003003;5233524087
20260213 000000;0.00003003;0.00003118;0.00002922;0.0000305;5240205148
20260214 000000;0.0000305;0.00003597;0.00003046;0.00003515;9768526306
20260215 000000;0.00003515;0.00003542;0.00003119;0.00003205;13271470838
20260216 000000;0.00003205;0.00003306;0.00003136;0.00003223;6615527360
20260217 000000;0.00003223;0.0000325;0.00003136;0.00003173;4304419566
20260218 000000;0.00003173;0.00003217;0.00003024;0.00003045;3721914233
20260219 000000;0.00003045;0.00003089;0.00002945;0.00003002;8777637972
20260220 000000;0.00003002;0.00003141;0.00002933;0.00003065;7227542437
20260221 000000;0.00003065;0.00003119;0.00002991;0.0000301;4050859750
20260222 000000;0.0000301;0.0000301;0.00002889;0.00002917;3717711379
20260223 000000;0.00002917;0.00002945;0.00002751;0.00002808;27673971650
20260224 000000;0.00002808;0.00002839;0.00002744;0.00002788;5311534789
20260225 000000;0.00002788;0.00003225;0.00002784;0.00003047;18584020756
20260226 000000;0.00003047;0.00003057;0.00002838;0.00002904;6550677306
20260227 000000;0.00002904;0.0000303;0.00002797;0.00002853;8828397801
20260228 000000;0.00002853;0.00002878;0.00002638;0.00002787;9914559358
20260301 000000;0.00002787;0.0000289;0.00002668;0.00002718;6934400438
20260302 000000;0.00002718;0.00002958;0.00002696;0.00002805;7691360934
20260303 000000;0.00002805;0.00002881;0.00002716;0.00002811;6305428702
20260304 000000;0.00002811;0.00003059;0.00002782;0.00002951;10699551481
20260305 000000;0.00002951;0.0000298;0.00002828;0.00002908;8782115885
20260306 000000;0.00002908;0.00002932;0.00002732;0.00002811;5855704477
20260307 000000;0.00002811;0.0000283;0.00002749;0.0000277;3420910730
20260308 000000;0.0000277;0.00002805;0.00002696;0.00002745;4402668353
20260309 000000;0.00002745;0.00002917;0.00002737;0.00002829;7314453825
20260310 000000;0.00002829;0.00003076;0.00002828;0.00002906;7534626591
20260311 000000;0.00002906;0.00002999;0.0000286;0.0000294;4868649707
20260312 000000;0.0000294;0.00003039;0.00002887;0.00003012;5292215416
20260313 000000;0.00003012;0.00003153;0.00002971;0.00003;9208077857
20260314 000000;0.00003;0.00003033;0.00002922;0.00002962;3103510002
20260315 000000;0.00002962;0.00003026;0.00002943;0.00003011;4466594164
20260316 000000;0.00003011;0.00003303;0.00003006;0.00003246;10703498489
20260317 000000;0.00003246;0.00003268;0.00003075;0.00003106;5123886404
20260318 000000;0.00003106;0.00003213;0.00002935;0.00002992;9418217640
20260319 000000;0.00002992;0.00003029;0.00002889;0.00002979;8846184621
20260320 000000;0.00002979;0.00003065;0.00002934;0.0000297;3895947792
20260321 000000;0.0000297;0.00003009;0.00002871;0.00002894;3541637897
20260322 000000;0.00002894;0.00002928;0.00002785;0.00002828;3584758920
20260323 000000;0.00002828;0.00003023;0.00002798;0.00002951;7079450465
20260324 000000;0.00002951;0.00003003;0.00002902;0.00002996;4788179990
20260325 000000;0.00002996;0.00003115;0.00002986;0.00003035;5385723382
20260326 000000;0.00003035;0.0000304;0.00002841;0.00002891;4959990194
20260327 000000;0.00002891;0.00002922;0.00002758;0.00002767;4943547462
20260328 000000;0.00002767;0.00002875;0.00002743;0.0000276;4268107526
20260329 000000;0.0000276;0.00002774;0.00002656;0.00002719;6062878019
20260330 000000;0.00002719;0.00002871;0.00002718;0.00002749;4858806048
20260331 000000;0.00002749;0.0000281;0.00002717;0.00002785;4809847958
20260401 000000;0.00002785;0.00002862;0.00002768;0.00002778;4920010361
20260402 000000;0.00002778;0.00002808;0.00002617;0.00002655;5810638584
20260403 000000;0.00002655;0.00002744;0.00002633;0.00002671;5003477553
20260404 000000;0.00002671;0.00002742;0.00002643;0.00002716;4126809535
20260405 000000;0.00002716;0.00002726;0.0000262;0.00002719;3883803400
20260406 000000;0.00002719;0.00002801;0.00002671;0.00002684;4152139072
20260407 000000;0.00002684;0.00002907;0.00002664;0.0000289;4768319002
20260408 000000;0.0000289;0.00002899;0.00002747;0.00002753;5072510794
20260409 000000;0.00002753;0.00002902;0.00002725;0.00002837;6527466745
20260410 000000;0.00002837;0.00003025;0.00002814;0.00002943;6637231126
20260411 000000;0.00002943;0.00003013;0.0000288;0.00002919;6270738165
20260412 000000;0.00002919;0.00002922;0.00002741;0.00002749;6473745933
20260413 000000;0.00002749;0.00002975;0.00002739;0.0000297;6751653133
20260414 000000;0.0000297;0.00002997;0.0000278;0.000028;6587592617
20260415 000000;0.000028;0.00002938;0.00002782;0.00002895;4142979472
20260416 000000;0.00002895;0.00003273;0.00002883;0.00003209;9279862988
20260417 000000;0.00003209;0.00003336;0.00003085;0.00003229;6754105739
20260418 000000;0.00003229;0.00003248;0.00003053;0.00003067;3046496376
20260419 000000;0.00003067;0.00003251;0.0000299;0.00003036;6954667601
20260420 000000;0.00003036;0.000032;0.0000303;0.00003134;3370810559
20260421 000000;0.00003134;0.00003185;0.00003048;0.00003131;2892649618
20260422 000000;0.00003131;0.00003419;0.0000311;0.00003235;4697308372
20260423 000000;0.00003235;0.00003452;0.00003178;0.00003376;5198285080
20260424 000000;0.00003376;0.00003394;0.00003281;0.00003301;2919534894
20260425 000000;0.00003301;0.00003323;0.00003189;0.00003224;3017994873
20260426 000000;0.00003224;0.00003331;0.00003197;0.00003298;3870577494
20260427 000000;0.00003298;0.00003386;0.00003145;0.00003222;2633503193
20260428 000000;0.00003222;0.00003254;0.00003158;0.00003192;6353495461
20260429 000000;0.00003192;0.00003436;0.00003112;0.0000323;6584673288
20260430 000000;0.0000323;0.00003282;0.00003175;0.00003207;2844374086
20260501 000000;0.00003207;0.00003307;0.00003207;0.00003221;2966988263
20260502 000000;0.00003221;0.00003264;0.0000319;0.00003241;4633477776
20260503 000000;0.00003241;0.0000325;0.00003165;0.00003189;4073011860
20260504 000000;0.00003189;0.00003302;0.0000316;0.00003182;3617668226
20260505 000000;0.00003182;0.00003358;0.00003182;0.00003299;4400910448
20260506 000000;0.00003299;0.00003434;0.00003282;0.00003359;7832138894
20260507 000000;0.00003359;0.00003604;0.00003285;0.00003501;6898437675
20260508 000000;0.00003501;0.00003739;0.00003466;0.0000369;8408326324
20260509 000000;0.0000369;0.00003744;0.00003584;0.00003599;4402634270
20260510 000000;0.00003599;0.00003834;0.00003561;0.00003734;11530744648
20260511 000000;0.00003734;0.00003753;0.00003615;0.00003704;3935120658
20260512 000000;0.00003704;0.00003705;0.00003464;0.0000353;2929759480
20260513 000000;0.0000353;0.00003703;0.00003368;0.00003398;3383857068
20260514 000000;0.00003398;0.00003596;0.00003353;0.00003495;4273745717
20260515 000000;0.00003495;0.00003517;0.00003239;0.00003293;4954443162
20260516 000000;0.00003293;0.00003315;0.00003115;0.00003171;6142235822
20260517 000000;0.00003171;0.00003213;0.00003;0.00003066;7217894988
20260518 000000;0.00003066;0.00003066;0.00002948;0.00003032;6606360758
20260519 000000;0.00003032;0.0000306;0.00002948;0.00002962;3282031242
20260520 000000;0.00002962;0.0000306;0.0000294;0.00003014;4620525578
20260521 000000;0.00003014;0.000031;0.00002994;0.00003078;6341584800
20260522 000000;0.00003078;0.00003109;0.00002874;0.00002895;4564461797
20260523 000000;0.00002895;0.00003044;0.00002799;0.00002982;4052397865
20260524 000000;0.00002982;0.00003005;0.00002874;0.00002929;2695793509
20260525 000000;0.00002929;0.00003006;0.00002915;0.00002956;2512015861
20260526 000000;0.00002956;0.00003022;0.00002886;0.00002908;2761222902
20260527 000000;0.00002908;0.00002949;0.00002821;0.00002836;2898886394
20260528 000000;0.00002836;0.00002846;0.00002677;0.00002753;6217651052
20260529 000000;0.00002753;0.00002811;0.00002691;0.00002761;2778179198
20260530 000000;0.00002761;0.00002863;0.00002756;0.00002826;3212545155
20260531 000000;0.00002826;0.00002982;0.00002795;0.00002873;4694952080
20260601 000000;0.00002873;0.00002932;0.00002779;0.00002873;3842490161
20260602 000000;0.00002873;0.00002873;0.00002596;0.00002647;3519962671
20260603 000000;0.00002647;0.0000276;0.00002591;0.00002641;2989731823
20260604 000000;0.00002641;0.00002666;0.00002417;0.00002502;3912199398
20260605 000000;0.00002502;0.00002502;0.00002238;0.00002333;5520950680
20260606 000000;0.00002333;0.00002375;0.00002203;0.0000233;4497681451
20260607 000000;0.0000233;0.00002538;0.00002326;0.0000248;4859785150
20260608 000000;0.0000248;0.00002518;0.00002407;0.0000243;4409792988
20260609 000000;0.0000243;0.00002473;0.0000236;0.0000242;3694296534
20260610 000000;0.0000242;0.00002494;0.00002362;0.00002416;4696309400
20260611 000000;0.00002416;0.00002515;0.00002416;0.0000247;4920118107
20260612 000000;0.0000247;0.0000257;0.00002434;0.00002484;4094653657
20260613 000000;0.00002484;0.00002536;0.00002455;0.00002513;3225809730
20260614 000000;0.00002513;0.0000255;0.00002444;0.0000255;3717481119
20260615 000000;0.0000255;0.00002775;0.00002548;0.00002632;5016532151
20260616 000000;0.00002632;0.00002693;0.00002566;0.00002637;3314475600
20260617 000000;0.00002637;0.00002694;0.00002552;0.00002598;4151825539
20260618 000000;0.00002598;0.00002787;0.00002549;0.00002741;5993991306
20260619 000000;0.00002741;0.00002757;0.00002532;0.00002594;4018600605
20260620 000000;0.00002594;0.00002611;0.00002533;0.00002564;3000869085
