20250101 000000;0.00017718;0.00018134;0.00017221;0.00017801;20560295220
20250102 000000;0.00017801;0.00018703;0.00017729;0.00018414;34027944801
20250103 000000;0.00018414;0.00020285;0.00018033;0.00020185;39947832379
20250104 000000;0.00020185;0.00020449;0.00019276;0.00019937;29541097534
20250105 000000;0.00019937;0.00020329;0.00019276;0.00019919;22992909158
20250106 000000;0.00019919;0.00021111;0.00019432;0.0002016;35740904814
20250107 000000;0.0002016;0.00020241;0.00017702;0.00017725;43125995888
20250108 000000;0.00017725;0.00017898;0.00016022;0.00016729;40340725688
20250109 000000;0.00016729;0.00016972;0.00015835;0.00016172;32931481833
20250110 000000;0.00016172;0.00016851;0.00016014;0.0001651;26387447662
20250111 000000;0.0001651;0.00016943;0.00016356;0.00016556;17145128502
20250112 000000;0.00016556;0.00016607;0.00016069;0.0001626;16020825968
20250113 000000;0.0001626;0.00016679;0.00014478;0.00015453;39940318326
20250114 000000;0.00015453;0.00016368;0.0001542;0.00016144;25030734018
20250115 000000;0.00016144;0.00017329;0.00015517;0.00017184;32289217475
20250116 000000;0.00017184;0.00017426;0.00016516;0.00016866;34996881909
20250117 000000;0.00016866;0.00018784;0.00016866;0.0001857;39234247024
20250118 000000;0.0001857;0.00019129;0.00016517;0.00016821;50979824240
20250119 000000;0.00016821;0.000172;0.00014155;0.00014466;135194736001
20250120 000000;0.00014466;0.0001573;0.000132;0.00014119;147937473247
20250121 000000;0.00014119;0.0001529;0.00013263;0.00014598;70870393715
20250122 000000;0.00014598;0.00014856;0.00014086;0.0001423;31089773417
20250123 000000;0.0001423;0.00014567;0.00013642;0.00014106;39262533802
20250124 000000;0.00014106;0.00014478;0.00013525;0.0001372;24870588923
20250125 000000;0.0001372;0.00013969;0.00013363;0.00013707;22616482079
20250126 000000;0.00013707;0.00013947;0.00012925;0.00012961;17250967912
20250127 000000;0.00012961;0.00013003;0.00011615;0.00012806;63903802343
20250128 000000;0.00012806;0.00013461;0.00011305;0.00011355;73576085568
20250129 000000;0.00011355;0.00012842;0.00011302;0.00012291;62599598365
20250130 000000;0.00012291;0.00012948;0.00012213;0.00012473;31542662973
20250131 000000;0.00012473;0.00014579;0.00012137;0.00013467;60125779468
20250201 000000;0.00013467;0.00013759;0.00011852;0.00011962;43129198828
20250202 000000;0.00011962;0.00012226;0.00009358;0.00010062;77847464949
20250203 000000;0.00010062;0.00010886;0.00007133;0.0001059;196623224750
20250204 000000;0.0001059;0.00010648;0.00009245;0.00009752;173237181824
20250205 000000;0.00009752;0.00010187;0.00009261;0.00009417;58108133393
20250206 000000;0.00009417;0.00009631;0.00008632;0.00008729;62329046932
20250207 000000;0.00008729;0.00009506;0.00008386;0.00008743;59353853848
20250208 000000;0.00008743;0.00009394;0.00008576;0.00009229;29995102589
20250209 000000;0.00009229;0.00010156;0.00008876;0.00009375;52869489639
20250210 000000;0.00009375;0.00009725;0.00009025;0.00009496;42441893139
20250211 000000;0.00009496;0.00010086;0.0000918;0.00009214;37860855024
20250212 000000;0.00009214;0.0001016;0.00008777;0.00010033;82394759729
20250213 000000;0.00010033;0.00010286;0.00009476;0.00009664;45386543217
20250214 000000;0.00009664;0.00010497;0.00009604;0.00010001;35264579001
20250215 000000;0.00010001;0.00010244;0.00009547;0.00009666;20268967294
20250216 000000;0.00009666;0.00009718;0.00009309;0.00009396;13380806367
20250217 000000;0.00009396;0.00010003;0.00009285;0.00009574;20656870913
20250218 000000;0.00009574;0.00009948;0.00008862;0.000093;67852987020
20250219 000000;0.000093;0.000108;0.00009107;0.00009572;151379151464
20250220 000000;0.00009572;0.00009787;0.00009198;0.00009701;100876636602
20250221 000000;0.00009701;0.0001004;0.00009251;0.00009281;56655838918
20250222 000000;0.00009281;0.00009908;0.00009194;0.00009806;31968464730
20250223 000000;0.00009806;0.00009841;0.00009254;0.00009374;32765166744
20250224 000000;0.00009374;0.0000945;0.00008066;0.00008227;75945054345
20250225 000000;0.00008227;0.0000848;0.00007695;0.00008325;106602487536
20250226 000000;0.00008325;0.00008511;0.00007981;0.00008298;39839461412
20250227 000000;0.00008298;0.0000862;0.00008102;0.00008274;25354753103
20250228 000000;0.00008274;0.00008301;0.00007413;0.00008192;52555638750
20250301 000000;0.00008192;0.00008365;0.00007843;0.00008039;16617214788
20250302 000000;0.00008039;0.00008974;0.0000785;0.00008845;48262757524
20250303 000000;0.00008845;0.00008867;0.00007304;0.00007397;45208003691
20250304 000000;0.00007397;0.00007471;0.0000664;0.00007256;91395554492
20250305 000000;0.00007256;0.00007631;0.00007168;0.00007516;24167837041
20250306 000000;0.00007516;0.00007689;0.00007205;0.00007264;16776210930
20250307 000000;0.00007264;0.00007458;0.0000688;0.00007108;39404867423
20250308 000000;0.00007108;0.00007153;0.00006799;0.00006897;14480037981
20250309 000000;0.00006897;0.00006919;0.00005861;0.00005945;37275106144
20250310 000000;0.00005945;0.00006641;0.00005628;0.00005726;66176312879
20250311 000000;0.00005726;0.00006315;0.00005297;0.00006095;91343059273
20250312 000000;0.00006095;0.00006348;0.00005918;0.00006175;61008326610
20250313 000000;0.00006175;0.00006229;0.00005795;0.0000597;36540021515
20250314 000000;0.0000597;0.00006354;0.00005954;0.00006159;25273868627
20250315 000000;0.00006159;0.00006388;0.000061;0.00006291;16006977913
20250316 000000;0.00006291;0.00006301;0.00005867;0.00005948;22988105305
20250317 000000;0.00005948;0.00006328;0.00005948;0.000062;28659652637
20250318 000000;0.000062;0.00006223;0.00005903;0.00006175;20725770686
20250319 000000;0.00006175;0.00006461;0.00006054;0.00006429;31165954251
20250320 000000;0.00006429;0.0000652;0.00006183;0.00006289;27101960573
20250321 000000;0.00006289;0.00006439;0.00006032;0.0000617;22287672035
20250322 000000;0.0000617;0.00006393;0.00006161;0.00006208;20048596586
20250323 000000;0.00006208;0.00006431;0.00006136;0.00006358;23247056158
20250324 000000;0.00006358;0.00006919;0.00006239;0.00006788;43973886009
20250325 000000;0.00006788;0.00006857;0.000066;0.00006807;29253994061
20250326 000000;0.00006807;0.00007622;0.00006684;0.0000703;85134114395
20250327 000000;0.0000703;0.00007314;0.00006856;0.00006964;48178631841
20250328 000000;0.00006964;0.00007033;0.00006169;0.00006253;71411860614
20250329 000000;0.00006253;0.0000629;0.00005665;0.0000579;60033445561
20250330 000000;0.0000579;0.00005988;0.00005674;0.00005762;34806396701
20250331 000000;0.00005762;0.00005948;0.00005638;0.0000585;43628279170
20250401 000000;0.0000585;0.00006133;0.00005822;0.00005984;34767877564
20250402 000000;0.00005984;0.00006108;0.00005432;0.00005484;125576619261
20250403 000000;0.00005484;0.00005742;0.00005262;0.00005475;101129287346
20250404 000000;0.00005475;0.00005722;0.00005347;0.00005703;87345803561
20250405 000000;0.00005703;0.00005741;0.00005465;0.00005557;18492081048
20250406 000000;0.00005557;0.00005561;0.00004793;0.000049;84194360313
20250407 000000;0.000049;0.00005275;0.00004548;0.00005084;234593878847
20250408 000000;0.00005084;0.00005231;0.00004693;0.00004736;52105796742
20250409 000000;0.00004736;0.00005538;0.00004629;0.0000543;109104821875
20250410 000000;0.0000543;0.00005434;0.0000509;0.00005243;42802961284
20250411 000000;0.00005243;0.00005657;0.00005212;0.00005503;45159741549
20250412 000000;0.00005503;0.00006016;0.00005413;0.00005976;67859653071
20250413 000000;0.00005976;0.00006052;0.00005632;0.00005745;77584995952
20250414 000000;0.00005745;0.0000605;0.0000559;0.00005617;51958672464
20250415 000000;0.00005617;0.00005689;0.0000532;0.00005348;34098150702
20250416 000000;0.00005348;0.00005471;0.000052;0.00005372;32591068479
20250417 000000;0.00005372;0.00005534;0.00005287;0.00005435;30651469023
20250418 000000;0.00005435;0.00005817;0.00005425;0.00005666;23071173292
20250419 000000;0.00005666;0.00005821;0.00005626;0.00005812;9659501460
20250420 000000;0.00005812;0.00005965;0.00005627;0.00005843;13347208300
20250421 000000;0.00005843;0.00006076;0.00005723;0.00005742;18460383260
20250422 000000;0.00005742;0.00006588;0.0000567;0.00006519;26554513856
20250423 000000;0.00006519;0.00007339;0.00006519;0.0000698;46069197367
20250424 000000;0.0000698;0.00007199;0.00006553;0.00007153;24008023808
20250425 000000;0.00007153;0.00008248;0.00007051;0.00008053;61280164039
20250426 000000;0.00008053;0.00008476;0.00007863;0.00008027;41402036198
20250427 000000;0.00008027;0.00008122;0.0000759;0.00007696;23092105825
20250428 000000;0.00007696;0.00008936;0.00007484;0.00008709;47988615045
20250429 000000;0.00008709;0.00009075;0.00008172;0.00008356;43192231897
20250430 000000;0.00008356;0.00009482;0.00008315;0.00008912;39662559550
20250501 000000;0.00008912;0.0000906;0.00008545;0.00008621;18685182789
20250502 000000;0.00008621;0.00008768;0.00008409;0.00008595;12035353199
20250503 000000;0.00008595;0.00008615;0.000079;0.00007918;12699786801
20250504 000000;0.00007918;0.00007952;0.00007373;0.00007466;12727446793
20250505 000000;0.00007466;0.0000783;0.0000739;0.00007698;20976664348
20250506 000000;0.00007698;0.000078;0.00007191;0.00007628;16718913528
20250507 000000;0.00007628;0.0000777;0.000074;0.00007651;15312648843
20250508 000000;0.00007651;0.0000946;0.0000761;0.00009159;35126259604
20250509 000000;0.00009159;0.00010473;0.00009064;0.00009988;53467968942
20250510 000000;0.00009988;0.00011048;0.00009801;0.00010986;40242843745
20250511 000000;0.00010986;0.00011008;0.00010137;0.00010386;27114922151
20250512 000000;0.00010386;0.0001237;0.0001037;0.00011193;59256164710
20250513 000000;0.00011193;0.0001203;0.00010355;0.00011445;46488578224
20250514 000000;0.00011445;0.00011574;0.0001066;0.00010794;27308919251
20250515 000000;0.00010794;0.00010961;0.00009704;0.00009992;34966783669
20250516 000000;0.00009992;0.00010375;0.00009626;0.00009706;19155505941
20250517 000000;0.00009706;0.00009754;0.00008884;0.00009031;17849995369
20250518 000000;0.00009031;0.00010404;0.00008957;0.0001002;31373430146
20250519 000000;0.0001002;0.00010077;0.00009119;0.00009853;19081816755
20250520 000000;0.00009853;0.00010227;0.0000935;0.00009889;13122707633
20250521 000000;0.00009889;0.000106;0.00009634;0.00010199;45020784398
20250522 000000;0.00010199;0.000113;0.00010193;0.00011221;69096110686
20250523 000000;0.00011221;0.00011791;0.0001002;0.000101;88202295163
20250524 000000;0.000101;0.00010401;0.0000977;0.00009846;52864967345
20250525 000000;0.00009846;0.00009971;0.00009205;0.00009806;49991682438
20250526 000000;0.00009806;0.00010375;0.00009673;0.00009804;28953972183
20250527 000000;0.00009804;0.00010362;0.00009532;0.00010076;27880674461
20250528 000000;0.00010076;0.00010368;0.00009819;0.00010218;31275547838
20250529 000000;0.00010218;0.00010765;0.00009713;0.00009728;59057052056
20250530 000000;0.00009728;0.00009828;0.00008221;0.00008297;73805013762
20250531 000000;0.00008297;0.00008668;0.00007925;0.00008506;33549899111
20250601 000000;0.00008506;0.00008732;0.00008236;0.00008588;63755304098
20250602 000000;0.00008588;0.00008866;0.00008284;0.00008795;44087607664
20250603 000000;0.00008795;0.0000916;0.0000856;0.00008644;24076092556
20250604 000000;0.00008644;0.00008786;0.0000812;0.0000818;12325684388
20250605 000000;0.0000818;0.00008402;0.00007462;0.00007668;30011991671
20250606 000000;0.00007668;0.0000878;0.00007639;0.00008176;34397865443
20250607 000000;0.00008176;0.00008728;0.00008091;0.00008355;16132801878
20250608 000000;0.00008355;0.00008544;0.00008181;0.00008303;12316051514
20250609 000000;0.00008303;0.000096;0.00008169;0.00009118;25067490178
20250610 000000;0.00009118;0.00009724;0.00008797;0.0000967;29674862079
20250611 000000;0.0000967;0.00009898;0.00009006;0.00009072;25608385337
20250612 000000;0.00009072;0.00009072;0.00008255;0.00008258;21475355316
20250613 000000;0.00008258;0.00008265;0.00007506;0.00008001;54530854021
20250614 000000;0.00008001;0.00008053;0.00007621;0.00007745;10320082746
20250615 000000;0.00007745;0.00007919;0.00007626;0.00007803;8642656049
20250616 000000;0.00007803;0.00008202;0.00007679;0.00007733;21045041698
20250617 000000;0.00007733;0.00007911;0.00007159;0.00007333;18310604724
20250618 000000;0.00007333;0.0000755;0.0000704;0.00007501;11923981804
20250619 000000;0.00007501;0.00007653;0.00007294;0.00007436;8762008242
20250620 000000;0.00007436;0.00007632;0.00006936;0.0000712;12600542978
20250621 000000;0.0000712;0.00007247;0.0000646;0.00006681;12485659828
20250622 000000;0.00006681;0.00006793;0.00005929;0.00006379;29323995137
20250623 000000;0.00006379;0.00007276;0.0000632;0.00007223;25581836490
20250624 000000;0.00007223;0.00007546;0.00007218;0.00007429;16476402681
20250625 000000;0.00007429;0.0000749;0.00007057;0.00007129;16303683354
20250626 000000;0.00007129;0.00007344;0.000068;0.00006932;14229083535
20250627 000000;0.00006932;0.00007205;0.00006851;0.00007049;14729351204
20250628 000000;0.00007049;0.0000748;0.00006983;0.00007391;12161093179
20250629 000000;0.00007391;0.00007975;0.00007287;0.00007842;16499910667
20250630 000000;0.00007842;0.00007923;0.00007379;0.00007449;19406532981
20250701 000000;0.00007449;0.00007483;0.00006977;0.00007064;9265496666
20250702 000000;0.00007064;0.00007986;0.00006995;0.00007791;21895552947
20250703 000000;0.00007791;0.00008148;0.00007618;0.00007933;21826191598
20250704 000000;0.00007933;0.0000816;0.00007258;0.00007437;25754110574
20250705 000000;0.00007437;0.00007624;0.00007301;0.00007474;12656017953
20250706 000000;0.00007474;0.00008853;0.00007404;0.00008531;50440636545
20250707 000000;0.00008531;0.00008947;0.00008008;0.00008198;39844152268
20250708 000000;0.00008198;0.00009335;0.00008189;0.00009109;73670994871
20250709 000000;0.00009109;0.00009479;0.00008893;0.00009174;72437286913
20250710 000000;0.00009174;0.00010448;0.00009061;0.00010242;47190840948
20250711 000000;0.00010242;0.00010467;0.00009405;0.00009551;46776418054
20250712 000000;0.00009551;0.00009822;0.00009147;0.00009766;34875622172
20250713 000000;0.00009766;0.00010055;0.00009514;0.00009681;34866878613
20250714 000000;0.00009681;0.00010289;0.00009441;0.00009644;50816145637
20250715 000000;0.00009644;0.00010026;0.00009263;0.00010021;36184804531
20250716 000000;0.00010021;0.00014036;0.00009763;0.00013106;103954419363
20250717 000000;0.00013106;0.00014562;0.00012306;0.00013055;107028699527
20250718 000000;0.00013055;0.00014809;0.00012659;0.0001346;87345836116
20250719 000000;0.0001346;0.00014809;0.00012974;0.00013756;61372164151
20250720 000000;0.00013756;0.0001459;0.00013436;0.00013555;64686508864
20250721 000000;0.00013555;0.00015504;0.00013421;0.00014705;73320280759
20250722 000000;0.00014705;0.00015303;0.0001378;0.00015108;53481841657
20250723 000000;0.00015108;0.00015774;0.00012636;0.00013232;63515179802
20250724 000000;0.00013232;0.00013527;0.00011918;0.00012414;35634439189
20250725 000000;0.00012414;0.00013087;0.00011951;0.00012959;32276257348
20250726 000000;0.00012959;0.000134;0.00012788;0.00012869;19184447552
20250727 000000;0.00012869;0.00013375;0.00012847;0.00012979;23848077132
20250728 000000;0.00012979;0.00013439;0.0001186;0.0001196;28314693679
20250729 000000;0.0001196;0.00012468;0.00011372;0.00011583;26421697893
20250730 000000;0.00011583;0.00011703;0.000106;0.00011196;30576466283
20250731 000000;0.00011196;0.00012173;0.00010854;0.0001095;28679655600
20250801 000000;0.0001095;0.00011169;0.0001012;0.00010386;36107484533
20250802 000000;0.00010386;0.00010799;0.00009845;0.00010218;39986185794
20250803 000000;0.00010218;0.00010862;0.00010025;0.00010726;20063332081
20250804 000000;0.00010726;0.0001133;0.00010707;0.00011131;22854851101
20250805 000000;0.00011131;0.00011145;0.00010133;0.00010385;23460910243
20250806 000000;0.00010385;0.00010809;0.00010126;0.00010697;12919011349
20250807 000000;0.00010697;0.00011756;0.00010585;0.00011731;26961807502
20250808 000000;0.00011731;0.00012128;0.00011481;0.00011921;24951288623
20250809 000000;0.00011921;0.00012347;0.00011756;0.00012057;19615438028
20250810 000000;0.00012057;0.00012401;0.0001144;0.0001185;20242851547
20250811 000000;0.0001185;0.00012321;0.00010758;0.00010842;18806783646
20250812 000000;0.00010842;0.00011687;0.00010603;0.00011469;11422287395
20250813 000000;0.00011469;0.00012044;0.00011451;0.00011901;17370182253
20250814 000000;0.00011901;0.0001231;0.00010263;0.00010464;25011596596
20250815 000000;0.00010464;0.00010896;0.00010038;0.00010428;19159963146
20250816 000000;0.00010428;0.00010773;0.00010394;0.00010737;17018838031
20250817 000000;0.00010737;0.00011067;0.0001055;0.00010625;16343395086
20250818 000000;0.00010625;0.00010653;0.00010028;0.00010286;22048154479
20250819 000000;0.00010286;0.00010473;0.00009715;0.00009819;20431813029
20250820 000000;0.00009819;0.00010442;0.000094;0.00010336;24751036429
20250821 000000;0.00010336;0.00010452;0.00009826;0.00009967;22247727916
20250822 000000;0.00009967;0.00011684;0.00009479;0.00011081;42915077525
20250823 000000;0.00011081;0.000111;0.00010517;0.00010663;27929622798
20250824 000000;0.00010663;0.00010856;0.0001013;0.00010332;27907479866
20250825 000000;0.00010332;0.00010537;0.00009217;0.00009303;36546041844
20250826 000000;0.00009303;0.00009862;0.00009243;0.00009689;21537909396
20250827 000000;0.00009689;0.00009907;0.0000953;0.00009622;15174492531
20250828 000000;0.00009622;0.00009942;0.00009544;0.00009909;12201700768
20250829 000000;0.00009909;0.00009939;0.00009055;0.00009322;18885914253
20250830 000000;0.00009322;0.00009552;0.0000916;0.00009402;8896256551
20250831 000000;0.00009402;0.00009617;0.0000922;0.00009225;14692051375
20250901 000000;0.00009225;0.0000945;0.00008616;0.0000886;19187508745
20250902 000000;0.0000886;0.000092;0.00008754;0.00009175;12024545915
20250903 000000;0.00009175;0.00009377;0.00009064;0.00009284;6134903822
20250904 000000;0.00009284;0.00009348;0.0000875;0.00008845;6175107698
20250905 000000;0.00008845;0.00009278;0.00008832;0.00009092;8821404871
20250906 000000;0.00009092;0.00009147;0.000089;0.00008967;3049478386
20250907 000000;0.00008967;0.0000927;0.00008963;0.00009218;5459554172
20250908 000000;0.00009218;0.0000983;0.00009159;0.0000977;14388145963
20250909 000000;0.0000977;0.0001;0.00009431;0.00009623;14857667979
20250910 000000;0.00009623;0.00009886;0.00009509;0.00009742;13559777767
20250911 000000;0.00009742;0.00010056;0.00009561;0.00010006;11659006692
20250912 000000;0.00010006;0.0001054;0.00009836;0.00010474;12725600826
20250913 000000;0.00010474;0.00011096;0.00010414;0.00010691;15050641922
20250914 000000;0.00010691;0.00010709;0.00009959;0.00010144;8759364331
20250915 000000;0.00010144;0.0001026;0.00009308;0.00009546;12211606981
20250916 000000;0.00009546;0.0000984;0.00009371;0.00009792;5267244588
20250917 000000;0.00009792;0.00010255;0.00009467;0.00010175;9629273867
20250918 000000;0.00010175;0.00010312;0.00009938;0.00010189;11876518546
20250919 000000;0.00010189;0.00010351;0.00009523;0.00009596;8513231208
20250920 000000;0.00009596;0.00009895;0.000095;0.00009725;4388562770
20250921 000000;0.00009725;0.0000986;0.00009434;0.00009443;4696508770
20250922 000000;0.00009443;0.00009493;0.000076;0.00008529;17957892906
20250923 000000;0.00008529;0.0000872;0.00008311;0.00008506;7175970935
20250924 000000;0.00008506;0.0000876;0.00008321;0.00008529;9430670345
20250925 000000;0.00008529;0.0000856;0.00007811;0.00007975;14009742993
20250926 000000;0.00007975;0.00008463;0.00007904;0.00008319;9235557842
20250927 000000;0.00008319;0.00008322;0.00008126;0.00008154;4324623641
20250928 000000;0.00008154;0.00008341;0.00007888;0.00008301;6651100257
20250929 000000;0.00008301;0.00008378;0.00007994;0.00008242;6927729816
20250930 000000;0.00008242;0.00008276;0.00007709;0.00008134;8449406020
20251001 000000;0.00008134;0.00008581;0.00007986;0.00008495;9954704501
20251002 000000;0.00008495;0.00008897;0.00008304;0.00008797;9992356392
20251003 000000;0.00008797;0.00009791;0.00008523;0.00009759;25247052817
20251004 000000;0.00009759;0.00011604;0.00009728;0.00010387;65730802437
20251005 000000;0.00010387;0.00010991;0.00009996;0.00010041;34276064989
20251006 000000;0.00010041;0.00010588;0.00009729;0.00010242;33649368524
20251007 000000;0.00010242;0.00011353;0.00009782;0.00009832;50476130575
20251008 000000;0.00009832;0.00010169;0.00009516;0.00009971;26512330616
20251009 000000;0.00009971;0.00010001;0.0000908;0.00009306;22615002782
20251010 000000;0.00009306;0.00009563;0.0000159;0.00006753;57840511440
20251011 000000;0.00006753;0.00007327;0.0000637;0.00006657;90040871496
20251012 000000;0.00006657;0.00007551;0.00006505;0.00007404;54348028142
20251013 000000;0.00007404;0.00007858;0.000071;0.00007787;29154219658
20251014 000000;0.00007787;0.00007839;0.00006873;0.00007467;29258190997
20251015 000000;0.00007467;0.00007644;0.00006961;0.00007064;15664314654
20251016 000000;0.00007064;0.00007304;0.00006674;0.00006739;21325951908
20251017 000000;0.00006739;0.00006871;0.00006127;0.0000651;21902134226
20251018 000000;0.0000651;0.00006673;0.00006365;0.00006487;6642361022
20251019 000000;0.00006487;0.00006896;0.00006382;0.00006689;9867976885
20251020 000000;0.00006689;0.00008898;0.00006536;0.00007983;93568322060
20251021 000000;0.00007983;0.00008395;0.00007284;0.00007352;49787869238
20251022 000000;0.00007352;0.00007431;0.00006874;0.00007085;27521089910
20251023 000000;0.00007085;0.00007529;0.00007066;0.00007315;19000155821
20251024 000000;0.00007315;0.00007472;0.00007208;0.0000744;14224678895
20251025 000000;0.0000744;0.00007444;0.0000729;0.00007333;7796370175
20251026 000000;0.00007333;0.00007603;0.00007227;0.00007542;15401134360
20251027 000000;0.00007542;0.00007692;0.00007272;0.00007318;16462693850
20251028 000000;0.00007318;0.0000739;0.0000693;0.0000711;12301224573
20251029 000000;0.0000711;0.00007559;0.00007057;0.00007238;14843475799
20251030 000000;0.00007238;0.00007316;0.000064;0.00006646;16638888388
20251031 000000;0.00006646;0.00007046;0.00006639;0.00006989;11429358285
20251101 000000;0.00006989;0.00007131;0.00006895;0.00007067;7786319927
20251102 000000;0.00007067;0.0000712;0.00006777;0.0000699;6242221363
20251103 000000;0.0000699;0.00007003;0.00005787;0.00006032;20796877679
20251104 000000;0.00006032;0.00006186;0.00005354;0.00005743;19440004037
20251105 000000;0.00005743;0.000061;0.0000547;0.00006008;10253774014
20251106 000000;0.00006008;0.00006041;0.00005602;0.00005854;6120200532
20251107 000000;0.00005854;0.00006709;0.00005763;0.00006514;15878741112
20251108 000000;0.00006514;0.00006672;0.0000618;0.00006251;7042437107
20251109 000000;0.00006251;0.000064;0.00006016;0.00006325;8829503024
20251110 000000;0.00006325;0.0000659;0.00006231;0.00006479;8069169567
20251111 000000;0.00006479;0.00006587;0.00005937;0.00005955;7685682592
20251112 000000;0.00005955;0.0000631;0.00005797;0.00005857;6075567390
20251113 000000;0.00005857;0.00006184;0.00005455;0.00005652;13422037566
20251114 000000;0.00005652;0.00005729;0.00005341;0.0000543;9443007070
20251115 000000;0.0000543;0.00005664;0.00005423;0.0000551;5580272128
20251116 000000;0.0000551;0.00005689;0.00005208;0.00005364;9567653556
20251117 000000;0.00005364;0.00005568;0.00005051;0.00005133;7583824926
20251118 000000;0.00005133;0.00005498;0.0000506;0.00005404;9721427161
20251119 000000;0.00005404;0.00005412;0.00004885;0.00005191;7329528214
20251120 000000;0.00005191;0.0000534;0.00004741;0.00004822;8942854465
20251121 000000;0.00004822;0.0000494;0.00004331;0.00004623;12791397381
20251122 000000;0.00004623;0.0000467;0.00004428;0.00004543;3836963578
20251123 000000;0.00004543;0.00004662;0.00004502;0.00004545;4389929529
20251124 000000;0.00004545;0.00004965;0.00004488;0.00004889;7301146204
20251125 000000;0.00004889;0.00004992;0.00004673;0.0000493;5627302301
20251126 000000;0.0000493;0.00005049;0.00004729;0.00004979;6151058158
20251127 000000;0.00004979;0.00005079;0.00004897;0.00004973;5433610710
20251128 000000;0.00004973;0.00005208;0.00004885;0.00004902;7085412034
20251129 000000;0.00004902;0.00004941;0.00004784;0.00004807;3708567708
20251130 000000;0.00004807;0.00004908;0.00004733;0.0000474;5215877282
20251201 000000;0.0000474;0.00004753;0.00004188;0.00004312;12257732541
20251202 000000;0.00004312;0.00004959;0.00004275;0.00004789;11842674436
20251203 000000;0.00004789;0.00005041;0.0000468;0.0000499;8815587991
20251204 000000;0.0000499;0.00005092;0.00004733;0.00004764;4819964068
20251205 000000;0.00004764;0.0000482;0.0000441;0.00004499;7514467191
20251206 000000;0.00004499;0.00004722;0.00004448;0.00004668;4593310065
20251207 000000;0.00004668;0.00004783;0.0000447;0.00004526;7236770256
20251208 000000;0.00004526;0.00005153;0.00004507;0.00004885;14262511501
20251209 000000;0.00004885;0.00005292;0.00004775;0.00005092;17809226801
20251210 000000;0.00005092;0.00005246;0.00004924;0.00004942;10166321899
20251211 000000;0.00004942;0.00004955;0.00004563;0.00004774;11262839386
20251212 000000;0.00004774;0.00004866;0.0000448;0.00004611;7750631892
20251213 000000;0.00004611;0.00004705;0.00004611;0.00004637;3758722225
20251214 000000;0.00004637;0.00004648;0.00004387;0.00004449;4914415280
20251215 000000;0.00004449;0.00004622;0.00004154;0.00004276;7986437671
20251216 000000;0.00004276;0.0000436;0.00004162;0.00004278;9563955343
20251217 000000;0.00004278;0.00004439;0.00003994;0.00004046;5866822520
20251218 000000;0.00004046;0.00004172;0.00003767;0.00003844;11700920765
20251219 000000;0.00003844;0.00004235;0.00003825;0.00004157;6605507781
20251220 000000;0.00004157;0.00004186;0.0000409;0.00004111;3110874219
20251221 000000;0.00004111;0.00004141;0.00003983;0.00004069;5366366151
20251222 000000;0.00004069;0.00004171;0.00003984;0.00004045;7550629219
20251223 000000;0.00004045;0.00004081;0.00003932;0.00004016;5352646437
20251224 000000;0.00004016;0.00004054;0.00003899;0.00004033;5036400420
20251225 000000;0.00004033;0.00004116;0.00003914;0.00003924;4414590530
20251226 000000;0.00003924;0.00004089;0.00003905;0.00004007;4880480830
20251227 000000;0.00004007;0.00004106;0.00003956;0.0000409;3578347582
20251228 000000;0.0000409;0.00004122;0.00004009;0.00004072;6885700442
20251229 000000;0.00004072;0.00004189;0.00003913;0.00003925;6651169740
20251230 000000;0.00003925;0.00004035;0.00003909;0.00004014;4598685411
20251231 000000;0.00004014;0.00004021;0.00003862;0.00003941;9233605600
