20230622 000000;0.000000010404;0.000000010743;0.000000010033;0.000000010205;36609924414.02
20230623 000000;0.000000010205;0.000000010513;0.000000009266;0.000000010513;25850889009.88
20230624 000000;0.000000010513;0.000000010567;0.000000009268;0.000000009268;51690700049.29
20230625 000000;0.000000009268;0.000000010451;0.000000009224;0.000000010451;57796605906.49
20230626 000000;0.000000010451;0.000000010451;0.000000009017;0.000000010003;28310894272.13
20230627 000000;0.000000010003;0.000000012275;0.000000009415;0.00000000971;70027784535.47
20230628 000000;0.00000000971;0.000000010622;0.00000000933;0.000000010393;38088877719.81
20230629 000000;0.000000010393;0.000000010399;0.000000008101;0.000000008655;197025088989.62
20230630 000000;0.000000008655;0.000000009506;0.000000008;0.000000009506;212683957667.4
20230701 000000;0.000000009506;0.000000009997;0.00000000868;0.000000009372;45231263944.86
20230702 000000;0.000000009372;0.000000013061;0.000000009372;0.000000009636;179135572740.33
20230703 000000;0.000000009636;0.000000009944;0.000000009123;0.000000009944;193618130867.84
20230704 000000;0.000000009944;0.00000001144;0.000000009806;0.000000010405;19298875987.42
20230705 000000;0.000000010405;0.00000001183;0.000000010405;0.000000010747;6313283670.04
20230706 000000;0.000000010747;0.000000010972;0.000000009617;0.000000010588;36227409581.34
20230707 000000;0.000000010588;0.000000010588;0.000000009329;0.000000010001;48471719481.98
20230708 000000;0.000000010001;0.000000010299;0.000000009547;0.00000001029;31815178022.09
20230709 000000;0.00000001029;0.000000010425;0.000000009606;0.000000009901;2531826180.78
20230710 000000;0.000000009901;0.00000001098;0.000000009901;0.000000010766;33426628257.33
20230711 000000;0.000000010766;0.000000011001;0.000000010305;0.000000011001;18911440229.06
20230712 000000;0.000000011001;0.00000001845;0.000000009939;0.0000000107;798661580929.21
20230713 000000;0.0000000107;0.000000012344;0.000000010153;0.000000011146;179079453423.63
20230714 000000;0.000000011146;0.000000013671;0.000000011146;0.000000013352;55507371325.66
20230715 000000;0.000000013352;0.000000013352;0.000000011815;0.000000011823;2895993465.11
20230716 000000;0.000000011823;0.000000012274;0.000000011823;0.000000011843;11968369138.35
20230717 000000;0.000000011843;0.000000012197;0.000000011822;0.000000012197;13248925012.8
20230718 000000;0.000000012197;0.000000012914;0.000000011621;0.000000011621;39354795490.63
20230719 000000;0.000000011621;0.000000012308;0.000000011621;0.000000012006;4500030478.56
20230720 000000;0.000000012006;0.000000012622;0.00000001135;0.000000011399;478995056517.59
20230721 000000;0.000000011399;0.000000012619;0.000000011045;0.000000011299;390432192948.12
20230722 000000;0.000000011299;0.000000011299;0.000000010454;0.00000001054;75589581706.01
20230723 000000;0.00000001054;0.000000011899;0.00000001054;0.000000010821;47500102438
20230724 000000;0.000000010821;0.000000011429;0.000000010821;0.000000011337;4880050789.07
20230725 000000;0.000000011337;0.000000012043;0.000000010369;0.000000011026;17952142902.16
20230726 000000;0.000000011026;0.000000018;0.000000011026;0.000000011607;222445733694.25
20230727 000000;0.000000011607;0.000000015;0.000000011515;0.000000014937;281105055362.4
20230728 000000;0.000000014937;0.000000014937;0.000000013187;0.000000013187;4572471101.38
20230729 000000;0.000000013187;0.000000013187;0.000000012351;0.000000012826;20411741617.5
20230730 000000;0.000000012826;0.000000013494;0.000000012194;0.000000013491;61232751708.04
20230731 000000;0.000000013491;0.000000013982;0.000000013491;0.000000013982;7168212590.24
20230801 000000;0.000000013982;0.000000013982;0.000000012496;0.000000012496;24748359390.43
20230802 000000;0.000000012496;0.000000012496;0.00000001129;0.000000011821;182490773175.69
20230803 000000;0.000000011821;0.00000001243;0.000000011821;0.00000001243;2041203182.07
20230804 000000;0.00000001243;0.00000001243;0.0000000118;0.0000000118;27043934240.57
20230805 000000;0.0000000118;0.000000012222;0.00000001141;0.000000012222;39492575941.37
20230806 000000;0.000000012222;0.000000012222;0.000000011519;0.000000011544;36785501068.1
20230807 000000;0.000000011544;0.000000013691;0.000000011544;0.000000013683;45817508905.47
20230808 000000;0.000000013683;0.0000000149;0.000000012073;0.000000012117;102884169034.98
20230809 000000;0.000000012117;0.000000012431;0.000000011951;0.000000012431;11238366477.59
20230810 000000;0.000000012431;0.0000000169;0.000000012431;0.000000012535;94383779940.82
20230811 000000;0.000000012535;0.000000013807;0.000000012531;0.000000012822;14563662102.55
20230812 000000;0.000000012822;0.00000001348;0.000000012435;0.00000001247;8599598082.9
20230813 000000;0.00000001247;0.000000013287;0.000000011915;0.000000011918;20537820474.66
20230814 000000;0.000000011918;0.00000001358;0.000000011918;0.00000001358;43122966266.15
20230815 000000;0.00000001358;0.00000001384;0.000000012706;0.000000012706;4226153453.8
20230816 000000;0.000000012706;0.00000001329;0.000000012137;0.000000013116;44741406103.56
20230817 000000;0.000000013116;0.000000013116;0.000000010821;0.000000011898;826360053638.63
20230818 000000;0.000000011898;0.000000012498;0.000000011611;0.00000001162;34783722567.25
20230819 000000;0.00000001162;0.000000011964;0.00000001162;0.000000011964;24685117271.51
20230820 000000;0.000000011964;0.000000012847;0.000000011814;0.000000011915;25922164133.72
20230821 000000;0.000000011915;0.0000000129;0.000000011915;0.000000012;39681604312.07
20230822 000000;0.000000012;0.000000012152;0.000000011522;0.000000011522;17789842671
20230823 000000;0.000000011522;0.000000012329;0.000000011521;0.000000012329;25534048823.73
20230824 000000;0.000000012329;0.00000001233;0.000000011543;0.00000001193;11025354961.95
20230825 000000;0.00000001193;0.000000012759;0.00000001193;0.000000012759;5505872094.33
20230826 000000;0.000000012759;0.000000012759;0.000000012071;0.000000012071;6681781549.13
20230827 000000;0.000000012071;0.000000012683;0.000000012071;0.000000012683;1116750542.45
20230828 000000;0.000000012683;0.000000012684;0.000000011794;0.000000011881;4342926017.32
20230829 000000;0.000000011881;0.000000014884;0.000000011881;0.000000012295;161584792064.48
20230830 000000;0.000000012295;0.000000012295;0.000000011542;0.000000012097;59457239093.69
20230831 000000;0.000000012097;0.000000012464;0.000000011655;0.000000012464;10500829932.73
20230901 000000;0.000000012464;0.000000012464;0.000000012012;0.000000012012;1287364054.42
20230902 000000;0.000000012012;0.000000012428;0.000000011542;0.000000012428;10880846188.42
20230903 000000;0.000000012428;0.000000012428;0.000000011542;0.000000011542;5116721361.08
20230904 000000;0.000000011542;0.000000011551;0.000000011003;0.000000011004;16385436082.45
20230905 000000;0.000000011004;0.000000011714;0.0000000102;0.000000010401;556079745264.5
20230906 000000;0.000000010401;0.000000011749;0.00000000929;0.000000010534;387472476803.14
20230907 000000;0.000000010534;0.000000011276;0.0000000096;0.000000010199;341024911441.79
20230908 000000;0.000000010199;0.000000010201;0.000000009051;0.000000009981;150110056150.71
20230909 000000;0.000000009981;0.000000010062;0.0000000095;0.00000000951;103529373537.79
20230910 000000;0.00000000951;0.000000009893;0.000000009212;0.000000009255;46966613854.85
20230911 000000;0.000000009255;0.00000000927;0.000000008752;0.000000008752;21052444738.38
20230912 000000;0.000000008752;0.00000000937;0.000000008752;0.00000000937;17437106909.91
20230913 000000;0.00000000937;0.00000000937;0.000000008177;0.000000008897;71199368274.1
20230914 000000;0.000000008897;0.000000008897;0.000000008897;0.000000008897;0
20230915 000000;0.000000008897;0.000000008897;0.00000000817;0.00000000817;18889667068.25
20230916 000000;0.00000000817;0.00000001359;0.000000008007;0.000000008149;339969400064.91
20230917 000000;0.000000008149;0.000000008292;0.000000008007;0.0000000082;19890236729.36
20230918 000000;0.0000000082;0.000000008422;0.000000008031;0.000000008086;36522231185.03
20230919 000000;0.000000008086;0.000000008961;0.000000008086;0.000000008958;19628621902.92
20230920 000000;0.000000008958;0.000000008958;0.000000008958;0.000000008958;17996665102.76
20230921 000000;0.000000008958;0.000000009988;0.000000008512;0.000000008567;51212973964.77
20230922 000000;0.000000008567;0.00000000972;0.000000008501;0.000000008501;16413661484.12
20230923 000000;0.000000008501;0.00000000899;0.000000008501;0.000000008585;11042543002.08
20230924 000000;0.000000008585;0.000000008585;0.0000000085;0.0000000085;16990835990.45
20230925 000000;0.0000000085;0.0000000085;0.000000008012;0.000000008114;16516733773.56
20230926 000000;0.000000008114;0.000000009015;0.000000008005;0.000000008255;257258766033.49
20230927 000000;0.000000008255;0.000000008325;0.000000008255;0.000000008322;11803291937.66
20230928 000000;0.000000008322;0.000000010187;0.000000008123;0.00000000845;113381555555
20230929 000000;0.00000000845;0.000000009165;0.000000008202;0.000000008202;70363159332.7
20230930 000000;0.000000008202;0.000000008379;0.000000008115;0.000000008379;27179251948.23
20231001 000000;0.000000008379;0.000000008379;0.000000008379;0.000000008379;0
20231002 000000;0.000000008379;0.000000009488;0.000000008379;0.000000008705;1876505530.43
20231003 000000;0.000000008705;0.000000008821;0.000000008705;0.00000000882;2738563832.48
20231004 000000;0.00000000882;0.000000009437;0.000000008811;0.000000009421;7409451186.14
20231005 000000;0.000000009421;0.000000009421;0.000000008812;0.000000008812;2573820485.61
20231006 000000;0.000000008812;0.000000009299;0.000000008812;0.000000008812;11926115803.35
20231007 000000;0.000000008812;0.000000009278;0.000000008811;0.000000008811;2606698520.47
20231008 000000;0.000000008811;0.000000008811;0.000000008811;0.000000008811;0
20231009 000000;0.000000008811;0.000000008811;0.000000008811;0.000000008811;193595874.72
20231010 000000;0.000000008811;0.000000008811;0.000000008414;0.000000008414;1188495364.86
20231011 000000;0.000000008414;0.000000009039;0.000000008414;0.000000009039;2218291952.23
20231012 000000;0.000000009039;0.00000000904;0.000000008015;0.000000008023;30903833539.87
20231013 000000;0.000000008023;0.000000009063;0.000000008023;0.000000009063;59235992048.57
20231014 000000;0.000000009063;0.000000009063;0.000000008351;0.000000008449;15904784775.05
20231015 000000;0.000000008449;0.000000008461;0.000000008449;0.000000008461;2968427415.45
20231016 000000;0.000000008461;0.000000009288;0.00000000846;0.000000008511;33002237888.71
20231017 000000;0.000000008511;0.000000008646;0.000000008511;0.000000008646;2301088591.91
20231018 000000;0.000000008646;0.000000009171;0.000000008645;0.000000009169;29315439067.41
20231019 000000;0.000000009169;0.000000009169;0.000000008652;0.000000009168;2307551652.05
20231020 000000;0.000000009168;0.000000009168;0.000000008007;0.000000009121;186596637448.48
20231021 000000;0.000000009121;0.000000009167;0.0000000087;0.000000009167;67920657732.86
20231022 000000;0.000000009167;0.000000009167;0.000000009167;0.000000009167;0
20231023 000000;0.000000009167;0.000000010499;0.000000008827;0.000000010499;15055891060.74
20231024 000000;0.000000010499;0.000000010871;0.000000010499;0.0000000105;39569389381.83
20231025 000000;0.0000000105;0.0000000114;0.000000009554;0.000000009572;88537472985.73
20231026 000000;0.000000009572;0.00000001142;0.000000009572;0.00000001142;32335467895.84
20231027 000000;0.00000001142;0.0000000115;0.000000010506;0.000000010506;1086263391.75
20231028 000000;0.000000010506;0.000000010506;0.000000010506;0.000000010506;0
20231029 000000;0.000000010506;0.000000011919;0.000000010506;0.000000011919;3301289521.54
20231030 000000;0.000000011919;0.00000001192;0.000000010819;0.000000010911;10506176512.37
20231031 000000;0.000000010911;0.000000010911;0.000000010911;0.000000010911;0
20231101 000000;0.000000010911;0.000000012393;0.000000010911;0.00000001109;22551836094.35
20231102 000000;0.00000001109;0.000000012198;0.00000001109;0.000000011115;12327104714.64
20231103 000000;0.000000011115;0.000000011115;0.000000011113;0.000000011114;2639241996.79
20231104 000000;0.000000011114;0.000000011924;0.000000011097;0.000000011101;37087976381.14
20231105 000000;0.000000011101;0.000000012394;0.000000011101;0.000000012394;24322683104.55
20231106 000000;0.000000012394;0.000000013299;0.000000011617;0.000000013298;188852270549.8
20231107 000000;0.000000013298;0.000000013408;0.000000013298;0.000000013408;18853223727.39
20231108 000000;0.000000013408;0.000000015889;0.000000012511;0.000000015889;53806143307.47
20231109 000000;0.000000015889;0.000000016899;0.000000013878;0.000000014969;330112512688.34
20231110 000000;0.000000014969;0.000000016898;0.000000013938;0.000000014002;42373935619.31
20231111 000000;0.000000014002;0.000000015803;0.000000014002;0.000000015803;15805948405.58
20231112 000000;0.000000015803;0.000000017;0.000000013;0.000000014344;309526838636.15
20231113 000000;0.000000014344;0.000000014695;0.000000013441;0.000000013601;16196458537.05
20231114 000000;0.000000013601;0.00000001362;0.000000013135;0.000000013143;13558874205.51
20231115 000000;0.000000013143;0.000000013595;0.000000013143;0.000000013594;22911572127.46
20231116 000000;0.000000013594;0.000000013602;0.000000013594;0.0000000136;29313191799.86
20231117 000000;0.0000000136;0.000000013603;0.000000013132;0.000000013132;125137670829.46
20231118 000000;0.000000013132;0.000000013582;0.000000012547;0.000000013582;13774118868.75
20231119 000000;0.000000013582;0.0000000136;0.00000001192;0.000000013312;135331808608.59
20231120 000000;0.000000013312;0.000000013312;0.000000012704;0.000000012704;393576826.19
20231121 000000;0.000000012704;0.000000013498;0.000000012704;0.000000012889;6585100858.33
20231122 000000;0.000000012889;0.0000000129;0.000000012889;0.0000000129;1405237104.05
20231123 000000;0.0000000129;0.000000014094;0.0000000129;0.000000013992;7859049056.35
20231124 000000;0.000000013992;0.000000013992;0.000000012601;0.000000012601;3162108406.73
20231125 000000;0.000000012601;0.000000014043;0.000000012601;0.000000013752;48797263463.31
20231126 000000;0.000000013752;0.000000014899;0.000000013752;0.000000013752;17783545969.86
20231127 000000;0.000000013752;0.000000014996;0.000000012907;0.000000013375;14007343539.8
20231128 000000;0.000000013375;0.000000013995;0.000000013375;0.000000013995;17500475655.6
20231129 000000;0.000000013995;0.000000019;0.000000012005;0.000000013849;219458959571.51
20231130 000000;0.000000013849;0.000000014132;0.000000012209;0.000000013209;31342489096.79
20231201 000000;0.000000013209;0.000000013209;0.000000012347;0.0000000124;4408545448.49
20231202 000000;0.0000000124;0.00000001379;0.000000012301;0.000000013779;24674626477.92
20231203 000000;0.000000013779;0.000000015496;0.0000000126;0.000000012607;4374112325.87
20231204 000000;0.000000012607;0.000000014982;0.000000012607;0.000000013351;30985673183.07
20231205 000000;0.000000013351;0.0000000156;0.000000013351;0.000000014601;161532859618.89
20231206 000000;0.000000014601;0.00000002;0.000000013894;0.000000014545;398556108753.53
20231207 000000;0.000000014545;0.00000001795;0.000000014545;0.000000017285;245563845424.42
20231208 000000;0.000000017285;0.000000047;0.000000017285;0.000000037385;2687600287294.01
20231209 000000;0.000000037385;0.000000055;0.000000029;0.000000035882;3141766381958.54
20231210 000000;0.000000035882;0.00000004952;0.0000000335;0.000000034229;1143099891764.68
20231211 000000;0.000000034229;0.00000003655;0.000000026701;0.000000033;926420738180.73
20231212 000000;0.000000033;0.000000040799;0.0000000319;0.000000036106;1000556822674.22
20231213 000000;0.000000036106;0.000000043;0.000000033354;0.000000042411;420129315131.54
20231214 000000;0.000000042411;0.000000046879;0.000000036456;0.00000003755;365616934822.04
20231215 000000;0.00000003755;0.000000046198;0.000000033409;0.00000003496;566558595911.49
20231216 000000;0.00000003496;0.000000066666;0.000000033333;0.000000048;3126779118041.92
20231217 000000;0.000000048;0.0000000563;0.000000041;0.000000042004;1177519761044.7
20231218 000000;0.000000042004;0.000000045168;0.000000036231;0.000000042912;555691073307.99
20231219 000000;0.000000042912;0.000000045;0.00000003619;0.000000040471;408358461928.52
20231220 000000;0.000000040471;0.000000044885;0.000000036181;0.000000039122;231427946623.18
20231221 000000;0.000000039122;0.000000044995;0.000000035643;0.000000044242;162924363361.37
20231222 000000;0.000000044242;0.00000004859;0.000000038444;0.000000040001;244245187685.11
20231223 000000;0.000000040001;0.00000005;0.0000000376;0.000000038;552120826935.59
20231224 000000;0.000000038;0.000000041572;0.000000035;0.000000035;389387022799.72
20231225 000000;0.000000035;0.000000037705;0.000000031255;0.000000031693;198521795334.25
20231226 000000;0.000000031693;0.000000041;0.000000028056;0.00000002996;262653768115.2
20231227 000000;0.00000002996;0.000000033886;0.000000025001;0.000000032709;354788988476.23
20231228 000000;0.000000032709;0.000000039773;0.0000000255;0.000000029049;199250509761.41
20231229 000000;0.000000029049;0.000000030356;0.000000013;0.000000025358;1037864700955.69
20231230 000000;0.000000025358;0.00000003031;0.000000025169;0.000000030167;134907095924.81
20231231 000000;0.000000030167;0.000000034848;0.000000025618;0.000000026623;232224767815.86
