20260101 000000;0.000000015838;0.00000001952;0.000000015461;0.000000017653;148767837060.07
20260102 000000;0.000000017653;0.00000002049;0.000000017496;0.000000019521;75427397147.33
20260103 000000;0.000000019521;0.000000021956;0.000000019431;0.000000020029;78052089405.33
20260104 000000;0.000000020029;0.000000022768;0.000000019999;0.000000021131;127738070269.8
20260105 000000;0.000000021131;0.000000023519;0.000000020044;0.000000022;642810310594.16
20260106 000000;0.000000022;0.000000023;0.000000019551;0.00000002174;196023769443.17
20260107 000000;0.00000002174;0.000000022238;0.000000019551;0.000000019551;35356905080.96
20260108 000000;0.000000019551;0.000000020823;0.000000017783;0.000000018674;81086845409.45
20260109 000000;0.000000018674;0.000000019907;0.000000016501;0.000000016733;438300760883.89
20260110 000000;0.000000016733;0.000000018876;0.000000016705;0.000000016715;21882776209.26
20260111 000000;0.000000016715;0.00000001794;0.000000016395;0.000000017136;21478223703.88
20260112 000000;0.000000017136;0.00000002;0.000000016171;0.000000016171;57953222548.69
20260113 000000;0.000000016171;0.0000000213;0.000000015469;0.000000018476;115695635995.66
20260114 000000;0.000000018476;0.000000018515;0.000000017369;0.000000017621;41036181414.96
20260115 000000;0.000000017621;0.000000018887;0.000000017621;0.000000018024;21175520776.84
20260116 000000;0.000000018024;0.000000020009;0.000000017708;0.00000001823;27869772675.33
20260117 000000;0.00000001823;0.000000019473;0.000000017794;0.000000019121;24432701065.88
20260118 000000;0.000000019121;0.00000002;0.000000018613;0.000000019727;34715721904.57
20260119 000000;0.000000019727;0.000000019727;0.0000000147;0.000000016043;214789050666.84
20260120 000000;0.000000016043;0.000000016644;0.000000014733;0.000000015145;140983958415.79
20260121 000000;0.000000015145;0.000000017481;0.000000014845;0.000000015471;72911841107.88
20260122 000000;0.000000015471;0.000000016207;0.000000015471;0.000000015627;8753076321.56
20260123 000000;0.000000015627;0.000000016203;0.000000015316;0.000000015808;9815301690.39
20260124 000000;0.000000015808;0.000000016818;0.000000015523;0.000000016356;46914792727.51
20260125 000000;0.000000016356;0.000000016978;0.000000015371;0.000000015371;25267108158.77
20260126 000000;0.000000015371;0.000000016041;0.000000014701;0.000000015945;28317737852.09
20260127 000000;0.000000015945;0.00000001673;0.000000015945;0.000000016563;8095356000.58
20260128 000000;0.000000016563;0.000000016583;0.00000001525;0.00000001575;26117687614.79
20260129 000000;0.00000001575;0.000000016337;0.000000014569;0.000000014569;63485082187.38
20260130 000000;0.000000014569;0.0000000153;0.000000013002;0.000000013821;222317718810.26
20260131 000000;0.000000013821;0.000000013901;0.000000012199;0.000000012928;40697210765.14
20260201 000000;0.000000012928;0.000000015443;0.000000012399;0.000000012509;70010132449.77
20260202 000000;0.000000012509;0.000000013433;0.000000012232;0.000000012658;39876675587.22
20260203 000000;0.000000012658;0.000000013403;0.000000012235;0.00000001228;23133387115.43
20260204 000000;0.00000001228;0.000000013099;0.000000012001;0.000000012537;40092222492.29
20260205 000000;0.000000012537;0.000000014315;0.0000000119;0.000000012184;1027582089215.66
20260206 000000;0.000000012184;0.000000013218;0.000000010785;0.000000012945;583458520230.05
20260207 000000;0.000000012945;0.000000014318;0.000000012336;0.000000012671;38288440011.44
20260208 000000;0.000000012671;0.000000014838;0.000000012671;0.000000014286;31911855825.11
20260209 000000;0.000000014286;0.000000014286;0.000000013509;0.000000013509;2335383172.11
20260210 000000;0.000000013509;0.000000013509;0.000000012729;0.0000000135;4733521894.07
20260211 000000;0.0000000135;0.0000000135;0.000000012505;0.0000000135;6686044949.38
20260212 000000;0.0000000135;0.0000000135;0.00000001188;0.000000012328;23305150120
20260213 000000;0.000000012328;0.0000000135;0.000000012322;0.000000012638;24365111178.81
20260214 000000;0.000000012638;0.000000014286;0.000000012066;0.000000013767;13997159509.03
20260215 000000;0.000000013767;0.000000015122;0.000000013441;0.000000014351;2394863884.37
20260216 000000;0.000000014351;0.000000015054;0.000000013978;0.000000013978;7747999033.65
20260217 000000;0.000000013978;0.000000015;0.000000013425;0.00000001349;15246725287.53
20260218 000000;0.00000001349;0.000000014938;0.00000001349;0.000000013533;9628089536.51
20260219 000000;0.000000013533;0.000000016;0.000000013383;0.000000014149;43961645170.58
20260220 000000;0.000000014149;0.000000015297;0.000000013182;0.000000013615;68342717901.63
20260221 000000;0.000000013615;0.00000001521;0.000000013541;0.000000013546;5832573416.97
20260222 000000;0.000000013546;0.000000014901;0.000000013546;0.000000013779;41341827073.82
20260223 000000;0.000000013779;0.00000001423;0.000000012732;0.000000012732;35513684018.67
20260224 000000;0.000000012732;0.000000013589;0.000000012384;0.000000013113;20307198947.6
20260225 000000;0.000000013113;0.000000016666;0.000000012139;0.000000013844;209245505204.12
20260226 000000;0.000000013844;0.000000015094;0.000000012965;0.0000000134;62335229133.47
20260227 000000;0.0000000134;0.000000014021;0.000000012211;0.0000000128;77347363884.95
20260228 000000;0.0000000128;0.000000015095;0.000000012215;0.000000013516;34499655169.1
20260301 000000;0.000000013516;0.00000001431;0.000000013249;0.000000013577;8668113560.5
20260302 000000;0.000000013577;0.000000013975;0.00000001325;0.000000013759;85973203736.88
20260303 000000;0.000000013759;0.000000013759;0.000000012846;0.000000012846;41389376889.91
20260304 000000;0.000000012846;0.000000014842;0.000000012846;0.0000000142;11161359496.1
20260305 000000;0.0000000142;0.000000014469;0.000000012;0.000000013885;63718270613.94
20260306 000000;0.000000013885;0.000000013885;0.000000012288;0.000000012289;58956465069.88
20260307 000000;0.000000012289;0.000000013774;0.000000012043;0.000000013774;14947736010.08
20260308 000000;0.000000013774;0.000000013775;0.000000012414;0.000000012441;14757286820.06
20260309 000000;0.000000012441;0.000000013911;0.000000012;0.00000001349;46850746000.5
20260310 000000;0.00000001349;0.00000001756;0.000000012004;0.000000012581;86179480800.04
20260311 000000;0.000000012581;0.000000012581;0.000000012004;0.000000012089;26076906480.03
20260312 000000;0.000000012089;0.000000012618;0.000000012001;0.000000012582;14067556850.69
20260313 000000;0.000000012582;0.00000001421;0.000000012369;0.000000013137;25382229940.29
20260314 000000;0.000000013137;0.000000013141;0.000000012651;0.000000012651;1145874925.64
20260315 000000;0.000000012651;0.000000012714;0.00000001213;0.000000012714;15822964268.9
20260316 000000;0.000000012714;0.000000014584;0.000000012714;0.000000013015;43235905497.89
20260317 000000;0.000000013015;0.000000013015;0.000000012214;0.000000012386;2127254811.93
20260318 000000;0.000000012386;0.0000000137;0.000000012185;0.000000012727;35503256656.96
20260319 000000;0.000000012727;0.000000012733;0.00000001221;0.000000012416;35333187428.15
20260320 000000;0.000000012416;0.000000012444;0.000000011485;0.000000012204;18297875471.74
20260321 000000;0.000000012204;0.000000013149;0.000000010617;0.000000012492;30449646102.16
20260322 000000;0.000000012492;0.000000012493;0.000000010751;0.000000011977;15778385509.69
20260323 000000;0.000000011977;0.000000012122;0.000000010728;0.000000011585;12610702275.21
20260324 000000;0.000000011585;0.000000012291;0.000000011268;0.000000011344;23320014889.98
20260325 000000;0.000000011344;0.000000012133;0.000000011105;0.000000011903;7103954394.05
20260326 000000;0.000000011903;0.000000012291;0.000000010399;0.000000011589;167811584067.3
20260327 000000;0.000000011589;0.000000011589;0.000000010276;0.00000001069;52130736652.36
20260328 000000;0.00000001069;0.000000011307;0.000000010127;0.00000001049;17108411029.4
20260329 000000;0.00000001049;0.000000011496;0.00000001049;0.000000010527;6550053207.21
20260330 000000;0.000000010527;0.000000010941;0.000000010175;0.000000010222;15136127881.38
20260331 000000;0.000000010222;0.000000010222;0.00000001;0.000000010183;196574395919
20260401 000000;0.000000010183;0.00000001069;0.000000009861;0.000000010417;12475384198.5
20260402 000000;0.000000010417;0.000000010617;0.00000001;0.000000010491;3246622680.42
20260403 000000;0.000000010491;0.000000011554;0.000000010245;0.000000010845;24701275882.37
20260404 000000;0.000000010845;0.000000011134;0.00000001067;0.00000001067;3609932848.16
20260405 000000;0.00000001067;0.00000001106;0.000000009585;0.000000010844;56898158187.14
20260406 000000;0.000000010844;0.000000012292;0.000000010416;0.000000010965;45575517000.01
20260407 000000;0.000000010965;0.000000011035;0.000000010217;0.000000010824;77674876846.25
20260408 000000;0.000000010824;0.000000011193;0.000000010088;0.000000010612;26865198938.64
20260409 000000;0.000000010612;0.000000010659;0.000000010612;0.000000010659;7815328226.28
20260410 000000;0.000000010659;0.00000001095;0.000000010312;0.000000010325;269104064964.86
20260411 000000;0.000000010325;0.00000001105;0.000000010325;0.000000010548;4342181867.98
20260412 000000;0.000000010548;0.000000010548;0.000000010245;0.000000010245;38271375819.66
20260413 000000;0.000000010245;0.000000010245;0.00000000765;0.000000009911;227200614574.39
20260414 000000;0.000000009911;0.000000011716;0.000000009554;0.000000010193;16533532648.08
20260415 000000;0.000000010193;0.000000011134;0.000000009892;0.000000010679;38836517247.21
20260416 000000;0.000000010679;0.0000000125;0.000000010679;0.000000012431;17868732644.69
20260417 000000;0.000000012431;0.00000001349;0.000000012431;0.000000013338;8998852676.39
20260418 000000;0.000000013338;0.000000013392;0.000000012323;0.000000012719;18126077292.34
20260419 000000;0.000000012719;0.000000012905;0.00000001235;0.000000012393;6156125943.94
20260420 000000;0.000000012393;0.000000014748;0.00000001235;0.0000000126;35116118653.72
20260421 000000;0.0000000126;0.0000000126;0.000000012353;0.000000012543;2065243985.26
20260422 000000;0.000000012543;0.000000012583;0.00000001235;0.00000001235;29365445957.17
20260423 000000;0.00000001235;0.000000012534;0.00000001235;0.000000012507;965021448.75
20260424 000000;0.000000012507;0.000000012677;0.000000012507;0.00000001267;614448905.7
20260425 000000;0.00000001267;0.000000012923;0.000000012501;0.000000012503;10999425851.57
20260426 000000;0.000000012503;0.000000012617;0.000000011616;0.000000011775;28360736903.73
20260427 000000;0.000000011775;0.000000011775;0.000000011775;0.000000011775;1358811041.31
20260428 000000;0.000000011775;0.000000011869;0.00000001175;0.000000011869;2324165112.65
20260429 000000;0.000000011869;0.000000011983;0.000000011279;0.000000011438;13449591307.04
20260430 000000;0.000000011438;0.000000011699;0.000000011397;0.000000011576;3804671667.73
20260501 000000;0.000000011576;0.000000011957;0.000000010993;0.00000001137;15870985939.92
20260502 000000;0.00000001137;0.000000011957;0.00000001137;0.000000011957;1310100740.02
20260503 000000;0.000000011957;0.000000013109;0.000000011953;0.000000012445;16588391853.72
20260504 000000;0.000000012445;0.000000013;0.000000011504;0.000000011556;83566298750.02
20260505 000000;0.000000011556;0.000000011983;0.000000011374;0.000000011847;112738822976.96
20260506 000000;0.000000011847;0.000000012014;0.000000011847;0.000000012014;1873180738.42
20260507 000000;0.000000012014;0.000000014511;0.000000011917;0.000000012504;17570374003.01
20260508 000000;0.000000012504;0.000000012539;0.000000010916;0.000000011708;83536070120.4
20260509 000000;0.000000011708;0.000000015165;0.000000011708;0.000000013306;195961639125.27
20260510 000000;0.000000013306;0.000000013812;0.000000012777;0.000000013812;14521494952.89
20260511 000000;0.000000013812;0.000000013813;0.000000013592;0.000000013592;6142592693.79
20260512 000000;0.000000013592;0.000000013657;0.000000013021;0.000000013066;3295487768.44
20260513 000000;0.000000013066;0.000000013856;0.000000013066;0.000000013856;7892440576.9
20260514 000000;0.000000013856;0.000000014001;0.000000012899;0.000000012899;67069238114.28
20260515 000000;0.000000012899;0.000000013108;0.000000011709;0.000000011891;45925682787.29
20260516 000000;0.000000011891;0.000000012179;0.000000010913;0.000000010913;52918274736.68
20260517 000000;0.000000010913;0.000000012406;0.000000010741;0.00000001111;24203516684.32
20260518 000000;0.00000001111;0.000000011264;0.000000010651;0.000000010651;29583531246.13
20260519 000000;0.000000010651;0.000000012315;0.000000010291;0.000000011041;23855116657.83
20260520 000000;0.000000011041;0.000000011222;0.000000010491;0.000000010491;15750140599.91
20260521 000000;0.000000010491;0.000000010725;0.000000010491;0.000000010725;949288253.69
20260522 000000;0.000000010725;0.000000010885;0.00000001029;0.000000010459;6143890309.44
20260523 000000;0.000000010459;0.000000011411;0.000000010099;0.000000010854;29431689281.8
20260524 000000;0.000000010854;0.000000011774;0.000000010674;0.000000011166;22281623131.28
20260525 000000;0.000000011166;0.000000011319;0.000000011166;0.000000011192;4248217031.68
20260526 000000;0.000000011192;0.000000011417;0.00000001006;0.000000010358;21883181926.7
20260527 000000;0.000000010358;0.000000011214;0.000000009869;0.000000010319;53625507258.8
20260528 000000;0.000000010319;0.0000000111;0.000000009927;0.000000010441;33074387483
20260529 000000;0.000000010441;0.000000011065;0.000000009928;0.000000010061;67024104372.64
20260530 000000;0.000000010061;0.000000010288;0.000000007937;0.000000010015;241540417028.95
20260531 000000;0.000000010015;0.000000010532;0.000000010015;0.000000010532;29451675610.79
20260601 000000;0.000000010532;0.0000000111;0.000000009004;0.000000009479;116968825721.53
20260602 000000;0.000000009479;0.000000010995;0.000000009014;0.000000009299;55571073529.62
20260603 000000;0.000000009299;0.000000009885;0.000000008748;0.000000008849;84950056746.66
20260604 000000;0.000000008849;0.000000008849;0.000000008006;0.000000008316;156764794064.2
20260605 000000;0.000000008316;0.000000008401;0.000000007085;0.000000007098;195832134881.76
20260606 000000;0.000000007098;0.000000007143;0.000000006858;0.000000006927;25375240135.89
20260607 000000;0.000000006927;0.000000007824;0.000000006927;0.00000000709;167454684810.44
20260608 000000;0.00000000709;0.000000007805;0.00000000709;0.000000007748;11566119716.7
20260609 000000;0.000000007748;0.000000008135;0.000000007284;0.000000007319;17963077344.12
20260610 000000;0.000000007319;0.000000007319;0.000000006851;0.000000007109;12166298517.16
20260611 000000;0.000000007109;0.000000008212;0.000000007109;0.000000007416;53752830548.11
20260612 000000;0.000000007416;0.000000008123;0.000000006901;0.000000008123;30025057218.28
20260613 000000;0.000000008123;0.0000000086;0.000000007367;0.000000007388;55446242723.72
20260614 000000;0.000000007388;0.000000007592;0.000000005899;0.000000006698;160761691952.68
20260615 000000;0.000000006698;0.0000000088;0.000000006698;0.000000006783;158801349625.91
20260616 000000;0.000000006783;0.00000000712;0.000000006779;0.000000007046;22923097161.11
20260617 000000;0.000000007046;0.000000007115;0.0000000067;0.000000006789;27716675228.29
20260618 000000;0.000000006789;0.000000006789;0.0000000059;0.000000006433;82176789219.72
20260619 000000;0.000000006433;0.00000000786;0.000000005902;0.000000006382;67352546076.98
20260620 000000;0.000000006382;0.000000007229;0.000000006382;0.000000007181;13053978907.7
