20250101 000000;0.00005;0.000055;0.00004353;0.0000498;1106425270.97
20250102 000000;0.0000498;0.00005399;0.00004733;0.00004907;1079202592.85
20250103 000000;0.00004907;0.00004915;0.00004558;0.00004794;1548054230.05
20250104 000000;0.00004794;0.00005299;0.00004733;0.00004922;997406961.86
20250105 000000;0.00004922;0.00005008;0.00004648;0.00004696;516052848.02
20250106 000000;0.00004696;0.00005659;0.00004645;0.00004983;998818953.98
20250107 000000;0.00004983;0.00005151;0.00004688;0.0000469;1066288792.03
20250108 000000;0.0000469;0.00005554;0.0000465;0.00005056;1238094448.37
20250109 000000;0.00005056;0.00006;0.00004669;0.00004858;781529090.02
20250110 000000;0.00004858;0.00005261;0.00004849;0.0000509;1378543479.64
20250111 000000;0.0000509;0.00005672;0.00004972;0.0000555;947627596.61
20250112 000000;0.0000555;0.0000578;0.00005163;0.00005178;1397938405.95
20250113 000000;0.00005178;0.00006002;0.00004972;0.00005058;1219252165.94
20250114 000000;0.00005058;0.00005897;0.00005;0.0000518;1363325186.95
20250115 000000;0.0000518;0.00006116;0.00005163;0.00005823;1054055856.38
20250116 000000;0.00005823;0.00006116;0.00005672;0.00005787;1185060580.02
20250117 000000;0.00005787;0.00006471;0.00005463;0.00006148;816667414.02
20250118 000000;0.00006148;0.00006421;0.00005567;0.0000573;919335089.75
20250119 000000;0.0000573;0.0000578;0.0000382;0.00004171;1719774499.89
20250120 000000;0.00004171;0.00004288;0.00003967;0.00004277;1662973412.69
20250121 000000;0.00004277;0.00004358;0.00004042;0.00004047;1035201117.45
20250122 000000;0.00004047;0.00004224;0.00003833;0.0000405;1589879826.3
20250123 000000;0.0000405;0.00004224;0.00003992;0.0000405;1245942299.25
20250124 000000;0.0000405;0.00004305;0.00003918;0.00004303;1379931931.99
20250125 000000;0.00004303;0.0000447;0.00003918;0.00004111;856623904.99
20250126 000000;0.00004111;0.00007445;0.00003992;0.00007266;1094292165.16
20250127 000000;0.00007266;0.00012;0.00007184;0.00007722;901967180.65
20250128 000000;0.00007722;0.00008;0.00007528;0.00007952;745913712.08
20250129 000000;0.00007952;0.00008117;0.00007028;0.00007303;651766290.97
20250130 000000;0.00007303;0.00007388;0.0000643;0.00006612;757578022.85
20250131 000000;0.00006612;0.00007817;0.00006587;0.00007526;1004419723.76
20250201 000000;0.00007526;0.00007966;0.00005468;0.00006138;989683601.34
20250202 000000;0.00006138;0.00006138;0.00005571;0.00005717;891625099.58
20250203 000000;0.00005717;0.00005719;0.00003835;0.00003976;1770896062.68
20250204 000000;0.00003976;0.00004122;0.00003752;0.00004056;1344970854.39
20250205 000000;0.00004056;0.000065;0.00003488;0.00005755;1605406677.29
20250206 000000;0.00005755;0.00008157;0.00004301;0.00004383;844195835.97
20250207 000000;0.00004383;0.00004638;0.00004225;0.00004505;1127052352.08
20250208 000000;0.00004505;0.00004551;0.00004301;0.00004381;1134518818.88
20250209 000000;0.00004381;0.00004466;0.00004221;0.00004383;1610206475.73
20250210 000000;0.00004383;0.00004638;0.00004282;0.00004496;1211652157.41
20250211 000000;0.00004496;0.00004578;0.00004143;0.00004301;1208674589.19
20250212 000000;0.00004301;0.00004466;0.00004166;0.00004301;1313859428.28
20250213 000000;0.00004301;0.00004726;0.00004171;0.00004688;1491280700.3
20250214 000000;0.00004688;0.00005526;0.00004612;0.00005285;1048766336.11
20250215 000000;0.00005285;0.00006036;0.00005192;0.0000576;1235538785.74
20250216 000000;0.0000576;0.00006036;0.000056;0.00005831;850265753.68
20250217 000000;0.00005831;0.00006267;0.0000572;0.00006065;1144951940.66
20250218 000000;0.00006065;0.00006151;0.0000572;0.00005828;789563366.27
20250219 000000;0.00005828;0.00006036;0.0000572;0.00005963;1151958156.5
20250220 000000;0.00005963;0.00006583;0.00005923;0.00006523;983634764.3
20250221 000000;0.00006523;0.00006632;0.0000629;0.0000629;773275979.9
20250222 000000;0.0000629;0.00007286;0.0000629;0.00007087;795615450.61
20250223 000000;0.00007087;0.0000715;0.00006146;0.00006341;750431432.44
20250224 000000;0.00006341;0.00006495;0.00006036;0.00006374;877003120.86
20250225 000000;0.00006374;0.00006387;0.00006036;0.00006324;1164768931.54
20250226 000000;0.00006324;0.00006508;0.00005721;0.00005783;809650271.77
20250227 000000;0.00005783;0.00006069;0.00005719;0.00005916;941684557.53
20250228 000000;0.00005916;0.00006151;0.0000572;0.00005813;909558658.99
20250301 000000;0.00005813;0.00006268;0.0000572;0.00005794;1259480915.93
20250302 000000;0.00005794;0.00006036;0.00005706;0.00005762;926166252.61
20250303 000000;0.00005762;0.00006268;0.00005705;0.00006182;843085485.19
20250304 000000;0.00006182;0.00006632;0.00005923;0.00006062;907642069.9
20250305 000000;0.00006062;0.00006144;0.00005625;0.00005796;1139091606.77
20250306 000000;0.00005796;0.00006151;0.00005598;0.00005684;885155700.53
20250307 000000;0.00005684;0.00005923;0.00005494;0.00005617;877318590.58
20250308 000000;0.00005617;0.00005618;0.000052;0.00005315;944165484.03
20250309 000000;0.00005315;0.00005494;0.00005207;0.00005207;1183674933.97
20250310 000000;0.00005207;0.00005494;0.00005095;0.00005095;862567965.84
20250311 000000;0.00005095;0.00005391;0.00005;0.00005328;962015506.52
20250312 000000;0.00005328;0.00005375;0.0000491;0.00004998;1000740994.62
20250313 000000;0.00004998;0.00005291;0.00004907;0.0000507;1213005004.44
20250314 000000;0.0000507;0.00005128;0.00004816;0.00004986;1533795587.14
20250315 000000;0.00004986;0.00006041;0.00004907;0.00005923;950486519.67
20250316 000000;0.00005923;0.00006387;0.00005813;0.00006387;846890348.72
20250317 000000;0.00006387;0.00006597;0.00006268;0.00006352;798323777.36
20250318 000000;0.00006352;0.00006632;0.00006151;0.00006367;1031838073.64
20250319 000000;0.00006367;0.000095;0.00006367;0.00006608;738385577.53
20250320 000000;0.00006608;0.00006864;0.00006468;0.00006798;943052930.84
20250321 000000;0.00006798;0.00007222;0.00006471;0.00007082;960123981.08
20250322 000000;0.00007082;0.00007241;0.00006843;0.00007236;698476355.06
20250323 000000;0.00007236;0.00007519;0.00006973;0.00007213;721207990.01
20250324 000000;0.00007213;0.00007807;0.00006851;0.0000775;769947720.21
20250325 000000;0.0000775;0.00007881;0.00006591;0.00006714;680239700.86
20250326 000000;0.00006714;0.00007202;0.00006595;0.00007058;735382050.03
20250327 000000;0.00007058;0.00007379;0.00006915;0.00007158;708195640.7
20250328 000000;0.00007158;0.00007648;0.00007093;0.00007516;715850813
20250329 000000;0.00007516;0.00007648;0.00006961;0.00007143;967986761.12
20250330 000000;0.00007143;0.00007487;0.00006938;0.00007228;729652585.99
20250331 000000;0.00007228;0.00007326;0.00006831;0.0000706;982197353.01
20250401 000000;0.0000706;0.00007365;0.00006831;0.00006932;725835350.42
20250402 000000;0.00006932;0.00007269;0.00006704;0.00006961;731466499.09
20250403 000000;0.00006961;0.00007228;0.00006825;0.00006871;717417667.44
20250404 000000;0.00006871;0.0000722;0.00006736;0.00007062;719409386.11
20250405 000000;0.00007062;0.000072;0.00006728;0.00006814;755732667.43
20250406 000000;0.00006814;0.00007365;0.00006579;0.00007364;703091989.17
20250407 000000;0.00007364;0.00007505;0.00007279;0.00007482;715927107.47
20250408 000000;0.00007482;0.00007505;0.0000731;0.0000731;690336791.47
20250409 000000;0.0000731;0.00007397;0.00006318;0.00006393;750414323.13
20250410 000000;0.00006393;0.00006704;0.00006218;0.00006245;760815955.94
20250411 000000;0.00006245;0.00006456;0.00004213;0.00005343;6765828.35
20250412 000000;0.00005343;0.00006455;0.00005331;0.00005934;1199269.72
20250413 000000;0.00005934;0.00005934;0.00005934;0.00005934;861139.19
20250414 000000;0.00005934;0.00005934;0.00005881;0.00005885;10493066.52
20250415 000000;0.00005885;0.0002288;0.00003303;0.000063;35602885.89
20250416 000000;0.000063;0.00008246;0.00005349;0.00005509;322348574.35
20250417 000000;0.00005509;0.00005522;0.000054;0.000054;84554500.91
20250418 000000;0.000054;0.00014;0.00004356;0.00004391;707835407.25
20250419 000000;0.00004391;0.00004391;0.00004141;0.000043;494150598.99
20250420 000000;0.000043;0.0000465;0.00004257;0.00004582;559511424.52
20250421 000000;0.00004582;0.00004683;0.00004418;0.00004517;1123653678.99
20250422 000000;0.00004517;0.0000461;0.00004105;0.00004147;587582360.61
20250423 000000;0.00004147;0.00004291;0.00004097;0.00004213;1069452231.83
20250424 000000;0.00004213;0.00004291;0.00004125;0.00004287;1182850372.88
20250425 000000;0.00004287;0.00005735;0.0000419;0.00005175;852526723.21
20250426 000000;0.00005175;0.00005175;0.00004933;0.00005051;1019090055.51
20250427 000000;0.00005051;0.00005075;0.00004977;0.00004988;707603927.24
20250428 000000;0.00004988;0.0000502;0.00004884;0.0000495;1123462896.05
20250429 000000;0.0000495;0.00005265;0.00004867;0.00005265;980089624.96
20250430 000000;0.00005265;0.00005331;0.000052;0.00005277;966879723.74
20250501 000000;0.00005277;0.00005403;0.00005247;0.00005279;945660323.2
20250502 000000;0.00005279;0.00005423;0.000052;0.00005239;984829284.1
20250503 000000;0.00005239;0.00005316;0.000052;0.00005276;1028894710.86
20250504 000000;0.00005276;0.00005406;0.00005263;0.00005289;953464095.02
20250505 000000;0.00005289;0.00005369;0.00005211;0.00005249;1318040376.82
20250506 000000;0.00005249;0.00005369;0.00005211;0.00005241;959366007.37
20250507 000000;0.00005241;0.00005327;0.000052;0.00005306;984876589.6
20250508 000000;0.00005306;0.00005421;0.00005201;0.00005338;984744452.29
20250509 000000;0.00005338;0.00005402;0.00005127;0.00005181;982252209.72
20250510 000000;0.00005181;0.00005217;0.000051;0.00005191;972405931.67
20250511 000000;0.00005191;0.00005306;0.00005127;0.00005272;994608928.71
20250512 000000;0.00005272;0.00005272;0.000051;0.000051;970086620.42
20250513 000000;0.000051;0.00005413;0.000051;0.00005327;952284094.86
20250514 000000;0.00005327;0.00005384;0.00005217;0.00005217;952725256.57
20250515 000000;0.00005217;0.00005413;0.00005201;0.00005309;1010479529.64
20250516 000000;0.00005309;0.00005359;0.00005181;0.00005217;990794369.51
20250517 000000;0.00005217;0.00005306;0.0000515;0.00005256;1028089554.4
20250518 000000;0.00005256;0.00005577;0.00005201;0.00005459;932127974.41
20250519 000000;0.00005459;0.00005663;0.00005359;0.00005495;991765620.95
20250520 000000;0.00005495;0.00005556;0.0000529;0.00005327;926234688.89
20250521 000000;0.00005327;0.00005459;0.00005254;0.00005359;962427962.12
20250522 000000;0.00005359;0.00005426;0.0000515;0.00005166;1318846820.55
20250523 000000;0.00005166;0.00005306;0.000051;0.00005145;975709042.17
20250524 000000;0.00005145;0.00005206;0.000051;0.0000515;973995040.38
20250525 000000;0.0000515;0.00005413;0.0000515;0.00005365;940986077.99
20250526 000000;0.00005365;0.00005467;0.00005309;0.00005402;938553729.41
20250527 000000;0.00005402;0.00005517;0.00005359;0.00005478;972972240.59
20250528 000000;0.00005478;0.00005559;0.00005413;0.00005517;936201424.91
20250529 000000;0.00005517;0.00005521;0.00005306;0.00005401;941129721.46
20250530 000000;0.00005401;0.00005481;0.00005309;0.00005467;943399436.91
20250531 000000;0.00005467;0.00005531;0.00005384;0.00005478;954884854.31
20250601 000000;0.00005478;0.00005577;0.00005421;0.00005498;913655450.6
20250602 000000;0.00005498;0.00005536;0.0000529;0.00005309;931813671
20250603 000000;0.00005309;0.00005413;0.00005272;0.00005359;952852771.31
20250604 000000;0.00005359;0.00005384;0.00005254;0.00005327;973705744.25
20250605 000000;0.00005327;0.00005417;0.00005306;0.0000541;988417929.31
20250606 000000;0.0000541;0.00005471;0.0000531;0.00005382;1041069598.88
20250607 000000;0.00005382;0.00005417;0.00005257;0.00005359;952048111.38
20250608 000000;0.00005359;0.00005471;0.00005205;0.0000531;935234381.64
20250609 000000;0.0000531;0.0000531;0.00005126;0.00005162;982955950.68
20250610 000000;0.00005162;0.00005183;0.0000512;0.00005144;1011764152.19
20250611 000000;0.00005144;0.00005152;0.00005106;0.00005108;1096650583.82
20250612 000000;0.00005108;0.00005167;0.00005091;0.00005162;638425738.36
20250613 000000;0.00005162;0.00005183;0.00005137;0.0000518;981429054.3
20250614 000000;0.0000518;0.00005183;0.00005121;0.00005133;1054873588.65
20250615 000000;0.00005133;0.00005167;0.00005121;0.00005137;1046528908.36
20250616 000000;0.00005137;0.00005214;0.00005137;0.00005183;1126867806.54
20250617 000000;0.00005183;0.00005245;0.00005183;0.00005234;970447391.94
20250618 000000;0.00005234;0.00005245;0.00005167;0.00005167;960856735
20250619 000000;0.00005167;0.00005261;0.00005152;0.00005162;993563204.64
20250620 000000;0.00005162;0.00005277;0.00005152;0.00005183;1076945343.19
20250621 000000;0.00005183;0.00005245;0.00005183;0.00005214;974702859.93
20250622 000000;0.00005214;0.00005245;0.00005167;0.00005198;953453007.55
20250623 000000;0.00005198;0.00007475;0.00005167;0.00007036;6003417232.59
20250624 000000;0.00007036;0.00007795;0.00003;0.00004538;2046237604.37
20250625 000000;0.00004538;0.00004761;0.00004513;0.00004557;1163158059.76
20250626 000000;0.00004557;0.00004869;0.00004557;0.00004748;1079903186.82
20250627 000000;0.00004748;0.00004792;0.00004697;0.00004764;1073860121.68
20250628 000000;0.00004764;0.00004831;0.00004735;0.00004792;1429114840.14
20250629 000000;0.00004792;0.0000485;0.00004716;0.00004754;1053803331.46
20250630 000000;0.00004754;0.00004773;0.0000466;0.0000466;1082401131.04
20250701 000000;0.0000466;0.00004811;0.0000466;0.00004811;1087480558.7
20250702 000000;0.00004811;0.0000485;0.00004735;0.00004773;1085410261.47
20250703 000000;0.00004773;0.00004801;0.00004716;0.00004801;1061002681.41
20250704 000000;0.00004801;0.0000485;0.00004754;0.00004778;1096897182.15
20250705 000000;0.00004778;0.0000541;0.00004303;0.0000478;1093418064.8
20250706 000000;0.0000478;0.00004818;0.00004723;0.0000478;1055358785.49
20250707 000000;0.0000478;0.00004851;0.00004757;0.00004796;1087177484.18
20250708 000000;0.00004796;0.00004819;0.00004734;0.00004757;1102738418.25
20250709 000000;0.00004757;0.00004819;0.00004734;0.00004815;1095283984.99
20250710 000000;0.00004815;0.00004834;0.00004739;0.00004777;1106797256.64
20250711 000000;0.00004777;0.00004862;0.00004777;0.00004777;1077988664.07
20250712 000000;0.00004777;0.00004815;0.00004734;0.00004734;1061693880.77
20250713 000000;0.00004734;0.00004819;0.00004734;0.00004819;1063729878.65
20250714 000000;0.00004819;0.00004853;0.00004777;0.00004777;1101576710.11
20250715 000000;0.00004777;0.00004819;0.00004729;0.00004737;1080512567.18
20250716 000000;0.00004737;0.00004777;0.00004692;0.00004739;1057005419.96
20250717 000000;0.00004739;0.00004777;0.00004682;0.0000472;1106891489.05
20250718 000000;0.0000472;0.00004734;0.00004663;0.00004682;1301133420.85
20250719 000000;0.00004682;0.00004733;0.0000465;0.00004733;1092004388.65
20250720 000000;0.00004733;0.00004734;0.00004663;0.00004706;1077117388.93
20250721 000000;0.00004706;0.00004757;0.00004682;0.0000472;1114286252.69
20250722 000000;0.0000472;0.00004777;0.0000472;0.00004734;1071437716.72
20250723 000000;0.00004734;0.00004796;0.00004734;0.00004777;1064500473.87
20250724 000000;0.00004777;0.00004815;0.00004734;0.00004796;1037995476.67
20250725 000000;0.00004796;0.00004819;0.00004739;0.00004819;1040754778.07
20250726 000000;0.00004819;0.00004931;0.00004796;0.00004834;1304403730.41
20250727 000000;0.00004834;0.00004863;0.00004777;0.00004834;1069209726.64
20250728 000000;0.00004834;0.00004892;0.00004819;0.00004819;1066163392.03
20250729 000000;0.00004819;0.00004907;0.00004819;0.00004824;1038002652.32
20250730 000000;0.00004824;0.00004853;0.00004777;0.00004796;1104544790.28
20250731 000000;0.00004796;0.00004819;0.0000472;0.00004757;1055885806.93
20250801 000000;0.00004757;0.00004777;0.00004692;0.00004754;1087020155.6
20250802 000000;0.00004754;0.00004776;0.00004663;0.00004663;1141161177.03
20250803 000000;0.00004663;0.00004734;0.0000465;0.00004701;1076296110.03
20250804 000000;0.00004701;0.00004739;0.0000465;0.00004692;1083368013.88
20250805 000000;0.00004692;0.00004852;0.00004692;0.00004769;1066275545.97
20250806 000000;0.00004769;0.00004819;0.00004734;0.00004734;1055948737.56
20250807 000000;0.00004734;0.00004819;0.00004734;0.00004757;1103960168.92
20250808 000000;0.00004757;0.00004834;0.00004734;0.00004796;1107855069.09
20250809 000000;0.00004796;0.00004853;0.00004777;0.0000481;1043587372.1
20250810 000000;0.0000481;0.00004819;0.0000472;0.0000472;1076571369.57
20250811 000000;0.0000472;0.00004776;0.00004692;0.0000472;1118728440.81
20250812 000000;0.0000472;0.00004774;0.00004701;0.00004741;1238762173.94
20250813 000000;0.00004741;0.00004769;0.00004689;0.00004769;1062924636.57
20250814 000000;0.00004769;0.00004774;0.00004689;0.00004694;1065153306.97
20250815 000000;0.00004694;0.00004789;0.00004694;0.0000475;1070091902.3
20250816 000000;0.0000475;0.00004817;0.00004732;0.00004769;1064394844.47
20250817 000000;0.00004769;0.00004808;0.00004732;0.00004762;1060339264.03
20250818 000000;0.00004762;0.00004774;0.00004713;0.00004769;1055812259.55
20250819 000000;0.00004769;0.00004769;0.00004652;0.00004689;1110440061.36
20250820 000000;0.00004689;0.00004731;0.00004647;0.00004671;1073733907.06
20250821 000000;0.00004671;0.00004731;0.00004647;0.00004731;1081852215.24
20250822 000000;0.00004731;0.00004731;0.00004633;0.00004689;1156819794.2
20250823 000000;0.00004689;0.00004689;0.00004606;0.00004652;1172166455.34
20250824 000000;0.00004652;0.00004727;0.00004647;0.00004727;1096603369.44
20250825 000000;0.00004727;0.00004745;0.00004609;0.00004664;1233047578.96
20250826 000000;0.00004664;0.00004692;0.00004617;0.0000465;1109107596.78
20250827 000000;0.0000465;0.00004729;0.0000465;0.00004673;1087046898.03
20250828 000000;0.00004673;0.00004862;0.0000465;0.00004692;1080603321
20250829 000000;0.00004692;0.00004729;0.00004655;0.00004692;1072674760.47
20250830 000000;0.00004692;0.00004729;0.00004636;0.00004673;1083306828.35
20250831 000000;0.00004673;0.00004692;0.00004617;0.00004655;1174902634.93
20250901 000000;0.00004655;0.00004734;0.0000465;0.00004734;1203491811.04
20250902 000000;0.00004734;0.00004734;0.0000465;0.00004655;1070008669.92
20250903 000000;0.00004655;0.00004734;0.0000465;0.00004673;1094319150.88
20250904 000000;0.00004673;0.00004748;0.0000465;0.00004711;1208551132.74
20250905 000000;0.00004711;0.00004748;0.00004692;0.00004692;1070078195.2
20250906 000000;0.00004692;0.00004734;0.00004617;0.00004617;1075565220.89
20250907 000000;0.00004617;0.00004692;0.00004617;0.00004617;1130870953.56
20250908 000000;0.00004617;0.00004655;0.00004585;0.0000462;1080250590.98
20250909 000000;0.0000462;0.00004664;0.00004585;0.00004608;1098721668.89
20250910 000000;0.00004608;0.00004668;0.00004585;0.00004597;1092938356.55
20250911 000000;0.00004597;0.00004668;0.00004585;0.00004627;1123274265.89
20250912 000000;0.00004627;0.00004703;0.00004627;0.0000468;1250587959.97
20250913 000000;0.0000468;0.00004703;0.00004619;0.00004659;1103171311.36
20250914 000000;0.00004659;0.00004703;0.00004624;0.00004662;1077296616.37
20250915 000000;0.00004662;0.00015;0.00004644;0.00004681;1066651423.61
20250916 000000;0.00004681;0.00004727;0.00004643;0.00004718;1193450333.01
20250917 000000;0.00004718;0.0000477;0.00004681;0.000047;1080614205.07
20250918 000000;0.000047;0.00004756;0.00004685;0.00004685;1076153342.05
20250919 000000;0.00004685;0.00004727;0.00004644;0.00004681;1083188344.3
20250920 000000;0.00004681;0.00004718;0.00004643;0.00004718;1081809189.57
20250921 000000;0.00004718;0.00004727;0.00004625;0.00004644;1074205350.49
20250922 000000;0.00004644;0.00004685;0.00004607;0.00004644;1066618041.3
20250923 000000;0.00004644;0.00004685;0.00004602;0.00004607;1175014816.66
20250924 000000;0.00004607;0.00004718;0.00004607;0.000047;1069299710.23
20250925 000000;0.000047;0.00004756;0.00004662;0.00004718;1173303845.93
20250926 000000;0.00004718;0.0000477;0.00004685;0.00004745;1094060599.11
20250927 000000;0.00004745;0.00004775;0.000047;0.00004737;1125794189.08
20250928 000000;0.00004737;0.00004813;0.00004727;0.00004813;1081363187.28
20250929 000000;0.00004813;0.00004813;0.00004737;0.00004813;1049049235.13
20250930 000000;0.00004813;0.00004833;0.0000477;0.00004775;1081597135.38
20251001 000000;0.00004775;0.00004881;0.00004775;0.00004825;1061562924.17
20251002 000000;0.00004825;0.00004888;0.00004806;0.00004806;1065282207.94
20251003 000000;0.00004806;0.00004888;0.00004801;0.00004883;1038413052.61
20251004 000000;0.00004883;0.00004903;0.00004806;0.0000487;1037792046.4
20251005 000000;0.0000487;0.00004888;0.00004845;0.00004859;1056521867.14
20251006 000000;0.00004859;0.00004864;0.00004787;0.00004845;775933225.51
20251007 000000;0.00004845;0.00004845;0.00004758;0.00004825;1076881121.86
20251008 000000;0.00004825;0.00004864;0.00004787;0.00004825;1031518023.21
20251009 000000;0.00004825;0.00004888;0.00004801;0.00004801;1047030736.49
20251010 000000;0.00004801;0.00004845;0.00004758;0.00004825;1066370698.21
20251011 000000;0.00004825;0.00004864;0.00004787;0.00004845;1054866010.04
20251012 000000;0.00004845;0.00004883;0.00004797;0.00004845;1045130958.96
20251013 000000;0.00004845;0.00004845;0.00004768;0.00004845;1069502480.88
20251014 000000;0.00004845;0.00004845;0.0000473;0.00004792;1199674119.85
20251015 000000;0.00004792;0.00004792;0.00004716;0.00004792;1058953279.37
20251016 000000;0.00004792;0.00004792;0.00004586;0.00004623;1050919239.18
20251017 000000;0.00004623;0.00004627;0.00004582;0.00004582;1117564995.18
20251018 000000;0.00004582;0.00004627;0.00004582;0.00004602;1159650175.54
20251019 000000;0.00004602;0.00004623;0.0000455;0.00004586;1128577596.02
20251020 000000;0.00004586;0.00004655;0.00004541;0.00004594;1122803069.99
20251021 000000;0.00004594;0.00004605;0.00004522;0.00004558;911765415.53
20251022 000000;0.00004558;0.00004599;0.00004517;0.00004558;1064599829.05
20251023 000000;0.00004558;0.00004599;0.00004522;0.00004567;1018715852.01
20251024 000000;0.00004567;0.00004595;0.00004517;0.00004558;1041562719.23
20251025 000000;0.00004558;0.00004576;0.00004477;0.00004512;1094971115.76
20251026 000000;0.00004512;0.00004558;0.00004477;0.00004545;1203479436.15
20251027 000000;0.00004545;0.00004809;0.00004428;0.00004437;1401530598.66
20251028 000000;0.00004437;0.00005116;0.00004429;0.00004537;971636258.08
20251029 000000;0.00004537;0.00004578;0.00004497;0.00004567;1148172457.72
20251030 000000;0.00004567;0.00004578;0.00004483;0.00004512;1198171679.19
20251031 000000;0.00004512;0.00004537;0.00004467;0.00004501;911578517.27
20251101 000000;0.00004501;0.00004537;0.00004465;0.0000451;1066696488.86
20251102 000000;0.0000451;0.0000461;0.00004501;0.00004592;1033664629.91
20251103 000000;0.00004592;0.0000461;0.00004497;0.00004525;1142524989.67
20251104 000000;0.00004525;0.00004537;0.00004465;0.00004528;1068212919.1
20251105 000000;0.00004528;0.00004537;0.00004497;0.00004528;1046564195.95
20251106 000000;0.00004528;0.00004555;0.00004456;0.00004483;1134504599.65
20251107 000000;0.00004483;0.000047;0.00004465;0.00004566;1154245945.58
20251108 000000;0.00004566;0.00005187;0.00004537;0.00004606;1290183223.72
20251109 000000;0.00004606;0.00004619;0.00004555;0.00004607;1132348251.66
20251110 000000;0.00004607;0.00004619;0.00004537;0.00004592;1179124555.24
20251111 000000;0.00004592;0.00004647;0.00004578;0.00004622;1040320090.6
20251112 000000;0.00004622;0.00004661;0.00004578;0.0000461;913102343.26
20251113 000000;0.0000461;0.00004661;0.00004579;0.00004617;1045356062.49
20251114 000000;0.00004617;0.00004685;0.00004579;0.00004675;1065071560.43
20251115 000000;0.00004675;0.00004703;0.00004619;0.00004627;1160946097.59
20251116 000000;0.00004627;0.00004703;0.00004619;0.00004648;1008006079.3
20251117 000000;0.00004648;0.00004685;0.00004578;0.00004589;1093731482.4
20251118 000000;0.00004589;0.00004661;0.00004578;0.000046;1116561083.9
20251119 000000;0.000046;0.00004647;0.00004577;0.00004625;938479623.18
20251120 000000;0.00004625;0.00004651;0.0000458;0.00004598;963866361.18
20251121 000000;0.00004598;0.00004651;0.0000458;0.00004598;1053777516.36
20251122 000000;0.00004598;0.00004634;0.00004579;0.00004606;1131402696.92
20251123 000000;0.00004606;0.00004634;0.00004574;0.00004615;1150993148.04
20251124 000000;0.00004615;0.00004651;0.00004579;0.00004579;600810311.75
20251125 000000;0.00004579;0.00004615;0.00004561;0.00004579;8479208.29
20251126 000000;0.00004579;0.00004636;0.00004555;0.00004591;313334780.87
20251127 000000;0.00004591;0.00004628;0.00004555;0.00004596;8386731.14
20251128 000000;0.00004596;0.00004628;0.00004554;0.00004554;10812938.34
20251129 000000;0.00004554;0.000048;0.00004554;0.00004649;48318122.93
20251130 000000;0.00004649;0.00004681;0.00004647;0.00004651;9070011.41
20251201 000000;0.00004651;0.0000468;0.00004648;0.0000465;8413438.3
20251202 000000;0.0000465;0.00004678;0.00004649;0.00004672;8420346.8
20251203 000000;0.00004672;0.0000468;0.00004648;0.00004652;9229462.48
20251204 000000;0.00004652;0.0000468;0.00004645;0.00004665;9087441.87
20251205 000000;0.00004665;0.0000468;0.00004646;0.0000465;9301535.92
20251206 000000;0.0000465;0.00005162;0.00004611;0.00004611;132850916.53
20251207 000000;0.00004611;0.00006666;0.0000461;0.00004788;789962483.98
20251208 000000;0.00004788;0.0000482;0.00004782;0.00004798;839318566.61
20251209 000000;0.00004798;0.00004818;0.00004766;0.00004784;1123194104.02
20251210 000000;0.00004784;0.000048;0.00004763;0.00004783;410989075.97
20251211 000000;0.00004783;0.00004798;0.00004764;0.00004767;374914624.63
20251212 000000;0.00004767;0.00004801;0.00004764;0.000048;139582098.79
20251213 000000;0.000048;0.0000482;0.00004758;0.00004781;19200890.35
20251214 000000;0.00004781;0.00004782;0.00004758;0.00004781;8184084.74
20251215 000000;0.00004781;0.00004835;0.00004759;0.00004819;13662766.87
20251216 000000;0.00004819;0.0000482;0.00004782;0.00004782;8734769.31
20251217 000000;0.00004782;0.00004819;0.00004775;0.000048;8253872.5
20251218 000000;0.000048;0.00004819;0.00004775;0.00004783;43149694.23
20251219 000000;0.00004783;0.00004819;0.00004783;0.00004789;8926248.82
20251220 000000;0.00004789;0.00005199;0.00004782;0.00004804;122075310.09
20251221 000000;0.00004804;0.00004804;0.00004764;0.000048;8180045.26
20251222 000000;0.000048;0.00004801;0.00004769;0.0000478;339201155.06
20251223 000000;0.0000478;0.00004801;0.00004766;0.00004785;404084454.46
20251224 000000;0.00004785;0.00004801;0.0000477;0.00004781;328065023.46
20251225 000000;0.00004781;0.000048;0.00004763;0.00004781;405784902.94
20251226 000000;0.00004781;0.000048;0.00004763;0.00004781;496805171.78
20251227 000000;0.00004781;0.000048;0.00004765;0.00004788;424892372.74
20251228 000000;0.00004788;0.000048;0.00004758;0.00004769;456860640.29
20251229 000000;0.00004769;0.00004782;0.00004758;0.00004767;465748959.52
20251230 000000;0.00004767;0.00004782;0.00004758;0.00004763;411001980.68
20251231 000000;0.00004763;0.00004798;0.00004759;0.00004764;337962632
