20250101 000000;0.00003058;0.00003091;0.00002894;0.00002971;196027007278
20250102 000000;0.00002971;0.00003277;0.00002962;0.00003183;404487412009
20250103 000000;0.00003183;0.00003689;0.00003103;0.00003602;437046117471
20250104 000000;0.00003602;0.00003658;0.0000344;0.00003562;208137590046
20250105 000000;0.00003562;0.00003635;0.00003353;0.00003438;219974940095
20250106 000000;0.00003438;0.0000362;0.00003337;0.00003522;318816360839
20250107 000000;0.00003522;0.0000355;0.00003068;0.00003086;385480479231
20250108 000000;0.00003086;0.00003116;0.00002726;0.00002882;303502392500
20250109 000000;0.00002882;0.00002934;0.0000268;0.00002719;216733048148
20250110 000000;0.00002719;0.00002864;0.00002694;0.00002766;229167842640
20250111 000000;0.00002766;0.000029;0.00002738;0.00002811;79699044694
20250112 000000;0.00002811;0.00002827;0.00002711;0.00002751;59600047941
20250113 000000;0.00002751;0.00002836;0.00002432;0.00002621;302262271648
20250114 000000;0.00002621;0.00002775;0.00002603;0.00002731;90596183559
20250115 000000;0.00002731;0.00002938;0.00002644;0.00002919;124927798200
20250116 000000;0.00002919;0.00003013;0.00002778;0.00002837;150212309527
20250117 000000;0.00002837;0.0000347;0.00002836;0.00003329;228144227894
20250118 000000;0.00003329;0.00003653;0.0000308;0.00003356;630196652940
20250119 000000;0.00003356;0.00003983;0.00003156;0.00003244;958166870864
20250120 000000;0.00003244;0.00003563;0.00002815;0.0000298;951829675523
20250121 000000;0.0000298;0.00003559;0.00002817;0.00003233;601292071457
20250122 000000;0.00003233;0.00003395;0.00003147;0.00003207;400114400407
20250123 000000;0.00003207;0.00003235;0.00002991;0.00003124;258937996066
20250124 000000;0.00003124;0.00003259;0.00002944;0.00002971;189924433053
20250125 000000;0.00002971;0.00003032;0.0000289;0.00002931;116091825173
20250126 000000;0.00002931;0.00002962;0.00002718;0.00002723;73518481886
20250127 000000;0.00002723;0.00002735;0.00002429;0.00002614;584074234549
20250128 000000;0.00002614;0.00002682;0.00002281;0.00002293;432081680509
20250129 000000;0.00002293;0.00002607;0.00002266;0.0000244;721427204973
20250130 000000;0.0000244;0.00002647;0.00002392;0.00002491;466011223514
20250131 000000;0.00002491;0.00002655;0.00002442;0.00002484;498686821313
20250201 000000;0.00002484;0.00002567;0.00002171;0.00002197;410984897253
20250202 000000;0.00002197;0.00002255;0.00001809;0.00001922;889580994794
20250203 000000;0.00001922;0.00002075;0.00001417;0.00002002;2207699140861
20250204 000000;0.00002002;0.00002026;0.00001763;0.00001836;785958861751
20250205 000000;0.00001836;0.00001886;0.00001731;0.00001758;436936169734
20250206 000000;0.00001758;0.00001848;0.0000165;0.00001674;393290258881
20250207 000000;0.00001674;0.00001819;0.00001598;0.00001665;438441274338
20250208 000000;0.00001665;0.00001791;0.00001655;0.0000177;216238312936
20250209 000000;0.0000177;0.00001853;0.00001638;0.00001725;313124225347
20250210 000000;0.00001725;0.00001812;0.00001656;0.00001753;318209082576
20250211 000000;0.00001753;0.00001928;0.00001717;0.00001765;427948065125
20250212 000000;0.00001765;0.00001851;0.00001662;0.00001821;588351051469
20250213 000000;0.00001821;0.00001834;0.00001722;0.0000175;240387414146
20250214 000000;0.0000175;0.00001972;0.00001746;0.00001855;604295840195
20250215 000000;0.00001855;0.00001893;0.00001776;0.00001799;204217803266
20250216 000000;0.00001799;0.00001811;0.00001724;0.00001741;177847327255
20250217 000000;0.00001741;0.00001762;0.00001643;0.00001672;345554182822
20250218 000000;0.00001672;0.0000168;0.0000148;0.00001546;435668716921
20250219 000000;0.00001546;0.00001592;0.00001516;0.00001562;219616981999
20250220 000000;0.00001562;0.00001611;0.00001556;0.00001604;184999350605
20250221 000000;0.00001604;0.00001697;0.00001531;0.0000155;388248407595
20250222 000000;0.0000155;0.00001647;0.00001535;0.00001615;184372080479
20250223 000000;0.00001615;0.00001626;0.00001555;0.00001575;157569248285
20250224 000000;0.00001575;0.00001592;0.00001283;0.00001315;531975713522
20250225 000000;0.00001315;0.00001362;0.00001217;0.00001342;825296597288
20250226 000000;0.00001342;0.00001386;0.00001284;0.00001342;399192008936
20250227 000000;0.00001342;0.00001405;0.00001302;0.00001318;303641927038
20250228 000000;0.00001318;0.00001399;0.00001203;0.00001364;730499281370
20250301 000000;0.00001364;0.00001404;0.00001306;0.00001354;251587170521
20250302 000000;0.00001354;0.00001561;0.00001306;0.00001559;755935001926
20250303 000000;0.00001559;0.00001568;0.00001223;0.00001245;614422853045
20250304 000000;0.00001245;0.00001259;0.00001091;0.00001196;1121778262458
20250305 000000;0.00001196;0.00001299;0.00001177;0.00001233;424484604957
20250306 000000;0.00001233;0.00001295;0.00001197;0.00001202;384895678009
20250307 000000;0.00001202;0.0000129;0.0000114;0.00001201;645613534832
20250308 000000;0.00001201;0.00001201;0.00001147;0.00001168;217607227739
20250309 000000;0.00001168;0.00001177;0.00000997;0.00001011;430415538990
20250310 000000;0.00001011;0.00001109;0.00000958;0.00000972;544199908706
20250311 000000;0.00000972;0.00001082;0.00000888;0.00001043;552131099208
20250312 000000;0.00001043;0.00001095;0.00001005;0.00001068;345627997716
20250313 000000;0.00001068;0.00001093;0.00001008;0.00001042;310293337938
20250314 000000;0.00001042;0.00001137;0.00001036;0.00001087;228552506097
20250315 000000;0.00001087;0.00001118;0.00001081;0.00001103;111173564692
20250316 000000;0.00001103;0.00001117;0.00001024;0.00001039;161369739738
20250317 000000;0.00001039;0.00001137;0.00001037;0.00001107;223474697182
20250318 000000;0.00001107;0.0000111;0.00001022;0.00001088;191574610544
20250319 000000;0.00001088;0.00001201;0.00001071;0.00001193;382128195700
20250320 000000;0.00001193;0.00001274;0.00001133;0.00001165;536662870078
20250321 000000;0.00001165;0.00001267;0.00001126;0.00001184;404091523230
20250322 000000;0.00001184;0.00001302;0.00001184;0.0000121;335290808627
20250323 000000;0.0000121;0.000014;0.000012;0.0000139;603747711362
20250324 000000;0.0000139;0.00001486;0.00001314;0.00001411;513481370511
20250325 000000;0.00001411;0.00001431;0.00001354;0.00001403;299081540657
20250326 000000;0.00001403;0.00001546;0.00001368;0.00001393;472651065750
20250327 000000;0.00001393;0.00001426;0.00001335;0.00001358;285052579043
20250328 000000;0.00001358;0.00001385;0.00001189;0.00001225;301235832877
20250329 000000;0.00001225;0.00001242;0.000011;0.00001134;255978903160
20250330 000000;0.00001134;0.00001163;0.00001103;0.00001119;204737585932
20250331 000000;0.00001119;0.00001139;0.00001076;0.00001127;267636409081
20250401 000000;0.00001127;0.00001275;0.00001118;0.00001249;423379231782
20250402 000000;0.00001249;0.00001296;0.0000108;0.00001104;795433696414
20250403 000000;0.00001104;0.00001145;0.0000104;0.00001094;411711182188
20250404 000000;0.00001094;0.00001152;0.00001068;0.00001136;343189424016
20250405 000000;0.00001136;0.00001154;0.0000109;0.00001111;142696498441
20250406 000000;0.00001111;0.00001113;0.00000955;0.00000983;305502501233
20250407 000000;0.00000983;0.00001069;0.00000885;0.00001017;557510946539
20250408 000000;0.00001017;0.00001051;0.00000947;0.00000953;260342825399
20250409 000000;0.00000953;0.00001131;0.00000915;0.0000111;490698440488
20250410 000000;0.0000111;0.00001111;0.00001031;0.00001062;247459091553
20250411 000000;0.00001062;0.00001319;0.00001056;0.00001252;569451507220
20250412 000000;0.00001252;0.00001408;0.00001241;0.00001389;537993700970
20250413 000000;0.00001389;0.0000141;0.00001236;0.00001257;317791743962
20250414 000000;0.00001257;0.00001367;0.00001253;0.00001279;288307061906
20250415 000000;0.00001279;0.00001338;0.00001172;0.00001177;324238782817
20250416 000000;0.00001177;0.00001222;0.00001139;0.00001175;384305246226
20250417 000000;0.00001175;0.00001231;0.00001136;0.00001179;232335969876
20250418 000000;0.00001179;0.00001238;0.00001176;0.00001191;151509673841
20250419 000000;0.00001191;0.00001259;0.00001182;0.00001245;221344257545
20250420 000000;0.00001245;0.00001273;0.00001202;0.00001229;181152291115
20250421 000000;0.00001229;0.00001285;0.0000121;0.00001233;251710565058
20250422 000000;0.00001233;0.00001529;0.00001213;0.00001523;778573953410
20250423 000000;0.00001523;0.00001636;0.00001476;0.00001491;752751134998
20250424 000000;0.00001491;0.0000159;0.00001381;0.00001559;591323034073
20250425 000000;0.00001559;0.00002;0.00001537;0.00001983;1160657030852
20250426 000000;0.00001983;0.00002099;0.00001781;0.00001846;1122276720376
20250427 000000;0.00001846;0.00001995;0.00001773;0.00001863;672969925452
20250428 000000;0.00001863;0.00002177;0.00001801;0.00002079;1139589916004
20250429 000000;0.00002079;0.00002104;0.00001921;0.00002017;697219473999
20250430 000000;0.00002017;0.00002075;0.00001807;0.00001949;583788827784
20250501 000000;0.00001949;0.00002005;0.00001856;0.0000188;463622634973
20250502 000000;0.0000188;0.00001918;0.00001813;0.00001874;341267581618
20250503 000000;0.00001874;0.00001884;0.00001655;0.00001667;305496076060
20250504 000000;0.00001667;0.00001686;0.00001572;0.00001642;414854579480
20250505 000000;0.00001642;0.00001758;0.00001622;0.00001696;527719301837
20250506 000000;0.00001696;0.00001766;0.00001589;0.00001699;486547554270
20250507 000000;0.00001699;0.00001752;0.0000163;0.00001699;373142756373
20250508 000000;0.00001699;0.0000203;0.00001696;0.0000199;809715454196
20250509 000000;0.0000199;0.00002345;0.00001957;0.00002169;1185553336052
20250510 000000;0.00002169;0.00002404;0.00002123;0.00002375;699586747499
20250511 000000;0.00002375;0.00002388;0.00002122;0.00002221;572353462405
20250512 000000;0.00002221;0.00002582;0.000021;0.00002273;1547255820147
20250513 000000;0.00002273;0.0000238;0.00002084;0.00002346;867441553500
20250514 000000;0.00002346;0.00002538;0.0000222;0.00002237;918461374185
20250515 000000;0.00002237;0.00002272;0.00002039;0.00002087;634669880369
20250516 000000;0.00002087;0.00002169;0.00001932;0.00001952;491453954847
20250517 000000;0.00001952;0.00001969;0.00001815;0.00001841;500149289793
20250518 000000;0.00001841;0.00002092;0.00001838;0.00002062;695037658996
20250519 000000;0.00002062;0.00002086;0.00001861;0.00001972;486500173384
20250520 000000;0.00001972;0.00002046;0.00001895;0.00002002;464721727442
20250521 000000;0.00002002;0.00002192;0.00001965;0.00002057;862440970038
20250522 000000;0.00002057;0.00002306;0.00002056;0.00002303;659939596571
20250523 000000;0.00002303;0.00002465;0.00002085;0.00002098;1298625586220
20250524 000000;0.00002098;0.00002209;0.00002078;0.00002122;544752606628
20250525 000000;0.00002122;0.00002144;0.00001917;0.00002089;502780572668
20250526 000000;0.00002089;0.00002175;0.00001978;0.00002019;514568070826
20250527 000000;0.00002019;0.00002134;0.00001953;0.0000207;425662730128
20250528 000000;0.0000207;0.00002092;0.0000194;0.00001997;363110181754
20250529 000000;0.00001997;0.00002087;0.0000187;0.0000188;543567205189
20250530 000000;0.0000188;0.00001894;0.00001606;0.00001618;704853464478
20250531 000000;0.00001618;0.00001688;0.00001541;0.00001655;508701884220
20250601 000000;0.00001655;0.00001699;0.00001592;0.00001687;276943722837
20250602 000000;0.00001687;0.00001763;0.00001628;0.00001746;386374114102
20250603 000000;0.00001746;0.00001811;0.00001657;0.00001675;365201372212
20250604 000000;0.00001675;0.00001707;0.00001564;0.00001571;307271609189
20250605 000000;0.00001571;0.00001609;0.00001412;0.00001454;597326126320
20250606 000000;0.00001454;0.00001574;0.0000145;0.00001481;383146694729
20250607 000000;0.00001481;0.00001586;0.00001473;0.00001554;218943388108
20250608 000000;0.00001554;0.0000163;0.00001507;0.00001577;251473369052
20250609 000000;0.00001577;0.00001744;0.00001547;0.00001743;434633550393
20250610 000000;0.00001743;0.00001797;0.00001696;0.00001796;433982339855
20250611 000000;0.00001796;0.00001829;0.00001654;0.00001677;360246476347
20250612 000000;0.00001677;0.00001679;0.00001524;0.00001531;392713940356
20250613 000000;0.00001531;0.00001531;0.0000137;0.00001501;853121201088
20250614 000000;0.00001501;0.00001512;0.00001439;0.00001473;206568912854
20250615 000000;0.00001473;0.00001528;0.00001456;0.00001505;265859763689
20250616 000000;0.00001505;0.0000159;0.00001467;0.00001471;336228457599
20250617 000000;0.00001471;0.00001503;0.00001374;0.0000141;467320394682
20250618 000000;0.0000141;0.00001436;0.0000133;0.00001432;401527942647
20250619 000000;0.00001432;0.00001455;0.0000139;0.00001426;248274210020
20250620 000000;0.00001426;0.00001461;0.00001317;0.00001355;414851197291
20250621 000000;0.00001355;0.00001381;0.00001229;0.00001277;445706002970
20250622 000000;0.00001277;0.00001303;0.00001142;0.00001222;712894442539
20250623 000000;0.00001222;0.000014;0.00001206;0.00001395;669201486327
20250624 000000;0.00001395;0.00001454;0.00001383;0.0000142;491125090373
20250625 000000;0.0000142;0.00001438;0.00001359;0.00001376;332259028532
20250626 000000;0.00001376;0.00001411;0.00001294;0.00001313;344778079708
20250627 000000;0.00001313;0.0000137;0.00001298;0.00001337;211362892604
20250628 000000;0.00001337;0.00001479;0.00001331;0.00001476;339932235042
20250629 000000;0.00001476;0.0000152;0.00001434;0.00001501;378940759286
20250630 000000;0.00001501;0.00001511;0.00001409;0.00001453;473918532853
20250701 000000;0.00001453;0.00001463;0.00001353;0.00001368;348323546483
20250702 000000;0.00001368;0.00001594;0.00001352;0.00001572;695210070961
20250703 000000;0.00001572;0.00001748;0.00001569;0.00001666;1541055806076
20250704 000000;0.00001666;0.00001781;0.0000161;0.00001751;1361834811884
20250705 000000;0.00001751;0.00001919;0.00001713;0.00001895;1694447269523
20250706 000000;0.00001895;0.00002317;0.0000188;0.00002204;3612947384675
20250707 000000;0.00002204;0.00002364;0.00002111;0.00002279;3004798927933
20250708 000000;0.00002279;0.00002398;0.00002162;0.00002205;2022440886863
20250709 000000;0.00002205;0.00002246;0.00001976;0.00002106;2084050457228
20250710 000000;0.00002106;0.00002443;0.00002044;0.00002377;2103878159437
20250711 000000;0.00002377;0.00002456;0.00002198;0.00002246;1577120886768
20250712 000000;0.00002246;0.00002647;0.00002157;0.00002517;2570871837263
20250713 000000;0.00002517;0.00002778;0.00002432;0.00002635;2121940195592
20250714 000000;0.00002635;0.00002823;0.00002609;0.00002694;2078426089045
20250715 000000;0.00002694;0.00003065;0.00002678;0.00002969;2658381290588
20250716 000000;0.00002969;0.00003932;0.00002949;0.00003864;3430271768634
20250717 000000;0.00003864;0.00004076;0.00003378;0.00003518;2819925444436
20250718 000000;0.00003518;0.00003694;0.00003145;0.00003252;2075369234991
20250719 000000;0.00003252;0.00003464;0.00003169;0.00003309;1310557413861
20250720 000000;0.00003309;0.00003532;0.00003236;0.0000328;1410082887681
20250721 000000;0.0000328;0.000037;0.00003233;0.00003464;2519784464033
20250722 000000;0.00003464;0.00003713;0.00003283;0.00003702;3010507568536
20250723 000000;0.00003702;0.000038;0.000031;0.00003465;3655382181476
20250724 000000;0.00003465;0.00003778;0.00003143;0.0000331;4503489748871
20250725 000000;0.0000331;0.00003584;0.00003182;0.00003531;3930813165561
20250726 000000;0.00003531;0.00003628;0.00003383;0.00003468;1946982643379
20250727 000000;0.00003468;0.00003565;0.00003329;0.00003377;2150797152748
20250728 000000;0.00003377;0.0000369;0.0000318;0.00003218;4128503318115
20250729 000000;0.00003218;0.00003286;0.00002807;0.00002875;2201358888266
20250730 000000;0.00002875;0.00002928;0.00002623;0.00002842;1818690339144
20250731 000000;0.00002842;0.00003006;0.00002593;0.00002612;1327110379434
20250801 000000;0.00002612;0.00002716;0.00002463;0.00002555;1501471710522
20250802 000000;0.00002555;0.00002618;0.0000241;0.00002487;1132784632535
20250803 000000;0.00002487;0.00002652;0.00002446;0.00002607;719821641724
20250804 000000;0.00002607;0.00002741;0.0000259;0.00002661;911317162242
20250805 000000;0.00002661;0.0000267;0.00002338;0.00002422;975158648742
20250806 000000;0.00002422;0.00002492;0.0000235;0.00002451;739066206403
20250807 000000;0.00002451;0.00002619;0.00002413;0.00002601;1036790855079
20250808 000000;0.00002601;0.00002688;0.00002538;0.00002611;1213462279063
20250809 000000;0.00002611;0.00002837;0.00002568;0.00002728;1338165403555
20250810 000000;0.00002728;0.00002877;0.00002624;0.00002767;1377361321543
20250811 000000;0.00002767;0.0000286;0.00002461;0.00002491;1427581901916
20250812 000000;0.00002491;0.00002614;0.00002383;0.00002559;1548628712338
20250813 000000;0.00002559;0.00002797;0.00002555;0.00002744;1762565558512
20250814 000000;0.00002744;0.00002826;0.00002323;0.0000238;2004645874348
20250815 000000;0.0000238;0.00002495;0.00002275;0.00002363;922892950945
20250816 000000;0.00002363;0.00002442;0.00002354;0.00002424;373064460124
20250817 000000;0.00002424;0.00002479;0.00002371;0.00002382;392353268570
20250818 000000;0.00002382;0.00002389;0.00002223;0.00002259;691258295132
20250819 000000;0.00002259;0.00002295;0.00002132;0.00002145;614847699261
20250820 000000;0.00002145;0.00002246;0.00002088;0.00002228;648611881617
20250821 000000;0.00002228;0.00002251;0.00002107;0.00002142;372377047263
20250822 000000;0.00002142;0.00002394;0.00002043;0.00002384;1039167159304
20250823 000000;0.00002384;0.00002385;0.00002255;0.00002303;449257259486
20250824 000000;0.00002303;0.00002334;0.00002178;0.00002234;686892925870
20250825 000000;0.00002234;0.00002284;0.00001956;0.00001996;833091815399
20250826 000000;0.00001996;0.00002158;0.00001986;0.00002121;553098648319
20250827 000000;0.00002121;0.00002183;0.00002092;0.00002104;523567765386
20250828 000000;0.00002104;0.00002189;0.00002086;0.00002158;413817230009
20250829 000000;0.00002158;0.00002283;0.00001969;0.00002182;1489199255280
20250830 000000;0.00002182;0.00002331;0.00002113;0.00002242;803707520497
20250831 000000;0.00002242;0.00002314;0.00002212;0.00002225;580490279475
20250901 000000;0.00002225;0.00002243;0.00001985;0.00002024;877818277224
20250902 000000;0.00002024;0.00002078;0.00001972;0.0000206;578243922870
20250903 000000;0.0000206;0.00002079;0.00002024;0.00002056;253098780573
20250904 000000;0.00002056;0.00002066;0.00001907;0.00001935;574325596522
20250905 000000;0.00001935;0.00002059;0.00001934;0.00002022;645174669978
20250906 000000;0.00002022;0.00002043;0.00001972;0.00001992;226019221234
20250907 000000;0.00001992;0.00002128;0.00001988;0.00002101;379873206105
20250908 000000;0.00002101;0.0000235;0.00002081;0.00002323;1199497889869
20250909 000000;0.00002323;0.00002415;0.0000224;0.00002273;539332394736
20250910 000000;0.00002273;0.00002373;0.00002245;0.00002321;201523781506
20250911 000000;0.00002321;0.00002461;0.00002282;0.00002446;239956052053
20250912 000000;0.00002446;0.00002598;0.00002413;0.00002567;341708818804
20250913 000000;0.00002567;0.00002749;0.00002545;0.00002608;388806209753
20250914 000000;0.00002608;0.00002611;0.00002427;0.00002458;204303653457
20250915 000000;0.00002458;0.00002482;0.00002248;0.00002322;334981911782
20250916 000000;0.00002322;0.00002437;0.00002295;0.00002418;211274806770
20250917 000000;0.00002418;0.00002587;0.00002332;0.0000254;295503122926
20250918 000000;0.0000254;0.00002595;0.00002451;0.00002527;220345897131
20250919 000000;0.00002527;0.00002567;0.00002352;0.00002376;200858334787
20250920 000000;0.00002376;0.00002388;0.00002285;0.00002309;155577649205
20250921 000000;0.00002309;0.00002323;0.00002231;0.00002233;96389543276
20250922 000000;0.00002233;0.00002247;0.00001977;0.0000206;350926246627
20250923 000000;0.0000206;0.00002135;0.00001988;0.00002029;238992035698
20250924 000000;0.00002029;0.0000209;0.00001971;0.00002024;190831603971
20250925 000000;0.00002024;0.00002034;0.0000186;0.00001882;365787400169
20250926 000000;0.00001882;0.00001975;0.00001876;0.00001967;205094197186
20250927 000000;0.00001967;0.00001969;0.00001906;0.00001911;80755973403
20250928 000000;0.00001911;0.00001964;0.00001848;0.00001957;137959960504
20250929 000000;0.00001957;0.00001989;0.00001862;0.00001939;196428332906
20250930 000000;0.00001939;0.00001952;0.00001832;0.00001916;202216691463
20251001 000000;0.00001916;0.00002075;0.00001895;0.00002056;254526439828
20251002 000000;0.00002056;0.00002098;0.00001975;0.00002084;257373932248
20251003 000000;0.00002084;0.00002112;0.00001968;0.00002085;352303306786
20251004 000000;0.00002085;0.00002173;0.00001956;0.00002001;391666409211
20251005 000000;0.00002001;0.00002125;0.00001962;0.00001976;303742154070
20251006 000000;0.00001976;0.00002215;0.00001949;0.00002173;483940694536
20251007 000000;0.00002173;0.00002185;0.00001963;0.00001978;391779975299
20251008 000000;0.00001978;0.00002046;0.00001956;0.00002016;220958002580
20251009 000000;0.00002016;0.00002021;0.00001864;0.00001893;251447378649
20251010 000000;0.00001893;0.0000196;0.00000396;0.00001316;1144669479399
20251011 000000;0.00001316;0.00001528;0.00001294;0.00001352;814126206594
20251012 000000;0.00001352;0.00001596;0.00001317;0.00001545;582211763174
20251013 000000;0.00001545;0.00001695;0.00001508;0.00001673;554717675357
20251014 000000;0.00001673;0.00001679;0.00001494;0.00001628;460112787319
20251015 000000;0.00001628;0.00001664;0.0000149;0.00001513;311953107783
20251016 000000;0.00001513;0.00001568;0.00001413;0.00001435;328226471235
20251017 000000;0.00001435;0.00001458;0.00001315;0.0000141;479848928455
20251018 000000;0.0000141;0.0000145;0.00001403;0.00001427;107427541049
20251019 000000;0.00001427;0.00001502;0.00001397;0.00001464;170781915336
20251020 000000;0.00001464;0.0000156;0.00001425;0.00001493;239185177491
20251021 000000;0.00001493;0.00001553;0.00001425;0.00001437;268270556474
20251022 000000;0.00001437;0.00001456;0.00001342;0.00001384;282219091120
20251023 000000;0.00001384;0.00001482;0.00001378;0.00001453;182772058899
20251024 000000;0.00001453;0.00001507;0.00001434;0.00001488;188042502344
20251025 000000;0.00001488;0.00001499;0.00001457;0.00001487;91113060210
20251026 000000;0.00001487;0.00001556;0.00001461;0.00001535;117616315672
20251027 000000;0.00001535;0.00001578;0.00001475;0.00001483;206483527926
20251028 000000;0.00001483;0.00001515;0.00001411;0.00001436;223055843726
20251029 000000;0.00001436;0.00001522;0.00001418;0.00001451;331100275703
20251030 000000;0.00001451;0.00001461;0.00001278;0.00001312;334690605386
20251031 000000;0.00001312;0.00001441;0.00001308;0.00001396;235613176246
20251101 000000;0.00001396;0.00001439;0.0000138;0.00001424;107463098539
20251102 000000;0.00001424;0.0000144;0.00001357;0.0000143;130035662299
20251103 000000;0.0000143;0.00001436;0.00001169;0.00001195;425716512980
20251104 000000;0.00001195;0.00001238;0.00001073;0.00001147;516131051652
20251105 000000;0.00001147;0.00001237;0.00001085;0.00001226;283464920334
20251106 000000;0.00001226;0.00001255;0.00001151;0.00001199;267642815594
20251107 000000;0.00001199;0.00001385;0.00001179;0.00001334;415147850364
20251108 000000;0.00001334;0.00001363;0.00001268;0.00001293;191246646184
20251109 000000;0.00001293;0.00001323;0.00001235;0.00001293;199428754264
20251110 000000;0.00001293;0.00001373;0.00001282;0.0000135;221077966891
20251111 000000;0.0000135;0.00001376;0.00001225;0.00001229;226020243233
20251112 000000;0.00001229;0.00001302;0.00001195;0.0000121;188638416309
20251113 000000;0.0000121;0.00001257;0.0000112;0.00001159;284153572959
20251114 000000;0.00001159;0.00001172;0.00001076;0.00001102;280302556525
20251115 000000;0.00001102;0.0000115;0.00001093;0.00001105;115529862101
20251116 000000;0.00001105;0.00001126;0.00001029;0.00001059;194538330729
20251117 000000;0.00001059;0.0000109;0.00000994;0.00001013;293099909405
20251118 000000;0.00001013;0.00001068;0.00000995;0.00001048;219208580307
20251119 000000;0.00001048;0.00001053;0.00000949;0.00001009;219546175904
20251120 000000;0.00001009;0.00001053;0.00000931;0.00000959;302878205126
20251121 000000;0.00000959;0.0000098;0.0000085;0.00000885;535804658880
20251122 000000;0.00000885;0.00000893;0.00000844;0.0000087;190436293442
20251123 000000;0.0000087;0.00000914;0.00000865;0.00000888;167072818599
20251124 000000;0.00000888;0.00001029;0.00000873;0.00001014;401529870352
20251125 000000;0.00001014;0.00001034;0.00000938;0.00000975;342056006020
20251126 000000;0.00000975;0.00001021;0.00000939;0.00001001;255773485185
20251127 000000;0.00001001;0.00001017;0.00000977;0.00000991;160499176832
20251128 000000;0.00000991;0.00001046;0.00000963;0.0000098;226917781714
20251129 000000;0.0000098;0.00000985;0.00000953;0.00000964;89952367482
20251130 000000;0.00000964;0.00000985;0.00000933;0.00000935;117240835275
20251201 000000;0.00000935;0.00000939;0.00000858;0.0000088;281309257172
20251202 000000;0.0000088;0.00001006;0.00000867;0.00000982;276688358191
20251203 000000;0.00000982;0.00001017;0.00000953;0.00001003;156451151186
20251204 000000;0.00001003;0.00001018;0.00000951;0.00000963;145542706714
20251205 000000;0.00000963;0.00000971;0.00000886;0.00000909;140188635954
20251206 000000;0.00000909;0.00000944;0.00000896;0.00000938;90474626616
20251207 000000;0.00000938;0.00000982;0.00000897;0.0000091;176787776570
20251208 000000;0.0000091;0.00000974;0.00000906;0.00000952;150108962543
20251209 000000;0.00000952;0.0000103;0.00000922;0.00000995;237497511287
20251210 000000;0.00000995;0.00001019;0.0000093;0.00000943;273148261714
20251211 000000;0.00000943;0.00000997;0.00000893;0.00000965;244492703003
20251212 000000;0.00000965;0.00001004;0.00000892;0.0000092;268957237079
20251213 000000;0.0000092;0.00000972;0.00000919;0.00000931;140344646090
20251214 000000;0.00000931;0.00000935;0.00000894;0.00000904;126278514201
20251215 000000;0.00000904;0.00000945;0.00000843;0.00000872;257071910768
20251216 000000;0.00000872;0.00000878;0.00000848;0.00000864;170046675756
20251217 000000;0.00000864;0.00000914;0.00000803;0.00000817;259013415362
20251218 000000;0.00000817;0.00000843;0.00000752;0.00000761;270198271116
20251219 000000;0.00000761;0.00000834;0.0000075;0.00000824;182459076419
20251220 000000;0.00000824;0.00000843;0.00000818;0.00000826;58908894428
20251221 000000;0.00000826;0.00000829;0.00000787;0.00000808;100321951176
20251222 000000;0.00000808;0.00000834;0.000008;0.00000813;136735765852
20251223 000000;0.00000813;0.0000082;0.000007826;0.000007982;100827990480
20251224 000000;0.000007982;0.000008004;0.000007676;0.000007866;103235438984
20251225 000000;0.000007866;0.000008002;0.000007644;0.00000767;87553376657
20251226 000000;0.00000767;0.000008124;0.000007632;0.000007871;108133060891
20251227 000000;0.000007871;0.000008123;0.000007819;0.000008101;64506541443
20251228 000000;0.000008101;0.000008177;0.000007854;0.000007995;67199565672
20251229 000000;0.000007995;0.000008287;0.000007716;0.000007747;162555265436
20251230 000000;0.000007747;0.000007857;0.000007656;0.000007737;77770988428
20251231 000000;0.000007737;0.000007797;0.000007443;0.000007463;90168989830
