20250101 000000;0.006433;0.00653;0.00617;0.006464;54894692.52
20250102 000000;0.006464;0.00681;0.00639;0.006681;63333765.24
20250103 000000;0.006681;0.007163;0.006536;0.007088;60032397.41
20250104 000000;0.007088;0.007119;0.006831;0.006965;65554462.13
20250105 000000;0.006965;0.006972;0.006719;0.006829;53419158.95
20250106 000000;0.006829;0.007186;0.006698;0.007036;78363030.47
20250107 000000;0.007036;0.007041;0.00621;0.006241;80110940.75
20250108 000000;0.006241;0.006307;0.005629;0.005953;96834799.36
20250109 000000;0.005953;0.006046;0.00556;0.005681;72006332.47
20250110 000000;0.005681;0.00599;0.005681;0.005856;76195447.7
20250111 000000;0.005856;0.005975;0.005751;0.00586;56845971.01
20250112 000000;0.00586;0.005868;0.005659;0.005756;53590687.43
20250113 000000;0.005756;0.005884;0.005166;0.005512;79668888.36
20250114 000000;0.005512;0.005755;0.005501;0.005701;60298748.23
20250115 000000;0.005701;0.006173;0.00557;0.006149;64374299.76
20250116 000000;0.006149;0.006181;0.005864;0.005999;61719709.46
20250117 000000;0.005999;0.006472;0.005977;0.006422;226750126.3
20250118 000000;0.006422;0.006748;0.005985;0.006327;1039749187.62
20250119 000000;0.006327;0.006558;0.005372;0.005488;1499228931.09
20250120 000000;0.005488;0.00583;0.005062;0.005153;491375106.16
20250121 000000;0.005153;0.005333;0.004884;0.00516;34888299.45
20250122 000000;0.00516;0.005388;0.005107;0.005167;16639354.15
20250123 000000;0.005167;0.005178;0.004848;0.004993;18412232.78
20250124 000000;0.004993;0.005186;0.004764;0.004803;11979300.9
20250125 000000;0.004803;0.004886;0.004688;0.004805;18424937.03
20250126 000000;0.004805;0.004957;0.00465;0.004651;17879044.98
20250127 000000;0.004651;0.004651;0.004096;0.004385;29324257.03
20250128 000000;0.004385;0.004467;0.004075;0.004115;16782350.24
20250129 000000;0.004115;0.004452;0.004104;0.004244;13061379.92
20250130 000000;0.004244;0.004503;0.004216;0.00436;12312027.39
20250131 000000;0.00436;0.004595;0.004302;0.00434;17541309.68
20250201 000000;0.00434;0.004477;0.003834;0.003868;19955711.27
20250202 000000;0.003868;0.004005;0.003118;0.003308;37547971.36
20250203 000000;0.003308;0.003532;0.002507;0.003486;75783989.18
20250204 000000;0.003486;0.003519;0.003141;0.003255;16044598.74
20250205 000000;0.003255;0.003343;0.003022;0.003043;17136329.38
20250206 000000;0.003043;0.003143;0.002785;0.002799;22347814.92
20250207 000000;0.002799;0.003014;0.002704;0.002793;23479611.84
20250208 000000;0.002793;0.003094;0.002754;0.003075;20010479.1
20250209 000000;0.003075;0.003196;0.002841;0.003008;38188767.17
20250210 000000;0.003008;0.003149;0.002897;0.003043;21866212.17
20250211 000000;0.003043;0.003229;0.002961;0.003036;16711903.12
20250212 000000;0.003036;0.003218;0.002882;0.003181;23336663.26
20250213 000000;0.003181;0.003198;0.003011;0.003078;16494497.16
20250214 000000;0.003078;0.003371;0.003066;0.003217;32415387.22
20250215 000000;0.003217;0.003241;0.003016;0.003053;16039533.69
20250216 000000;0.003053;0.003136;0.002977;0.003012;14021911.53
20250217 000000;0.003012;0.003062;0.002838;0.002929;19320267.68
20250218 000000;0.002929;0.002936;0.0026;0.002722;21118226.1
20250219 000000;0.002722;0.00281;0.00267;0.002731;18525802.82
20250220 000000;0.002731;0.002889;0.002729;0.002878;18646799.75
20250221 000000;0.002878;0.00312;0.002773;0.002793;18816768.2
20250222 000000;0.002793;0.003;0.00278;0.002961;15409235.97
20250223 000000;0.002961;0.002981;0.002807;0.002845;17089242.11
20250224 000000;0.002845;0.002868;0.002379;0.002426;22325938.38
20250225 000000;0.002426;0.002456;0.002221;0.002404;423860349.97
20250226 000000;0.002404;0.002452;0.002183;0.002305;733271687.96
20250227 000000;0.002305;0.002479;0.002266;0.002353;557368686.15
20250228 000000;0.002353;0.002581;0.002217;0.002503;979205777.6
20250301 000000;0.002503;0.002512;0.002339;0.002398;398124313.74
20250302 000000;0.002398;0.002794;0.002344;0.002743;568738295.6
20250303 000000;0.002743;0.002757;0.002142;0.002205;539248282.01
20250304 000000;0.002205;0.002222;0.001953;0.002109;637157821.16
20250305 000000;0.002109;0.00222;0.002075;0.00217;333728530.88
20250306 000000;0.00217;0.002226;0.002084;0.002121;405991336.66
20250307 000000;0.002121;0.002226;0.001987;0.002082;503805683.32
20250308 000000;0.002082;0.002121;0.00201;0.002038;222664703.38
20250309 000000;0.002038;0.002053;0.00179;0.001823;417906068.69
20250310 000000;0.001823;0.001959;0.001683;0.001723;532936057.62
20250311 000000;0.001723;0.001872;0.001613;0.001828;578756575.34
20250312 000000;0.001828;0.001905;0.001757;0.001862;403247124.42
20250313 000000;0.001862;0.001897;0.00175;0.00181;304993153.34
20250314 000000;0.00181;0.001949;0.001795;0.001897;360511380.1
20250315 000000;0.001897;0.001955;0.001883;0.001951;309751231.27
20250316 000000;0.001951;0.001968;0.001806;0.001826;513678825.31
20250317 000000;0.001826;0.001991;0.001826;0.00195;523934962.28
20250318 000000;0.00195;0.001952;0.001809;0.001897;588678266.23
20250319 000000;0.001897;0.002013;0.00187;0.00201;1052034392.1
20250320 000000;0.00201;0.002045;0.001915;0.001945;891655042.06
20250321 000000;0.001945;0.001964;0.001877;0.00193;836609972.51
20250322 000000;0.00193;0.002094;0.00193;0.002069;778662440.91
20250323 000000;0.002069;0.002125;0.002044;0.002111;900864520.87
20250324 000000;0.002111;0.002238;0.002055;0.002164;936950741
20250325 000000;0.002164;0.002432;0.002114;0.002297;1551689453.59
20250326 000000;0.002297;0.003093;0.002262;0.002789;6892915296.66
20250327 000000;0.002789;0.002936;0.002508;0.002515;3531356543.66
20250328 000000;0.002515;0.002516;0.00223;0.002256;1420630373.95
20250329 000000;0.002256;0.002706;0.002256;0.002624;4479010657.54
20250330 000000;0.002624;0.002954;0.002512;0.002621;3601072815.97
20250331 000000;0.002621;0.00268;0.002436;0.002505;2037933492.27
20250401 000000;0.002505;0.002904;0.002495;0.002876;3672731860.46
20250402 000000;0.002876;0.003435;0.002815;0.003052;5593280748.03
20250403 000000;0.003052;0.003281;0.002714;0.002907;3064156846.14
20250404 000000;0.002907;0.002981;0.002634;0.00283;2101264179.93
20250405 000000;0.00283;0.002841;0.0026;0.002722;1197830550.78
20250406 000000;0.002722;0.00275;0.002213;0.002253;1242394993.38
20250407 000000;0.002253;0.002276;0.001948;0.002141;2203154037.77
20250408 000000;0.002141;0.002162;0.001951;0.001965;1304853895.06
20250409 000000;0.001965;0.002265;0.001878;0.002257;1757610382.3
20250410 000000;0.002257;0.00227;0.002072;0.002108;1372199495.12
20250411 000000;0.002108;0.002475;0.002094;0.002449;2854425834.06
20250412 000000;0.002449;0.002613;0.002407;0.002552;2188853017.27
20250413 000000;0.002552;0.00258;0.00226;0.002313;1655704897.34
20250414 000000;0.002313;0.002478;0.002304;0.002351;1690362802.91
20250415 000000;0.002351;0.002425;0.002254;0.002263;575420916.36
20250416 000000;0.002263;0.002351;0.002162;0.002289;469003415.53
20250417 000000;0.002289;0.002323;0.002186;0.00224;488416825.5
20250418 000000;0.00224;0.002474;0.002202;0.002421;963117916.39
20250419 000000;0.002421;0.002549;0.00238;0.002391;587795549.74
20250420 000000;0.002391;0.002523;0.002287;0.002418;562874303.18
20250421 000000;0.002418;0.00253;0.002397;0.002461;554973744.01
20250422 000000;0.002461;0.002822;0.002402;0.002759;1430898177.94
20250423 000000;0.002759;0.002921;0.002696;0.002718;1147536903.85
20250424 000000;0.002718;0.002745;0.002534;0.002699;661668156.91
20250425 000000;0.002699;0.002941;0.002697;0.002907;1047912503.9
20250426 000000;0.002907;0.00303;0.002769;0.002898;865288319.48
20250427 000000;0.002898;0.002951;0.0027;0.002787;732899525.77
20250428 000000;0.002787;0.002988;0.002636;0.002951;1098734427.3
20250429 000000;0.002951;0.002993;0.002791;0.002835;1141063998.76
20250430 000000;0.002835;0.002983;0.002711;0.002859;1080230076.43
20250501 000000;0.002859;0.002941;0.002828;0.002867;460759241.27
20250502 000000;0.002867;0.00325;0.002854;0.003144;1353757207.8
20250503 000000;0.003144;0.003144;0.002784;0.002809;647759567.42
20250504 000000;0.002809;0.002916;0.002671;0.002695;695006669.23
20250505 000000;0.002695;0.002764;0.002611;0.002699;572046593.03
20250506 000000;0.002699;0.002727;0.002467;0.002606;747815028.56
20250507 000000;0.002606;0.002857;0.00259;0.002831;845963261.27
20250508 000000;0.002831;0.003257;0.002798;0.003167;959216369.01
20250509 000000;0.003167;0.003688;0.003128;0.003551;1972574774.72
20250510 000000;0.003551;0.0038;0.003428;0.003695;1037189067.47
20250511 000000;0.003695;0.003708;0.003407;0.00351;669841136.29
20250512 000000;0.00351;0.004499;0.003484;0.003926;3090183159.76
20250513 000000;0.003926;0.004137;0.003595;0.004024;1386677251.88
20250514 000000;0.004024;0.004024;0.003637;0.003691;734865550.09
20250515 000000;0.003691;0.003718;0.003265;0.003361;765999860.25
20250516 000000;0.003361;0.003522;0.003279;0.003322;390185864.85
20250517 000000;0.003322;0.00334;0.003064;0.003108;379363553.9
20250518 000000;0.003108;0.003497;0.003097;0.003437;635481132.07
20250519 000000;0.003437;0.003479;0.003114;0.003338;534204602.34
20250520 000000;0.003338;0.003429;0.003161;0.003334;334046488.11
20250521 000000;0.003334;0.003617;0.003268;0.003514;394578255.64
20250522 000000;0.003514;0.004343;0.003513;0.004091;1570122456.77
20250523 000000;0.004091;0.004873;0.003807;0.00385;4640390416.69
20250524 000000;0.00385;0.00422;0.003838;0.0041;1744505293.32
20250525 000000;0.0041;0.004135;0.00368;0.004;905592235.87
20250526 000000;0.004;0.00416;0.003875;0.003997;641510870.37
20250527 000000;0.003997;0.004104;0.003817;0.004048;590456532.25
20250528 000000;0.004048;0.004101;0.003668;0.003834;566539209.97
20250529 000000;0.003834;0.003998;0.003585;0.003621;424664180.52
20250530 000000;0.003621;0.003642;0.003019;0.003069;701481990.36
20250531 000000;0.003069;0.003358;0.002933;0.003232;841036983.2
20250601 000000;0.003232;0.003365;0.00315;0.003326;513103508.63
20250602 000000;0.003326;0.003344;0.003133;0.003297;451736904.5
20250603 000000;0.003297;0.00352;0.00329;0.003331;549033693.97
20250604 000000;0.003331;0.003381;0.003152;0.003191;311238466.96
20250605 000000;0.003191;0.003231;0.002808;0.002944;506687684.76
20250606 000000;0.002944;0.003163;0.00292;0.003023;333626883.11
20250607 000000;0.003023;0.0032;0.003003;0.003152;238870945.41
20250608 000000;0.003152;0.003209;0.003046;0.003119;222515568
20250609 000000;0.003119;0.003431;0.003056;0.00341;372641249.98
20250610 000000;0.00341;0.003504;0.003271;0.003478;321786351.22
20250611 000000;0.003478;0.003488;0.003212;0.003264;286173950.7
20250612 000000;0.003264;0.003269;0.002949;0.002971;333929682.56
20250613 000000;0.002971;0.002971;0.002703;0.002903;546368277.8
20250614 000000;0.002903;0.002916;0.002727;0.002778;215518772.4
20250615 000000;0.002778;0.002917;0.002762;0.002866;259815677.57
20250616 000000;0.002866;0.003012;0.002801;0.002819;388896405.47
20250617 000000;0.002819;0.002915;0.002616;0.002687;299908348.87
20250618 000000;0.002687;0.002748;0.00254;0.002714;331978880.54
20250619 000000;0.002714;0.002753;0.002612;0.002662;159882245.16
20250620 000000;0.002662;0.002742;0.0025;0.002582;326751156.56
20250621 000000;0.002582;0.002613;0.002347;0.002441;291580585.09
20250622 000000;0.002441;0.002481;0.00218;0.002312;488571531.84
20250623 000000;0.002312;0.002638;0.002295;0.002633;430455721.98
20250624 000000;0.002633;0.002769;0.002582;0.002653;442639327.51
20250625 000000;0.002653;0.002716;0.002522;0.002541;378816536.64
20250626 000000;0.002541;0.002665;0.002429;0.002445;317899701.46
20250627 000000;0.002445;0.002557;0.002398;0.002522;435901434.48
20250628 000000;0.002522;0.002794;0.002487;0.002726;507643812.66
20250629 000000;0.002726;0.002808;0.002643;0.002779;386262335.89
20250630 000000;0.002779;0.002843;0.002603;0.002655;609430808.07
20250701 000000;0.002655;0.002674;0.002465;0.00248;417720618.84
20250702 000000;0.00248;0.002771;0.002428;0.002674;595286752.25
20250703 000000;0.002674;0.002935;0.002674;0.002788;911554659.6
20250704 000000;0.002788;0.002837;0.002532;0.002644;682215174.67
20250705 000000;0.002644;0.002696;0.002555;0.002637;351500333.76
20250706 000000;0.002637;0.002859;0.002605;0.002773;674294656
20250707 000000;0.002773;0.002897;0.002622;0.002685;669236857.5
20250708 000000;0.002685;0.002791;0.002621;0.002724;506415437.51
20250709 000000;0.002724;0.002914;0.002696;0.002902;420367581.71
20250710 000000;0.002902;0.003192;0.002843;0.003121;723664608.47
20250711 000000;0.003121;0.003256;0.002957;0.003063;778214623.12
20250712 000000;0.003063;0.003177;0.002973;0.00314;597042690.59
20250713 000000;0.00314;0.003251;0.003078;0.003158;538027845.48
20250714 000000;0.003158;0.003383;0.003059;0.00312;632964262.31
20250715 000000;0.00312;0.003233;0.00295;0.003225;469339848.66
20250716 000000;0.003225;0.003743;0.003127;0.003648;1287188871.51
20250717 000000;0.003648;0.0041;0.003536;0.00365;2710647450.46
20250718 000000;0.00365;0.003884;0.003514;0.003588;1149449754.03
20250719 000000;0.003588;0.004183;0.003588;0.004006;1952596834.18
20250720 000000;0.004006;0.004315;0.003969;0.004117;1367135872.76
20250721 000000;0.004117;0.004283;0.003929;0.004221;1211345907.56
20250722 000000;0.004221;0.004387;0.003979;0.004196;1689784095.82
20250723 000000;0.004196;0.004199;0.003522;0.003661;1499199879.13
20250724 000000;0.003661;0.003739;0.003342;0.003433;1397360430.34
20250725 000000;0.003433;0.003619;0.003272;0.00361;1145378225.57
20250726 000000;0.00361;0.003764;0.003571;0.003607;765114599.91
20250727 000000;0.003607;0.003822;0.0036;0.003695;647513604.95
20250728 000000;0.003695;0.003778;0.003379;0.003401;910912745.33
20250729 000000;0.003401;0.00352;0.003228;0.003294;506023570.56
20250730 000000;0.003294;0.003307;0.003054;0.003236;600142036.63
20250731 000000;0.003236;0.003374;0.00304;0.003056;593148995.43
20250801 000000;0.003056;0.003171;0.002858;0.002943;978955894.48
20250802 000000;0.002943;0.003048;0.002801;0.002893;652553584.49
20250803 000000;0.002893;0.003023;0.002845;0.002996;312371578.08
20250804 000000;0.002996;0.003115;0.002995;0.003082;323547779.19
20250805 000000;0.003082;0.003111;0.002877;0.002953;509480267.91
20250806 000000;0.002953;0.003072;0.002871;0.003036;384445329.65
20250807 000000;0.003036;0.00324;0.003015;0.003236;369713903.53
20250808 000000;0.003236;0.003296;0.003135;0.003247;440597975.65
20250809 000000;0.003247;0.003443;0.003227;0.003364;441346432.53
20250810 000000;0.003364;0.0035;0.003225;0.003391;636173863.51
20250811 000000;0.003391;0.003464;0.003074;0.00311;543567669.15
20250812 000000;0.00311;0.0034;0.003013;0.003327;604290252.82
20250813 000000;0.003327;0.00349;0.00332;0.003425;632369899.8
20250814 000000;0.003425;0.003514;0.003017;0.003101;821057594.25
20250815 000000;0.003101;0.003219;0.002966;0.003082;596117910.58
20250816 000000;0.003082;0.003138;0.003045;0.003117;413703927.44
20250817 000000;0.003117;0.003231;0.003088;0.003096;435870851.16
20250818 000000;0.003096;0.003102;0.00291;0.002962;643345018.29
20250819 000000;0.002962;0.002998;0.002792;0.00281;625236106.56
20250820 000000;0.00281;0.002994;0.002779;0.002973;885488817.23
20250821 000000;0.002973;0.002991;0.002817;0.002855;250800390.38
20250822 000000;0.002855;0.003259;0.002744;0.003254;662144988.16
20250823 000000;0.003254;0.003271;0.003103;0.003187;340975749.89
20250824 000000;0.003187;0.003226;0.002992;0.003038;433592346.79
20250825 000000;0.003038;0.003118;0.0027;0.002772;723599516.69
20250826 000000;0.002772;0.002923;0.002727;0.0029;352849794.91
20250827 000000;0.0029;0.002955;0.002846;0.002874;329347880.92
20250828 000000;0.002874;0.003083;0.002841;0.003017;394166031.79
20250829 000000;0.003017;0.003056;0.00278;0.002864;422186805.92
20250830 000000;0.002864;0.002928;0.0028;0.002886;139281289.08
20250831 000000;0.002886;0.002922;0.002792;0.002796;148344781.08
20250901 000000;0.002796;0.002857;0.002622;0.002688;354661217.31
20250902 000000;0.002688;0.002791;0.002669;0.002776;247912018.52
20250903 000000;0.002776;0.002824;0.002718;0.002794;135392525.85
20250904 000000;0.002794;0.002805;0.002647;0.002681;159051516.71
20250905 000000;0.002681;0.002792;0.002656;0.002707;205219844.2
20250906 000000;0.002707;0.00273;0.00266;0.002698;100837536.3
20250907 000000;0.002698;0.002797;0.002696;0.002772;100954661.67
20250908 000000;0.002772;0.002982;0.002743;0.002967;328371749.24
20250909 000000;0.002967;0.003028;0.002854;0.00291;348176014.24
20250910 000000;0.00291;0.002998;0.00286;0.002956;166891164.31
20250911 000000;0.002956;0.003032;0.002898;0.003022;247321754.17
20250912 000000;0.003022;0.003205;0.002992;0.003189;404572735.66
20250913 000000;0.003189;0.003544;0.003167;0.003347;1168539623.97
20250914 000000;0.003347;0.003422;0.00314;0.003183;464692119.34
20250915 000000;0.003183;0.003243;0.002935;0.003018;490777630.97
20250916 000000;0.003018;0.003116;0.00296;0.003114;500219063.82
20250917 000000;0.003114;0.003298;0.003025;0.003256;568198975.36
20250918 000000;0.003256;0.003388;0.003172;0.003281;419162650.45
20250919 000000;0.003281;0.003297;0.003068;0.003086;266855259.8
20250920 000000;0.003086;0.003149;0.00306;0.003068;240074713.75
20250921 000000;0.003068;0.00309;0.002973;0.00298;197084929.28
20250922 000000;0.00298;0.002997;0.002622;0.00273;1016537868.12
20250923 000000;0.00273;0.002781;0.002647;0.002704;271901044.18
20250924 000000;0.002704;0.002774;0.002628;0.002708;307743350.84
20250925 000000;0.002708;0.002715;0.002451;0.002482;555345953.95
20250926 000000;0.002482;0.002604;0.002471;0.002588;313888508.6
20250927 000000;0.002588;0.002608;0.002535;0.002578;170674427.45
20250928 000000;0.002578;0.002665;0.002502;0.002639;231512342.77
20250929 000000;0.002639;0.00267;0.002558;0.002596;178815789
20250930 000000;0.002596;0.002622;0.002515;0.0026;309845911.23
20251001 000000;0.0026;0.002774;0.002571;0.002771;337874084.81
20251002 000000;0.002771;0.002886;0.002713;0.00285;420160220.24
20251003 000000;0.00285;0.00292;0.002781;0.002881;280201017.15
20251004 000000;0.002881;0.002909;0.002738;0.002788;230796181.99
20251005 000000;0.002788;0.002903;0.002743;0.002763;284238376.23
20251006 000000;0.002763;0.00288;0.002742;0.002862;286281419.83
20251007 000000;0.002862;0.002864;0.002641;0.002643;445835750.13
20251008 000000;0.002643;0.002769;0.002607;0.00275;362942143.35
20251009 000000;0.00275;0.002757;0.002551;0.002609;324008428.38
20251010 000000;0.002609;0.002665;0.000833;0.00194;1267068631.01
20251011 000000;0.00194;0.002047;0.001853;0.001916;1258660047.34
20251012 000000;0.001916;0.002176;0.001861;0.002123;703164958.12
20251013 000000;0.002123;0.002255;0.002073;0.002238;739141345.71
20251014 000000;0.002238;0.002252;0.001998;0.00213;758697256.82
20251015 000000;0.00213;0.002202;0.001977;0.002013;417183391.68
20251016 000000;0.002013;0.002071;0.001888;0.001918;600786769.7
20251017 000000;0.001918;0.001956;0.001754;0.001846;1062679135.71
20251018 000000;0.001846;0.001897;0.00184;0.001875;211554771.06
20251019 000000;0.001875;0.001965;0.001842;0.001927;364069642.73
20251020 000000;0.001927;0.002004;0.001881;0.001946;264885687.21
20251021 000000;0.001946;0.002015;0.001855;0.001862;365137289.37
20251022 000000;0.001862;0.001876;0.001711;0.001758;601126297.8
20251023 000000;0.001758;0.00188;0.001754;0.001853;256130632.28
20251024 000000;0.001853;0.001903;0.001832;0.00189;223607792.88
20251025 000000;0.00189;0.001923;0.001881;0.001906;219388604.82
20251026 000000;0.001906;0.001997;0.001882;0.00199;169229396.06
20251027 000000;0.00199;0.00203;0.00192;0.001937;292092089.95
20251028 000000;0.001937;0.001965;0.001831;0.001868;237037916.73
20251029 000000;0.001868;0.001948;0.001824;0.001861;391798940.3
20251030 000000;0.001861;0.002087;0.001671;0.00173;786801453.27
20251031 000000;0.00173;0.001785;0.001717;0.001768;242320997.42
20251101 000000;0.001768;0.001809;0.001751;0.001805;147228221.07
20251102 000000;0.001805;0.001805;0.001723;0.001776;207469748.86
20251103 000000;0.001776;0.001778;0.001486;0.001534;587550055.13
20251104 000000;0.001534;0.001569;0.001348;0.001432;710412848.78
20251105 000000;0.001432;0.001497;0.00135;0.001482;250783449.66
20251106 000000;0.001482;0.001516;0.0014;0.001431;428123267.16
20251107 000000;0.001431;0.001623;0.001426;0.001593;450154120.31
20251108 000000;0.001593;0.001641;0.001538;0.001582;365722073.68
20251109 000000;0.001582;0.001659;0.001517;0.001624;328449341.21
20251110 000000;0.001624;0.001695;0.001605;0.001673;293099257.2
20251111 000000;0.001673;0.001705;0.00154;0.001547;221050183.26
20251112 000000;0.001547;0.001623;0.001487;0.001514;295545669.39
20251113 000000;0.001514;0.00157;0.001391;0.001439;417508324.36
20251114 000000;0.001439;0.001445;0.001332;0.001368;515648833.1
20251115 000000;0.001368;0.00143;0.001362;0.001378;243081356.09
20251116 000000;0.001378;0.001456;0.001318;0.001363;433633775.8
20251117 000000;0.001363;0.00141;0.001272;0.001298;436981692.17
20251118 000000;0.001298;0.001374;0.00127;0.001341;402426174.25
20251119 000000;0.001341;0.001358;0.001221;0.001287;196294809.41
20251120 000000;0.001287;0.001351;0.00121;0.001237;265283625.24
20251121 000000;0.001237;0.00126;0.001093;0.001136;569567182.74
20251122 000000;0.001136;0.001151;0.001093;0.001116;201810708.94
20251123 000000;0.001116;0.001166;0.00111;0.00114;312631547.4
20251124 000000;0.00114;0.001219;0.00111;0.001205;240531178.71
20251125 000000;0.001205;0.001213;0.001155;0.0012;156504860.88
20251126 000000;0.0012;0.001243;0.00116;0.00123;160196150.65
20251127 000000;0.00123;0.00131;0.001201;0.001228;369193696.85
20251128 000000;0.001228;0.001269;0.001192;0.001211;195889127.99
20251129 000000;0.001211;0.001229;0.001155;0.001163;115840948.23
20251130 000000;0.001163;0.001171;0.001105;0.001107;160565592.71
20251201 000000;0.001107;0.001108;0.00099;0.001043;293789225.07
20251202 000000;0.001043;0.001251;0.001027;0.001175;366659992.18
20251203 000000;0.001175;0.001201;0.001151;0.001183;121649298.57
20251204 000000;0.001183;0.001199;0.00112;0.001139;125612819.76
20251205 000000;0.001139;0.001162;0.001042;0.001066;262561316.91
20251206 000000;0.001066;0.001118;0.001047;0.001113;246733452.33
20251207 000000;0.001113;0.001182;0.001052;0.001078;568697310.56
20251208 000000;0.001078;0.001158;0.001072;0.001121;202952798.22
20251209 000000;0.001121;0.001204;0.001082;0.001177;248985870.01
20251210 000000;0.001177;0.001184;0.001099;0.001101;179266703.96
20251211 000000;0.001101;0.001105;0.001012;0.001055;347723985.83
20251212 000000;0.001055;0.001063;0.000978;0.00101;198773770.19
20251213 000000;0.00101;0.001018;0.001;0.001011;102003771.14
20251214 000000;0.001011;0.001023;0.000945;0.000952;195100704.59
20251215 000000;0.000952;0.000996;0.000883;0.000913;267147854.17
20251216 000000;0.000913;0.0009328;0.0008779;0.0009035;227172463.28
20251217 000000;0.0009035;0.0009253;0.0008361;0.0008419;362849048.26
20251218 000000;0.0008419;0.0008803;0.0007853;0.0008012;465206144.75
20251219 000000;0.0008012;0.0008777;0.0007925;0.0008693;331196992.43
20251220 000000;0.0008693;0.0008737;0.0008556;0.0008659;145910230.26
20251221 000000;0.0008659;0.0008888;0.0008343;0.000851;247903866.65
20251222 000000;0.000851;0.0008777;0.0008397;0.0008588;244429030.01
20251223 000000;0.0008588;0.0008772;0.0008099;0.000838;211045023.26
20251224 000000;0.000838;0.0008582;0.0008111;0.0008574;130274801.34
20251225 000000;0.0008574;0.0009215;0.00085;0.0008636;404643774.4
20251226 000000;0.0008636;0.0009095;0.0008545;0.0008775;173510362.61
20251227 000000;0.0008775;0.0009084;0.0008744;0.0008943;184084218.09
20251228 000000;0.0008943;0.0009318;0.0008638;0.0008793;258132475.93
20251229 000000;0.0008793;0.0009021;0.0008352;0.0008394;258753775.73
20251230 000000;0.0008394;0.000855;0.0008219;0.0008429;188339211.45
20251231 000000;0.0008429;0.0008658;0.000813;0.0008232;177436117.23
