20260101 000000;0.0008232;0.000922;0.0008135;0.0009183;265414847.43
20260102 000000;0.0009183;0.0009861;0.0008963;0.0009823;543101053.6
20260103 000000;0.0009823;0.0010317;0.0009457;0.0009909;358986526.83
20260104 000000;0.0009909;0.0011657;0.0009894;0.0011163;942053883.46
20260105 000000;0.0011163;0.0011277;0.001067;0.001111;327880934.98
20260106 000000;0.001111;0.0011693;0.0010611;0.0011025;346219131.14
20260107 000000;0.0011025;0.0011146;0.0010387;0.0010482;174037040.48
20260108 000000;0.0010482;0.0010686;0.0009876;0.0010238;167433577.2
20260109 000000;0.0010238;0.0010457;0.0010076;0.0010143;249689670.55
20260110 000000;0.0010143;0.0010207;0.0009992;0.0010033;163415930.49
20260111 000000;0.0010033;0.0010271;0.0009888;0.0010033;264034078.22
20260112 000000;0.0010033;0.001037;0.0009644;0.0009727;432324154.4
20260113 000000;0.0009727;0.0010999;0.0009659;0.0010789;403519311.38
20260114 000000;0.0010789;0.0011024;0.0010554;0.0010599;364410617.61
20260115 000000;0.0010599;0.0010614;0.0009723;0.0009859;301629148.07
20260116 000000;0.0009859;0.0010105;0.0009564;0.0010076;284512062.32
20260117 000000;0.0010076;0.0011307;0.0010043;0.0010941;515456270.51
20260118 000000;0.0010941;0.0011168;0.0010262;0.0010272;262582182.99
20260119 000000;0.0010272;0.0010272;0.0009307;0.0009586;672850274.72
20260120 000000;0.0009586;0.0009621;0.0008653;0.000869;405599051.62
20260121 000000;0.000869;0.0009676;0.0008678;0.0009371;443053654.35
20260122 000000;0.0009371;0.0009602;0.0008972;0.000909;142971558.22
20260123 000000;0.000909;0.0009414;0.0008909;0.0009166;180132229.46
20260124 000000;0.0009166;0.0009207;0.0009007;0.000918;98885485.55
20260125 000000;0.000918;0.0009249;0.0008226;0.0008429;272749554.57
20260126 000000;0.0008429;0.0009004;0.0008395;0.0008902;301746794.82
20260127 000000;0.0008902;0.0009125;0.0008678;0.0009088;178397001.39
20260128 000000;0.0009088;0.0009369;0.0008856;0.0009251;200679004.81
20260129 000000;0.0009251;0.000929;0.000797;0.0008192;572680328.83
20260130 000000;0.0008192;0.0008254;0.000772;0.0008033;411145104.01
20260131 000000;0.0008033;0.0008076;0.0006306;0.0007179;725045503.29
20260201 000000;0.0007179;0.000752;0.0006754;0.0006908;308284238.56
20260202 000000;0.0006908;0.0007295;0.0006688;0.0007205;440129916.78
20260203 000000;0.0007205;0.0007223;0.0006554;0.0006866;516731193.15
20260204 000000;0.0006866;0.0007047;0.00065;0.0006749;592419055.9
20260205 000000;0.0006749;0.000677;0.0005509;0.000555;1081311970.26
20260206 000000;0.000555;0.0006426;0.0004931;0.0006345;1144843034.76
20260207 000000;0.0006345;0.000635;0.0005945;0.0006208;451485721.99
20260208 000000;0.0006208;0.000622;0.0005917;0.0005987;342933812.69
20260209 000000;0.0005987;0.0006122;0.000573;0.0006044;491681821.92
20260210 000000;0.0006044;0.0006072;0.0005682;0.0005755;472322695.54
20260211 000000;0.0005755;0.0005864;0.000552;0.0005766;595547660.29
20260212 000000;0.0005766;0.0006507;0.0005763;0.0006284;1396656931.6
20260213 000000;0.0006284;0.0006462;0.0005945;0.0006384;236228683.56
20260214 000000;0.0006384;0.000723;0.0006353;0.0007024;794318773.19
20260215 000000;0.0007024;0.0007129;0.0006389;0.000653;416012877.08
20260216 000000;0.000653;0.0006704;0.0006342;0.0006562;297364821.94
20260217 000000;0.0006562;0.0006596;0.0006262;0.0006405;210089558.15
20260218 000000;0.0006405;0.0006496;0.0005959;0.0006042;259069721.97
20260219 000000;0.0006042;0.0006147;0.0005833;0.0006019;288325719.65
20260220 000000;0.0006019;0.0006382;0.000599;0.0006347;366810804.02
20260221 000000;0.0006347;0.0006557;0.0006237;0.0006239;183082316.33
20260222 000000;0.0006239;0.0006239;0.0005883;0.000592;227680206.61
20260223 000000;0.000592;0.0005996;0.0005558;0.0005743;316360054.16
20260224 000000;0.0005743;0.0005812;0.0005582;0.0005709;228190640.55
20260225 000000;0.0005709;0.0006522;0.0005656;0.0006255;358342947.01
20260226 000000;0.0006255;0.0006402;0.0005917;0.0006096;219097961.14
20260227 000000;0.0006096;0.0006318;0.0005801;0.0005913;205398826.49
20260228 000000;0.0005913;0.0006175;0.0005475;0.0006122;383377472.51
20260301 000000;0.0006122;0.0006417;0.00058;0.0005938;270589984.54
20260302 000000;0.0005938;0.0006391;0.0005875;0.0006081;245767999.32
20260303 000000;0.0006081;0.0006145;0.0005842;0.000604;213360095.09
20260304 000000;0.000604;0.0006571;0.0005956;0.0006381;325246706.5
20260305 000000;0.0006381;0.0006534;0.0006108;0.000629;286619359.16
20260306 000000;0.000629;0.0006489;0.0005788;0.0005899;284155943.36
20260307 000000;0.0005899;0.0005925;0.0005639;0.0005666;218742552.79
20260308 000000;0.0005666;0.0005818;0.0005523;0.0005595;187569600.29
20260309 000000;0.0005595;0.0005982;0.0005587;0.0005793;209025570.26
20260310 000000;0.0005793;0.0006277;0.0005777;0.0005956;187847587.58
20260311 000000;0.0005956;0.0006153;0.0005824;0.0006087;241078228.03
20260312 000000;0.0006087;0.0006247;0.0005914;0.0006167;200540561.51
20260313 000000;0.0006167;0.0007133;0.0006162;0.0006477;808124618.84
20260314 000000;0.0006477;0.0006873;0.0006346;0.0006385;437612279.48
20260315 000000;0.0006385;0.0006554;0.0006226;0.0006492;204633098.9
20260316 000000;0.0006492;0.0007015;0.000645;0.0006872;330852558.09
20260317 000000;0.0006872;0.0006941;0.0006497;0.000662;192220675.13
20260318 000000;0.000662;0.0006893;0.0006181;0.0006353;344583946.4
20260319 000000;0.0006353;0.0006363;0.000595;0.0006114;209468258.88
20260320 000000;0.0006114;0.0006388;0.0006092;0.0006264;173613523.22
20260321 000000;0.0006264;0.0006348;0.0005927;0.0005982;229526922.67
20260322 000000;0.0005982;0.0006042;0.0005686;0.0005798;230425769.94
20260323 000000;0.0005798;0.0006404;0.0005748;0.0006315;347262302.24
20260324 000000;0.0006315;0.000643;0.0006072;0.0006253;209560877.54
20260325 000000;0.0006253;0.0006708;0.0006175;0.0006313;350066120.14
20260326 000000;0.0006313;0.0006326;0.0005844;0.0005942;166988941.3
20260327 000000;0.0005942;0.000598;0.0005625;0.0005645;165898720.67
20260328 000000;0.0005645;0.0005723;0.0005502;0.0005525;193961266.92
20260329 000000;0.0005525;0.00056;0.00053;0.0005412;211197992.19
20260330 000000;0.0005412;0.0005803;0.0005404;0.0005502;260048831.4
20260331 000000;0.0005502;0.0005669;0.0005328;0.0005668;239627884.19
20260401 000000;0.0005668;0.0005919;0.0005618;0.0005695;195786042.54
20260402 000000;0.0005695;0.0005749;0.00054;0.0005503;152725093.35
20260403 000000;0.0005503;0.0005585;0.0005426;0.0005511;173282762.05
20260404 000000;0.0005511;0.000563;0.0005444;0.0005534;181553903.63
20260405 000000;0.0005534;0.0005593;0.000533;0.0005585;184173520.07
20260406 000000;0.0005585;0.0005873;0.0005565;0.0005617;301594353.68
20260407 000000;0.0005617;0.0006073;0.0005438;0.0006005;265676056.32
20260408 000000;0.0006005;0.0006025;0.0005718;0.0005741;185089997.32
20260409 000000;0.0005741;0.0006091;0.0005657;0.0005898;182483383.61
20260410 000000;0.0005898;0.000606;0.000579;0.0005958;179369386.76
20260411 000000;0.0005958;0.000611;0.0005822;0.000599;179297581.09
20260412 000000;0.000599;0.0006;0.0005597;0.0005616;153190406.84
20260413 000000;0.0005616;0.0005987;0.0005542;0.0005987;313343301.55
20260414 000000;0.0005987;0.0005989;0.0005574;0.0005641;162604894.95
20260415 000000;0.0005641;0.0005889;0.0005574;0.0005792;100014179.5
20260416 000000;0.0005792;0.0006434;0.0005773;0.0006252;93488716.92
20260417 000000;0.0006252;0.0006821;0.0006046;0.0006302;192936980.98
20260418 000000;0.0006302;0.0006343;0.0005898;0.0005898;96566125.69
20260419 000000;0.0005898;0.0005998;0.0005583;0.0005605;134457416.76
20260420 000000;0.0005605;0.0005949;0.0005598;0.0005851;103767445.9
20260421 000000;0.0005851;0.0005971;0.0005737;0.0005889;94776642.14
20260422 000000;0.0005889;0.0006431;0.0005863;0.0006059;132934214.67
20260423 000000;0.0006059;0.0006122;0.0005916;0.0006068;111589969.66
20260424 000000;0.0006068;0.0006197;0.0005992;0.0006106;95356975.09
20260425 000000;0.0006106;0.0006232;0.0006006;0.0006089;97101501.75
20260426 000000;0.0006089;0.0006305;0.0006024;0.000619;94688389.65
20260427 000000;0.000619;0.0006496;0.0005843;0.0006019;98335846.15
20260428 000000;0.0006019;0.0006028;0.0005857;0.0005967;92120168.64
20260429 000000;0.0005967;0.0006251;0.0005676;0.0005813;95489503.38
20260430 000000;0.0005813;0.0005963;0.0005712;0.0005795;98330449.26
20260501 000000;0.0005795;0.0005994;0.0005795;0.0005879;89383443.33
20260502 000000;0.0005879;0.0006041;0.0005805;0.0005965;96385030.22
20260503 000000;0.0005965;0.0006005;0.0005856;0.0005894;93866881.23
20260504 000000;0.0005894;0.0006169;0.0005845;0.0006035;95629323.37
20260505 000000;0.0006035;0.0006321;0.0006014;0.0006215;88597915.51
20260506 000000;0.0006215;0.0006542;0.0006193;0.0006388;94288337.65
20260507 000000;0.0006388;0.0006493;0.0006159;0.0006227;88669163.83
20260508 000000;0.0006227;0.0006724;0.0006109;0.0006666;112843278.54
20260509 000000;0.0006666;0.0006901;0.0006553;0.0006763;111624242.92
20260510 000000;0.0006763;0.0007277;0.0006634;0.0007051;97564059.68
20260511 000000;0.0007051;0.000709;0.0006693;0.0006962;102845280.57
20260512 000000;0.0006962;0.0006962;0.00064;0.0006482;89572495.45
20260513 000000;0.0006482;0.0006864;0.0006128;0.0006202;102650401.87
20260514 000000;0.0006202;0.0006445;0.0006047;0.0006254;93767836.31
20260515 000000;0.0006254;0.0006337;0.0005752;0.0005819;128428439.74
20260516 000000;0.0005819;0.0005855;0.0005561;0.000563;117412175.94
20260517 000000;0.000563;0.0005745;0.0005297;0.0005455;128997885.53
20260518 000000;0.0005455;0.0005618;0.0005354;0.0005589;110636056.63
20260519 000000;0.0005589;0.0005622;0.0005462;0.0005473;100636889.29
20260520 000000;0.0005473;0.0005653;0.000543;0.0005597;102724809.12
20260521 000000;0.0005597;0.0005739;0.0005491;0.0005707;104483541.4
20260522 000000;0.0005707;0.0005776;0.0005328;0.000535;98410101.48
20260523 000000;0.000535;0.0005667;0.000513;0.0005544;110452243.76
20260524 000000;0.0005544;0.0005569;0.000524;0.0005343;103451795.18
20260525 000000;0.0005343;0.00055;0.0005329;0.0005387;111829886.24
20260526 000000;0.0005387;0.0005505;0.0005258;0.0005287;125839327.5
20260527 000000;0.0005287;0.0005379;0.0005116;0.0005166;113406624.24
20260528 000000;0.0005166;0.0005176;0.0004784;0.0004977;137290637.68
20260529 000000;0.0004977;0.0005051;0.0004804;0.0004952;110546564.54
20260530 000000;0.0004952;0.0005112;0.0004943;0.0005001;114615822.51
20260531 000000;0.0005001;0.0005067;0.0004883;0.0005025;119852322.08
20260601 000000;0.0005025;0.0005138;0.000481;0.0005067;110351525.07
20260602 000000;0.0005067;0.0005077;0.0004325;0.0004415;198873172.21
20260603 000000;0.0004415;0.0004652;0.0004332;0.0004401;141559726.46
20260604 000000;0.0004401;0.0004426;0.0003985;0.0004085;163265978.37
20260605 000000;0.0004085;0.0004106;0.0003475;0.0003639;188787651.09
20260606 000000;0.0003639;0.0003697;0.0003383;0.000358;159348618.26
20260607 000000;0.000358;0.0003734;0.0003495;0.000366;151906657.33
20260608 000000;0.000366;0.0003742;0.0003542;0.0003631;152989777.17
20260609 000000;0.0003631;0.0003638;0.0003394;0.0003489;166874567.76
20260610 000000;0.0003489;0.0003534;0.0003342;0.0003405;169179001.01
20260611 000000;0.0003405;0.0003674;0.00034;0.0003583;150684744.61
20260612 000000;0.0003583;0.0003777;0.0003553;0.0003641;150971961.53
20260613 000000;0.0003641;0.0003758;0.0003625;0.0003725;149056737.91
20260614 000000;0.0003725;0.0003896;0.0003593;0.0003896;150875848.96
20260615 000000;0.0003896;0.0004285;0.000383;0.0003879;147993038.64
20260616 000000;0.0003879;0.000394;0.0003726;0.0003815;144686728.08
20260617 000000;0.0003815;0.0003915;0.000372;0.0003801;143341610.07
20260618 000000;0.0003801;0.000385;0.0003542;0.0003683;150869774.5
20260619 000000;0.0003683;0.0003715;0.0003554;0.000366;154212219.03
20260620 000000;0.000366;0.0003785;0.0003627;0.0003681;124252513.54
