20250101 000000;27.05;27.89;26.73;27.61;45310.43
20250102 000000;27.61;28.8;27.49;28.07;60930.93
20250103 000000;28.07;29.25;27.53;29.15;47257.27
20250104 000000;29.15;30.38;28.69;29.3;95900.54
20250105 000000;29.3;29.42;28.28;29.17;49419.03
20250106 000000;29.17;30.19;28.83;29.59;67937.24
20250107 000000;29.59;29.77;25.28;25.31;112436.4
20250108 000000;25.31;25.72;22.42;23.55;149419.02
20250109 000000;23.55;24.82;23.06;23.82;90111.54
20250110 000000;23.82;26.23;23.82;26.1;136788.62
20250111 000000;26.1;26.54;25.32;26.02;36495.12
20250112 000000;26.02;26.22;25.16;25.49;29412.67
20250113 000000;25.49;26.19;22.61;24.37;148250.14
20250114 000000;24.37;25.93;24.28;25.59;73720.58
20250115 000000;25.59;26.92;24.68;26.84;88937.74
20250116 000000;26.84;26.97;25.55;26.3;58488.77
20250117 000000;26.3;27.57;26.3;27.3;55082.18
20250118 000000;27.3;27.7;23.91;24.48;103267.29
20250119 000000;24.48;25.66;20.73;21.31;308956.58
20250120 000000;21.31;22.39;18.04;19.03;403247.45
20250121 000000;19.03;20.71;18.15;20.19;155957.58
20250122 000000;20.19;21.42;20.06;20.29;135168.81
20250123 000000;20.29;20.79;19.6;20.3;132658.14
20250124 000000;20.3;20.85;19.3;19.79;76211.37
20250125 000000;19.79;21.1;19.17;20.38;80471.27
20250126 000000;20.38;20.75;19.54;19.56;57991.33
20250127 000000;19.56;19.63;17.08;18.79;127129.74
20250128 000000;18.79;18.96;16.95;17.2;36582.92
20250129 000000;17.2;18.87;16.88;18.12;75962.1
20250130 000000;18.12;19.43;17.89;19.18;33586.71
20250131 000000;19.18;21.35;19.05;19.89;554549.36
20250201 000000;19.89;20.34;17.17;17.37;394209.72
20250202 000000;17.37;18.02;12.22;13.78;1670307.09
20250203 000000;13.78;14;9.89;13.53;4625379.82
20250204 000000;13.53;13.61;11.68;12.78;1508342.29
20250205 000000;12.78;13.17;12.01;12.33;675928.28
20250206 000000;12.33;12.46;11.05;11.18;877409.94
20250207 000000;11.18;12.06;10.7;11.17;842032.3
20250208 000000;11.17;12.54;11.12;12.17;707122.7
20250209 000000;12.17;12.57;11.46;12.22;733003.25
20250210 000000;12.22;12.54;11.63;12.01;630352.38
20250211 000000;12.01;12.58;10.89;11.21;1029586.57
20250212 000000;11.21;12.12;10.57;11.99;1062441.05
20250213 000000;11.99;12.37;11.66;11.83;633900.49
20250214 000000;11.83;13.34;11.73;12.59;642638.64
20250215 000000;12.59;12.73;12.05;12.25;460957.8
20250216 000000;12.25;12.53;11.91;12.2;309289.41
20250217 000000;12.2;12.76;11.52;12.29;720185.69
20250218 000000;12.29;12.43;10.71;11.68;548829.53
20250219 000000;11.68;13.11;11.42;12.6;1085576.88
20250220 000000;12.6;13.04;11.78;12.83;1025448.15
20250221 000000;12.83;14.6;12.61;12.92;1461560.92
20250222 000000;12.92;13.43;12.48;13.13;1101623.64
20250223 000000;13.13;13.98;12.66;12.87;1183341.71
20250224 000000;12.87;12.99;10.09;10.63;1263829.59
20250225 000000;10.63;12.05;9.81;11.69;2215722.13
20250226 000000;11.69;12.55;11.35;12.32;1041492.37
20250227 000000;12.32;13.12;12.07;12.68;834611.84
20250228 000000;12.68;12.7;11.28;12.29;1532262.71
20250301 000000;12.29;12.62;11.02;11.29;994629.26
20250302 000000;11.29;13.75;11.15;13.08;1744423.58
20250303 000000;13.08;13.24;10.7;11.08;1329340.99
20250304 000000;11.08;11.84;10.14;11.14;1604275.48
20250305 000000;11.14;11.25;10.29;10.72;994305.81
20250306 000000;10.72;10.98;10.04;10.32;873731.88
20250307 000000;10.32;10.44;9.06;9.19;1731652.63
20250308 000000;9.19;9.6;8.72;9.23;1212233.59
20250309 000000;9.23;9.49;7.74;8.03;1477513.75
20250310 000000;8.03;9.15;7.89;8.37;1714852.84
20250311 000000;8.37;8.98;7.69;8.51;1640910.44
20250312 000000;8.51;9.11;8.15;8.8;794957.1
20250313 000000;8.8;8.92;8.33;8.6;585020.61
20250314 000000;8.6;9.58;8.58;9.16;730601.56
20250315 000000;9.16;9.53;8.81;9.46;594020.68
20250316 000000;9.46;9.5;8.9;9.11;512707.52
20250317 000000;9.11;9.82;9.04;9.59;633244.74
20250318 000000;9.59;9.61;8.77;9.17;362057.69
20250319 000000;9.17;10;9.13;9.98;456156.66
20250320 000000;9.98;10.09;9.6;9.81;332829.15
20250321 000000;9.81;10.08;9.44;9.58;264418.71
20250322 000000;9.58;10.32;9.51;10.11;415158.79
20250323 000000;10.11;10.43;9.62;9.93;391023.6
20250324 000000;9.93;10.4;9.71;10.3;474940.45
20250325 000000;10.3;10.8;9.91;10.12;465579.42
20250326 000000;10.12;10.36;9.41;9.5;511092.78
20250327 000000;9.5;9.73;9.12;9.29;344176.59
20250328 000000;9.29;9.54;8.52;8.7;334573.51
20250329 000000;8.7;8.8;8.02;8.23;320286.41
20250330 000000;8.23;8.48;8.08;8.33;257887.28
20250331 000000;8.33;8.54;8.15;8.29;313182.24
20250401 000000;8.29;8.64;8.05;8.09;396700.75
20250402 000000;8.09;8.12;6.8;6.98;914338.93
20250403 000000;6.98;7.37;6.83;7.18;451195.81
20250404 000000;7.18;7.43;6.98;7.17;354435.21
20250405 000000;7.17;7.24;6.85;6.99;243472.08
20250406 000000;6.99;7.1;5.83;6;535464.92
20250407 000000;6;6.65;5.61;6.4;1144605.14
20250408 000000;6.4;6.64;6.08;6.16;355838.33
20250409 000000;6.16;7.05;5.87;6.87;767336.58
20250410 000000;6.87;6.91;6.53;6.75;281891.91
20250411 000000;6.75;7.18;6.72;7.06;311913.88
20250412 000000;7.06;7.25;6.88;7.11;274678.12
20250413 000000;7.11;7.16;6.18;6.4;559251.56
20250414 000000;6.4;6.76;6.25;6.48;461466.24
20250415 000000;6.48;6.64;6.11;6.16;383173.65
20250416 000000;6.16;6.38;5.73;5.98;467948.45
20250417 000000;5.98;6.14;5.78;5.94;290040.24
20250418 000000;5.94;6.14;5.91;6.08;261307.58
20250419 000000;6.08;6.63;6.05;6.46;293272.08
20250420 000000;6.46;6.77;6.28;6.67;457229.1
20250421 000000;6.67;7.01;6.62;6.74;358462.27
20250422 000000;6.74;7.28;6.48;7.25;447476.22
20250423 000000;7.25;7.96;7.21;7.76;807620.06
20250424 000000;7.76;7.96;7.37;7.9;460937.13
20250425 000000;7.9;8.46;7.76;8.37;643573.77
20250426 000000;8.37;9.33;8.25;8.82;596091.9
20250427 000000;8.82;8.84;8.03;8.06;301912.25
20250428 000000;8.06;8.57;7.81;8.14;440314.06
20250429 000000;8.14;8.27;7.83;7.98;242736.27
20250430 000000;7.98;8.28;7.52;8.01;448545.11
20250501 000000;8.01;8.46;7.96;8.28;313988.42
20250502 000000;8.28;8.5;8.09;8.23;277713.08
20250503 000000;8.23;8.24;7.44;7.54;231601.76
20250504 000000;7.54;7.61;7.23;7.36;200888.96
20250505 000000;7.36;7.55;7.16;7.23;272522.82
20250506 000000;7.23;7.44;6.8;7.1;281831.8
20250507 000000;7.1;7.26;6.64;6.92;289224.25
20250508 000000;6.92;8.33;6.9;8.23;506607.98
20250509 000000;8.23;9.47;8.2;9.26;820960.04
20250510 000000;9.26;10.59;9.07;10.54;809561.59
20250511 000000;10.54;11.25;10.11;10.37;1017914.42
20250512 000000;10.37;11.74;9.87;10.69;1192259.63
20250513 000000;10.69;12.76;9.91;12.38;933230.73
20250514 000000;12.38;13.61;11.42;11.62;1214386.4
20250515 000000;11.62;12.3;9.88;10.22;1218245.36
20250516 000000;10.22;10.49;9.44;9.5;803163.3
20250517 000000;9.5;9.6;9.13;9.3;749602.33
20250518 000000;9.3;10.91;9.22;10.37;1718045.96
20250519 000000;10.37;10.39;9.17;9.67;1131497.06
20250520 000000;9.67;10.06;9.22;9.83;538692.27
20250521 000000;9.83;11.29;9.61;10.427;225777.23
20250522 000000;10.427;11.333;10.4;11.268;573530.99
20250523 000000;11.268;11.978;10.074;10.162;1075724.15
20250524 000000;10.162;10.795;10.042;10.579;437135.54
20250525 000000;10.579;11.072;9.509;10.309;738229.14
20250526 000000;10.309;10.528;9.874;10.097;448827.63
20250527 000000;10.097;10.959;9.822;10.746;661267.61
20250528 000000;10.746;11.3;10.464;10.973;567208.71
20250529 000000;10.973;11.347;10.393;10.479;560016.8
20250530 000000;10.479;10.548;8.111;8.18;751373.64
20250531 000000;8.18;8.612;7.873;8.564;626783.73
20250601 000000;8.564;8.85;8.293;8.802;305493.36
20250602 000000;8.802;9.112;8.341;8.979;280692.27
20250603 000000;8.979;9.284;8.828;8.935;292620.24
20250604 000000;8.935;9.148;8.64;8.708;350010.25
20250605 000000;8.708;8.992;7.785;7.884;366146.43
20250606 000000;7.884;8.501;7.813;8.069;346660.51
20250607 000000;8.069;8.609;8.061;8.512;188210.29
20250608 000000;8.512;8.597;8.264;8.412;299228.66
20250609 000000;8.412;9.175;8.27;9.156;312423.61
20250610 000000;9.156;9.712;9.057;9.615;410534.84
20250611 000000;9.615;9.747;9.058;9.196;376993.44
20250612 000000;9.196;9.201;7.929;7.94;396393.77
20250613 000000;7.94;7.99;7.342;7.954;650535.29
20250614 000000;7.954;8.124;7.784;7.975;243256.23
20250615 000000;7.975;8.033;7.727;7.912;235009.75
20250616 000000;7.912;8.451;7.819;7.956;324417.67
20250617 000000;7.956;8.141;7.409;7.589;369211.05
20250618 000000;7.589;7.741;7.109;7.599;317273.03
20250619 000000;7.599;7.696;7.4;7.527;194677.99
20250620 000000;7.527;7.743;7.076;7.235;361010.33
20250621 000000;7.235;7.403;6.439;6.711;443316.32
20250622 000000;6.711;6.859;6.177;6.589;712010.64
20250623 000000;6.589;7.426;6.495;7.377;651889.76
20250624 000000;7.377;7.621;7.319;7.47;456375.68
20250625 000000;7.47;7.505;7.059;7.136;356650.21
20250626 000000;7.136;7.36;6.837;6.967;329677.63
20250627 000000;6.967;7.165;6.846;7.066;342264.26
20250628 000000;7.066;7.302;6.983;7.234;178724.8
20250629 000000;7.234;7.944;7.128;7.845;371903.96
20250630 000000;7.845;7.911;7.378;7.442;346295.49
20250701 000000;7.442;7.482;6.959;7.008;224633.41
20250702 000000;7.008;8.198;6.976;7.984;610717.84
20250703 000000;7.984;8.358;7.849;8.004;519456.86
20250704 000000;8.004;8.082;7.177;7.326;524066.99
20250705 000000;7.326;7.525;7.224;7.395;305895.92
20250706 000000;7.395;7.774;7.309;7.616;291110.89
20250707 000000;7.616;7.775;7.371;7.492;329266.07
20250708 000000;7.492;7.731;7.347;7.619;306976.03
20250709 000000;7.619;8.441;7.526;8.427;502258.25
20250710 000000;8.427;9.897;8.283;9.822;750910.26
20250711 000000;9.822;10.319;9.393;9.563;900484.02
20250712 000000;9.563;9.764;8.903;9.218;530820.26
20250713 000000;9.218;9.795;9.171;9.432;419539.52
20250714 000000;9.432;10.066;9.072;9.272;545741.85
20250715 000000;9.272;9.86;8.833;9.806;663646.56
20250716 000000;9.806;10.544;9.504;10.008;634699.67
20250717 000000;10.008;10.447;9.833;10.191;754049.13
20250718 000000;10.191;11.45;10.002;10.316;1016057.07
20250719 000000;10.316;10.649;9.979;10.552;410712.89
20250720 000000;10.552;11.564;10.438;11.012;619079.75
20250721 000000;11.012;11.979;10.738;11.595;749484.09
20250722 000000;11.595;11.856;10.576;11.365;789618.41
20250723 000000;11.365;11.373;9.65;10.041;1007025.17
20250724 000000;10.041;10.347;9.185;9.64;892213.33
20250725 000000;9.64;10.156;9.279;10.108;675048.03
20250726 000000;10.108;10.425;10.058;10.151;366576.68
20250727 000000;10.151;11.687;10.123;11.677;665151.76
20250728 000000;11.677;12.098;10.578;10.72;1043793.01
20250729 000000;10.72;10.965;9.873;10.044;967757.26
20250730 000000;10.044;10.244;9.216;9.74;785446.63
20250731 000000;9.74;10.089;9.06;9.131;459791.14
20250801 000000;9.131;9.2;8.4;8.735;956588.31
20250802 000000;8.735;8.881;8.259;8.492;484915.92
20250803 000000;8.492;8.913;8.36;8.833;293117.2
20250804 000000;8.833;9.442;8.822;9.394;324096.48
20250805 000000;9.394;9.43;8.616;8.87;415230.48
20250806 000000;8.87;9.318;8.594;9.198;356782.8
20250807 000000;9.198;9.868;9.109;9.832;376387.17
20250808 000000;9.832;10.065;9.529;9.802;775404.88
20250809 000000;9.802;10.917;9.752;10.494;729857.09
20250810 000000;10.494;10.69;9.933;10.385;535504.52
20250811 000000;10.385;10.919;9.484;9.569;713731.48
20250812 000000;9.569;10.467;9.336;10.188;828742.67
20250813 000000;10.188;10.76;10.08;10.597;619277.7
20250814 000000;10.597;10.784;8.804;9.001;1222453.82
20250815 000000;9.001;9.26;8.626;9.003;688735.77
20250816 000000;9.003;9.374;8.977;9.313;329838.26
20250817 000000;9.313;9.649;9.126;9.258;304456.3
20250818 000000;9.258;9.293;8.821;8.903;473868.66
20250819 000000;8.903;9.044;8.464;8.493;413328.89
20250820 000000;8.493;9.135;8.467;9.004;356200.24
20250821 000000;9.004;9.102;8.624;8.706;230425.46
20250822 000000;8.706;10.199;8.32;10.111;768508.81
20250823 000000;10.111;10.308;9.489;10.016;597368.08
20250824 000000;10.016;10.108;9.332;9.525;512100.51
20250825 000000;9.525;9.774;8.059;8.335;869695.91
20250826 000000;8.335;8.877;8.246;8.644;488435.94
20250827 000000;8.644;8.892;8.546;8.664;489540.08
20250828 000000;8.664;9.132;8.556;9.13;343358.17
20250829 000000;9.13;9.14;8.331;8.563;665773.38
20250830 000000;8.563;8.923;8.403;8.816;355254.57
20250831 000000;8.816;8.938;8.623;8.63;242278.7
20250901 000000;8.63;8.928;8.06;8.242;615177.99
20250902 000000;8.242;8.656;8.192;8.626;376916.98
20250903 000000;8.626;9.026;8.516;8.943;180259.46
20250904 000000;8.943;9.012;8.459;8.522;202373.6
20250905 000000;8.522;9.043;8.506;8.911;311443.47
20250906 000000;8.911;9.051;8.667;8.987;175497.95
20250907 000000;8.987;9.411;8.971;9.198;250057.94
20250908 000000;9.198;9.436;9.071;9.324;233799.71
20250909 000000;9.324;9.709;9.033;9.565;295320.48
20250910 000000;9.565;10.513;9.267;9.452;506430.31
20250911 000000;9.452;9.803;9.272;9.79;151304.13
20250912 000000;9.79;10.4;9.654;10.31;210429.98
20250913 000000;10.31;10.725;10.22;10.44;212340.11
20250914 000000;10.44;10.444;9.782;9.92;129186.35
20250915 000000;9.92;10.124;9.247;9.465;168115.46
20250916 000000;9.465;9.868;9.315;9.788;112956.85
20250917 000000;9.788;10.518;9.564;10.414;225153.64
20250918 000000;10.414;10.674;10.204;10.513;139416.32
20250919 000000;10.513;10.64;9.735;9.836;150312.36
20250920 000000;9.836;10.245;9.787;10.083;84714.38
20250921 000000;10.083;10.307;9.808;9.814;106704.98
20250922 000000;9.814;9.884;8.273;8.496;354918.91
20250923 000000;8.496;8.752;8.301;8.396;145606.66
20250924 000000;8.396;8.606;8.14;8.386;129833.82
20250925 000000;8.386;8.41;7.57;7.728;309962.86
20250926 000000;7.728;8.563;7.701;8.346;422385.97
20250927 000000;8.346;9.015;8.146;8.221;389357.31
20250928 000000;8.221;8.236;7.815;8.167;179756.54
20250929 000000;8.167;8.171;7.76;7.992;121362.91
20250930 000000;7.992;8.014;7.686;7.931;108637.72
20251001 000000;7.931;8.22;7.825;8.167;132320.51
20251002 000000;8.167;8.771;8.124;8.635;167203.21
20251003 000000;8.635;8.955;8.256;8.845;204430.65
20251004 000000;8.845;8.895;8.159;8.363;103244.11
20251005 000000;8.363;8.616;8.166;8.219;106464.82
20251006 000000;8.219;8.901;8.131;8.801;142851.27
20251007 000000;8.801;8.876;7.923;7.973;253749.82
20251008 000000;7.973;8.446;7.816;8.25;187923.06
20251009 000000;8.25;8.257;7.64;7.902;184258.93
20251010 000000;7.902;8.174;1.213;5.318;757912.6
20251011 000000;5.318;5.51;4.621;4.944;456077.25
20251012 000000;4.944;5.652;4.846;5.541;361487.5
20251013 000000;5.541;6.082;5.387;6.032;363805.85
20251014 000000;6.032;6.054;5.263;5.663;392533.21
20251015 000000;5.663;5.782;5.262;5.341;237722.56
20251016 000000;5.341;5.464;5.019;5.118;279946.88
20251017 000000;5.118;5.2;4.652;4.963;336202.77
20251018 000000;4.963;5.11;4.95;5.036;98117.21
20251019 000000;5.036;5.268;4.988;5.2;157151.05
20251020 000000;5.2;5.437;5.1;5.289;140015.94
20251021 000000;5.289;5.487;5.067;5.109;244136.96
20251022 000000;5.109;5.143;4.725;4.93;254725.87
20251023 000000;4.93;5.257;4.915;5.162;160173.64
20251024 000000;5.162;5.34;5.103;5.261;158818.3
20251025 000000;5.261;5.324;5.147;5.294;149162.59
20251026 000000;5.294;5.55;5.185;5.485;150168.06
20251027 000000;5.485;5.607;5.261;5.307;147317.2
20251028 000000;5.307;5.388;4.971;5.114;166200.74
20251029 000000;5.114;5.355;4.996;5.155;192270.86
20251030 000000;5.155;5.183;4.4;4.547;263178.77
20251031 000000;4.547;4.712;4.488;4.64;189773.71
20251101 000000;4.64;4.997;4.588;4.96;124188.89
20251102 000000;4.96;4.961;4.675;4.869;128288.75
20251103 000000;4.869;4.873;3.789;4.058;409215.96
20251104 000000;4.058;4.207;3.673;3.986;416764.67
20251105 000000;3.986;4.194;3.731;4.138;221135.46
20251106 000000;4.138;4.138;3.874;4.065;227241.79
20251107 000000;4.065;6.1;4.061;5.547;831956.15
20251108 000000;5.547;7.624;5.042;5.302;2283329.2
20251109 000000;5.302;5.31;4.913;5.208;475883.01
20251110 000000;5.208;5.502;4.999;5.194;342751.73
20251111 000000;5.194;5.283;4.888;4.937;304216.11
20251112 000000;4.937;5.138;4.647;4.747;187817.75
20251113 000000;4.747;4.899;4.453;4.583;288579.12
20251114 000000;4.583;4.665;4.292;4.482;196704.01
20251115 000000;4.482;4.705;4.473;4.525;146543.76
20251116 000000;4.525;4.631;4.226;4.397;154403.39
20251117 000000;4.397;4.655;4.239;4.299;197927.91
20251118 000000;4.299;4.759;4.169;4.678;317986.81
20251119 000000;4.678;4.749;4.198;4.379;264084.38
20251120 000000;4.379;4.808;4.309;4.372;329549.44
20251121 000000;4.372;4.502;3.461;3.852;473879.85
20251122 000000;3.852;3.906;3.683;3.815;213373.67
20251123 000000;3.815;3.946;3.778;3.859;148505.39
20251124 000000;3.859;4.122;3.807;4.029;200232.84
20251125 000000;4.029;4.091;3.88;4.065;149614.64
20251126 000000;4.065;4.239;3.933;4.15;143210.34
20251127 000000;4.15;4.266;4.084;4.136;150518.73
20251128 000000;4.136;4.304;4.041;4.097;125119.68
20251129 000000;4.097;4.15;3.949;4.017;94841.83
20251130 000000;4.017;4.129;3.986;4.036;71558.69
20251201 000000;4.036;4.042;3.438;3.567;234138.36
20251202 000000;3.567;4.332;3.543;3.981;255005.26
20251203 000000;3.981;4.237;3.981;4.173;191730.99
20251204 000000;4.173;4.34;4.091;4.108;139880.04
20251205 000000;4.108;4.197;3.805;3.927;171267.11
20251206 000000;3.927;4.195;3.89;4.171;138556.72
20251207 000000;4.171;4.253;3.835;3.941;224512.58
20251208 000000;3.941;4.5;3.917;4.244;174496.69
20251209 000000;4.244;4.581;4.157;4.413;173457.76
20251210 000000;4.413;4.468;4.063;4.104;143274.76
20251211 000000;4.104;4.253;3.889;4.167;180167.75
20251212 000000;4.167;4.355;3.949;4.218;171973.87
20251213 000000;4.218;4.736;4.173;4.46;332895.02
20251214 000000;4.46;4.623;4.281;4.381;193157.43
20251215 000000;4.381;4.724;4.1;4.152;278104.95
20251216 000000;4.152;5.069;4.052;4.57;363044.2
20251217 000000;4.57;4.608;3.889;3.918;252880.9
20251218 000000;3.918;4.038;3.59;3.648;254846.27
20251219 000000;3.648;4.244;3.64;4.003;237343.95
20251220 000000;4.003;4.051;3.941;3.993;102479.87
20251221 000000;3.993;3.997;3.751;3.827;98404.02
20251222 000000;3.827;3.973;3.805;3.938;119288.84
20251223 000000;3.938;3.966;3.735;3.838;79633.35
20251224 000000;3.838;4.027;3.753;3.99;106290.49
20251225 000000;3.99;4.085;3.898;3.927;114286.84
20251226 000000;3.927;4.192;3.926;4.16;153653.36
20251227 000000;4.16;4.293;4.088;4.284;105077.55
20251228 000000;4.284;4.342;4.183;4.236;106608.34
20251229 000000;4.236;4.315;4.068;4.101;127884.05
20251230 000000;4.101;4.259;4.058;4.224;86612.18
20251231 000000;4.224;4.256;4.012;4.157;82202.05
