20260101 000000;0.005604;0.005785;0.005372;0.005689;10288070.47
20260102 000000;0.005689;0.00654;0.00568;0.0065;11037420.91
20260103 000000;0.0065;0.0072;0.0065;0.007025;8915463.57
20260104 000000;0.007025;0.007892;0.006969;0.007415;8694059.08
20260105 000000;0.007415;0.007811;0.007302;0.007729;8042571.03
20260106 000000;0.007729;0.008071;0.007149;0.007996;9157831.02
20260107 000000;0.007996;0.007998;0.007143;0.007374;8019248.81
20260108 000000;0.007374;0.007387;0.00695;0.007197;7965031.1
20260109 000000;0.007197;0.007218;0.006817;0.006911;8277127.72
20260110 000000;0.006911;0.00699;0.006512;0.006661;8945355.45
20260111 000000;0.006661;0.00682;0.006449;0.006713;8848446.1
20260112 000000;0.006713;0.006873;0.006577;0.0066;8596034.41
20260113 000000;0.0066;0.007681;0.006576;0.007221;9599819.47
20260114 000000;0.007221;0.007887;0.007092;0.007752;8635684.21
20260115 000000;0.007752;0.007766;0.006977;0.007093;7938921.05
20260116 000000;0.007093;0.007099;0.006701;0.007051;9192116.99
20260117 000000;0.007051;0.007531;0.006952;0.007354;9575156.72
20260118 000000;0.007354;0.007416;0.007157;0.007189;7813434.71
20260119 000000;0.007189;0.007189;0.006441;0.006586;10822604.22
20260120 000000;0.006586;0.006591;0.006054;0.006077;9775521.82
20260121 000000;0.006077;0.006153;0.00564;0.006049;11427732.38
20260122 000000;0.006049;0.006159;0.005859;0.005914;9665648.08
20260123 000000;0.005914;0.006028;0.005639;0.00568;10376660.67
20260124 000000;0.00568;0.005822;0.005656;0.005679;10130568.54
20260125 000000;0.005679;0.005681;0.005197;0.005222;10496680.25
20260126 000000;0.005222;0.005545;0.005217;0.005404;11671405.86
20260127 000000;0.005404;0.005478;0.005347;0.005438;10584204.19
20260128 000000;0.005438;0.005452;0.005263;0.005378;10812743.52
20260129 000000;0.005378;0.005378;0.004802;0.00481;11424870.88
20260130 000000;0.00481;0.004811;0.004376;0.004414;12206463.61
20260131 000000;0.004414;0.004501;0.00333;0.003692;14727841.32
20260201 000000;0.003692;0.00407;0.003507;0.003749;15820925.46
20260202 000000;0.003749;0.004168;0.003616;0.004133;15320624.46
20260203 000000;0.004133;0.004138;0.003573;0.003992;14924704.75
20260204 000000;0.003992;0.004081;0.003692;0.003767;14018683.37
20260205 000000;0.003767;0.00386;0.00314;0.003182;16203368.16
20260206 000000;0.003182;0.003616;0.003014;0.003575;19619693.73
20260207 000000;0.003575;0.003617;0.003346;0.003347;16951873.29
20260208 000000;0.003347;0.003557;0.003293;0.003311;16843979.32
20260209 000000;0.003311;0.003453;0.003202;0.003404;16661407.07
20260210 000000;0.003404;0.003407;0.003089;0.003183;18221600.56
20260211 000000;0.003183;0.003313;0.002994;0.003313;18779166.52
20260212 000000;0.003313;0.003382;0.003197;0.003313;18129365.56
20260213 000000;0.003313;0.003499;0.003234;0.003459;16180319.23
20260214 000000;0.003459;0.003555;0.003424;0.003526;16495762.2
20260215 000000;0.003526;0.003602;0.003192;0.003294;16804860.01
20260216 000000;0.003294;0.003339;0.003211;0.003278;16806077.16
20260217 000000;0.003278;0.003362;0.003253;0.003353;16982568.45
20260218 000000;0.003353;0.003415;0.003022;0.0031;18546973.07
20260219 000000;0.0031;0.003146;0.003056;0.003074;17527017.46
20260220 000000;0.003074;0.003078;0.003;0.003069;17798247.35
20260221 000000;0.003069;0.00319;0.003064;0.003186;17629673.15
20260222 000000;0.003186;0.00319;0.003018;0.003029;17373936.82
20260223 000000;0.003029;0.003034;0.0028;0.002818;19575233.93
20260224 000000;0.002818;0.002823;0.00271;0.00279;19608496.88
20260225 000000;0.00279;0.003245;0.002781;0.00305;20592011.59
20260226 000000;0.00305;0.003771;0.002953;0.003054;20492875.46
20260227 000000;0.003054;0.00313;0.002789;0.002855;18806737.29
20260228 000000;0.002855;0.002948;0.002764;0.002943;19845091.42
20260301 000000;0.002943;0.003037;0.002807;0.002837;19190567.04
20260302 000000;0.002837;0.003194;0.002802;0.00293;19537234.51
20260303 000000;0.00293;0.002995;0.002836;0.002995;18999598.79
20260304 000000;0.002995;0.003265;0.002939;0.003201;18869163.3
20260305 000000;0.003201;0.003232;0.003064;0.00307;17281818.02
20260306 000000;0.00307;0.003133;0.00291;0.003044;18302295.43
20260307 000000;0.003044;0.00313;0.003;0.003125;18693573.65
20260308 000000;0.003125;0.003182;0.003078;0.003107;17747733.49
20260309 000000;0.003107;0.003155;0.003025;0.003089;18686669.31
20260310 000000;0.003089;0.003513;0.003079;0.003408;19061339.59
20260311 000000;0.003408;0.003459;0.003239;0.003377;17053844.41
20260312 000000;0.003377;0.003396;0.003303;0.003337;16779072.38
20260313 000000;0.003337;0.003783;0.003329;0.003435;17608157.51
20260314 000000;0.003435;0.003461;0.003395;0.003456;16059253
20260315 000000;0.003456;0.003589;0.003415;0.003548;15400322.74
20260316 000000;0.003548;0.003778;0.003484;0.003727;15242051.94
20260317 000000;0.003727;0.004181;0.003706;0.003851;15740976.48
20260318 000000;0.003851;0.004013;0.003579;0.003623;15066651.87
20260319 000000;0.003623;0.003735;0.003401;0.003491;16038228.54
20260320 000000;0.003491;0.003533;0.003459;0.003517;15456538.69
20260321 000000;0.003517;0.003539;0.003281;0.003293;17082629.47
20260322 000000;0.003293;0.003371;0.003262;0.003305;16672568.4
20260323 000000;0.003305;0.003573;0.003296;0.003512;16744064.46
20260324 000000;0.003512;0.003571;0.003354;0.003469;16630535.75
20260325 000000;0.003469;0.003637;0.003241;0.003282;17013460.74
20260326 000000;0.003282;0.003516;0.003216;0.003339;16616376.52
20260327 000000;0.003339;0.003343;0.00313;0.003244;17326372.96
20260328 000000;0.003244;0.00329;0.003155;0.003203;18339717.83
20260329 000000;0.003203;0.003237;0.003067;0.003079;17278555.59
20260330 000000;0.003079;0.003201;0.002986;0.003007;18754798.18
20260331 000000;0.003007;0.003138;0.002978;0.003063;18276362.98
20260401 000000;0.003063;0.003171;0.00296;0.003078;18608212.94
20260402 000000;0.003078;0.003091;0.002813;0.002895;19020926.89
20260403 000000;0.002895;0.003005;0.00286;0.002903;18408237.26
20260404 000000;0.002903;0.00297;0.002878;0.002917;18951089.96
20260405 000000;0.002917;0.002929;0.002775;0.002919;20283320.33
20260406 000000;0.002919;0.003014;0.002801;0.002835;18674724.26
20260407 000000;0.002835;0.002951;0.002685;0.002945;20311952.24
20260408 000000;0.002945;0.002945;0.002741;0.002776;19891736.49
20260409 000000;0.002776;0.002834;0.002706;0.002783;20552469.86
20260410 000000;0.002783;0.002843;0.002752;0.002782;19805457.33
20260411 000000;0.002782;0.003005;0.002759;0.002839;19776799.3
20260412 000000;0.002839;0.002881;0.00273;0.002771;20348375.45
20260413 000000;0.002771;0.003017;0.002763;0.003014;19691614.37
20260414 000000;0.003014;0.003014;0.002816;0.002838;19105098.63
20260415 000000;0.002838;0.00296;0.00282;0.002937;18853812.76
20260416 000000;0.002937;0.00304;0.00281;0.002996;19240441.53
20260417 000000;0.002996;0.003126;0.002827;0.002845;19137956.57
20260418 000000;0.002845;0.002922;0.002785;0.00283;19302738.34
20260419 000000;0.00283;0.00286;0.002524;0.002612;21621186.77
20260420 000000;0.002612;0.002715;0.002452;0.002575;20524678.88
20260421 000000;0.002575;0.002858;0.002571;0.002707;21746990.56
20260422 000000;0.002707;0.002874;0.002619;0.002636;21274588.81
20260423 000000;0.002636;0.00266;0.002571;0.002595;22129128.9
20260424 000000;0.002595;0.002797;0.002584;0.002675;21013508.69
20260425 000000;0.002675;0.002831;0.002645;0.002668;20583168.78
20260426 000000;0.002668;0.002741;0.002668;0.002724;20197659.11
20260427 000000;0.002724;0.002783;0.002539;0.002634;20161987.79
20260428 000000;0.002634;0.002659;0.002542;0.002644;20270505.83
20260429 000000;0.002644;0.002649;0.00243;0.002434;23364857.33
20260430 000000;0.002434;0.002509;0.002415;0.002477;21477425.94
20260501 000000;0.002477;0.002629;0.002476;0.002583;21222991.16
20260502 000000;0.002583;0.002673;0.002555;0.00256;20789074.33
20260503 000000;0.00256;0.002562;0.002467;0.002539;21207369.06
20260504 000000;0.002539;0.00266;0.00238;0.002489;21933708.37
20260505 000000;0.002489;0.002628;0.00238;0.002542;24378278.46
20260506 000000;0.002542;0.002626;0.002387;0.002431;22350200.96
20260507 000000;0.002431;0.002603;0.002387;0.002598;21586501
20260508 000000;0.002598;0.002791;0.002544;0.002627;20632529.48
20260509 000000;0.002627;0.00283;0.002624;0.002829;19855411.01
20260510 000000;0.002829;0.00354;0.002796;0.003425;21750236.6
20260511 000000;0.003425;0.003457;0.003114;0.003266;18289409.64
20260512 000000;0.003266;0.00329;0.003058;0.003117;17610542.17
20260513 000000;0.003117;0.003338;0.003032;0.003079;17239861.72
20260514 000000;0.003079;0.003173;0.003007;0.003108;18066884.84
20260515 000000;0.003108;0.00316;0.002892;0.002995;17955301.18
20260516 000000;0.002995;0.003003;0.00281;0.002852;18961827.65
20260517 000000;0.002852;0.002917;0.002739;0.002756;19819880.53
20260518 000000;0.002756;0.0028;0.00261;0.002684;20410594.39
20260519 000000;0.002684;0.002769;0.002628;0.002696;20088207.58
20260520 000000;0.002696;0.002865;0.00266;0.002756;19739692.77
20260521 000000;0.002756;0.003103;0.002752;0.002908;20052292.01
20260522 000000;0.002908;0.003076;0.002804;0.002853;18810440.38
20260523 000000;0.002853;0.002864;0.002618;0.0028;21178931.34
20260524 000000;0.0028;0.00287;0.002722;0.002821;19771928.61
20260525 000000;0.002821;0.002821;0.002674;0.002689;20040903.67
20260526 000000;0.002689;0.002744;0.002487;0.002539;22142758.69
20260527 000000;0.002539;0.002746;0.002534;0.002706;20711322.34
20260528 000000;0.002706;0.004158;0.002475;0.002516;26259778.23
20260529 000000;0.002516;0.002615;0.002484;0.002513;22462837.17
20260530 000000;0.002513;0.002579;0.002466;0.002527;22820990.68
20260531 000000;0.002527;0.002546;0.002427;0.002453;21617932.11
20260601 000000;0.002453;0.002522;0.002254;0.002307;25672651.75
20260602 000000;0.002307;0.002332;0.002142;0.002167;32229926.54
20260603 000000;0.002167;0.002526;0.002166;0.002261;41336941.61
20260604 000000;0.002261;0.002505;0.002051;0.002153;38768964.97
20260605 000000;0.002153;0.002157;0.001698;0.001748;53464476.29
20260606 000000;0.001748;0.001953;0.001661;0.001786;93312570.52
20260607 000000;0.001786;0.002049;0.001773;0.001996;29118327.94
20260608 000000;0.001996;0.002059;0.001903;0.001946;27158505.76
20260609 000000;0.001946;0.001971;0.001799;0.001826;29356356.58
20260610 000000;0.001826;0.001931;0.00176;0.001779;29784805.6
20260611 000000;0.001779;0.001905;0.001777;0.001815;30522839.85
20260612 000000;0.001815;0.001844;0.001749;0.0018;32007786.63
20260613 000000;0.0018;0.00192;0.001782;0.001896;30120099.37
20260614 000000;0.001896;0.001923;0.001776;0.001861;29578836.1
20260615 000000;0.001861;0.002008;0.001826;0.001932;28168199.2
20260616 000000;0.001932;0.002004;0.001895;0.001934;28543560.55
20260617 000000;0.001934;0.001994;0.001868;0.001989;29342778.11
20260618 000000;0.001989;0.002029;0.00184;0.001854;29335965.52
20260619 000000;0.001854;0.001968;0.001831;0.00188;28783292.35
20260620 000000;0.00188;0.001911;0.001805;0.001884;22293317.71
