20230622 000000;0.002947;0.003044;0.002896;0.002917;181017897.54
20230623 000000;0.002917;0.003165;0.002902;0.003159;56205145.16
20230624 000000;0.003159;0.003213;0.003094;0.003182;33833666.11
20230625 000000;0.003182;0.003272;0.003073;0.003095;114044399.15
20230626 000000;0.003095;0.00332;0.002995;0.003033;105542367.19
20230627 000000;0.003033;0.003101;0.003005;0.003056;62111253.51
20230628 000000;0.003056;0.003092;0.002948;0.002966;35567281.77
20230629 000000;0.002966;0.003091;0.002952;0.002999;7225250.91
20230630 000000;0.002999;0.003266;0.002934;0.003217;7038839.04
20230701 000000;0.003217;0.003737;0.003184;0.00332;13577590.5
20230702 000000;0.00332;0.003332;0.003171;0.00325;7938627.31
20230703 000000;0.00325;0.0039;0.003213;0.003446;29754967.36
20230704 000000;0.003446;0.003733;0.0033;0.003627;20764498.05
20230705 000000;0.003627;0.004185;0.003448;0.003502;32271228.68
20230706 000000;0.003502;0.003545;0.003236;0.003249;8235000.25
20230707 000000;0.003249;0.00331;0.003205;0.003249;9538887.17
20230708 000000;0.003249;0.003288;0.00315;0.003195;9006561.59
20230709 000000;0.003195;0.003368;0.003177;0.003228;6389787.39
20230710 000000;0.003228;0.003332;0.003155;0.003274;6809458.48
20230711 000000;0.003274;0.003544;0.003255;0.003373;6743262.6
20230712 000000;0.003373;0.00338;0.003293;0.003322;6785048.84
20230713 000000;0.003322;0.003424;0.003275;0.003405;6417577.36
20230714 000000;0.003405;0.003475;0.003307;0.003364;8291802.68
20230715 000000;0.003364;0.003488;0.003343;0.00342;5563399.06
20230716 000000;0.00342;0.003546;0.0034;0.003471;8388858.63
20230717 000000;0.003471;0.003471;0.003377;0.003434;5794526.27
20230718 000000;0.003434;0.003449;0.00329;0.003316;5695659.27
20230719 000000;0.003316;0.003356;0.003296;0.003348;5240970.15
20230720 000000;0.003348;0.003369;0.003275;0.003297;5207106.1
20230721 000000;0.003297;0.003392;0.003287;0.003382;7026952.56
20230722 000000;0.003382;0.003458;0.003334;0.003458;7831596.1
20230723 000000;0.003458;0.003595;0.003416;0.003496;13921237.59
20230724 000000;0.003496;0.003563;0.003232;0.003286;8928456.94
20230725 000000;0.003286;0.003394;0.003187;0.003366;5320050.64
20230726 000000;0.003366;0.003511;0.003297;0.003434;6235775.11
20230727 000000;0.003434;0.003437;0.003324;0.003371;5886332.84
20230728 000000;0.003371;0.00355;0.003361;0.003525;6305244.35
20230729 000000;0.003525;0.003785;0.003508;0.003716;8709437.56
20230730 000000;0.003716;0.003718;0.003442;0.003459;7107694.56
20230731 000000;0.003459;0.003538;0.003421;0.003459;7210021.78
20230801 000000;0.003459;0.003486;0.003333;0.00342;9155343.58
20230802 000000;0.00342;0.00351;0.003363;0.003406;5411592.65
20230803 000000;0.003406;0.003406;0.003332;0.003374;5473476.43
20230804 000000;0.003374;0.003792;0.003368;0.003694;15564110.4
20230805 000000;0.003694;0.004519;0.003651;0.003831;50912799.82
20230806 000000;0.003831;0.00384;0.003577;0.003623;8772369.56
20230807 000000;0.003623;0.003626;0.003418;0.003487;8365410.45
20230808 000000;0.003487;0.00355;0.003431;0.003483;6122578.86
20230809 000000;0.003483;0.003559;0.003454;0.003476;8393884.04
20230810 000000;0.003476;0.003518;0.003434;0.003495;5415635.02
20230811 000000;0.003495;0.003566;0.00348;0.003545;7143070.63
20230812 000000;0.003545;0.003546;0.003486;0.003496;5653390.2
20230813 000000;0.003496;0.003502;0.00345;0.003462;5054609.31
20230814 000000;0.003462;0.003473;0.003392;0.003458;5029086.08
20230815 000000;0.003458;0.003464;0.0033;0.003304;5218114.56
20230816 000000;0.003304;0.003319;0.002974;0.002986;8275185.32
20230817 000000;0.002986;0.003001;0.00267;0.002729;8817016.99
20230818 000000;0.002729;0.002938;0.002711;0.002842;8268345.16
20230819 000000;0.002842;0.002958;0.002836;0.002908;7306941.28
20230820 000000;0.002908;0.002931;0.002847;0.002911;6375963.42
20230821 000000;0.002911;0.002913;0.002794;0.002853;7433488.91
20230822 000000;0.002853;0.002858;0.002755;0.002801;6052449.89
20230823 000000;0.002801;0.002899;0.002797;0.00286;6673151.75
20230824 000000;0.00286;0.002916;0.00284;0.002883;6378588.9
20230825 000000;0.002883;0.00297;0.002837;0.002928;7516724.22
20230826 000000;0.002928;0.002938;0.002891;0.002926;4845602.43
20230827 000000;0.002926;0.002973;0.002902;0.002924;7450283.74
20230828 000000;0.002924;0.002924;0.002808;0.002858;5976905.79
20230829 000000;0.002858;0.002967;0.002786;0.002949;7883630.82
20230830 000000;0.002949;0.002958;0.002849;0.002859;6388222.86
20230831 000000;0.002859;0.002878;0.002731;0.002742;6206533.44
20230901 000000;0.002742;0.002763;0.00268;0.002697;7777976.13
20230902 000000;0.002697;0.002766;0.002683;0.002754;7503132.2
20230903 000000;0.002754;0.0031;0.002754;0.002885;9643969.45
20230904 000000;0.002885;0.002956;0.002764;0.002815;7530444.17
20230905 000000;0.002815;0.00282;0.002744;0.002794;11198916.8
20230906 000000;0.002794;0.00282;0.002742;0.002794;6951032.58
20230907 000000;0.002794;0.002831;0.002751;0.002824;6929794.54
20230908 000000;0.002824;0.002885;0.002798;0.002817;6758928.05
20230909 000000;0.002817;0.002863;0.002791;0.002841;6441212.81
20230910 000000;0.002841;0.002883;0.002739;0.002771;6326519.58
20230911 000000;0.002771;0.002786;0.002608;0.002641;7112115.47
20230912 000000;0.002641;0.00273;0.002633;0.002671;7517573.75
20230913 000000;0.002671;0.002755;0.002651;0.002748;6181826.69
20230914 000000;0.002748;0.002918;0.002748;0.002873;11965957.85
20230915 000000;0.002873;0.002972;0.00285;0.002964;5808126.6
20230916 000000;0.002964;0.002984;0.002918;0.002939;8253729.26
20230917 000000;0.002939;0.00294;0.002787;0.002813;6227249.66
20230918 000000;0.002813;0.002889;0.002764;0.00284;7161181.75
20230919 000000;0.00284;0.002941;0.00283;0.002903;9768673.05
20230920 000000;0.002903;0.003032;0.002884;0.003003;10173309.91
20230921 000000;0.003003;0.003115;0.002858;0.00291;8565302.67
20230922 000000;0.00291;0.00302;0.00291;0.003005;9693214.4
20230923 000000;0.003005;0.003127;0.00299;0.003081;13634596.31
20230924 000000;0.003081;0.003082;0.00293;0.002937;10297269.8
20230925 000000;0.002937;0.002955;0.002859;0.002951;10750887.7
20230926 000000;0.002951;0.00297;0.002904;0.00294;10972960.57
20230927 000000;0.00294;0.002996;0.002903;0.002953;9712600.84
20230928 000000;0.002953;0.00307;0.00294;0.003058;10876971.25
20230929 000000;0.003058;0.003168;0.002993;0.003033;11662306.51
20230930 000000;0.003033;0.00315;0.003028;0.003068;13767598.95
20231001 000000;0.003068;0.003207;0.003057;0.003166;13775389.12
20231002 000000;0.003166;0.003173;0.003022;0.003034;9404119.44
20231003 000000;0.003034;0.003067;0.002968;0.003061;9157632.52
20231004 000000;0.003061;0.003184;0.002954;0.003013;14029694.25
20231005 000000;0.003013;0.00305;0.002938;0.002975;11079133.6
20231006 000000;0.002975;0.003043;0.002945;0.00304;9102588.64
20231007 000000;0.00304;0.00308;0.003019;0.003062;8893152.05
20231008 000000;0.003062;0.003069;0.003001;0.003054;9594043.42
20231009 000000;0.003054;0.003135;0.002889;0.002927;8970148.3
20231010 000000;0.002927;0.00295;0.002896;0.002932;9269947.26
20231011 000000;0.002932;0.002967;0.002803;0.002859;9890324.75
20231012 000000;0.002859;0.002866;0.002807;0.00285;9891395.82
20231013 000000;0.00285;0.002898;0.00283;0.002874;9313487.63
20231014 000000;0.002874;0.002913;0.002861;0.002888;9545037.85
20231015 000000;0.002888;0.002967;0.002881;0.00294;10167828.18
20231016 000000;0.00294;0.002999;0.00291;0.002984;9057738.37
20231017 000000;0.002984;0.003025;0.002921;0.003025;9134422.59
20231018 000000;0.003025;0.003034;0.002905;0.002932;11315136.42
20231019 000000;0.002932;0.002933;0.002816;0.002875;10622563.45
20231020 000000;0.002875;0.002982;0.002863;0.002977;10024984.89
20231021 000000;0.002977;0.003055;0.00296;0.003032;9423140.16
20231022 000000;0.003032;0.003052;0.002962;0.003033;9495541.01
20231023 000000;0.003033;0.00319;0.003022;0.003171;13092350.07
20231024 000000;0.003171;0.003265;0.003123;0.003209;12819229.25
20231025 000000;0.003209;0.00328;0.003133;0.003258;12769888.9
20231026 000000;0.003258;0.0033;0.003124;0.00321;9943038.47
20231027 000000;0.00321;0.003357;0.003177;0.003347;11428352.79
20231028 000000;0.003347;0.003418;0.00328;0.003399;11250931.89
20231029 000000;0.003399;0.003428;0.003316;0.003393;10741341.7
20231030 000000;0.003393;0.003429;0.003341;0.003414;8826733.87
20231031 000000;0.003414;0.004029;0.003177;0.00366;17139203.8
20231101 000000;0.00366;0.003769;0.003417;0.003636;12794286.01
20231102 000000;0.003636;0.003964;0.003574;0.003775;11033896.92
20231103 000000;0.003775;0.004004;0.003677;0.003866;11327297.74
20231104 000000;0.003866;0.003972;0.003767;0.003967;12745256.98
20231105 000000;0.003967;0.003982;0.003785;0.003853;8429170.65
20231106 000000;0.003853;0.003899;0.003646;0.003893;8694234.76
20231107 000000;0.003893;0.003896;0.003718;0.003812;7708439.31
20231108 000000;0.003812;0.004303;0.003772;0.004152;26051328.63
20231109 000000;0.004152;0.004374;0.00388;0.004092;11111181.7
20231110 000000;0.004092;0.004165;0.003948;0.004163;7756124.68
20231111 000000;0.004163;0.004163;0.00397;0.004112;8717544.08
20231112 000000;0.004112;0.004146;0.004004;0.004107;8063835.02
20231113 000000;0.004107;0.004354;0.004054;0.004282;16150986.72
20231114 000000;0.004282;0.004282;0.004072;0.004214;10599949.64
20231115 000000;0.004214;0.004471;0.004054;0.004457;11135014.77
20231116 000000;0.004457;0.004828;0.004383;0.004532;10998102.24
20231117 000000;0.004532;0.005341;0.004432;0.005161;12295360.7
20231118 000000;0.005161;0.005623;0.004908;0.005326;38596766.94
20231119 000000;0.005326;0.005512;0.004789;0.005389;12918374.49
20231120 000000;0.005389;0.005801;0.005389;0.005547;14071287.5
20231121 000000;0.005547;0.005665;0.004327;0.004356;30351837.02
20231122 000000;0.004356;0.004658;0.004158;0.0046;14859132.54
20231123 000000;0.0046;0.004607;0.004448;0.004509;7280273.47
20231124 000000;0.004509;0.004593;0.004477;0.004522;9684618.03
20231125 000000;0.004522;0.004572;0.00449;0.004539;6589945.18
20231126 000000;0.004539;0.004591;0.00441;0.004437;6614030.1
20231127 000000;0.004437;0.004461;0.004147;0.004238;8591564.84
20231128 000000;0.004238;0.004542;0.004202;0.0045;13854190.88
20231129 000000;0.0045;0.004823;0.004393;0.004757;10907794.36
20231130 000000;0.004757;0.004896;0.004604;0.004831;6841456.9
20231201 000000;0.004831;0.006107;0.004794;0.005719;17911766.5
20231202 000000;0.005719;0.00602;0.005366;0.005788;10714988.27
20231203 000000;0.005788;0.006715;0.005614;0.005995;11346503.07
20231204 000000;0.005995;0.006609;0.005986;0.006206;12029919.8
20231205 000000;0.006206;0.006705;0.006206;0.006407;10521072.08
20231206 000000;0.006407;0.006517;0.005809;0.006009;9948558
20231207 000000;0.006009;0.0065;0.005815;0.006352;6264994.75
20231208 000000;0.006352;0.006897;0.00624;0.006818;21892040.99
20231209 000000;0.006818;0.007548;0.00681;0.007266;16197907.31
20231210 000000;0.007266;0.007892;0.006988;0.00767;6799128.27
20231211 000000;0.00767;0.007676;0.00705;0.007503;9178986.56
20231212 000000;0.007503;0.00777;0.007365;0.007761;6678891.88
20231213 000000;0.007761;0.008241;0.007445;0.008112;7824382.55
20231214 000000;0.008112;0.008127;0.007521;0.007708;6198480.36
20231215 000000;0.007708;0.007972;0.007051;0.007103;5591963.18
20231216 000000;0.007103;0.007142;0.006698;0.007056;8403638.03
20231217 000000;0.007056;0.007466;0.006965;0.00708;6448111.22
20231218 000000;0.00708;0.007301;0.006216;0.006886;6467167.71
20231219 000000;0.006886;0.00728;0.006622;0.006702;5863908.68
20231220 000000;0.006702;0.007143;0.00668;0.007026;6248629.89
20231221 000000;0.007026;0.007428;0.007026;0.007188;8270093.75
20231222 000000;0.007188;0.007332;0.006864;0.00703;6819249.4
20231223 000000;0.00703;0.00703;0.006804;0.006894;5344593.12
20231224 000000;0.006894;0.006921;0.006591;0.006717;5672798.61
20231225 000000;0.006717;0.006922;0.006653;0.006863;5932934.63
20231226 000000;0.006863;0.006875;0.006586;0.006806;5372342.2
20231227 000000;0.006806;0.007203;0.006581;0.007056;8802248.89
20231228 000000;0.007056;0.007421;0.006787;0.006874;5617946.84
20231229 000000;0.006874;0.006896;0.006569;0.006711;5902958.4
20231230 000000;0.006711;0.006793;0.006623;0.006633;4610435.26
20231231 000000;0.006633;0.006984;0.006563;0.00667;5618933.36
