20250101 000000;0.2812;0.3089;0.2786;0.2953;3271839.69
20250102 000000;0.2953;0.3504;0.2925;0.3184;5487928.74
20250103 000000;0.3184;0.3274;0.2907;0.3252;2216863.25
20250104 000000;0.3252;0.3307;0.3114;0.3235;2782257.05
20250105 000000;0.3235;0.4127;0.3165;0.3678;6377119.21
20250106 000000;0.3678;0.3722;0.3472;0.3536;2026362.37
20250107 000000;0.3536;0.4451;0.3504;0.3509;8971645.39
20250108 000000;0.3509;0.3583;0.2824;0.3012;7900603.53
20250109 000000;0.3012;0.3157;0.2762;0.2886;2347539.85
20250110 000000;0.2886;0.3033;0.2683;0.2833;2244166.05
20250111 000000;0.2833;0.288;0.2698;0.279;725703.81
20250112 000000;0.279;0.2802;0.2624;0.2676;613020.79
20250113 000000;0.2676;0.2768;0.2146;0.2384;3570484.61
20250114 000000;0.2384;0.2576;0.2371;0.2491;1556666.06
20250115 000000;0.2491;0.2679;0.2289;0.265;1523258.76
20250116 000000;0.265;0.2674;0.2429;0.2506;1182573.19
20250117 000000;0.2506;0.269;0.2506;0.2652;1199780.68
20250118 000000;0.2652;0.2683;0.2042;0.2128;3030276.92
20250119 000000;0.2128;0.2289;0.1636;0.1667;8435033.66
20250120 000000;0.1667;0.1757;0.1497;0.1714;6263739.02
20250121 000000;0.1714;0.1747;0.1567;0.169;3348787.29
20250122 000000;0.169;0.1909;0.1641;0.1766;4299996.09
20250123 000000;0.1766;0.192;0.1726;0.1788;3167512.01
20250124 000000;0.1788;0.2083;0.1678;0.1855;83935727.64
20250125 000000;0.1855;0.2061;0.1783;0.195;103418067.46
20250126 000000;0.195;0.2135;0.1895;0.197;73544708.87
20250127 000000;0.197;0.2138;0.1869;0.2005;156499639.5
20250128 000000;0.2005;0.202;0.1505;0.1519;78393373.65
20250129 000000;0.1519;0.1996;0.1444;0.1874;155896794.4
20250130 000000;0.1874;0.1934;0.1827;0.1849;60244701.47
20250131 000000;0.1849;0.2119;0.1807;0.1992;81653038.23
20250201 000000;0.1992;0.2058;0.1748;0.1818;68742794.06
20250202 000000;0.1818;0.1986;0.1735;0.1839;118112561.81
20250203 000000;0.1839;0.2485;0.1715;0.2407;372179319.5
20250204 000000;0.2407;0.2487;0.2205;0.2289;149702036.84
20250205 000000;0.2289;0.2578;0.1937;0.1976;136371705.94
20250206 000000;0.1976;0.1994;0.1774;0.185;112091231.22
20250207 000000;0.185;0.1971;0.1791;0.1878;94597955.87
20250208 000000;0.1878;0.1953;0.1825;0.1901;48702769.43
20250209 000000;0.1901;0.1918;0.1802;0.1844;49393791.69
20250210 000000;0.1844;0.1935;0.1786;0.1833;56509219.93
20250211 000000;0.1833;0.1963;0.1816;0.1842;52796871.79
20250212 000000;0.1842;0.2001;0.1804;0.1985;55391618.46
20250213 000000;0.1985;0.2124;0.1883;0.1922;57218681.4
20250214 000000;0.1922;0.2117;0.1888;0.1992;53566357.87
20250215 000000;0.1992;0.2021;0.1827;0.1875;34611759.35
20250216 000000;0.1875;0.1913;0.1815;0.1836;32191424.36
20250217 000000;0.1836;0.1863;0.1802;0.182;23996624.57
20250218 000000;0.182;0.1865;0.1784;0.1858;28676594.24
20250219 000000;0.1858;0.1869;0.1801;0.1817;18328461.03
20250220 000000;0.1817;0.1853;0.1804;0.1844;21998573.96
20250221 000000;0.1844;0.2099;0.1819;0.1915;84495155.89
20250222 000000;0.1915;0.2112;0.1844;0.2051;92086610.76
20250223 000000;0.2051;0.2067;0.1852;0.188;63486051.54
20250224 000000;0.188;0.1902;0.1821;0.1855;52344589.04
20250225 000000;0.1855;0.2325;0.1815;0.2161;177558511.02
20250226 000000;0.2161;0.2526;0.2106;0.2371;130107916.63
20250227 000000;0.2371;0.2418;0.2036;0.2057;80977328.98
20250228 000000;0.2057;0.2547;0.1939;0.2222;146241497.93
20250301 000000;0.2222;0.2257;0.1989;0.203;81241242.91
20250302 000000;0.203;0.2246;0.1877;0.2099;123103376.08
20250303 000000;0.2099;0.215;0.188;0.1948;91604586.38
20250304 000000;0.1948;0.2024;0.1902;0.197;110336747.51
20250305 000000;0.197;0.1986;0.1915;0.1946;47769427.45
20250306 000000;0.1946;0.2002;0.1927;0.1935;33676484.91
20250307 000000;0.1935;0.1963;0.1906;0.1914;30848386.91
20250308 000000;0.1914;0.1941;0.1888;0.1912;19838432.72
20250309 000000;0.1912;0.1952;0.1893;0.1931;29253908.19
20250310 000000;0.1931;0.1975;0.1902;0.1939;43967533.38
20250311 000000;0.1939;0.2087;0.1927;0.1978;59636991.71
20250312 000000;0.1978;0.2006;0.1937;0.1963;25363925.43
20250313 000000;0.1963;0.1986;0.1909;0.1928;22862470.68
20250314 000000;0.1928;0.1981;0.1922;0.1944;20842963.14
20250315 000000;0.1944;0.1949;0.1925;0.1934;10777627.07
20250316 000000;0.1934;0.1951;0.19;0.1909;23535941.72
20250317 000000;0.1909;0.192;0.1901;0.1911;13615940.24
20250318 000000;0.1911;0.1922;0.1871;0.1897;18344766.87
20250319 000000;0.1897;0.1908;0.1883;0.1904;12401333.06
20250320 000000;0.1904;0.1909;0.1883;0.1894;9320170.04
20250321 000000;0.1894;0.1904;0.1881;0.1887;15758823.5
20250322 000000;0.1887;0.1932;0.1886;0.1901;12881145.92
20250323 000000;0.1901;0.1962;0.1892;0.1933;23446399.06
20250324 000000;0.1933;0.1992;0.1916;0.1954;24853396.93
20250325 000000;0.1954;0.2102;0.1916;0.194;36328929.56
20250326 000000;0.194;0.1974;0.189;0.1921;18108933.17
20250327 000000;0.1921;0.1938;0.1908;0.1921;9636860.79
20250328 000000;0.1921;0.1925;0.1892;0.1902;14000349.66
20250329 000000;0.1902;0.1912;0.188;0.1897;11065508.19
20250330 000000;0.1897;0.1907;0.1883;0.1899;6920895.62
20250331 000000;0.1899;0.1904;0.1882;0.1887;14308542.72
20250401 000000;0.1887;0.1899;0.0771;0.0811;859475467.26
20250402 000000;0.0811;0.0817;0.0504;0.0523;746651134.41
20250403 000000;0.0523;0.0656;0.0492;0.0612;474930068.67
20250404 000000;0.0612;0.0627;0.0556;0.0558;152715482.23
20250405 000000;0.0558;0.0679;0.0526;0.0537;276825801.53
20250406 000000;0.0537;0.0562;0.05;0.0533;134676146.93
20250407 000000;0.0533;0.0583;0.0465;0.056;209763083.34
20250408 000000;0.056;0.0587;0.0518;0.0521;97345287.79
20250409 000000;0.0521;0.0579;0.0505;0.0572;131219390.59
20250410 000000;0.0572;0.0577;0.0527;0.0544;81102772.09
20250411 000000;0.0544;0.0585;0.0541;0.0571;84658252.09
20250412 000000;0.0571;0.0598;0.0556;0.0577;83285823.08
20250413 000000;0.0577;0.0582;0.0522;0.0538;102558007.66
20250414 000000;0.0538;0.0656;0.0412;0.0585;328043367.63
20250415 000000;0.0585;0.0631;0.0582;0.06;81815741.37
20250416 000000;0.06;0.0623;0.0572;0.0584;58484055.88
20250417 000000;0.0584;0.0607;0.0563;0.059;36352379.79
20250418 000000;0.059;0.0616;0.0568;0.0601;31534373.91
20250419 000000;0.0601;0.0609;0.0582;0.0599;24767533.72
20250420 000000;0.0599;0.063;0.0589;0.0614;41162610.72
20250421 000000;0.0614;0.064;0.055;0.0562;66166800.19
20250422 000000;0.0562;0.06249;0.05426;0.062;55796439.77
20250423 000000;0.062;0.08493;0.05506;0.05852;347250986.32
20250424 000000;0.05852;0.0597;0.0552;0.05904;122552276.36
20250425 000000;0.05904;0.06189;0.05792;0.0598;110603221.15
20250426 000000;0.0598;0.065;0.05924;0.06193;115065149.11
20250427 000000;0.06193;0.06196;0.05274;0.05478;92097168.63
20250428 000000;0.05478;0.05721;0.05332;0.05583;67605884.17
20250429 000000;0.05583;0.05637;0.0514;0.05328;46555013.79
20250430 000000;0.05328;0.05476;0.05179;0.05467;62053560.85
20250501 000000;0.05467;0.05652;0.05434;0.05577;56289179.83
20250502 000000;0.05577;0.0563;0.05424;0.0552;44497418.01
20250503 000000;0.0552;0.05595;0.05016;0.0506;45666602.09
20250504 000000;0.0506;0.05255;0.04825;0.05195;63532549.12
20250505 000000;0.05195;0.05359;0.0509;0.0516;35953160.53
20250506 000000;0.0516;0.05207;0.04831;0.05017;49380763.55
20250507 000000;0.05017;0.05137;0.04939;0.05081;32389127.52
20250508 000000;0.05081;0.0636;0.05081;0.0603;95616477.2
20250509 000000;0.0603;0.07261;0.05926;0.07013;205002103.65
20250510 000000;0.07013;0.08827;0.05607;0.0626;398120019.93
20250511 000000;0.0626;0.06548;0.05704;0.06407;198718927.51
20250512 000000;0.06407;0.08977;0.06364;0.08189;540741405.28
20250513 000000;0.08189;0.08327;0.06763;0.08151;235232140.32
20250514 000000;0.08151;0.08393;0.0729;0.07448;145349613.68
20250515 000000;0.07448;0.07489;0.06217;0.06464;100043578.2
20250516 000000;0.06464;0.06688;0.06034;0.06112;64920928.42
20250517 000000;0.06112;0.06141;0.0572;0.0582;61328073.33
20250518 000000;0.0582;0.06593;0.0577;0.06373;100359209.49
20250519 000000;0.06373;0.06388;0.05722;0.06171;64626676.38
20250520 000000;0.06171;0.06307;0.0581;0.06145;57134161.39
20250521 000000;0.06145;0.06589;0.06018;0.06399;71736846.55
20250522 000000;0.06399;0.06883;0.06395;0.06848;72733714.48
20250523 000000;0.06848;0.07272;0.05906;0.05981;129251791.99
20250524 000000;0.05981;0.06316;0.05958;0.0612;39141764.88
20250525 000000;0.0612;0.06223;0.05663;0.06176;58841338.95
20250526 000000;0.06176;0.06276;0.05983;0.06047;39463924.77
20250527 000000;0.06047;0.06476;0.05853;0.06273;49239497.77
20250528 000000;0.06273;0.06414;0.05975;0.06259;38627442.43
20250529 000000;0.06259;0.0643;0.05451;0.05721;61430615.68
20250530 000000;0.05721;0.05751;0.04575;0.04686;118844565.37
20250531 000000;0.04686;0.05298;0.04568;0.05221;57329475.84
20250601 000000;0.05221;0.05392;0.05075;0.053;34413125.1
20250602 000000;0.053;0.05486;0.05111;0.05387;30050747.39
20250603 000000;0.05387;0.05532;0.04995;0.05196;41050217.72
20250604 000000;0.05196;0.05306;0.04968;0.05055;26388708.61
20250605 000000;0.05055;0.05136;0.04543;0.04654;40655245.51
20250606 000000;0.04654;0.04926;0.04631;0.04748;24798426
20250607 000000;0.04748;0.05059;0.04727;0.04947;21218082.49
20250608 000000;0.04947;0.05037;0.04811;0.04907;19459132.68
20250609 000000;0.04907;0.05219;0.04752;0.05189;26303425.44
20250610 000000;0.05189;0.05356;0.05074;0.05315;42117155.37
20250611 000000;0.05315;0.05338;0.04867;0.04963;33584227.15
20250612 000000;0.04963;0.04971;0.04415;0.04468;34874883.47
20250613 000000;0.04468;0.04749;0.04163;0.04592;85777490.21
20250614 000000;0.04592;0.04729;0.04535;0.04673;22143106.98
20250615 000000;0.04673;0.04723;0.04563;0.04663;15946995.78
20250616 000000;0.04663;0.04797;0.04553;0.04569;25337965.2
20250617 000000;0.04569;0.04683;0.04501;0.04587;28816017.27
20250618 000000;0.04587;0.04618;0.03768;0.04304;81700496.8
20250619 000000;0.04304;0.04379;0.04075;0.04163;26565729.54
20250620 000000;0.04163;0.04284;0.03924;0.04043;24607138.9
20250621 000000;0.04043;0.04188;0.03664;0.04069;39387542.05
20250622 000000;0.04069;0.04147;0.03775;0.04063;45846068.83
20250623 000000;0.04063;0.04333;0.04015;0.0432;29823460.13
20250624 000000;0.0432;0.04407;0.04224;0.04297;25588785.38
20250625 000000;0.04297;0.04317;0.04112;0.04139;21004572.78
20250626 000000;0.04139;0.04264;0.03945;0.03992;32177190.85
20250627 000000;0.03992;0.0412;0.03957;0.04096;16365727.14
20250628 000000;0.04096;0.0427;0.04058;0.0423;17284695.57
20250629 000000;0.0423;0.04429;0.04204;0.0439;15796577.81
20250630 000000;0.0439;0.0441;0.03546;0.03974;83286799.38
20250701 000000;0.03974;0.03988;0.03742;0.03871;50406731.52
20250702 000000;0.03871;0.04197;0.03842;0.04127;28795241.63
20250703 000000;0.04127;0.0424;0.04058;0.04156;26367708.91
20250704 000000;0.04156;0.04174;0.03842;0.03916;18132083.21
20250705 000000;0.03916;0.0397;0.03717;0.03855;16941043.59
20250706 000000;0.03855;0.04005;0.03824;0.03956;17734976.15
20250707 000000;0.03956;0.03995;0.03815;0.03858;23990774
20250708 000000;0.03858;0.03951;0.03783;0.03907;19069401.28
20250709 000000;0.03907;0.04069;0.03864;0.04046;18653234.1
20250710 000000;0.04046;0.04577;0.04001;0.04395;51337736.74
20250711 000000;0.04395;0.04808;0.04293;0.0436;78496184.84
20250712 000000;0.0436;0.04407;0.04073;0.04246;33032901.1
20250713 000000;0.04246;0.04398;0.04184;0.04266;28592053.93
20250714 000000;0.04266;0.04516;0.04165;0.04277;35186752.05
20250715 000000;0.04277;0.04679;0.04108;0.04547;73438962.29
20250716 000000;0.04547;0.04935;0.04404;0.04686;66910057.82
20250717 000000;0.04686;0.04814;0.04454;0.04619;77575989.45
20250718 000000;0.04619;0.04877;0.04404;0.04532;63413286.69
20250719 000000;0.04532;0.04598;0.0435;0.04535;29635648.55
20250720 000000;0.04535;0.05022;0.04504;0.04945;69641988.29
20250721 000000;0.04945;0.05276;0.04664;0.05108;83304761.4
20250722 000000;0.05108;0.05244;0.04723;0.05135;63853241.13
20250723 000000;0.05135;0.05218;0.04444;0.04704;79147778.04
20250724 000000;0.04704;0.04768;0.04169;0.04459;58931949.15
20250725 000000;0.04459;0.04597;0.04244;0.04587;32077007.85
20250726 000000;0.04587;0.04702;0.0454;0.04545;20854493.96
20250727 000000;0.04545;0.04796;0.045;0.04747;30141443.98
20250728 000000;0.04747;0.04877;0.04343;0.04404;49094102.11
20250729 000000;0.04404;0.04537;0.04154;0.04266;46214487.78
20250730 000000;0.04266;0.04296;0.03897;0.04146;54144219.29
20250731 000000;0.04146;0.04249;0.03904;0.03929;36573389.52
20250801 000000;0.03929;0.03969;0.03681;0.03806;58080151.17
20250802 000000;0.03806;0.0385;0.03632;0.03751;31258790.98
20250803 000000;0.03751;0.03885;0.03698;0.03856;20037668.94
20250804 000000;0.03856;0.04008;0.03842;0.03975;19266683
20250805 000000;0.03975;0.03996;0.03697;0.03794;22184351.78
20250806 000000;0.03794;0.03899;0.03684;0.03863;17788772.78
20250807 000000;0.03863;0.04029;0.03813;0.04017;23242690.18
20250808 000000;0.04017;0.04128;0.03966;0.04068;22893466.47
20250809 000000;0.04068;0.04369;0.04051;0.04283;32670001.68
20250810 000000;0.04283;0.04654;0.04084;0.04605;55935090.31
20250811 000000;0.04605;0.04801;0.04024;0.04144;81861005.7
20250812 000000;0.04144;0.04436;0.04063;0.04365;37058252.09
20250813 000000;0.04365;0.04523;0.04344;0.04447;23621972.49
20250814 000000;0.04447;0.04536;0.03894;0.03974;55104666.94
20250815 000000;0.03974;0.04089;0.03825;0.03974;24621487.49
20250816 000000;0.03974;0.0411;0.03966;0.04077;15838924.52
20250817 000000;0.04077;0.04237;0.04056;0.04126;15379767.91
20250818 000000;0.04126;0.04138;0.039;0.03988;34807683.59
20250819 000000;0.03988;0.04037;0.03777;0.03815;33088746.39
20250820 000000;0.03815;0.04038;0.03804;0.03997;24748541.79
20250821 000000;0.03997;0.04031;0.03863;0.03923;18875324.86
20250822 000000;0.03923;0.04397;0.03764;0.04379;51444492.25
20250823 000000;0.04379;0.04756;0.04251;0.04458;70025528.84
20250824 000000;0.04458;0.04477;0.04181;0.04228;44175880.14
20250825 000000;0.04228;0.04315;0.03737;0.03796;49673971.34
20250826 000000;0.03796;0.04023;0.03753;0.03986;35176409.31
20250827 000000;0.03986;0.04059;0.03926;0.03964;21604857.99
20250828 000000;0.03964;0.04317;0.03937;0.04227;71294528.87
20250829 000000;0.04227;0.04257;0.03846;0.03968;52467744.18
20250830 000000;0.03968;0.04069;0.03895;0.04026;18517056.26
20250831 000000;0.04026;0.04069;0.03871;0.03886;18890426.77
20250901 000000;0.03886;0.03939;0.032;0.03447;57462930.84
20250902 000000;0.03447;0.0372;0.03416;0.03685;59311112.74
20250903 000000;0.03685;0.03757;0.03608;0.03728;35910309.17
20250904 000000;0.03728;0.03749;0.03432;0.03465;45423440.67
20250905 000000;0.03465;0.03593;0.03444;0.03526;23110440.06
20250906 000000;0.03526;0.03618;0.03464;0.03578;16056541.23
20250907 000000;0.03578;0.03637;0.03504;0.03565;17480485.91
20250908 000000;0.03565;0.03779;0.03555;0.03748;38521263.02
20250909 000000;0.03748;0.03886;0.03644;0.03787;60889186.23
20250910 000000;0.03787;0.04069;0.03744;0.03852;62140969.13
20250911 000000;0.03852;0.03894;0.03729;0.03873;24264458.36
20250912 000000;0.03873;0.04357;0.03804;0.04172;54870784.08
20250913 000000;0.04172;0.0433;0.04005;0.04128;35337617.35
20250914 000000;0.04128;0.04148;0.03834;0.03913;23345030.33
20250915 000000;0.03913;0.04019;0.03595;0.03722;33189874.42
20250916 000000;0.03722;0.04044;0.03623;0.03987;37384452.17
20250917 000000;0.03987;0.04445;0.03964;0.04156;172481302.92
20250918 000000;0.04156;0.04219;0.0408;0.04128;44566952.86
20250919 000000;0.04128;0.04178;0.03824;0.03872;31800911.14
20250920 000000;0.03872;0.04108;0.03843;0.03957;32991726.16
20250921 000000;0.03957;0.04069;0.03875;0.03901;22074695.52
20250922 000000;0.03901;0.03917;0.03086;0.03391;69052348.15
20250923 000000;0.03391;0.03412;0.03233;0.03323;35881787.69
20250924 000000;0.03323;0.03448;0.0324;0.03368;23842987.21
20250925 000000;0.03368;0.03377;0.03039;0.03095;34230149.07
20250926 000000;0.03095;0.03325;0.03053;0.03287;23313263.26
20250927 000000;0.03287;0.03416;0.03211;0.03246;33175330.1
20250928 000000;0.03246;0.03345;0.03133;0.0333;16343443.97
20250929 000000;0.0333;0.03381;0.03166;0.03227;25216051.54
20250930 000000;0.03227;0.0324;0.03064;0.03191;29732603.3
20251001 000000;0.03191;0.03311;0.03141;0.03292;24907192.85
20251002 000000;0.03292;0.03393;0.03239;0.03347;34373196.59
20251003 000000;0.03347;0.03469;0.03266;0.03413;36903282.51
20251004 000000;0.03413;0.03438;0.03203;0.03289;28779521.73
20251005 000000;0.03289;0.03414;0.03225;0.03256;24997749.55
20251006 000000;0.03256;0.03437;0.03233;0.03408;37483240.99
20251007 000000;0.03408;0.03581;0.03192;0.03196;82710246.42
20251008 000000;0.03196;0.03515;0.03173;0.0341;63271688.01
20251009 000000;0.0341;0.03421;0.03116;0.03222;46038559.56
20251010 000000;0.03222;0.03299;0.00601;0.02066;178107895.28
20251011 000000;0.02066;0.0226;0.01894;0.02064;130124548.62
20251012 000000;0.02064;0.02377;0.02013;0.02318;82251436.49
20251013 000000;0.02318;0.02538;0.02284;0.02512;88901572.88
20251014 000000;0.02512;0.02531;0.02213;0.02457;70398993.38
20251015 000000;0.02457;0.02515;0.02306;0.02341;41826224.06
20251016 000000;0.02341;0.02432;0.02184;0.02218;67648146.98
20251017 000000;0.02218;0.02269;0.02035;0.02173;71893033.9
20251018 000000;0.02173;0.02258;0.02164;0.02226;27801855.02
20251019 000000;0.02226;0.02312;0.02164;0.02248;44167537.38
20251020 000000;0.02248;0.0237;0.02194;0.02287;51516565.74
20251021 000000;0.02287;0.0238;0.02121;0.02148;51056143.65
20251022 000000;0.02148;0.02205;0.02001;0.02079;44792757.56
20251023 000000;0.02079;0.02261;0.02067;0.02135;29257045.61
20251024 000000;0.02135;0.022;0.02078;0.02187;17205475.98
20251025 000000;0.02187;0.02441;0.02131;0.02398;52047968.6
20251026 000000;0.02398;0.0247;0.02281;0.02378;73231119.75
20251027 000000;0.02378;0.02546;0.02277;0.02291;63663118.44
20251028 000000;0.02291;0.02333;0.02115;0.02174;44328816.11
20251029 000000;0.02174;0.0228;0.02077;0.02204;48620932.2
20251030 000000;0.02204;0.02219;0.01872;0.01953;74018792.1
20251031 000000;0.01953;0.02059;0.01948;0.02017;32710255.12
20251101 000000;0.02017;0.02147;0.01995;0.02123;36573727.66
20251102 000000;0.02123;0.02153;0.01979;0.02082;28918919.09
20251103 000000;0.02082;0.02084;0.01589;0.01705;76243774.02
20251104 000000;0.01705;0.01743;0.01517;0.01636;116010022.28
20251105 000000;0.01636;0.01798;0.01544;0.0177;82149136.78
20251106 000000;0.0177;0.01771;0.0166;0.01758;34432101.13
20251107 000000;0.01758;0.02046;0.01702;0.01982;59580046.83
20251108 000000;0.01982;0.02055;0.01858;0.0195;41688446.17
20251109 000000;0.0195;0.03214;0.01836;0.02185;260227859.17
20251110 000000;0.02185;0.02375;0.02146;0.02212;187731718.66
20251111 000000;0.02212;0.02262;0.02;0.02014;76104296.75
20251112 000000;0.02014;0.02112;0.01946;0.01995;40352024.58
20251113 000000;0.01995;0.0204;0.01802;0.0187;41471942.04
20251114 000000;0.0187;0.01923;0.01706;0.01762;59140926.65
20251115 000000;0.01762;0.01873;0.01758;0.018;25958146
20251116 000000;0.018;0.01865;0.0174;0.01834;27753460.85
20251117 000000;0.01834;0.0197;0.0172;0.01785;49598615.39
20251118 000000;0.01785;0.0211;0.01748;0.01912;105908399.11
20251119 000000;0.01912;0.02269;0.01864;0.02066;153976679.6
20251120 000000;0.02066;0.02561;0.01996;0.02313;147418238.83
20251121 000000;0.02313;0.02526;0.018;0.01999;110763250.85
20251122 000000;0.01999;0.0205;0.01869;0.0202;35533370.12
20251123 000000;0.0202;0.02151;0.01968;0.02054;54742436.67
20251124 000000;0.02054;0.02466;0.01996;0.02292;92161223.05
20251125 000000;0.02292;0.02313;0.02143;0.0222;41727169.52
20251126 000000;0.0222;0.02237;0.02074;0.0221;16680965.04
20251127 000000;0.0221;0.02335;0.02152;0.02245;20299284.83
20251128 000000;0.02245;0.02467;0.02189;0.02315;38497152
20251129 000000;0.02315;0.02379;0.02155;0.02203;24584745.46
20251130 000000;0.02203;0.02572;0.02187;0.0238;60874073.36
20251201 000000;0.0238;0.02393;0.02037;0.02093;43289281.88
20251202 000000;0.02093;0.02303;0.01971;0.02164;35950999.52
20251203 000000;0.02164;0.02636;0.02072;0.02278;74939527.23
20251204 000000;0.02278;0.02619;0.02249;0.02474;70404635.17
20251205 000000;0.02474;0.02557;0.02303;0.02324;42489455.77
20251206 000000;0.02324;0.02484;0.02055;0.02137;56243974.49
20251207 000000;0.02137;0.02227;0.02041;0.02141;40147402.73
20251208 000000;0.02141;0.02214;0.02108;0.02122;21360928.66
20251209 000000;0.02122;0.02234;0.02077;0.02161;17827013.75
20251210 000000;0.02161;0.02172;0.02011;0.0204;18652104.15
20251211 000000;0.0204;0.02052;0.01926;0.02002;20308658.76
20251212 000000;0.02002;0.02018;0.01875;0.01952;14849783.93
20251213 000000;0.01952;0.02135;0.01941;0.02096;21856687.19
20251214 000000;0.02096;0.02201;0.01987;0.02005;35509173.65
20251215 000000;0.02005;0.02194;0.01919;0.0207;33593585.11
20251216 000000;0.0207;0.02167;0.01996;0.0206;30308678.51
20251217 000000;0.0206;0.02682;0.02;0.02458;113578768.1
20251218 000000;0.02458;0.02994;0.02425;0.0292;156296484.85
20251219 000000;0.0292;0.03234;0.02761;0.02924;98989341.41
20251220 000000;0.02924;0.04286;0.02847;0.03927;145630561.33
20251221 000000;0.03927;0.042;0.03344;0.03381;104897353.95
20251222 000000;0.03381;0.03935;0.03147;0.03416;97566404.48
20251223 000000;0.03416;0.0379;0.03172;0.03679;91068437.7
20251224 000000;0.03679;0.04848;0.03665;0.03921;164196059.01
20251225 000000;0.03921;0.04767;0.03773;0.04534;115578004.62
20251226 000000;0.04534;0.04642;0.04091;0.04215;91122661.08
20251227 000000;0.04215;0.04435;0.03935;0.04327;51657544.75
20251228 000000;0.04327;0.04703;0.04187;0.04195;63467663.36
20251229 000000;0.04195;0.04512;0.03858;0.04305;72614356.07
20251230 000000;0.04305;0.04401;0.03796;0.03812;46304753.11
20251231 000000;0.03812;0.03916;0.03262;0.03275;71699446.82
