20241024 000000;0.03;0.07777;0.02088;0.02098;8947163.45
20241025 000000;0.02098;0.04583;0.01239;0.01467;36598792.1
20241026 000000;0.01467;0.04;0.01352;0.02748;30647989.49
20241027 000000;0.02748;0.03038;0.0175;0.02447;22961329.65
20241028 000000;0.02447;0.04;0.02224;0.02847;16503853.8
20241029 000000;0.02847;0.03759;0.0225;0.02705;21151415.45
20241030 000000;0.02705;0.04688;0.02673;0.0388;23055159.19
20241031 000000;0.0388;0.04761;0.0188;0.02758;99960590.29
20241101 000000;0.02758;0.035;0.02292;0.02442;40550007.4
20241102 000000;0.02442;0.02749;0.01461;0.01537;30549344.9
20241103 000000;0.01537;0.02276;0.01296;0.01916;64391231.15
20241104 000000;0.01916;0.02511;0.01616;0.02116;54413280.24
20241105 000000;0.02116;0.02314;0.0175;0.01939;31105202.16
20241106 000000;0.01939;0.03009;0.01925;0.02873;44618486.89
20241107 000000;0.02873;0.03345;0.024;0.024;37904914.44
20241108 000000;0.024;0.02945;0.02192;0.02224;44492373.57
20241109 000000;0.02224;0.02481;0.01915;0.02189;34225462.13
20241110 000000;0.02189;0.0256;0.01848;0.02046;42100690.18
20241111 000000;0.02046;0.542;0.02;0.4462;134523441.01
20241112 000000;0.4462;0.6363;0.41992;0.55829;32940640.51
20241113 000000;0.55829;0.73466;0.52561;0.60671;23432459.35
20241114 000000;0.60671;0.95343;0.5873;0.75629;15919159.86
20241115 000000;0.75629;0.92802;0.6513;0.75032;9479964.83
20241116 000000;0.75032;0.80151;0.63722;0.67411;3410345.04
20241117 000000;0.67411;0.69509;0.58132;0.66662;2637818.93
20241118 000000;0.66662;0.69181;0.58;0.60205;2949599.22
20241119 000000;0.60205;0.63773;0.56149;0.58044;5159163.45
20241120 000000;0.58044;0.58242;0.48705;0.49438;3647654.24
20241121 000000;0.49438;0.55875;0.43;0.50661;10342057.77
20241122 000000;0.50661;0.52104;0.43182;0.44803;7799341.05
20241123 000000;0.44803;0.49003;0.42336;0.45623;5201277.83
20241124 000000;0.45623;0.48571;0.411;0.45328;2298563.84
20241125 000000;0.45328;0.50536;0.41597;0.42992;3164479.1
20241126 000000;0.42992;0.45;0.39851;0.42123;1921603.93
20241127 000000;0.42123;0.45132;0.41292;0.45;2350137.92
20241128 000000;0.45;0.46459;0.41754;0.44116;1467118.03
20241129 000000;0.44116;0.72359;0.43852;0.67942;8592772.6
20241130 000000;0.67942;0.80927;0.56771;0.57358;7521881.64
20241201 000000;0.57358;0.6425;0.55;0.59586;4085487.81
20241202 000000;0.59586;0.60024;0.51834;0.54516;4309649.71
20241203 000000;0.54516;0.57586;0.4866;0.51923;5933434.01
20241204 000000;0.51923;0.54471;0.51107;0.53219;4563494.5
20241205 000000;0.53219;0.6425;0.51625;0.63007;9920104.7
20241206 000000;0.63007;0.649;0.56677;0.5905;3099512.94
20241207 000000;0.5905;0.64526;0.58036;0.61175;4233949.76
20241208 000000;0.61175;0.65797;0.58889;0.60321;2374466.21
20241209 000000;0.6032;0.6032;0.4193;0.4812;6479809.69
20241210 000000;0.4812;0.4969;0.4322;0.4666;5914437.89
20241211 000000;0.4666;0.5604;0.4458;0.5456;4544822.65
20241212 000000;0.5456;0.5861;0.5327;0.5497;2398176.79
20241213 000000;0.5497;0.6138;0.5392;0.5695;2766221.08
20241214 000000;0.5695;0.6359;0.5623;0.5741;2571135.25
20241215 000000;0.5741;0.5963;0.5003;0.5296;1680953.32
20241216 000000;0.5296;0.5482;0.4782;0.4904;1523077.3
20241217 000000;0.4904;0.4915;0.4511;0.4641;2205988.44
20241218 000000;0.4641;0.4764;0.4013;0.4059;4780750.09
20241219 000000;0.4059;0.4059;0.3202;0.3202;7346613.49
20241220 000000;0.3202;0.3551;0.2915;0.3455;7242875.23
20241221 000000;0.3455;0.3571;0.3008;0.3067;1597539.81
20241222 000000;0.3067;0.3478;0.3042;0.3236;3007864.15
20241223 000000;0.3236;0.3446;0.3107;0.3384;1677056.03
20241224 000000;0.3384;0.3515;0.3231;0.3396;1320966.29
20241225 000000;0.3396;0.3396;0.3083;0.3107;995670.92
20241226 000000;0.3107;0.3137;0.2804;0.2863;1214464.94
20241227 000000;0.2863;0.3007;0.2807;0.284;1333777.85
20241228 000000;0.284;0.2906;0.2579;0.2897;1949592.1
20241229 000000;0.2897;0.2897;0.2604;0.2616;1825932.72
20241230 000000;0.2616;0.298;0.2593;0.2709;5079933.49
20241231 000000;0.2709;0.2895;0.2555;0.2812;2263434.95
