20250101 000000;0.7518;0.7904;0.7402;0.7892;155336.16
20250102 000000;0.7892;0.8914;0.7892;0.8492;242241.73
20250103 000000;0.8492;0.885;0.8213;0.8598;210597.4
20250104 000000;0.8598;0.9;0.7603;0.8783;311862.32
20250105 000000;0.8783;0.9624;0.8562;0.9283;162269.31
20250106 000000;0.9283;1.007;0.8986;0.9296;256940.81
20250107 000000;0.9296;0.93;0.8319;0.8603;254331.59
20250108 000000;0.8603;0.8603;0.75;0.8391;229503.95
20250109 000000;0.8391;0.8395;0.7429;0.7858;219666.49
20250110 000000;0.7858;0.865;0.7781;0.8094;233283.24
20250111 000000;0.8094;0.816;0.7824;0.7975;133053.43
20250112 000000;0.7975;0.7988;0.7439;0.7581;99649.23
20250113 000000;0.7581;0.7736;0.6302;0.6657;438662.72
20250114 000000;0.6657;0.71;0.6291;0.6568;487107.01
20250115 000000;0.6568;0.7089;0.6;0.6968;556075.44
20250116 000000;0.6968;0.702;0.6206;0.6437;434132.82
20250117 000000;0.6437;0.7533;0.633;0.7432;346842.66
20250118 000000;0.7432;0.7574;0.6;0.6362;659372.28
20250119 000000;0.6362;0.7837;0.5969;0.6071;647431.72
20250120 000000;0.6071;0.6768;0.5213;0.5723;871745.6
20250121 000000;0.5723;0.714;0.5528;0.6784;393376.56
20250122 000000;0.6784;0.7009;0.6437;0.6461;195217.44
20250123 000000;0.6461;0.6475;0.5795;0.6062;376224.28
20250124 000000;0.6062;0.6465;0.5816;0.5862;250127.25
20250125 000000;0.5862;0.606;0.5559;0.5636;335979.52
20250126 000000;0.5636;0.5804;0.5263;0.5263;293758.75
20250127 000000;0.5263;0.5597;0.403;0.5587;760800.93
20250128 000000;0.5587;0.5812;0.4935;0.5042;305600.78
20250129 000000;0.5042;0.5478;0.4662;0.5045;320576.51
20250130 000000;0.5045;0.6011;0.497;0.5518;264451.6
20250131 000000;0.5518;0.5569;0.484;0.5034;272201.69
20250201 000000;0.5034;0.5145;0.4485;0.4538;312975.85
20250202 000000;0.4538;0.4702;0.3707;0.3882;791484.23
20250203 000000;0.3882;0.4818;0.2519;0.4677;1430838.33
20250204 000000;0.4677;0.4903;0.4083;0.4319;495683.15
20250205 000000;0.4319;0.4412;0.3874;0.4003;348595.17
20250206 000000;0.4003;0.4171;0.3544;0.3591;381744.51
20250207 000000;0.3591;0.4079;0.3389;0.3422;521069.52
20250208 000000;0.3422;0.376;0.3408;0.3741;223103.33
20250209 000000;0.3741;0.4011;0.3497;0.3781;408864.52
20250210 000000;0.3781;0.4013;0.3692;0.3744;298893.51
20250211 000000;0.3744;0.4209;0.3743;0.4139;348615.56
20250212 000000;0.4139;0.4422;0.3853;0.436;575961.26
20250213 000000;0.436;0.4433;0.3849;0.415;302975.32
20250214 000000;0.415;0.4455;0.3995;0.4175;249630.69
20250215 000000;0.4175;0.4602;0.4107;0.4346;202821.61
20250216 000000;0.4346;0.4354;0.3874;0.3991;253837.14
20250217 000000;0.3991;0.4041;0.3518;0.3617;547354.87
20250218 000000;0.3617;0.3702;0.3334;0.3529;514988.71
20250219 000000;0.3529;0.3937;0.3529;0.3768;560892.12
20250220 000000;0.3768;0.4128;0.3763;0.3999;376287.14
20250221 000000;0.3999;0.402;0.3483;0.3575;625817.21
20250222 000000;0.3575;0.3707;0.3517;0.3634;239262.25
20250223 000000;0.3634;0.3656;0.335;0.355;248927.45
20250224 000000;0.355;0.3575;0.2751;0.2778;542372.5
20250225 000000;0.2778;0.2894;0.2503;0.2655;651224.84
20250226 000000;0.2655;0.2999;0.258;0.2773;613309.09
20250227 000000;0.2773;0.3008;0.2733;0.2945;359797.5
20250228 000000;0.2945;0.3159;0.2517;0.3079;562454.83
20250301 000000;0.3079;0.3264;0.2948;0.315;301771.51
20250302 000000;0.315;0.4191;0.3136;0.3811;781534.82
20250303 000000;0.3811;0.3898;0.3057;0.3121;464905.35
20250304 000000;0.3121;0.3168;0.2704;0.296;668943.55
20250305 000000;0.296;0.3134;0.2871;0.3114;406388.38
20250306 000000;0.3114;0.3297;0.305;0.3125;318593.58
20250307 000000;0.3125;0.3198;0.2858;0.2901;339802.17
20250308 000000;0.2901;0.2956;0.2728;0.2746;333559.61
20250309 000000;0.2746;0.282;0.2335;0.2392;399514.3
20250310 000000;0.2392;0.2507;0.2042;0.2124;475783.38
20250311 000000;0.2124;0.2269;0.1946;0.2199;567844.95
20250312 000000;0.2199;0.2419;0.2041;0.2411;555762.32
20250313 000000;0.2411;0.2428;0.2181;0.2279;537967.45
20250314 000000;0.2279;0.2621;0.2267;0.2572;458762.73
20250315 000000;0.2572;0.2747;0.2531;0.2666;287651.36
20250316 000000;0.2666;0.2739;0.2482;0.2529;353212.51
20250317 000000;0.2529;0.2755;0.2527;0.271;249621.89
20250318 000000;0.271;0.2714;0.25;0.2648;441478.94
20250319 000000;0.2648;0.2802;0.2557;0.2794;344639.39
20250320 000000;0.2794;0.2802;0.2601;0.2603;269941.31
20250321 000000;0.2603;0.2974;0.2568;0.2877;395456.7
20250322 000000;0.2877;0.3095;0.2819;0.3043;308809.02
20250323 000000;0.3043;0.3711;0.2989;0.3683;397458.26
20250324 000000;0.3683;0.4202;0.3613;0.3983;569445.48
20250325 000000;0.3983;0.4722;0.3907;0.4218;571679.15
20250326 000000;0.4218;0.4453;0.3756;0.3865;478965.12
20250327 000000;0.3865;0.4877;0.3834;0.4303;556166.84
20250328 000000;0.4303;0.4375;0.3503;0.3529;394837.86
20250329 000000;0.3529;0.3537;0.2961;0.3119;622119.41
20250330 000000;0.3119;0.3162;0.2821;0.3099;435403.22
20250331 000000;0.3099;0.3138;0.2839;0.2888;431560.21
20250401 000000;0.2888;0.3243;0.2811;0.3203;454600.18
20250402 000000;0.3203;0.3272;0.2806;0.2829;457309.74
20250403 000000;0.2829;0.2992;0.2656;0.2985;474395.37
20250404 000000;0.2985;0.332;0.2915;0.3224;616927.21
20250405 000000;0.3224;0.3227;0.2938;0.3053;383178.88
20250406 000000;0.3053;0.3083;0.2521;0.2596;544241.67
20250407 000000;0.2596;0.2781;0.225;0.27;595726.89
20250408 000000;0.27;0.2886;0.2478;0.2506;702983
20250409 000000;0.2506;0.3074;0.2349;0.3009;639764.83
20250410 000000;0.3009;0.3084;0.2567;0.2727;582941.73
20250411 000000;0.2727;0.2987;0.2679;0.2928;427342
20250412 000000;0.2928;0.3136;0.2834;0.3076;435270.09
20250413 000000;0.3076;0.3115;0.2741;0.2822;392392.08
20250414 000000;0.2822;0.298;0.2671;0.27;362253.93
20250415 000000;0.27;0.2784;0.2599;0.2613;434163.8
20250416 000000;0.2613;0.2669;0.2477;0.2535;475805.09
20250417 000000;0.2535;0.2745;0.2515;0.2688;408866.04
20250418 000000;0.2688;0.27;0.2575;0.2622;350466.69
20250419 000000;0.2622;0.2721;0.2613;0.2708;407055.27
20250420 000000;0.2708;0.2773;0.2607;0.2654;315493.43
20250421 000000;0.2654;0.2765;0.2585;0.2653;446303.71
20250422 000000;0.2653;0.2853;0.2516;0.2812;460948.99
20250423 000000;0.2812;0.2971;0.2781;0.2904;527822.95
20250424 000000;0.2904;0.2992;0.2746;0.2976;405499.3
20250425 000000;0.2976;0.3366;0.2937;0.3106;601262.1
20250426 000000;0.3106;0.3728;0.3064;0.3184;478670.32
20250427 000000;0.3184;0.3209;0.2953;0.2957;346218.49
20250428 000000;0.2957;0.3083;0.2835;0.2991;391386
20250429 000000;0.2991;0.3133;0.2813;0.2896;396487.85
20250430 000000;0.2896;0.3002;0.27;0.2862;456470.15
20250501 000000;0.2862;0.2993;0.2824;0.2897;383832.65
20250502 000000;0.2897;0.293;0.2712;0.277;324705.84
20250503 000000;0.277;0.2801;0.2625;0.2643;551317.86
20250504 000000;0.2643;0.2668;0.2559;0.2577;288073.47
20250505 000000;0.2577;0.2611;0.2429;0.2477;346808.94
20250506 000000;0.2477;0.2494;0.2298;0.2411;389971.92
20250507 000000;0.2411;0.2444;0.2341;0.2422;392967.88
20250508 000000;0.2422;0.2762;0.2418;0.2652;766097.07
20250509 000000;0.2652;0.2996;0.2567;0.2871;791453.58
20250510 000000;0.2871;0.315;0.285;0.2954;569372.24
20250511 000000;0.2954;0.2971;0.2677;0.2892;387512.63
20250512 000000;0.2892;0.3144;0.27;0.2871;450089.71
20250513 000000;0.2871;0.2958;0.2631;0.2899;353848.62
20250514 000000;0.2899;0.3053;0.2766;0.2852;488041.07
20250515 000000;0.2852;0.2998;0.2512;0.2569;565167.8
20250516 000000;0.2569;0.2697;0.2476;0.2509;356006.72
20250517 000000;0.2509;0.2565;0.233;0.2336;471764.58
20250518 000000;0.2336;0.2544;0.233;0.2484;489767.15
20250519 000000;0.2484;0.2491;0.2131;0.2239;590414.94
20250520 000000;0.2239;0.2311;0.208;0.2201;458501.65
20250521 000000;0.2201;0.237;0.2148;0.2282;604373.12
20250522 000000;0.2282;0.2347;0.2248;0.2309;604112.75
20250523 000000;0.2309;0.2369;0.1936;0.1962;807054.74
20250524 000000;0.1962;0.2088;0.1874;0.1884;658264.11
20250525 000000;0.1884;0.1993;0.18;0.1988;636752.24
20250526 000000;0.1988;0.211;0.197;0.2102;497929.83
20250527 000000;0.2102;0.222;0.2012;0.2092;430513.51
20250528 000000;0.2092;0.213;0.2;0.2025;445910.89
20250529 000000;0.2025;0.2051;0.191;0.1929;441505.89
20250530 000000;0.1929;0.1939;0.1603;0.1607;782877.52
20250531 000000;0.1607;0.1809;0.1421;0.1744;991130.14
20250601 000000;0.1744;0.1808;0.1659;0.1706;549864.84
20250602 000000;0.1706;0.1714;0.1565;0.1656;730080.12
20250603 000000;0.1656;0.1704;0.1595;0.1664;570590.87
20250604 000000;0.1664;0.1701;0.1608;0.1615;513227.09
20250605 000000;0.1615;0.1642;0.1473;0.1541;887803.97
20250606 000000;0.1541;0.158;0.1492;0.1537;531647.21
20250607 000000;0.1537;0.1783;0.1537;0.1724;894169.13
20250608 000000;0.1724;0.1955;0.167;0.1797;817615.95
20250609 000000;0.1797;0.22;0.1787;0.2107;946839.83
20250610 000000;0.2107;0.2167;0.1987;0.2106;612508.65
20250611 000000;0.2106;0.2195;0.2059;0.2103;652320.88
20250612 000000;0.2103;0.2251;0.1944;0.1963;1065167.04
20250613 000000;0.1963;0.2096;0.1827;0.2055;840043.86
20250614 000000;0.2055;0.2067;0.1925;0.1976;381493.68
20250615 000000;0.1976;0.2048;0.1968;0.2044;337411.83
20250616 000000;0.2044;0.2342;0.1975;0.2121;564762.32
20250617 000000;0.2121;0.2168;0.1796;0.1797;658140.41
20250618 000000;0.1797;0.1938;0.1677;0.1774;568526.15
20250619 000000;0.1774;0.1775;0.1675;0.1734;417223.13
20250620 000000;0.1734;0.1762;0.159;0.1601;420412.5
20250621 000000;0.1601;0.1618;0.1456;0.1517;483958.97
20250622 000000;0.1517;0.1538;0.1336;0.1426;624583.43
20250623 000000;0.1426;0.1647;0.1424;0.1616;706114.96
20250624 000000;0.1616;0.1625;0.1451;0.1484;648367.08
20250625 000000;0.1484;0.1607;0.1382;0.1388;532692.32
20250626 000000;0.1388;0.1436;0.1319;0.1338;527281.37
20250627 000000;0.1338;0.1491;0.1328;0.1406;527440.87
20250628 000000;0.1406;0.1468;0.1368;0.1443;476130.34
20250629 000000;0.1443;0.1881;0.1438;0.1802;973195.67
20250630 000000;0.1802;0.1941;0.174;0.1754;531151.66
20250701 000000;0.1754;0.1876;0.166;0.1672;503591.72
20250702 000000;0.1672;0.1845;0.163;0.1766;502019.52
20250703 000000;0.1766;0.1865;0.161;0.171;571421.38
20250704 000000;0.171;0.1731;0.1535;0.1582;483707.42
20250705 000000;0.1582;0.1653;0.15;0.1635;471209.48
20250706 000000;0.1635;0.1653;0.1581;0.1608;403532.69
20250707 000000;0.1608;0.1671;0.1588;0.1602;412119.84
20250708 000000;0.1602;0.1727;0.16;0.1685;396544.19
20250709 000000;0.1685;0.1759;0.1671;0.1754;469766.57
20250710 000000;0.1754;0.1934;0.1733;0.1901;510143.97
20250711 000000;0.1901;0.195;0.1825;0.1871;531521.64
20250712 000000;0.1871;0.1945;0.1687;0.1779;478894.62
20250713 000000;0.1779;0.1945;0.1747;0.1867;541800.83
20250714 000000;0.1867;0.198;0.1795;0.1855;551426.72
20250715 000000;0.1855;0.1901;0.1774;0.188;444252.91
20250716 000000;0.188;0.1977;0.182;0.1857;568099.33
20250717 000000;0.1857;0.1871;0.1629;0.1701;600696.63
20250718 000000;0.1701;0.1809;0.1659;0.1662;495788.99
20250719 000000;0.1662;0.1708;0.1606;0.1667;426365.83
20250720 000000;0.1667;0.1988;0.1633;0.1867;647947.21
20250721 000000;0.1867;0.2399;0.1808;0.2139;910773.66
20250722 000000;0.2139;0.2218;0.1954;0.2099;487452.16
20250723 000000;0.2099;0.2105;0.1723;0.1773;459352.41
20250724 000000;0.1773;0.1821;0.1685;0.1772;451785.01
20250725 000000;0.1772;0.1794;0.1581;0.1694;478847.22
20250726 000000;0.1694;0.1825;0.1591;0.1629;581737.63
20250727 000000;0.1629;0.1663;0.1578;0.1583;441663.59
20250728 000000;0.1583;0.1659;0.1444;0.1531;697669.77
20250729 000000;0.1531;0.1758;0.1523;0.1618;700971.92
20250730 000000;0.1618;0.1618;0.1364;0.1522;581384.86
20250731 000000;0.1522;0.1593;0.1371;0.1372;579152.16
20250801 000000;0.1372;0.1433;0.1319;0.1351;824853.02
20250802 000000;0.1351;0.1401;0.1278;0.13;574566.66
20250803 000000;0.13;0.1356;0.1247;0.1306;568722.02
20250804 000000;0.1306;0.1373;0.1299;0.1358;583965.52
20250805 000000;0.1358;0.1366;0.1221;0.1239;1347163.77
20250806 000000;0.1239;0.1315;0.1211;0.1287;763722.6
20250807 000000;0.1287;0.1382;0.1266;0.1374;539867.49
20250808 000000;0.1374;0.1374;0.1311;0.1336;473129.95
20250809 000000;0.1336;0.1485;0.1335;0.1455;554638.58
20250810 000000;0.1455;0.1485;0.1394;0.1436;493788.39
20250811 000000;0.1436;0.1491;0.1356;0.1381;558051.79
20250812 000000;0.1381;0.1441;0.1354;0.1385;643481.22
20250813 000000;0.1385;0.16;0.1365;0.1396;1441489.17
20250814 000000;0.1396;0.1399;0.118;0.1235;2796882.65
20250815 000000;0.1235;0.1258;0.1124;0.1198;1830788.42
20250816 000000;0.1198;0.1222;0.1175;0.1198;1539043.61
20250817 000000;0.1198;0.125;0.1185;0.1208;1275855.5
20250818 000000;0.1208;0.121;0.1136;0.1168;1007260.61
20250819 000000;0.1168;0.119;0.1077;0.1079;1196400.23
20250820 000000;0.1079;0.1138;0.1047;0.1111;1346278.86
20250821 000000;0.1111;0.1126;0.1018;0.1058;1045279.3
20250822 000000;0.1058;0.1175;0.1033;0.1145;1964344.66
20250823 000000;0.1145;0.1157;0.1062;0.1123;1246437.92
20250824 000000;0.1123;0.1333;0.1088;0.1324;3259793.17
20250825 000000;0.1324;0.1326;0.1094;0.1104;2135868.63
20250826 000000;0.1104;0.1223;0.1095;0.1199;1495933.48
20250827 000000;0.1199;0.128;0.1151;0.1219;1952807.46
20250828 000000;0.1219;0.1489;0.1216;0.1386;3557462.57
20250829 000000;0.1386;0.1484;0.1274;0.1388;3591634.81
20250830 000000;0.1388;0.1575;0.1388;0.1537;3699395.78
20250831 000000;0.1537;0.1543;0.1364;0.1377;1142300.2
20250901 000000;0.1377;0.161;0.1369;0.153;2237704.29
20250902 000000;0.153;0.1587;0.1453;0.1454;1307345.99
20250903 000000;0.1454;0.1465;0.1377;0.1405;770611.58
20250904 000000;0.1405;0.1405;0.1285;0.1298;1119896.86
20250905 000000;0.1298;0.1343;0.1292;0.1325;1327086.04
20250906 000000;0.1325;0.1331;0.1245;0.128;895950.55
20250907 000000;0.128;0.1325;0.1268;0.129;684025.6
20250908 000000;0.129;0.1344;0.1253;0.1335;1069522.16
20250909 000000;0.1335;0.1421;0.1321;0.1377;1250370.18
20250910 000000;0.1377;0.15;0.1375;0.1466;1542426.71
20250911 000000;0.1466;0.1471;0.1349;0.1402;1161097.77
20250912 000000;0.1402;0.1651;0.1401;0.1515;2472023.52
20250913 000000;0.1515;0.181;0.1438;0.1646;3976578.54
20250914 000000;0.1646;0.1733;0.1417;0.1478;2160940.65
20250915 000000;0.1478;0.1496;0.1249;0.1304;2482128.46
20250916 000000;0.1304;0.1372;0.1292;0.1302;1540084.05
20250917 000000;0.1302;0.1351;0.1228;0.134;1408104.94
20250918 000000;0.134;0.1465;0.1333;0.1381;1687948.25
20250919 000000;0.1381;0.1407;0.1263;0.1284;1003065.82
20250920 000000;0.1284;0.1325;0.122;0.1285;1055747.95
20250921 000000;0.1285;0.1376;0.1281;0.135;1318515.2
20250922 000000;0.135;0.1381;0.1179;0.1215;2330810.89
20250923 000000;0.1215;0.134;0.1194;0.131;1974384.17
20250924 000000;0.131;0.1422;0.131;0.1414;1735827.28
20250925 000000;0.1414;0.1441;0.1234;0.1252;1983750.95
20250926 000000;0.1252;0.131;0.1124;0.1163;2168486.29
20250927 000000;0.1163;0.119;0.1039;0.1079;2250443.21
20250928 000000;0.1079;0.1089;0.0956;0.1014;3043542.37
20250929 000000;0.1014;0.1038;0.096;0.103;2019639.62
20250930 000000;0.103;0.1077;0.1002;0.1027;2135377.99
20251001 000000;0.1027;0.1142;0.1013;0.1141;1850268.13
20251002 000000;0.1141;0.125;0.1133;0.12;2443456.04
20251003 000000;0.12;0.1295;0.1174;0.1215;2666703.78
20251004 000000;0.1215;0.1219;0.11;0.1184;2096929.82
20251005 000000;0.1184;0.1247;0.1132;0.1151;1544656.11
20251006 000000;0.1151;0.1239;0.115;0.1204;1590154.16
20251007 000000;0.1204;0.1294;0.1161;0.1163;2014305.14
20251008 000000;0.1163;0.1193;0.113;0.117;1434874.34
20251009 000000;0.117;0.1218;0.1096;0.1158;2845834.57
20251010 000000;0.1158;0.1186;0.0762;0.0889;3453963.91
20251011 000000;0.0889;0.0934;0.084;0.0887;3725017.66
20251012 000000;0.0887;0.10949;0.0878;0.1033;4362802.59
20251013 000000;0.1033;0.1036;0.09394;0.0981;2674783.33
20251014 000000;0.0981;0.09876;0.08751;0.09156;3437742.35
20251015 000000;0.09156;0.0949;0.08379;0.08509;1997815.83
20251016 000000;0.08509;0.0863;0.07788;0.07906;1722642.48
20251017 000000;0.07906;0.07944;0.06587;0.07123;2519981.17
20251018 000000;0.07123;0.07446;0.0682;0.06961;1676332.78
20251019 000000;0.06961;0.08;0.06827;0.07703;2063522.51
20251020 000000;0.07703;0.07775;0.0697;0.07201;1949937.69
20251021 000000;0.07201;0.0743;0.06602;0.06705;2531728.88
20251022 000000;0.06705;0.06793;0.06332;0.06433;1320197.88
20251023 000000;0.06433;0.06513;0.06323;0.06361;1267612.52
20251024 000000;0.06361;0.06403;0.06032;0.06269;1283097.48
20251025 000000;0.06269;0.06707;0.0606;0.06644;2071511.47
20251026 000000;0.06644;0.06644;0.06309;0.06508;1144386.97
20251027 000000;0.06508;0.06804;0.06131;0.06261;1777570.84
20251028 000000;0.06261;0.075;0.06147;0.07112;3353973.26
20251029 000000;0.07112;0.0785;0.06691;0.06828;5257223.97
20251030 000000;0.06828;0.06934;0.05967;0.06343;3097078.12
20251031 000000;0.06343;0.06347;0.0606;0.06138;1209874.14
20251101 000000;0.06138;0.06264;0.06013;0.06196;920688.99
20251102 000000;0.06196;0.06307;0.05797;0.06088;961620.75
20251103 000000;0.06088;0.06088;0.05037;0.0518;1530077.53
20251104 000000;0.0518;0.05336;0.04387;0.04682;1240515.23
20251105 000000;0.04682;0.05067;0.04401;0.05022;1254045.14
20251106 000000;0.05022;0.05022;0.04253;0.04338;1715914.05
20251107 000000;0.04338;0.05064;0.04182;0.04958;1525669.99
20251108 000000;0.04958;0.05048;0.04521;0.04669;1432043.25
20251109 000000;0.04669;0.04868;0.0453;0.04766;1219811.64
20251110 000000;0.04766;0.0519;0.04642;0.04783;1363475.46
20251111 000000;0.04783;0.04908;0.04445;0.04464;1190580.81
20251112 000000;0.04464;0.04554;0.04218;0.04326;1262399.92
20251113 000000;0.04326;0.04651;0.03848;0.03982;2399250.43
20251114 000000;0.03982;0.03987;0.03681;0.03836;1968308.22
20251115 000000;0.03836;0.04205;0.03821;0.04123;1571727.02
20251116 000000;0.04123;0.04246;0.03775;0.03822;1400957.67
20251117 000000;0.03822;0.03856;0.03451;0.0347;1502489.39
20251118 000000;0.0347;0.03871;0.03157;0.03816;2274227.52
20251119 000000;0.03816;0.03867;0.03206;0.03371;1819801.07
20251120 000000;0.03371;0.03588;0.03249;0.03321;1866802.98
20251121 000000;0.03321;0.03376;0.02935;0.0307;2185603.74
20251122 000000;0.0307;0.03117;0.02744;0.02844;2122573.15
20251123 000000;0.02844;0.03124;0.0281;0.03005;1974541.33
20251124 000000;0.03005;0.03533;0.02978;0.03356;1971683.71
20251125 000000;0.03356;0.0354;0.03184;0.03466;5095973.14
20251126 000000;0.03466;0.03504;0.03136;0.0325;5982228.22
20251127 000000;0.0325;0.03284;0.03033;0.03054;1917801.41
20251128 000000;0.03054;0.03065;0.0284;0.02911;1990937.87
20251129 000000;0.02911;0.03425;0.02878;0.02986;2187472.33
20251130 000000;0.02986;0.03035;0.0275;0.02757;2006539.17
20251201 000000;0.02757;0.02762;0.02378;0.0249;2632798.23
20251202 000000;0.0249;0.0263;0.02362;0.02601;2488063.5
20251203 000000;0.02601;0.02602;0.02408;0.02507;2442185.07
20251204 000000;0.02507;0.02525;0.02266;0.02326;2733917
20251205 000000;0.02326;0.02394;0.02073;0.02177;3027062.91
20251206 000000;0.02177;0.02213;0.01981;0.02069;3396343.08
20251207 000000;0.02069;0.02381;0.02006;0.02238;3747085.45
20251208 000000;0.02238;0.033;0.02201;0.02941;9336876.43
20251209 000000;0.02941;0.0312;0.02551;0.0278;4194123.33
20251210 000000;0.0278;0.02826;0.0245;0.02594;3079581.66
20251211 000000;0.02594;0.02656;0.02323;0.02417;2812533.14
20251212 000000;0.02417;0.02458;0.0212;0.02193;3280075.64
20251213 000000;0.02193;0.02222;0.02151;0.02218;2730749
20251214 000000;0.02218;0.02264;0.01962;0.02026;3315128.8
20251215 000000;0.02026;0.021;0.01872;0.01914;2987824.74
20251216 000000;0.01914;0.01954;0.01858;0.01953;3338086.99
20251217 000000;0.01953;0.02298;0.01829;0.01863;4512146.78
20251218 000000;0.01863;0.01915;0.01716;0.01748;3368967.72
20251219 000000;0.01748;0.01918;0.01722;0.01845;3486926.78
20251220 000000;0.01845;0.01926;0.018;0.01848;3464470.33
20251221 000000;0.01848;0.01852;0.0176;0.01808;3216895.44
20251222 000000;0.01808;0.01889;0.01739;0.01761;3765778.93
20251223 000000;0.01761;0.01854;0.01712;0.01755;4112991.82
20251224 000000;0.01755;0.0177;0.01698;0.01727;3227124.24
20251225 000000;0.01727;0.01792;0.01718;0.01747;3403131.55
20251226 000000;0.01747;0.01829;0.01716;0.01769;3376149.08
20251227 000000;0.01769;0.01772;0.01716;0.01749;3644929.2
20251228 000000;0.01749;0.0181;0.01736;0.01802;3329215.55
20251229 000000;0.01802;0.02073;0.01721;0.01738;4394088.28
20251230 000000;0.01738;0.01745;0.0166;0.01668;3972899.07
20251231 000000;0.01668;0.0168;0.01604;0.01609;3862526.95
