20260101 000000;0.001616;0.00176;0.001598;0.001758;252977223.44
20260102 000000;0.001758;0.002157;0.001722;0.00209;977241753.86
20260103 000000;0.00209;0.002104;0.001908;0.002005;418520177.63
20260104 000000;0.002005;0.002253;0.001999;0.002123;637515936.83
20260105 000000;0.002123;0.002214;0.002028;0.002156;431489915.39
20260106 000000;0.002156;0.002249;0.002044;0.002122;315037492.67
20260107 000000;0.002122;0.002134;0.00195;0.00197;171136849.33
20260108 000000;0.00197;0.002002;0.001867;0.001944;151890231.33
20260109 000000;0.001944;0.002011;0.001908;0.001944;123217091.18
20260110 000000;0.001944;0.001965;0.001895;0.001903;146617223.68
20260111 000000;0.001903;0.001964;0.001862;0.001914;78494868.47
20260112 000000;0.001914;0.001966;0.001821;0.001839;130788815.6
20260113 000000;0.001839;0.002061;0.001834;0.001997;180101047.89
20260114 000000;0.001997;0.002041;0.00192;0.001929;189706460.92
20260115 000000;0.001929;0.001931;0.001761;0.001806;175604327.17
20260116 000000;0.001806;0.001841;0.001729;0.001832;115693139.23
20260117 000000;0.001832;0.001833;0.001773;0.001778;60905870.19
20260118 000000;0.001778;0.0018;0.001651;0.001656;85729596.17
20260119 000000;0.001656;0.001656;0.001463;0.001624;222394141.04
20260120 000000;0.001624;0.001626;0.001489;0.001502;207983574.31
20260121 000000;0.001502;0.001604;0.001496;0.001551;212636438.11
20260122 000000;0.001551;0.001579;0.001508;0.00153;94373016.54
20260123 000000;0.00153;0.001594;0.001507;0.001531;105351387.8
20260124 000000;0.001531;0.001549;0.001514;0.001518;62157716.74
20260125 000000;0.001518;0.001527;0.001399;0.001431;168277721.12
20260126 000000;0.001431;0.00152;0.001428;0.001494;121386753.65
20260127 000000;0.001494;0.001532;0.001473;0.001525;95149800.07
20260128 000000;0.001525;0.001542;0.001489;0.00152;121277567.04
20260129 000000;0.00152;0.001524;0.00134;0.001406;241786480.83
20260130 000000;0.001406;0.001422;0.001334;0.001368;187667867.55
20260131 000000;0.001368;0.001372;0.001076;0.001237;351244129.06
20260201 000000;0.001237;0.001278;0.001159;0.001187;226038235.14
20260202 000000;0.001187;0.001269;0.00115;0.001258;249375747.61
20260203 000000;0.001258;0.001296;0.001172;0.001226;427579802.41
20260204 000000;0.001226;0.001267;0.001174;0.001207;358509650.1
20260205 000000;0.001207;0.001216;0.000978;0.000991;606852633.44
20260206 000000;0.000991;0.001172;0.000876;0.00113;592262856.33
20260207 000000;0.00113;0.001141;0.001073;0.001111;190401720.27
20260208 000000;0.001111;0.001111;0.001042;0.001058;138694500.31
20260209 000000;0.001058;0.001082;0.001002;0.001065;206806078.34
20260210 000000;0.001065;0.001069;0.000997;0.001016;152530199.96
20260211 000000;0.001016;0.001045;0.000976;0.001005;201195042.95
20260212 000000;0.001005;0.001062;0.001;0.001058;190968228.69
20260213 000000;0.001058;0.001124;0.001031;0.001098;175676010.29
20260214 000000;0.001098;0.00127;0.001095;0.001221;253017208.97
20260215 000000;0.001221;0.001226;0.001086;0.001105;214112433.87
20260216 000000;0.001105;0.001155;0.00109;0.00113;98323697.46
20260217 000000;0.00113;0.001132;0.001073;0.001095;89489077.75
20260218 000000;0.001095;0.001126;0.001036;0.001042;140407725.34
20260219 000000;0.001042;0.001063;0.001002;0.001036;139036562.33
20260220 000000;0.001036;0.001093;0.00102;0.001082;241291613.51
20260221 000000;0.001082;0.001104;0.00105;0.001054;154577668.62
20260222 000000;0.001054;0.001054;0.000998;0.001014;119670114.91
20260223 000000;0.001014;0.001028;0.000946;0.000973;236065616.78
20260224 000000;0.000973;0.0009891;0.00095;0.0009699;158058063.68
20260225 000000;0.0009699;0.0011048;0.0009674;0.0010499;274510039.07
20260226 000000;0.0010499;0.0010586;0.0009834;0.001012;167904822.19
20260227 000000;0.001012;0.001037;0.000955;0.0009746;132018183.75
20260228 000000;0.0009746;0.0009915;0.0008915;0.0009882;212901759.55
20260301 000000;0.0009882;0.0010373;0.0009264;0.0009508;209458062.76
20260302 000000;0.0009508;0.001029;0.0009368;0.0009779;168672393.12
20260303 000000;0.0009779;0.0009891;0.0009343;0.0009643;165020283.19
20260304 000000;0.0009643;0.001043;0.000953;0.001012;260935689.89
20260305 000000;0.001012;0.0010218;0.0009653;0.0009869;133166731.52
20260306 000000;0.0009869;0.0009983;0.0009208;0.0009347;168654461.49
20260307 000000;0.0009347;0.0009364;0.0008825;0.0008935;166437930.23
20260308 000000;0.0008935;0.0009093;0.000876;0.0008818;127313428.39
20260309 000000;0.0008818;0.00094;0.0008811;0.0009077;168179117.15
20260310 000000;0.0009077;0.0009512;0.0009043;0.0009084;201116938.1
20260311 000000;0.0009084;0.0009352;0.0008919;0.0009265;152981818.57
20260312 000000;0.0009265;0.0013817;0.0009112;0.001176;813302036.55
20260313 000000;0.001176;0.0012571;0.0011089;0.0011425;873256963.16
20260314 000000;0.0011425;0.0012492;0.0010527;0.001072;368565401.48
20260315 000000;0.001072;0.0011315;0.00107;0.0010906;195926731.48
20260316 000000;0.0010906;0.0011945;0.0010871;0.0011213;297627150.11
20260317 000000;0.0011213;0.0011281;0.0010388;0.0010458;182080581.51
20260318 000000;0.0010458;0.0010802;0.0009805;0.0010058;196748663.88
20260319 000000;0.0010058;0.001016;0.000967;0.0009906;214977451.81
20260320 000000;0.0009906;0.0010221;0.0009768;0.0009976;237202542.62
20260321 000000;0.0009976;0.001234;0.0009967;0.0010987;535322704.41
20260322 000000;0.0010987;0.0012361;0.00105;0.0011355;804157275.84
20260323 000000;0.0011355;0.001219;0.0011227;0.0011417;452218404.34
20260324 000000;0.0011417;0.0011662;0.0010734;0.0010949;253986268.56
20260325 000000;0.0010949;0.00114;0.0010811;0.0010866;155678676.36
20260326 000000;0.0010866;0.0010921;0.0010305;0.0010433;174502163.56
20260327 000000;0.0010433;0.0010636;0.0010006;0.0010016;163620919.96
20260328 000000;0.0010016;0.0011318;0.0009953;0.001027;317347411.6
20260329 000000;0.001027;0.0010324;0.0009762;0.0009994;130908895.18
20260330 000000;0.0009994;0.0010635;0.0009968;0.0010056;133347590.94
20260331 000000;0.0010056;0.0010379;0.000993;0.0010169;104258288.6
20260401 000000;0.0010169;0.0010535;0.0010008;0.0010276;116674098.46
20260402 000000;0.0010276;0.0010414;0.000922;0.0009524;155187869.9
20260403 000000;0.0009524;0.0010841;0.0009519;0.0010005;309310592.96
20260404 000000;0.0010005;0.0010204;0.0009875;0.0009913;137830890.96
20260405 000000;0.0009913;0.0010006;0.0009304;0.0009989;178655139.8
20260406 000000;0.0009989;0.0010165;0.0009547;0.0009599;160272615.26
20260407 000000;0.0009599;0.0010383;0.0009515;0.0010349;151467874.91
20260408 000000;0.0010349;0.0010574;0.0010066;0.0010087;317282053.55
20260409 000000;0.0010087;0.0011976;0.000998;0.0010696;332320931.68
20260410 000000;0.0010696;0.0011293;0.0010426;0.0010594;179358680.96
20260411 000000;0.0010594;0.0010721;0.0010245;0.0010477;112605854.4
20260412 000000;0.0010477;0.0010514;0.0009904;0.0009938;108185571.31
20260413 000000;0.0009938;0.001095;0.00099;0.0010817;163634651.82
20260414 000000;0.0010817;0.0010873;0.0010133;0.0010296;130627843.61
20260415 000000;0.0010296;0.0011695;0.0010288;0.0011457;324404071.31
20260416 000000;0.0011457;0.001475;0.0011376;0.0012755;425047039.84
20260417 000000;0.0012755;0.0013114;0.001192;0.0011993;157383032.42
20260418 000000;0.0011993;0.0012291;0.001104;0.0011044;109709417.28
20260419 000000;0.0011044;0.0011856;0.0010859;0.0011013;133759423.92
20260420 000000;0.0011013;0.0011614;0.0011006;0.0011392;97842220.35
20260421 000000;0.0011392;0.0011546;0.0011027;0.0011335;83982459.79
20260422 000000;0.0011335;0.0012153;0.0011284;0.0011486;109517152.97
20260423 000000;0.0011486;0.001155;0.001116;0.0011511;100987268.93
20260424 000000;0.0011511;0.0012047;0.001149;0.0011726;106027522.49
20260425 000000;0.0011726;0.0011967;0.0011455;0.0011658;64908337.45
20260426 000000;0.0011658;0.0012183;0.0011617;0.0011814;99880679.54
20260427 000000;0.0011814;0.0012182;0.0011307;0.0011667;89933903.18
20260428 000000;0.0011667;0.0011685;0.0011352;0.0011569;92314896.46
20260429 000000;0.0011569;0.001236;0.0010962;0.0011434;150000303.14
20260430 000000;0.0011434;0.001171;0.0011264;0.0011351;75761627.48
20260501 000000;0.0011351;0.0011716;0.0011256;0.0011377;85550774.8
20260502 000000;0.0011377;0.0012383;0.0011276;0.0012099;134151782.44
20260503 000000;0.0012099;0.0012153;0.001181;0.0011828;65613517.78
20260504 000000;0.0011828;0.0012641;0.001173;0.0012016;120188248.24
20260505 000000;0.0012016;0.0013707;0.0011983;0.0012809;236427629.85
20260506 000000;0.0012809;0.0013359;0.0012649;0.0013074;82642123.58
20260507 000000;0.0013074;0.0013221;0.0012507;0.0013048;92439898.82
20260508 000000;0.0013048;0.001371;0.0012881;0.0013371;129119163.1
20260509 000000;0.0013371;0.0013904;0.0013145;0.0013361;95188002.35
20260510 000000;0.0013361;0.0014276;0.0013219;0.0013633;159285096.78
20260511 000000;0.0013633;0.0013685;0.0012947;0.0013338;101871159.94
20260512 000000;0.0013338;0.001337;0.0012501;0.0012894;111684348.36
20260513 000000;0.0012894;0.0015605;0.0012875;0.0013459;257354972.5
20260514 000000;0.0013459;0.001389;0.001275;0.001345;123663170.46
20260515 000000;0.001345;0.001366;0.0012048;0.0012272;106659971.46
20260516 000000;0.0012272;0.0012359;0.0011477;0.0011579;117552964
20260517 000000;0.0011579;0.0011861;0.0010804;0.0011165;112682467.88
20260518 000000;0.0011165;0.0011502;0.0010874;0.0011383;77534702.94
20260519 000000;0.0011383;0.0011492;0.0011067;0.0011116;70862143.43
20260520 000000;0.0011116;0.0011409;0.0011031;0.0011206;60537463.15
20260521 000000;0.0011206;0.0012067;0.0011058;0.0011789;76559376.13
20260522 000000;0.0011789;0.0012331;0.0011022;0.0011117;111014074.48
20260523 000000;0.0011117;0.00118;0.0010659;0.0011484;101966083.41
20260524 000000;0.0011484;0.0011497;0.0010848;0.0011075;66123526.48
20260525 000000;0.0011075;0.0011496;0.0011075;0.001115;83233109.38
20260526 000000;0.001115;0.0011511;0.0010869;0.0010926;92917166.55
20260527 000000;0.0010926;0.0011196;0.0010658;0.0010744;86071207.46
20260528 000000;0.0010744;0.0010786;0.0010058;0.0010588;99798508.22
20260529 000000;0.0010588;0.0011101;0.0010307;0.0010752;73908449.11
20260530 000000;0.0010752;0.0011036;0.0010712;0.0010778;76280298.54
20260531 000000;0.0010778;0.0010988;0.0010429;0.0010634;75498812.54
20260601 000000;0.0010634;0.0010872;0.0010195;0.0010606;81790230.85
20260602 000000;0.0010606;0.0010623;0.0009408;0.0009669;101303508.56
20260603 000000;0.0009669;0.0010414;0.0009662;0.0010076;86907007.85
20260604 000000;0.0010076;0.0010158;0.0008952;0.0009315;168397220.31
20260605 000000;0.0009315;0.0009334;0.0008048;0.0008406;126733292.77
20260606 000000;0.0008406;0.0008554;0.0007783;0.0008351;78400994.58
20260607 000000;0.0008351;0.0008907;0.0008348;0.0008731;102865129.57
20260608 000000;0.0008731;0.0008933;0.0008521;0.000867;92873101.54
20260609 000000;0.000867;0.0008682;0.0008171;0.0008433;113618186.14
20260610 000000;0.0008433;0.0008587;0.000804;0.0008205;100316548.43
20260611 000000;0.0008205;0.0008865;0.00082;0.0008614;106884254.37
20260612 000000;0.0008614;0.0008803;0.0008508;0.0008575;99698331.4
20260613 000000;0.0008575;0.00095;0.0008418;0.0008914;106880411.31
20260614 000000;0.0008914;0.0009467;0.0008737;0.000921;119895473.24
20260615 000000;0.000921;0.0009491;0.0008971;0.0009085;108817991.56
20260616 000000;0.0009085;0.0009275;0.00089;0.0009178;73154156.27
20260617 000000;0.0009178;0.0009637;0.000884;0.0009003;126777442.17
20260618 000000;0.0009003;0.0009131;0.0008495;0.0009026;81227848.98
20260619 000000;0.0009026;0.0009208;0.0008734;0.0008907;91760784.79
20260620 000000;0.0008907;0.000897;0.0008634;0.0008875;76474941.54
