20250101 000000;0.2672;0.27718;0.26147;0.27044;17585289.04
20250102 000000;0.27044;0.31552;0.2701;0.29515;41384324.68
20250103 000000;0.29515;0.31993;0.27655;0.31363;34163291.51
20250104 000000;0.31363;0.31555;0.28623;0.29942;24789650.59
20250105 000000;0.29942;0.305;0.28239;0.28708;20104116.23
20250106 000000;0.28708;0.30979;0.27571;0.29055;25118937.16
20250107 000000;0.29055;0.2907;0.23792;0.23848;33914254.76
20250108 000000;0.23848;0.24212;0.20042;0.20756;43670022.67
20250109 000000;0.20756;0.21643;0.1875;0.19649;39917435.59
20250110 000000;0.19649;0.21064;0.19095;0.19689;32501211.71
20250111 000000;0.19689;0.20337;0.19016;0.19565;25152323.76
20250112 000000;0.19565;0.199;0.188;0.19175;25624437.99
20250113 000000;0.19175;0.19868;0.16129;0.18208;62457114.05
20250114 000000;0.18208;0.19488;0.1819;0.18601;28325461.52
20250115 000000;0.18601;0.20572;0.17674;0.20127;42658698.39
20250116 000000;0.20127;0.20299;0.1791;0.18056;36370274.85
20250117 000000;0.18056;0.20533;0.18056;0.20196;48767123.98
20250118 000000;0.20196;0.21757;0.17204;0.17723;86590511.17
20250119 000000;0.17723;0.20345;0.15042;0.1554;129583575.2
20250120 000000;0.1554;0.16638;0.13651;0.14674;128726319.61
20250121 000000;0.14674;0.15229;0.13514;0.14563;82917000.26
20250122 000000;0.14563;0.15293;0.1413;0.14547;64021854.6
20250123 000000;0.14547;0.15591;0.13855;0.14205;76169459.82
20250124 000000;0.14205;0.1519;0.13072;0.13183;73113565.96
20250125 000000;0.13183;0.13205;0.11818;0.12118;93760743.31
20250126 000000;0.12118;0.16;0.12071;0.12825;105672699.5
20250127 000000;0.12825;0.13245;0.10891;0.11829;102233343.73
20250128 000000;0.11829;0.1234;0.09559;0.09747;80100045.69
20250129 000000;0.09747;0.11195;0.0953;0.1049;103913999.54
20250130 000000;0.1049;0.11476;0.10323;0.10912;75430118.07
20250131 000000;0.10912;0.12679;0.10649;0.11187;80231726.42
20250201 000000;0.11187;0.11758;0.0863;0.08738;118800921.15
20250202 000000;0.08738;0.0964;0.0719;0.07576;155020958.55
20250203 000000;0.07576;0.08309;0.05263;0.08164;243274809.54
20250204 000000;0.08164;0.08198;0.071;0.0757;145927668.27
20250205 000000;0.0757;0.07949;0.0699;0.07129;131570891.76
20250206 000000;0.07129;0.07309;0.06008;0.06099;124044457.02
20250207 000000;0.06099;0.07052;0.0585;0.06148;114094243.53
20250208 000000;0.06148;0.06912;0.06112;0.06737;100322265.66
20250209 000000;0.06737;0.07008;0.06002;0.06507;62359949.37
20250210 000000;0.06507;0.06796;0.06131;0.0632;70366279.46
20250211 000000;0.0632;0.06901;0.05949;0.062;87918593.37
20250212 000000;0.062;0.06447;0.05629;0.06293;98814400.74
20250213 000000;0.06293;0.06425;0.05786;0.05912;71827257.22
20250214 000000;0.05912;0.07363;0.0589;0.06673;142071234.24
20250215 000000;0.06673;0.06822;0.0604;0.0616;86982464.12
20250216 000000;0.0616;0.06281;0.05965;0.06081;69163404.73
20250217 000000;0.06081;0.06433;0.05524;0.05854;90124022.21
20250218 000000;0.05854;0.05926;0.05015;0.05487;60041540.27
20250219 000000;0.05487;0.05544;0.05266;0.05447;40699494.29
20250220 000000;0.05447;0.05842;0.05437;0.05827;66927045.83
20250221 000000;0.05827;0.06939;0.05697;0.05832;91708387.76
20250222 000000;0.05832;0.07747;0.05718;0.06735;180590092.14
20250223 000000;0.06735;0.06742;0.06124;0.06471;114812697.21
20250224 000000;0.06471;0.06663;0.05045;0.05129;203169549.45
20250225 000000;0.05129;0.06327;0.04952;0.0595;270781823.15
20250226 000000;0.0595;0.06742;0.0594;0.0664;184408308.31
20250227 000000;0.0664;0.06898;0.05801;0.05991;118647688.54
20250228 000000;0.05991;0.06731;0.05486;0.06159;111241936.64
20250301 000000;0.06159;0.06252;0.05372;0.05523;102552049.82
20250302 000000;0.05523;0.06301;0.05409;0.0619;126720195.03
20250303 000000;0.0619;0.06214;0.04863;0.04957;146191028.43
20250304 000000;0.04957;0.05025;0.04329;0.04695;148201843.68
20250305 000000;0.04695;0.04905;0.045;0.04673;64708680.67
20250306 000000;0.04673;0.04819;0.04179;0.04246;84286754.1
20250307 000000;0.04246;0.04331;0.03861;0.03958;127321289.63
20250308 000000;0.03958;0.04106;0.0381;0.03966;56684533.3
20250309 000000;0.03966;0.04037;0.03238;0.03513;97269955.45
20250310 000000;0.03513;0.03855;0.03354;0.03587;101700445.43
20250311 000000;0.03587;0.04026;0.0326;0.03807;166056497.68
20250312 000000;0.03807;0.03939;0.03609;0.03837;74035039.56
20250313 000000;0.03837;0.03916;0.03482;0.03689;85001513.15
20250314 000000;0.03689;0.0427;0.03668;0.04018;119219491.3
20250315 000000;0.04018;0.0422;0.03973;0.04109;36353412.42
20250316 000000;0.04109;0.04133;0.03782;0.03823;38527331.06
20250317 000000;0.03823;0.04241;0.03814;0.04152;78601458.1
20250318 000000;0.04152;0.04195;0.03752;0.03967;107639681.6
20250319 000000;0.03967;0.04085;0.03801;0.04053;76407618.17
20250320 000000;0.04053;0.04088;0.03737;0.03762;37730128.04
20250321 000000;0.03762;0.0393;0.03562;0.03651;42988556.42
20250322 000000;0.03651;0.0388;0.03641;0.03726;35274267.2
20250323 000000;0.03726;0.03918;0.03688;0.0386;31039963.1
20250324 000000;0.0386;0.04158;0.03717;0.04014;54144151.47
20250325 000000;0.04014;0.04155;0.03853;0.04149;83283203.88
20250326 000000;0.04149;0.04901;0.04014;0.04423;241393646.24
20250327 000000;0.04423;0.04709;0.04196;0.04222;96512667.49
20250328 000000;0.04222;0.04234;0.03579;0.03672;97486205.71
20250329 000000;0.03672;0.03932;0.03234;0.03352;139256287.73
20250330 000000;0.03352;0.03449;0.0328;0.03375;79138094
20250331 000000;0.03375;0.03435;0.03224;0.03283;95420457.41
20250401 000000;0.03283;0.03459;0.03041;0.03105;59891781.81
20250402 000000;0.03105;0.03135;0.02617;0.02683;251794221.85
20250403 000000;0.02683;0.02781;0.02427;0.02682;118211316.54
20250404 000000;0.02682;0.02725;0.02494;0.02688;129849086.11
20250405 000000;0.02688;0.02733;0.02586;0.02654;26579540.34
20250406 000000;0.02654;0.02655;0.0216;0.02277;148866771.17
20250407 000000;0.02277;0.02578;0.02055;0.02379;423075206.68
20250408 000000;0.02379;0.02476;0.0219;0.02244;53420576.67
20250409 000000;0.02244;0.02549;0.02144;0.02506;104455542.41
20250410 000000;0.02506;0.02523;0.02254;0.02354;43976883.43
20250411 000000;0.02354;0.02591;0.02334;0.02542;56059640.15
20250412 000000;0.02542;0.02977;0.02444;0.02777;278831531.84
20250413 000000;0.02777;0.03716;0.02569;0.02652;524244212.51
20250414 000000;0.02652;0.02942;0.02609;0.02679;204019903.02
20250415 000000;0.02679;0.02715;0.02417;0.02423;107408356.7
20250416 000000;0.02423;0.0245;0.02287;0.02357;78662380.44
20250417 000000;0.02357;0.02628;0.02315;0.02544;80329170.84
20250418 000000;0.02544;0.02745;0.02534;0.02707;121499749.21
20250419 000000;0.02707;0.02841;0.02613;0.02807;74498094.4
20250420 000000;0.02807;0.02947;0.02725;0.02845;79868247.63
20250421 000000;0.02845;0.0305;0.02831;0.0286;113861933.19
20250422 000000;0.0286;0.03577;0.02692;0.03534;116607103.08
20250423 000000;0.03534;0.04509;0.03403;0.03954;310502168.71
20250424 000000;0.03954;0.03998;0.03434;0.03729;146698463.65
20250425 000000;0.03729;0.04249;0.03635;0.04077;157608076.34
20250426 000000;0.04077;0.0493;0.04014;0.04879;110463158.65
20250427 000000;0.04879;0.04879;0.04164;0.04395;68465428.76
20250428 000000;0.04395;0.04794;0.0406;0.04545;72045007.37
20250429 000000;0.04545;0.04599;0.04224;0.0431;43394783.42
20250430 000000;0.0431;0.04459;0.04005;0.04245;34973608.36
20250501 000000;0.04245;0.04576;0.04175;0.04405;23517949.83
20250502 000000;0.04405;0.04637;0.04224;0.04576;29188382.46
20250503 000000;0.04576;0.04627;0.03981;0.04034;22526001.82
20250504 000000;0.04034;0.04068;0.03737;0.0381;17470987.04
20250505 000000;0.0381;0.03986;0.03737;0.03829;16806031.48
20250506 000000;0.03829;0.04063;0.03498;0.03775;35174528.89
20250507 000000;0.03775;0.04028;0.03647;0.03969;31188013.25
20250508 000000;0.03969;0.09661;0.03955;0.07574;185312477.62
20250509 000000;0.07574;0.15432;0.0757;0.13123;398904171
20250510 000000;0.13123;0.14099;0.11067;0.13677;183836980.92
20250511 000000;0.13677;0.2338;0.11798;0.22214;272694662.97
20250512 000000;0.22214;0.29391;0.21655;0.26364;269417846.43
20250513 000000;0.26364;0.34292;0.22836;0.31656;202635766.42
20250514 000000;0.31656;0.34387;0.22041;0.24999;202992542.63
20250515 000000;0.24999;0.25389;0.20494;0.2247;130250042.86
20250516 000000;0.2247;0.2463;0.19593;0.20258;151406799.47
20250517 000000;0.20258;0.20498;0.17067;0.18757;116768667.67
20250518 000000;0.18757;0.29198;0.18621;0.27382;266535043.3
20250519 000000;0.27382;0.27998;0.22869;0.2607;145008590.13
20250520 000000;0.2607;0.2692;0.22802;0.24589;104630243.85
20250521 000000;0.24589;0.254;0.21543;0.23141;118260884.69
20250522 000000;0.23141;0.32712;0.22554;0.31658;192319208.24
20250523 000000;0.31658;0.33306;0.25154;0.25675;143817904.4
20250524 000000;0.25675;0.27984;0.2461;0.257;51482571.4
20250525 000000;0.257;0.2786;0.23394;0.27269;55614185.43
20250526 000000;0.27269;0.28282;0.24583;0.25703;69361207.16
20250527 000000;0.25703;0.26723;0.25035;0.25649;59809772.35
20250528 000000;0.25649;0.2617;0.23707;0.25094;61282566.82
20250529 000000;0.25094;0.25807;0.22883;0.23197;49864058.74
20250530 000000;0.23197;0.23387;0.19576;0.19958;67247698.62
20250531 000000;0.19958;0.20905;0.18744;0.2029;65962878.54
20250601 000000;0.2029;0.21143;0.19344;0.20849;37923260.83
20250602 000000;0.20849;0.21788;0.1852;0.20592;52366627.21
20250603 000000;0.20592;0.23468;0.20342;0.20738;75131547.79
20250604 000000;0.20738;0.21023;0.19219;0.19352;39314133.45
20250605 000000;0.19352;0.19704;0.17511;0.18073;27038106.16
20250606 000000;0.18073;0.19647;0.17957;0.18507;32883890.62
20250607 000000;0.18507;0.21397;0.18328;0.20187;69710745.64
20250608 000000;0.20187;0.20688;0.19498;0.20167;34727880.99
20250609 000000;0.20167;0.21676;0.19647;0.21567;25574877.86
20250610 000000;0.21567;0.22369;0.20216;0.21327;48396036.58
20250611 000000;0.21327;0.21339;0.18117;0.18465;58211397.24
20250612 000000;0.18465;0.18707;0.16831;0.16984;58589290.3
20250613 000000;0.16984;0.17029;0.15195;0.16422;51355692.49
20250614 000000;0.16422;0.16474;0.15055;0.15748;17018185.27
20250615 000000;0.15748;0.15904;0.15201;0.15556;11534061.57
20250616 000000;0.15556;0.17017;0.15251;0.15469;29335264.73
20250617 000000;0.15469;0.1642;0.14031;0.14577;33471300.12
20250618 000000;0.14577;0.15301;0.14014;0.15199;39756520.54
20250619 000000;0.15199;0.15709;0.14603;0.15186;20121208.87
20250620 000000;0.15186;0.1612;0.13941;0.14278;23438055.77
20250621 000000;0.14278;0.14554;0.12676;0.13054;25718192.63
20250622 000000;0.13054;0.1331;0.12017;0.12721;28220697.24
20250623 000000;0.12721;0.15535;0.12584;0.15479;61110030.21
20250624 000000;0.15479;0.15767;0.14652;0.14987;45420665.05
20250625 000000;0.14987;0.15194;0.13674;0.13851;51090523.66
20250626 000000;0.13851;0.14507;0.13287;0.13555;33299042.98
20250627 000000;0.13555;0.1399;0.13275;0.13822;38171908.93
20250628 000000;0.13822;0.15246;0.13725;0.14817;51948777.02
20250629 000000;0.14817;0.1642;0.14395;0.16283;54598074.06
20250630 000000;0.16283;0.16755;0.1464;0.14751;57189801.43
20250701 000000;0.14751;0.14841;0.13336;0.13648;37510634.06
20250702 000000;0.13648;0.18616;0.1347;0.17489;97675136.73
20250703 000000;0.17489;0.2394;0.16486;0.18731;202498536.41
20250704 000000;0.18731;0.19178;0.1699;0.18249;72736557.88
20250705 000000;0.18249;0.19391;0.17584;0.18218;88118940.61
20250706 000000;0.18218;0.19894;0.1766;0.18762;71856225.5
20250707 000000;0.18762;0.19373;0.17342;0.17828;61811333.51
20250708 000000;0.17828;0.18419;0.17168;0.17942;39074141.84
20250709 000000;0.17942;0.19222;0.17609;0.18867;49509011.84
20250710 000000;0.18867;0.21547;0.18389;0.21113;104958338.81
20250711 000000;0.21113;0.22101;0.18525;0.19166;91770805.49
20250712 000000;0.19166;0.19541;0.17728;0.18306;55595434.96
20250713 000000;0.18306;0.19048;0.17814;0.18246;69485740.22
20250714 000000;0.18246;0.21336;0.18058;0.19187;76099603.14
20250715 000000;0.19187;0.1986;0.1815;0.19787;43358392.61
20250716 000000;0.19787;0.20929;0.1917;0.20038;58102341.54
20250717 000000;0.20038;0.2241;0.18655;0.1944;71827066.17
20250718 000000;0.1944;0.20771;0.17765;0.18642;36721355.09
20250719 000000;0.18642;0.19314;0.1847;0.18821;7794744.87
20250720 000000;0.18821;0.20325;0.18598;0.19131;16551382.61
20250721 000000;0.19131;0.24866;0.18628;0.2363;71091478.34
20250722 000000;0.2363;0.23789;0.20766;0.22595;117882820.63
20250723 000000;0.22595;0.24738;0.19259;0.20154;123560998.61
20250724 000000;0.20154;0.21882;0.18419;0.19729;76953878.37
20250725 000000;0.19729;0.20919;0.1897;0.208;59834302.65
20250726 000000;0.208;0.21382;0.20189;0.20294;50914654.81
20250727 000000;0.20294;0.2195;0.20234;0.21214;83523816.57
20250728 000000;0.21214;0.21536;0.18874;0.19129;64914073.79
20250729 000000;0.19129;0.19915;0.17946;0.18325;69431011.56
20250730 000000;0.18325;0.18893;0.16666;0.1788;70321044.24
20250731 000000;0.1788;0.18454;0.16609;0.16701;54997424.02
20250801 000000;0.16701;0.16779;0.1546;0.16149;64566106.89
20250802 000000;0.16149;0.16384;0.15047;0.15652;39175618.89
20250803 000000;0.15652;0.16426;0.15447;0.15962;22889519.5
20250804 000000;0.15962;0.167;0.1585;0.16284;12963617.83
20250805 000000;0.16284;0.16468;0.15055;0.15481;9379397.94
20250806 000000;0.15481;0.1625;0.14956;0.162;11055968.6
20250807 000000;0.162;0.16669;0.15538;0.16494;28122696.01
20250808 000000;0.16494;0.17667;0.15907;0.17496;57910013.86
20250809 000000;0.17496;0.19352;0.17024;0.17952;56732600.2
20250810 000000;0.17952;0.18608;0.17221;0.18092;35998126.75
20250811 000000;0.18092;0.18486;0.164;0.16747;43861605.01
20250812 000000;0.16747;0.18139;0.16692;0.17791;48392626.45
20250813 000000;0.17791;0.18897;0.17653;0.18214;56658689.1
20250814 000000;0.18214;0.18639;0.15015;0.16199;68318889.73
20250815 000000;0.16199;0.1687;0.15741;0.16187;16255731.49
20250816 000000;0.16187;0.16494;0.15945;0.1623;12022926.96
20250817 000000;0.1623;0.16867;0.16031;0.1611;13659266.71
20250818 000000;0.1611;0.16138;0.14998;0.15328;58487604.68
20250819 000000;0.15328;0.15468;0.14486;0.14568;45859151.06
20250820 000000;0.14568;0.15203;0.14378;0.15163;29040069.26
20250821 000000;0.15163;0.15273;0.14391;0.1452;27662448.65
20250822 000000;0.1452;0.16348;0.13846;0.16291;72459156.33
20250823 000000;0.16291;0.16355;0.15358;0.15803;47284223.75
20250824 000000;0.15803;0.16188;0.14859;0.15171;50412146.47
20250825 000000;0.15171;0.1554;0.13131;0.13675;77617368.08
20250826 000000;0.13675;0.14435;0.13372;0.14199;40676529.6
20250827 000000;0.14199;0.14398;0.13753;0.13887;24384441.67
20250828 000000;0.13887;0.14411;0.1375;0.14331;20590167.53
20250829 000000;0.14331;0.14374;0.13218;0.13612;35752225.28
20250830 000000;0.13612;0.13995;0.1336;0.13816;14674795.1
20250831 000000;0.13816;0.13975;0.13487;0.13503;8772428.78
20250901 000000;0.13503;0.13553;0.12148;0.12608;23679669.51
20250902 000000;0.12608;0.1337;0.12524;0.13275;20512120.74
20250903 000000;0.13275;0.13506;0.13079;0.13418;10498715.46
20250904 000000;0.13418;0.13509;0.12479;0.12713;15197678.95
20250905 000000;0.12713;0.13449;0.12704;0.13184;18912994.62
20250906 000000;0.13184;0.13359;0.12932;0.13105;6676278.6
20250907 000000;0.13105;0.13523;0.13098;0.13412;5409232.87
20250908 000000;0.13412;0.14563;0.13223;0.14288;19855551.91
20250909 000000;0.14288;0.14866;0.13956;0.1424;23591577.29
20250910 000000;0.1424;0.14743;0.14074;0.14591;10223410.73
20250911 000000;0.14591;0.14816;0.13552;0.14799;15432798.46
20250912 000000;0.14799;0.19353;0.14468;0.18483;79944846.97
20250913 000000;0.18483;0.2355;0.17913;0.21708;179289445.48
20250914 000000;0.21708;0.22707;0.202;0.21204;112698322.19
20250915 000000;0.21204;0.21799;0.17695;0.17973;61970435.45
20250916 000000;0.17973;0.19202;0.16771;0.1911;60988916.56
20250917 000000;0.1911;0.19329;0.17512;0.18695;38027987.31
20250918 000000;0.18695;0.20087;0.18201;0.18905;40491289.75
20250919 000000;0.18905;0.19096;0.17136;0.17723;38665617.81
20250920 000000;0.17723;0.17828;0.17187;0.17265;21968445
20250921 000000;0.17265;0.17455;0.16505;0.16543;24317115.16
20250922 000000;0.16543;0.16654;0.14282;0.151;63846849.56
20250923 000000;0.151;0.15224;0.14486;0.14862;41630215.68
20250924 000000;0.14862;0.17181;0.14305;0.15215;39079602.93
20250925 000000;0.15215;0.1526;0.13915;0.14199;43872968.72
20250926 000000;0.14199;0.15167;0.14171;0.15071;38564303.79
20250927 000000;0.15071;0.15154;0.14581;0.14697;8626105.17
20250928 000000;0.14697;0.15667;0.14318;0.15629;15508539.76
20250929 000000;0.15629;0.15657;0.145;0.14797;26338159.1
20250930 000000;0.14797;0.14878;0.14035;0.14654;28292678.94
20251001 000000;0.14654;0.15794;0.14517;0.15392;36006256.11
20251002 000000;0.15392;0.16724;0.15345;0.16204;65467927.92
20251003 000000;0.16204;0.1671;0.15535;0.1634;55349876.97
20251004 000000;0.1634;0.1794;0.15914;0.16645;80094209.05
20251005 000000;0.16645;0.1764;0.15896;0.16354;74510034.67
20251006 000000;0.16354;0.17306;0.16087;0.16845;44302793.43
20251007 000000;0.16845;0.17023;0.15558;0.15653;43721455.19
20251008 000000;0.15653;0.16326;0.15076;0.161;17945985.84
20251009 000000;0.161;0.16111;0.147;0.15181;32122610.46
20251010 000000;0.15181;0.15514;0.05412;0.10863;81632916.54
20251011 000000;0.10863;0.1153;0.10091;0.1059;67028025.94
20251012 000000;0.1059;0.13465;0.10332;0.12574;46405257.47
20251013 000000;0.12574;0.13204;0.11674;0.12685;23212039.01
20251014 000000;0.12685;0.12782;0.11306;0.12313;15017241.89
20251015 000000;0.12313;0.12704;0.11697;0.11946;21337430.33
20251016 000000;0.11946;0.12045;0.10954;0.11407;18936131.83
20251017 000000;0.11407;0.11541;0.1019;0.10751;6637886.57
20251018 000000;0.10751;0.11061;0.10643;0.10864;10559413.33
20251019 000000;0.10864;0.11581;0.1073;0.11235;11822253.56
20251020 000000;0.11235;0.11803;0.10994;0.115;8533413.17
20251021 000000;0.115;0.12106;0.109;0.11063;11330682.02
20251022 000000;0.11063;0.11202;0.10333;0.10754;11636248.32
20251023 000000;0.10754;0.115;0.10692;0.1111;4108843.86
20251024 000000;0.1111;0.11498;0.10979;0.11399;12675226.07
20251025 000000;0.11399;0.11866;0.11306;0.1163;14601672.37
20251026 000000;0.1163;0.12281;0.11433;0.12099;7107958.65
20251027 000000;0.12099;0.1252;0.11671;0.11853;8771072.96
20251028 000000;0.11853;0.12024;0.11075;0.1133;10632780.31
20251029 000000;0.1133;0.12013;0.11109;0.11447;11889457.75
20251030 000000;0.11447;0.11542;0.09987;0.10412;15349785.56
20251031 000000;0.10412;0.10745;0.10217;0.10376;10013803.78
20251101 000000;0.10376;0.10728;0.10347;0.10494;10525093.94
20251102 000000;0.10494;0.10661;0.10001;0.10451;11364834.18
20251103 000000;0.10451;0.10495;0.0849;0.08838;30012397.59
20251104 000000;0.08838;0.08986;0.07856;0.08545;30560067.26
20251105 000000;0.08545;0.09052;0.0806;0.08927;17119531.66
20251106 000000;0.08927;0.08934;0.08274;0.08608;11729927.54
20251107 000000;0.08608;0.10008;0.083;0.09696;15640196.37
20251108 000000;0.09696;0.09989;0.08893;0.09217;10390845.11
20251109 000000;0.09217;0.10922;0.08765;0.09773;32347747.28
20251110 000000;0.09773;0.10022;0.0941;0.09793;18148180.09
20251111 000000;0.09793;0.10003;0.08882;0.08918;6255640.52
20251112 000000;0.08918;0.09977;0.08862;0.09027;27153672.51
20251113 000000;0.09027;0.0935;0.08314;0.08705;30859650.34
20251114 000000;0.08705;0.0873;0.07973;0.08124;43859803.53
20251115 000000;0.08124;0.08523;0.08124;0.08289;8490442.83
20251116 000000;0.08289;0.08394;0.07582;0.07803;14847707.51
20251117 000000;0.07803;0.08123;0.07477;0.07706;18017875.81
20251118 000000;0.07706;0.08086;0.07494;0.07987;9170182.5
20251119 000000;0.07987;0.08024;0.07129;0.0761;8524474.41
20251120 000000;0.0761;0.08694;0.07218;0.07374;19143692.78
20251121 000000;0.07374;0.07652;0.06574;0.06917;24226449.21
20251122 000000;0.06917;0.06963;0.06627;0.06809;10024319.9
20251123 000000;0.06809;0.07405;0.06751;0.06924;19538962.42
20251124 000000;0.06924;0.07582;0.0685;0.0749;14766371.27
20251125 000000;0.0749;0.08204;0.07379;0.07899;11775742.78
20251126 000000;0.07899;0.08267;0.07613;0.07943;19213538.15
20251127 000000;0.07943;0.0813;0.07659;0.07845;9164937.01
20251128 000000;0.07845;0.09549;0.07633;0.0814;41288132.48
20251129 000000;0.0814;0.08358;0.07783;0.07912;24982584.44
20251130 000000;0.07912;0.08184;0.07649;0.07683;27312573.89
20251201 000000;0.07683;0.0769;0.06811;0.07234;16849199
20251202 000000;0.07234;0.0835;0.06934;0.07716;21927711.41
20251203 000000;0.07716;0.08131;0.07574;0.08029;10543563.92
20251204 000000;0.08029;0.08164;0.07528;0.07662;3998027.98
20251205 000000;0.07662;0.07723;0.06984;0.07219;5552386.41
20251206 000000;0.07219;0.2;0.07133;0.10169;54126259.69
20251207 000000;0.10169;0.13204;0.086;0.09088;112449548.32
20251208 000000;0.09088;0.09928;0.08746;0.09406;36155794.79
20251209 000000;0.09406;0.09776;0.08852;0.0933;21704509.22
20251210 000000;0.0933;0.09344;0.08435;0.08814;13124672.05
20251211 000000;0.08814;0.09456;0.08351;0.08692;16747532.46
20251212 000000;0.08692;0.08775;0.081;0.08497;8307379.87
20251213 000000;0.08497;0.0851;0.0818;0.08366;3652768.9
20251214 000000;0.08366;0.08367;0.07494;0.07606;7164279.21
20251215 000000;0.07606;0.08274;0.07212;0.0737;10790595.32
20251216 000000;0.0737;0.07618;0.07181;0.07492;6402204.43
20251217 000000;0.07492;0.07644;0.06662;0.06915;8589596.82
20251218 000000;0.06915;0.07353;0.06681;0.06864;8064856.67
20251219 000000;0.06864;0.07721;0.06766;0.07669;7601226.4
20251220 000000;0.07669;0.07801;0.07287;0.07419;5321520.78
20251221 000000;0.07419;0.07454;0.06949;0.07122;6089459
20251222 000000;0.07122;0.07467;0.07034;0.07229;7776701.57
20251223 000000;0.07229;0.07377;0.06922;0.07167;6355764.2
20251224 000000;0.07167;0.07201;0.06908;0.07084;3134923.06
20251225 000000;0.07084;0.07316;0.06845;0.0691;3008221.27
20251226 000000;0.0691;0.07355;0.06892;0.07136;4966886.09
20251227 000000;0.07136;0.07269;0.07039;0.07238;2187618.43
20251228 000000;0.07238;0.07321;0.0708;0.07217;3953676.43
20251229 000000;0.07217;0.074;0.06989;0.07066;5429385.88
20251230 000000;0.07066;0.07131;0.06945;0.07048;2852000.15
20251231 000000;0.07048;0.07065;0.06651;0.06694;4283025.46
