20250101 000000;0.0000001699;0.0000001859;0.0000001662;0.0000001785;22186854866
20250102 000000;0.0000001785;0.0000002088;0.0000001734;0.0000001949;124315134770
20250103 000000;0.0000001949;0.0000002086;0.0000001863;0.0000001972;75167713683
20250104 000000;0.0000001972;0.0000002255;0.000000192;0.0000002051;93084459237
20250105 000000;0.0000002051;0.0000002122;0.0000001965;0.0000002013;52691074301
20250106 000000;0.0000002013;0.0000002407;0.0000002001;0.0000002277;57635209300
20250107 000000;0.0000002277;0.0000002332;0.0000001937;0.0000002059;69811247607
20250108 000000;0.0000002059;0.0000002074;0.0000001782;0.0000001905;104597980303
20250109 000000;0.0000001905;0.0000001985;0.0000001774;0.000000183;84002321770
20250110 000000;0.000000183;0.0000001974;0.0000001822;0.0000001956;40629146479
20250111 000000;0.0000001956;0.0000001981;0.000000186;0.0000001934;32512655196
20250112 000000;0.0000001934;0.0000001976;0.0000001827;0.000000191;9658550064
20250113 000000;0.000000191;0.000000191;0.000000155;0.0000001648;108231821363
20250114 000000;0.0000001648;0.000000185;0.0000001626;0.0000001706;48579747396
20250115 000000;0.0000001706;0.0000001976;0.0000001549;0.0000001915;45881730288
20250116 000000;0.0000001915;0.0000002108;0.0000001761;0.0000001824;28469755320
20250117 000000;0.0000001824;0.0000002088;0.0000001761;0.0000001912;40220756374
20250118 000000;0.0000001912;0.0000001922;0.0000001566;0.0000001659;60963943579
20250119 000000;0.0000001659;0.0000001701;0.0000001024;0.000000111;478419508243
20250120 000000;0.000000111;0.0000001488;0.0000001007;0.000000125;220889979956
20250121 000000;0.000000125;0.0000001403;0.0000001028;0.0000001111;105324312497
20250122 000000;0.0000001111;0.0000001217;0.0000001068;0.0000001108;50051537455
20250123 000000;0.0000001108;0.0000001136;0.000000092;0.0000001039;102858063804
20250124 000000;0.0000001039;0.0000001243;0.0000000989;0.0000001083;98990193801
20250125 000000;0.0000001083;0.0000001241;0.0000000989;0.0000001073;20697734676
20250126 000000;0.0000001073;0.000000125;0.0000001032;0.0000001134;46817168880
20250127 000000;0.0000001134;0.0000001212;0.000000092;0.0000001036;107142358310
20250128 000000;0.0000001036;0.0000001056;0.0000000951;0.0000001019;45029490584
20250129 000000;0.0000001019;0.000000114;0.0000000956;0.0000001025;40474204898
20250130 000000;0.0000001025;0.000000112;0.0000000925;0.0000001001;51992113228
20250131 000000;0.0000001001;0.0000001249;0.0000000984;0.0000001064;90410234957
20250201 000000;0.0000001064;0.000000117;0.0000001;0.000000104;55913539494
20250202 000000;0.000000104;0.000000113;0.0000000803;0.0000000874;141928523254
20250203 000000;0.0000000874;0.0000001154;0.0000000686;0.0000000999;112921561703
20250204 000000;0.0000000999;0.0000001052;0.0000000851;0.0000000891;76737993705
20250205 000000;0.0000000891;0.0000001005;0.0000000877;0.0000000943;35664886498
20250206 000000;0.0000000943;0.0000001098;0.000000067;0.0000000899;36966706209
20250207 000000;0.0000000899;0.0000000964;0.0000000804;0.0000000889;56826969954
20250208 000000;0.0000000889;0.0000001019;0.0000000786;0.0000000867;63506013178
20250209 000000;0.0000000867;0.0000000949;0.0000000755;0.0000000814;103993939894
20250210 000000;0.0000000814;0.0000000912;0.0000000756;0.0000000807;29645446890
20250211 000000;0.0000000807;0.0000001009;0.0000000799;0.0000000826;24735425987
20250212 000000;0.0000000826;0.0000001001;0.000000079;0.0000000827;88447772692
20250213 000000;0.0000000827;0.0000000909;0.000000072;0.0000000756;99639671741
20250214 000000;0.0000000756;0.00000009;0.0000000715;0.0000000797;46249069063
20250215 000000;0.0000000797;0.0000000838;0.0000000769;0.0000000804;3589088642
20250216 000000;0.0000000804;0.000000098;0.0000000737;0.0000000757;148269955011
20250217 000000;0.0000000757;0.0000000896;0.000000075;0.0000000793;59518103409
20250218 000000;0.0000000793;0.000000085;0.00000007;0.0000000762;155450510104
20250219 000000;0.0000000762;0.000000085;0.0000000746;0.0000000768;55405872241
20250220 000000;0.0000000768;0.0000000814;0.0000000713;0.0000000777;59774153271
20250221 000000;0.0000000777;0.000000089;0.0000000758;0.0000000774;109374374646
20250222 000000;0.0000000774;0.0000000838;0.0000000774;0.0000000796;12638012465
20250223 000000;0.0000000796;0.000000108;0.0000000796;0.0000000973;156102451608
20250224 000000;0.0000000973;0.0000001018;0.000000085;0.0000000852;68770589999
20250225 000000;0.0000000852;0.0000000879;0.000000068;0.0000000804;49123803693
20250226 000000;0.0000000804;0.0000000825;0.00000006;0.0000000707;386023665657
20250227 000000;0.0000000707;0.0000000746;0.0000000642;0.0000000687;28272854787
20250228 000000;0.0000000687;0.0000000824;0.0000000622;0.0000000751;112290659933
20250301 000000;0.0000000751;0.0000000813;0.0000000715;0.0000000757;26429736185
20250302 000000;0.0000000757;0.0000000945;0.0000000724;0.0000000891;27604007978
20250303 000000;0.0000000891;0.0000000891;0.000000069;0.0000000718;23813168488
20250304 000000;0.0000000718;0.0000000739;0.0000000643;0.0000000695;110655334385
20250305 000000;0.0000000695;0.0000000749;0.0000000655;0.000000072;18290354756
20250306 000000;0.000000072;0.0000000898;0.0000000622;0.0000000731;76846206292
20250307 000000;0.0000000731;0.0000000735;0.0000000658;0.0000000666;30832076909
20250308 000000;0.0000000666;0.0000000683;0.0000000645;0.0000000667;2449030156
20250309 000000;0.0000000667;0.0000000692;0.0000000567;0.0000000574;63206207479
20250310 000000;0.0000000574;0.000000061;0.0000000438;0.0000000493;144781413603
20250311 000000;0.0000000493;0.00000008;0.0000000444;0.0000000514;69334535939
20250312 000000;0.0000000514;0.0000000524;0.0000000458;0.0000000481;144449551395
20250313 000000;0.0000000481;0.0000000518;0.0000000443;0.0000000443;262772789680
20250314 000000;0.0000000443;0.0000000509;0.0000000408;0.0000000461;60356476318
20250315 000000;0.0000000461;0.0000000476;0.0000000461;0.0000000473;16065558449
20250316 000000;0.0000000473;0.0000000484;0.0000000462;0.0000000473;4225805670
20250317 000000;0.0000000473;0.0000000704;0.0000000311;0.0000000341;240974668527
20250318 000000;0.0000000341;0.000000042;0.0000000316;0.0000000353;648069706083
20250319 000000;0.0000000353;0.0000000706;0.0000000351;0.0000000537;949407301451
20250320 000000;0.0000000537;0.0000000642;0.0000000493;0.0000000522;85164370221
20250321 000000;0.0000000522;0.0000000728;0.0000000456;0.0000000489;114039606577
20250322 000000;0.0000000489;0.0000000562;0.0000000438;0.0000000542;128813746985
20250323 000000;0.0000000542;0.000000055;0.0000000512;0.000000053;65460263995
20250324 000000;0.000000053;0.0000000643;0.0000000512;0.00000006;201176149916
20250325 000000;0.00000006;0.0000000676;0.0000000569;0.0000000607;114262287060
20250326 000000;0.0000000607;0.000000169;0.0000000607;0.0000000723;249349920056
20250327 000000;0.0000000723;0.0000000816;0.0000000656;0.0000000695;47780435823
20250328 000000;0.0000000695;0.0000000765;0.0000000617;0.000000063;40432579657
20250329 000000;0.000000063;0.0000000654;0.0000000586;0.0000000602;66241435513
20250330 000000;0.0000000602;0.0000000638;0.0000000561;0.0000000566;98935097652
20250331 000000;0.0000000566;0.0000000593;0.0000000529;0.0000000549;43628337944
20250401 000000;0.0000000549;0.0000000609;0.0000000549;0.0000000576;117128378167
20250402 000000;0.0000000576;0.0000000586;0.000000051;0.0000000525;114348451003
20250403 000000;0.0000000525;0.0000000531;0.0000000413;0.0000000502;67811164989
20250404 000000;0.0000000502;0.0000000529;0.0000000476;0.0000000502;4921548594
20250405 000000;0.0000000502;0.0000000539;0.0000000456;0.0000000463;19841265789
20250406 000000;0.0000000463;0.0000000517;0.0000000382;0.0000000386;22644790462
20250407 000000;0.0000000386;0.0000000455;0.000000036;0.0000000448;108461037162
20250408 000000;0.0000000448;0.0000000558;0.0000000421;0.0000000445;85469214079
20250409 000000;0.0000000445;0.0000000571;0.0000000426;0.0000000532;49351721864
20250410 000000;0.0000000532;0.000000084;0.0000000532;0.0000000618;82617307027
20250411 000000;0.0000000618;0.0000000698;0.0000000607;0.0000000691;34427901789
20250412 000000;0.0000000691;0.0000000919;0.0000000686;0.0000000848;65947724761
20250413 000000;0.0000000848;0.0000000896;0.000000072;0.0000000771;90514612925
20250414 000000;0.0000000771;0.0000000836;0.0000000731;0.0000000731;46517325612
20250415 000000;0.0000000731;0.0000001479;0.0000000664;0.0000000699;78671428373
20250416 000000;0.0000000699;0.0000000771;0.0000000587;0.0000000639;55017440927
20250417 000000;0.0000000639;0.0000000711;0.0000000639;0.0000000667;6151398612
20250418 000000;0.0000000667;0.0000000867;0.0000000667;0.0000000812;21583942288
20250419 000000;0.0000000812;0.0000000868;0.0000000713;0.0000000855;137597213893
20250420 000000;0.0000000855;0.0000000958;0.0000000759;0.0000000831;86564783734
20250421 000000;0.0000000831;0.0000001555;0.0000000827;0.0000000966;429982881530
20250422 000000;0.0000000966;0.0000001388;0.000000095;0.0000001254;316720122155
20250423 000000;0.0000001254;0.0000001377;0.0000001168;0.0000001205;84878744593
20250424 000000;0.0000001205;0.0000001278;0.0000001172;0.000000122;31278543851
20250425 000000;0.000000122;0.0000001313;0.000000116;0.0000001182;48237727546
20250426 000000;0.0000001182;0.0000001319;0.0000001116;0.0000001319;67498964544
20250427 000000;0.0000001319;0.0000001319;0.0000001091;0.0000001155;47598955520
20250428 000000;0.0000001155;0.0000001211;0.0000001092;0.0000001131;15331901933
20250429 000000;0.0000001131;0.0000001193;0.000000109;0.0000001109;18264866469
20250430 000000;0.0000001109;0.0000001133;0.0000000901;0.0000000962;63254108320
20250501 000000;0.0000000962;0.0000001455;0.0000000962;0.0000001351;98448946696
20250502 000000;0.0000001351;0.0000001455;0.0000001261;0.0000001334;24159943829
20250503 000000;0.0000001334;0.0000001446;0.000000125;0.0000001285;10005136657
20250504 000000;0.0000001285;0.0000001314;0.000000122;0.0000001259;10735749299
20250505 000000;0.0000001259;0.0000001417;0.0000001171;0.0000001259;12471651221
20250506 000000;0.0000001259;0.0000001264;0.0000001163;0.0000001242;15661463588
20250507 000000;0.0000001242;0.0000001466;0.0000001229;0.0000001326;61393334350
20250508 000000;0.0000001326;0.00000016;0.0000001264;0.0000001546;54891813341
20250509 000000;0.0000001546;0.0000001768;0.0000001523;0.0000001575;53029773519
20250510 000000;0.0000001575;0.0000001788;0.0000001552;0.0000001752;36851793897
20250511 000000;0.0000001752;0.0000001761;0.0000001457;0.0000001632;47067651406
20250512 000000;0.0000001632;0.0000001787;0.0000001518;0.0000001556;18693578964
20250513 000000;0.0000001556;0.0000001779;0.0000001469;0.0000001651;16500091506
20250514 000000;0.0000001651;0.0000001696;0.000000144;0.000000153;25396692238
20250515 000000;0.000000153;0.0000001646;0.000000143;0.0000001463;36628468606
20250516 000000;0.0000001463;0.0000001741;0.000000137;0.0000001402;40914953660
20250517 000000;0.0000001402;0.0000001472;0.0000001243;0.0000001252;44546126337
20250518 000000;0.0000001252;0.000000159;0.0000001172;0.0000001257;49985360977
20250519 000000;0.0000001257;0.0000001481;0.0000001201;0.0000001276;52928574572
20250520 000000;0.0000001276;0.000000149;0.000000121;0.00000013;34802001103
20250521 000000;0.00000013;0.000000147;0.00000012;0.0000001288;53546426383
20250522 000000;0.0000001288;0.000000146;0.0000001246;0.0000001319;63045710852
20250523 000000;0.0000001319;0.0000001372;0.000000101;0.0000001082;106560102517
20250524 000000;0.0000001082;0.0000001158;0.0000001;0.0000001032;52180509563
20250525 000000;0.0000001032;0.0000001083;0.0000000952;0.000000103;30134519725
20250526 000000;0.000000103;0.0000001061;0.0000000952;0.0000001011;35655861850
20250527 000000;0.0000001011;0.0000001108;0.0000000975;0.0000001094;18490686041
20250528 000000;0.0000001094;0.0000001102;0.0000000966;0.0000000966;35840529707
20250529 000000;0.0000000966;0.0000001028;0.0000000857;0.0000000952;97855915898
20250530 000000;0.0000000952;0.0000000968;0.000000087;0.0000000873;22802778991
20250531 000000;0.0000000873;0.000000089;0.0000000807;0.0000000807;12915306256
20250601 000000;0.0000000807;0.0000000967;0.0000000804;0.0000000871;5739794445
20250602 000000;0.0000000871;0.0000000925;0.0000000836;0.0000000889;30449970438
20250603 000000;0.0000000889;0.0000001135;0.000000086;0.0000001021;30266361851
20250604 000000;0.0000001021;0.0000001095;0.0000000965;0.0000000967;13613153779
20250605 000000;0.0000000967;0.0000001454;0.000000085;0.0000000862;81938266886
20250606 000000;0.0000000862;0.0000000951;0.0000000804;0.0000000934;54151048273
20250607 000000;0.0000000934;0.0000000962;0.0000000875;0.0000000926;26160599539
20250608 000000;0.0000000926;0.0000000993;0.0000000905;0.0000000934;11642359117
20250609 000000;0.0000000934;0.000000103;0.0000000871;0.0000000996;47328576102
20250610 000000;0.0000000996;0.0000001089;0.00000009;0.000000101;55269983158
20250611 000000;0.000000101;0.0000001032;0.0000000904;0.0000000958;8035068377
20250612 000000;0.0000000958;0.0000000958;0.0000000816;0.0000000828;7973160501
20250613 000000;0.0000000828;0.0000000951;0.0000000721;0.0000000799;56440855286
20250614 000000;0.0000000799;0.0000000949;0.0000000799;0.0000000815;7080539808
20250615 000000;0.0000000815;0.0000000848;0.000000036;0.0000000747;94466043984
20250616 000000;0.0000000747;0.0000000886;0.0000000715;0.0000000744;55749453881
20250617 000000;0.0000000744;0.000000077;0.0000000651;0.0000000679;57109975615
20250618 000000;0.0000000679;0.000000075;0.0000000603;0.0000000603;19436798922
20250619 000000;0.0000000603;0.000000075;0.0000000602;0.000000064;27645456631
20250620 000000;0.000000064;0.0000000811;0.000000064;0.0000000712;21108676323
20250621 000000;0.0000000712;0.0000000756;0.0000000643;0.0000000673;23385869230
20250622 000000;0.0000000673;0.0000000725;0.0000000601;0.0000000684;38098135260
20250623 000000;0.0000000684;0.000000074;0.0000000612;0.0000000695;103652258198
20250624 000000;0.0000000695;0.0000000869;0.0000000695;0.0000000735;18640605769
20250625 000000;0.0000000735;0.0000000824;0.000000064;0.0000000725;152003803755
20250626 000000;0.0000000725;0.0000000759;0.0000000712;0.0000000712;3635139649
20250627 000000;0.0000000712;0.0000000758;0.0000000643;0.0000000662;53316810244
20250628 000000;0.0000000662;0.0000000696;0.000000066;0.0000000671;17200134062
20250629 000000;0.0000000671;0.0000000688;0.0000000639;0.0000000663;38216061576
20250630 000000;0.0000000663;0.000000088;0.000000064;0.0000000872;74194870148
20250701 000000;0.0000000872;0.000000088;0.000000076;0.000000082;23666496061
20250702 000000;0.000000082;0.0000000975;0.0000000811;0.000000097;20443758476
20250703 000000;0.000000097;0.0000000999;0.000000087;0.0000000872;8124029340
20250704 000000;0.0000000872;0.000000107;0.0000000872;0.0000000935;34666014612
20250705 000000;0.0000000935;0.000000107;0.0000000928;0.0000000975;6055404519
20250706 000000;0.0000000975;0.0000001042;0.0000000894;0.0000001038;17462766464
20250707 000000;0.0000001038;0.0000001068;0.0000000901;0.0000000941;4209322408
20250708 000000;0.0000000941;0.0000001057;0.00000009;0.0000000986;30906495610
20250709 000000;0.0000000986;0.0000001255;0.0000000976;0.0000001125;27403596566
20250710 000000;0.0000001125;0.0000001206;0.0000001016;0.0000001195;57589597339
20250711 000000;0.0000001195;0.0000001254;0.0000001101;0.0000001132;6131524260
20250712 000000;0.0000001132;0.0000001158;0.0000001031;0.0000001093;19464875808
20250713 000000;0.0000001093;0.0000001214;0.0000001056;0.0000001139;53107952423
20250714 000000;0.0000001139;0.00000014;0.0000001139;0.0000001311;49903220594
20250715 000000;0.0000001311;0.0000001493;0.0000001201;0.0000001456;49600980559
20250716 000000;0.0000001456;0.0000002185;0.0000001422;0.0000002093;285096163892
20250717 000000;0.0000002093;0.0000002167;0.0000001358;0.0000001849;190335069749
20250718 000000;0.0000001849;0.00000021;0.00000017;0.0000001716;125552870845
20250719 000000;0.0000001716;0.0000001789;0.0000001615;0.0000001692;103923643371
20250720 000000;0.0000001692;0.0000001885;0.000000163;0.0000001819;68079455252
20250721 000000;0.0000001819;0.00000023;0.0000001743;0.0000002172;196317666829
20250722 000000;0.0000002172;0.00000023;0.000000179;0.0000001868;146035598844
20250723 000000;0.0000001868;0.0000002066;0.0000001679;0.000000182;58070509539
20250724 000000;0.000000182;0.0000001825;0.0000001601;0.0000001784;81806885430
20250725 000000;0.0000001784;0.0000001784;0.0000001638;0.0000001687;21226700088
20250726 000000;0.0000001687;0.0000002055;0.0000001682;0.0000001978;112158982263
20250727 000000;0.0000001978;0.0000002041;0.0000001849;0.0000001921;35871210054
20250728 000000;0.0000001921;0.0000002044;0.0000001781;0.0000001843;69473594185
20250729 000000;0.0000001843;0.0000001868;0.000000176;0.0000001813;18184300643
20250730 000000;0.0000001813;0.0000001869;0.0000001721;0.000000175;21952045904
20250731 000000;0.000000175;0.0000001845;0.0000001718;0.0000001718;25084896281
20250801 000000;0.0000001718;0.0000001736;0.0000001458;0.0000001487;62002455750
20250802 000000;0.0000001487;0.0000001518;0.000000145;0.0000001452;33341520341
20250803 000000;0.0000001452;0.0000001667;0.0000001431;0.0000001581;27421081405
20250804 000000;0.0000001581;0.0000001685;0.000000158;0.0000001656;32915487285
20250805 000000;0.0000001656;0.0000001693;0.0000001491;0.0000001516;50224956062
20250806 000000;0.0000001516;0.000000155;0.000000146;0.0000001513;27555746665
20250807 000000;0.0000001513;0.0000001901;0.0000001375;0.0000001853;56820613301
20250808 000000;0.0000001853;0.000000271;0.0000001853;0.0000002086;170770458644
20250809 000000;0.0000002086;0.0000002294;0.0000001796;0.0000002093;81172312547
20250810 000000;0.0000002093;0.0000002141;0.0000001712;0.0000001945;39951138560
20250811 000000;0.0000001945;0.0000002353;0.0000001862;0.0000001987;85490406647
20250812 000000;0.0000001987;0.0000002153;0.0000001857;0.0000002018;42858587517
20250813 000000;0.0000002018;0.000000269;0.0000002008;0.0000002379;71041101399
20250814 000000;0.0000002379;0.000000269;0.0000001735;0.0000002007;113970153033
20250815 000000;0.0000002007;0.0000002207;0.0000001821;0.0000002066;44936043055
20250816 000000;0.0000002066;0.0000002282;0.0000001869;0.0000001943;47088861920
20250817 000000;0.0000001943;0.0000002449;0.0000001877;0.0000002011;40197780999
20250818 000000;0.0000002011;0.00000024;0.000000175;0.0000001911;70660204047
20250819 000000;0.0000001911;0.0000001913;0.0000001656;0.0000001703;40845086441
20250820 000000;0.0000001703;0.000000189;0.0000001664;0.0000001832;24785668974
20250821 000000;0.0000001832;0.0000002055;0.00000017;0.0000001793;31037826081
20250822 000000;0.0000001793;0.0000002287;0.0000001793;0.0000002012;71259369490
20250823 000000;0.0000002012;0.0000002082;0.0000001882;0.0000001964;12883068569
20250824 000000;0.0000001964;0.00000021;0.0000001884;0.0000002012;23778142113
20250825 000000;0.0000002012;0.00000021;0.000000165;0.000000175;25906861240
20250826 000000;0.000000175;0.0000002054;0.000000175;0.0000001956;38830226027
20250827 000000;0.0000001956;0.0000002077;0.0000001775;0.000000189;65796639807
20250828 000000;0.000000189;0.0000001914;0.000000166;0.0000001796;31184709767
20250829 000000;0.0000001796;0.0000001848;0.0000001668;0.0000001767;11322625911
20250830 000000;0.0000001767;0.0000001779;0.0000001691;0.0000001739;4240143159
20250831 000000;0.0000001739;0.0000001877;0.0000001686;0.0000001806;21358778704
20250901 000000;0.0000001806;0.0000001811;0.0000001593;0.0000001662;72471176439
20250902 000000;0.0000001662;0.0000001765;0.0000001662;0.0000001765;4133376337
20250903 000000;0.0000001765;0.0000001858;0.0000001715;0.0000001827;5201498998
20250904 000000;0.0000001827;0.0000001849;0.0000001718;0.0000001718;35484132148
20250905 000000;0.0000001718;0.0000001861;0.0000001718;0.0000001731;12272754145
20250906 000000;0.0000001731;0.0000001836;0.0000001696;0.0000001735;8092152092
20250907 000000;0.0000001735;0.0000001863;0.0000001639;0.0000001749;20942896076
20250908 000000;0.0000001749;0.0000001873;0.0000001659;0.0000001709;27441040955
20250909 000000;0.0000001709;0.000000195;0.0000001526;0.0000001683;28613386765
20250910 000000;0.0000001683;0.0000001781;0.0000001605;0.0000001673;21856888318
20250911 000000;0.0000001673;0.0000001776;0.0000001659;0.0000001735;5530962950
20250912 000000;0.0000001735;0.0000001926;0.0000001735;0.0000001855;13423220240
20250913 000000;0.0000001855;0.0000001956;0.0000001801;0.0000001831;10584879974
20250914 000000;0.0000001831;0.0000002;0.0000001714;0.0000001746;19097524871
20250915 000000;0.0000001746;0.0000001855;0.0000001596;0.0000001679;26738287023
20250916 000000;0.0000001679;0.000000173;0.0000001605;0.0000001676;34780848361
20250917 000000;0.0000001676;0.0000001787;0.0000001596;0.0000001662;21778982898
20250918 000000;0.0000001662;0.000000177;0.000000155;0.0000001578;41348702859
20250919 000000;0.0000001578;0.0000001642;0.0000001401;0.0000001473;36238913017
20250920 000000;0.0000001473;0.0000001678;0.0000001462;0.0000001638;14900857085
20250921 000000;0.0000001638;0.0000001727;0.0000001563;0.0000001636;14569434801
20250922 000000;0.0000001636;0.000000178;0.0000001189;0.0000001462;113782298546
20250923 000000;0.0000001462;0.0000001531;0.0000001364;0.0000001424;20220932436
20250924 000000;0.0000001424;0.0000001458;0.0000001366;0.0000001381;8584357801
20250925 000000;0.0000001381;0.0000001743;0.0000001262;0.0000001323;76087453007
20250926 000000;0.0000001323;0.0000001355;0.0000001201;0.000000134;13261788476
20250927 000000;0.000000134;0.0000001396;0.0000001238;0.0000001279;12397243984
20250928 000000;0.0000001279;0.0000001325;0.000000119;0.0000001267;13520356353
20250929 000000;0.0000001267;0.0000001404;0.0000001267;0.0000001352;15360010411
20250930 000000;0.0000001352;0.0000001382;0.0000001193;0.0000001277;14062943087
20251001 000000;0.0000001277;0.0000001373;0.0000001224;0.0000001366;10571037269
20251002 000000;0.0000001366;0.0000001406;0.0000001328;0.0000001387;13259749823
20251003 000000;0.0000001387;0.0000001514;0.00000012;0.0000001271;26692787724
20251004 000000;0.0000001271;0.0000001358;0.0000001227;0.0000001283;6541480970
20251005 000000;0.0000001283;0.0000001395;0.0000001282;0.0000001341;12338574413
20251006 000000;0.0000001341;0.0000001444;0.000000131;0.000000144;15226154737
20251007 000000;0.000000144;0.0000001457;0.0000001249;0.0000001296;26114464266
20251008 000000;0.0000001296;0.0000001333;0.0000001211;0.0000001297;12140952364
20251009 000000;0.0000001297;0.0000001318;0.0000001062;0.0000001065;35445175697
20251010 000000;0.0000001065;0.0000001169;0.0000000456;0.000000096;140713280988
20251011 000000;0.000000096;0.0000001006;0.0000000857;0.0000000959;126418009625
20251012 000000;0.0000000959;0.0000001162;0.0000000958;0.0000001124;42474743439
20251013 000000;0.0000001124;0.0000001264;0.0000001006;0.0000001141;32756732198
20251014 000000;0.0000001141;0.0000001141;0.0000000999;0.0000001087;37051270445
20251015 000000;0.0000001087;0.0000001199;0.0000000998;0.0000001006;18802022716
20251016 000000;0.0000001006;0.0000001147;0.0000000943;0.0000000943;29572542769
20251017 000000;0.0000000943;0.0000000949;0.0000000746;0.0000000859;61954293974
20251018 000000;0.0000000859;0.0000000896;0.0000000778;0.0000000811;26599110876
20251019 000000;0.0000000811;0.000000087;0.000000075;0.0000000822;39503205018
20251020 000000;0.0000000822;0.0000000928;0.000000079;0.0000000801;22165164314
20251021 000000;0.0000000801;0.0000000843;0.0000000765;0.000000078;26737738538
20251022 000000;0.000000078;0.0000000822;0.0000000682;0.0000000724;35846332778
20251023 000000;0.0000000724;0.0000000784;0.0000000676;0.0000000724;25014715111
20251024 000000;0.0000000724;0.0000000811;0.0000000708;0.0000000786;28130837823
20251025 000000;0.0000000786;0.0000000812;0.000000075;0.0000000794;15555733896
20251026 000000;0.0000000794;0.0000000865;0.0000000754;0.0000000842;21494438917
20251027 000000;0.0000000842;0.0000000899;0.0000000815;0.0000000831;24021642086
20251028 000000;0.0000000831;0.0000000852;0.0000000702;0.0000000707;26829121134
20251029 000000;0.0000000707;0.0000000759;0.0000000676;0.0000000695;23389132046
20251030 000000;0.0000000695;0.0000000731;0.0000000587;0.0000000638;43336669057
20251031 000000;0.0000000638;0.0000000728;0.0000000617;0.0000000694;37688438900
20251101 000000;0.0000000694;0.000000098;0.0000000625;0.0000000699;60065180727
20251102 000000;0.0000000699;0.0000000724;0.0000000603;0.000000067;34874336310
20251103 000000;0.000000067;0.0000000671;0.0000000539;0.0000000598;18084309615
20251104 000000;0.0000000598;0.000000066;0.000000054;0.0000000605;56672268823
20251105 000000;0.0000000605;0.0000000777;0.0000000573;0.0000000622;40224740154
20251106 000000;0.0000000622;0.000000065;0.0000000573;0.0000000583;14442883261
20251107 000000;0.0000000583;0.000000071;0.0000000502;0.0000000657;98359411751
20251108 000000;0.0000000657;0.0000000679;0.0000000645;0.0000000658;14160083205
20251109 000000;0.0000000658;0.0000000901;0.0000000623;0.0000000701;35720289625
20251110 000000;0.0000000701;0.0000000778;0.0000000677;0.0000000677;12392073017
20251111 000000;0.0000000677;0.00000007;0.0000000642;0.0000000664;10446479749
20251112 000000;0.0000000664;0.0000001145;0.0000000596;0.0000000641;136553775860
20251113 000000;0.0000000641;0.0000000679;0.0000000563;0.0000000595;47526338219
20251114 000000;0.0000000595;0.0000000605;0.0000000555;0.0000000569;40677227988
20251115 000000;0.0000000569;0.0000000607;0.000000056;0.0000000598;11632439051
20251116 000000;0.0000000598;0.0000000618;0.0000000518;0.0000000566;43103579024
20251117 000000;0.0000000566;0.0000000646;0.0000000497;0.0000000526;49725304107
20251118 000000;0.0000000526;0.0000000537;0.0000000471;0.0000000511;19740944286
20251119 000000;0.0000000511;0.0000000567;0.0000000453;0.0000000461;55493135556
20251120 000000;0.0000000461;0.0000000504;0.0000000422;0.0000000457;47860032582
20251121 000000;0.0000000457;0.0000000492;0.0000000391;0.0000000492;57290455579
20251122 000000;0.0000000492;0.0000000679;0.0000000484;0.0000000568;55028282923
20251123 000000;0.0000000568;0.0000000614;0.0000000542;0.0000000574;47079192702
20251124 000000;0.0000000574;0.0000000614;0.0000000554;0.0000000614;15432973478
20251125 000000;0.0000000614;0.0000000646;0.0000000544;0.0000000632;47864984290
20251126 000000;0.0000000632;0.0000000654;0.0000000587;0.000000064;27405575768
20251127 000000;0.000000064;0.0000000755;0.0000000614;0.0000000669;33744208313
20251128 000000;0.0000000669;0.0000000688;0.0000000617;0.0000000646;19826732776
20251129 000000;0.0000000646;0.0000000667;0.0000000618;0.0000000636;6500306194
20251130 000000;0.0000000636;0.0000000696;0.0000000594;0.0000000635;51437215009
20251201 000000;0.0000000635;0.0000000635;0.0000000506;0.0000000552;41140222507
20251202 000000;0.0000000552;0.0000000666;0.000000053;0.0000000666;38393336907
20251203 000000;0.0000000666;0.0000000755;0.0000000632;0.0000000742;42965945643
20251204 000000;0.0000000742;0.0000000772;0.0000000649;0.0000000654;25619972166
20251205 000000;0.0000000654;0.0000000654;0.0000000557;0.0000000577;29252628248
20251206 000000;0.0000000577;0.0000000597;0.0000000552;0.0000000574;8722798431
20251207 000000;0.0000000574;0.0000000627;0.0000000502;0.0000000577;73235466790
20251208 000000;0.0000000577;0.0000000658;0.0000000564;0.0000000602;24469045544
20251209 000000;0.0000000602;0.0000000755;0.000000059;0.0000000666;17616702744
20251210 000000;0.0000000666;0.0000000766;0.0000000607;0.0000000649;38096408790
20251211 000000;0.0000000649;0.0000000649;0.0000000583;0.0000000611;11566357331
20251212 000000;0.0000000611;0.0000000642;0.0000000537;0.0000000564;20031057206
20251213 000000;0.0000000564;0.0000000577;0.0000000529;0.0000000559;8828895266
20251214 000000;0.0000000559;0.0000000562;0.0000000503;0.0000000533;46198269387
20251215 000000;0.0000000533;0.0000000539;0.000000047;0.0000000499;45376194044
20251216 000000;0.0000000499;0.0000000577;0.0000000498;0.000000055;8486641299
20251217 000000;0.000000055;0.000000058;0.0000000461;0.0000000502;17779314616
20251218 000000;0.0000000502;0.0000000502;0.000000044;0.0000000451;7692445705
20251219 000000;0.0000000451;0.00000005;0.0000000442;0.0000000487;10419283426
20251220 000000;0.0000000487;0.0000000554;0.0000000487;0.0000000491;2976968957
20251221 000000;0.0000000491;0.0000000505;0.0000000476;0.0000000489;8776020201
20251222 000000;0.0000000489;0.0000000527;0.0000000476;0.0000000502;15835732666
20251223 000000;0.0000000502;0.0000000551;0.0000000461;0.0000000493;3275508405
20251224 000000;0.0000000493;0.0000000506;0.000000042;0.0000000437;8638935429
20251225 000000;0.0000000437;0.0000000494;0.00000004;0.0000000401;33877237537
20251226 000000;0.0000000401;0.0000000445;0.000000035;0.0000000381;25972106652
20251227 000000;0.0000000381;0.0000000422;0.0000000356;0.0000000398;12639392378
20251228 000000;0.0000000398;0.000000041;0.0000000381;0.0000000398;11755933409
20251229 000000;0.0000000398;0.000000042;0.0000000398;0.000000041;2155564575
20251230 000000;0.000000041;0.0000000428;0.0000000382;0.0000000402;32058275877
20251231 000000;0.0000000402;0.0000000427;0.0000000367;0.0000000381;18064258192
