20241001 000000;0.00000016;0.000000488;0.00000016;0.0000003214;437597104750
20241002 000000;0.0000003214;0.0000003887;0.0000003085;0.0000003555;91038408696
20241003 000000;0.0000003555;0.0000004;0.0000003428;0.0000003717;84884683250
20241004 000000;0.0000003717;0.0000003717;0.00000034;0.0000003576;29622573608
20241005 000000;0.0000003576;0.0000003788;0.0000003555;0.0000003592;49009006656
20241006 000000;0.0000003592;0.00000038;0.000000356;0.0000003697;55147976690
20241007 000000;0.0000003697;0.0000004055;0.000000362;0.0000003946;89663844929
20241008 000000;0.0000003946;0.0000003988;0.000000362;0.0000003733;61961898505
20241009 000000;0.0000003733;0.0000004155;0.0000003502;0.0000003829;139513767910
20241010 000000;0.0000003829;0.0000003955;0.000000328;0.0000003428;64248035215
20241011 000000;0.0000003428;0.0000003788;0.000000335;0.0000003577;128085994925
20241012 000000;0.0000003577;0.0000003888;0.00000033;0.0000003518;198395231730
20241013 000000;0.0000003518;0.0000003788;0.000000325;0.0000003304;108196332530
20241014 000000;0.0000003304;0.0000003587;0.00000032;0.0000003456;75739074986
20241015 000000;0.0000003456;0.0000003587;0.000000315;0.0000003514;165533959647
20241016 000000;0.0000003514;0.0000003602;0.000000313;0.0000003262;85110043895
20241017 000000;0.0000003262;0.0000003485;0.00000031;0.0000003103;45418988559
20241018 000000;0.0000003103;0.0000003353;0.00000031;0.0000003106;23214258291
20241019 000000;0.0000003106;0.0000003306;0.0000002958;0.0000003179;25973348344
20241020 000000;0.0000003179;0.0000003288;0.0000002726;0.0000003184;51960552711
20241021 000000;0.0000003184;0.0000003555;0.0000003054;0.0000003295;32499694043
20241022 000000;0.0000003295;0.0000003488;0.000000306;0.0000003201;53917206429
20241023 000000;0.0000003201;0.0000003555;0.00000032;0.00000032;43590203679
20241024 000000;0.00000032;0.0000003568;0.00000032;0.0000003509;48626825352
20241025 000000;0.0000003509;0.0000003509;0.0000003016;0.0000003016;32029272377
20241026 000000;0.0000003016;0.0000003443;0.0000003002;0.000000327;60944128936
20241027 000000;0.000000327;0.0000003455;0.0000003183;0.0000003316;38689933094
20241028 000000;0.0000003316;0.0000003414;0.0000003211;0.000000333;15499653075
20241029 000000;0.000000333;0.00000035;0.0000003293;0.0000003427;64568524860
20241030 000000;0.0000003427;0.0000003427;0.0000003;0.00000031;43784407100
20241031 000000;0.00000031;0.0000003245;0.00000027;0.000000284;51750356341
20241101 000000;0.000000284;0.0000003088;0.0000002792;0.0000002914;25322098301
20241102 000000;0.0000002914;0.000000301;0.0000002603;0.0000002679;14575808775
20241103 000000;0.0000002679;0.0000002786;0.0000002402;0.0000002593;43120626830
20241104 000000;0.0000002593;0.0000003061;0.000000245;0.000000257;96377868662
20241105 000000;0.000000257;0.0000002822;0.0000002484;0.0000002571;62128545775
20241106 000000;0.0000002571;0.0000003285;0.0000002571;0.0000003267;44112085902
20241107 000000;0.0000003267;0.000000335;0.0000003143;0.0000003349;56042933985
20241108 000000;0.0000003349;0.000000335;0.000000297;0.0000002996;31580157683
20241109 000000;0.0000002996;0.0000003401;0.0000002996;0.0000003362;35026765753
20241110 000000;0.0000003362;0.00000037;0.000000334;0.0000003546;69271890555
20241111 000000;0.0000003546;0.0000004288;0.000000343;0.0000004051;80082783242
20241112 000000;0.0000004051;0.0000004051;0.0000003352;0.0000003352;173670209955
20241113 000000;0.0000003352;0.0000003776;0.0000003033;0.0000003228;112068255526
20241114 000000;0.0000003228;0.0000003895;0.000000311;0.0000003128;138101567721
20241115 000000;0.0000003128;0.00000033;0.0000002787;0.0000002996;111527048207
20241116 000000;0.0000002996;0.0000003374;0.000000276;0.0000002898;124341325926
20241117 000000;0.0000002898;0.0000003187;0.0000002562;0.0000002799;93165667147
20241118 000000;0.0000002799;0.0000003088;0.0000002562;0.0000003045;112069601343
20241119 000000;0.0000003045;0.0000003055;0.0000002632;0.0000002779;66399397297
20241120 000000;0.0000002779;0.0000002798;0.0000002395;0.0000002584;51979572156
20241121 000000;0.0000002584;0.0000002987;0.00000025;0.0000002838;26392978191
20241122 000000;0.0000002838;0.000000301;0.0000002544;0.0000002642;40879464233
20241123 000000;0.0000002642;0.00000029;0.0000002499;0.0000002658;48676358465
20241124 000000;0.0000002658;0.00000028;0.0000002406;0.0000002496;66876124999
20241125 000000;0.0000002496;0.0000002795;0.0000002261;0.0000002343;161378537760
20241126 000000;0.0000002343;0.0000002492;0.0000002;0.0000002098;248351049411
20241127 000000;0.0000002098;0.0000002893;0.0000002098;0.0000002432;180270712233
20241128 000000;0.0000002432;0.0000002588;0.0000002304;0.0000002474;88078652832
20241129 000000;0.0000002474;0.0000002588;0.0000002294;0.0000002502;76190987953
20241130 000000;0.0000002502;0.0000002614;0.0000002396;0.0000002614;48707708610
20241201 000000;0.0000002614;0.0000002866;0.0000002412;0.0000002477;132957520398
20241202 000000;0.0000002477;0.0000002568;0.000000205;0.0000002319;105874113307
20241203 000000;0.0000002319;0.0000002442;0.0000002133;0.0000002441;59621409419
20241204 000000;0.0000002441;0.0000002851;0.0000002316;0.0000002774;122085342867
20241205 000000;0.0000002774;0.0000003;0.0000002564;0.0000002721;104389695401
20241206 000000;0.0000002721;0.0000003;0.0000002493;0.0000002865;115035732620
20241207 000000;0.0000002865;0.0000003079;0.0000002725;0.0000002931;94060611394
20241208 000000;0.0000002931;0.0000003055;0.0000002713;0.0000002889;83905280169
20241209 000000;0.0000002889;0.0000002928;0.0000002318;0.0000002423;81156696580
20241210 000000;0.0000002423;0.0000002555;0.000000221;0.0000002427;112522238082
20241211 000000;0.0000002427;0.0000002615;0.0000002246;0.0000002424;60113082279
20241212 000000;0.0000002424;0.0000002576;0.000000203;0.0000002184;125482558399
20241213 000000;0.0000002184;0.0000002488;0.0000002;0.0000002197;163304091106
20241214 000000;0.0000002197;0.0000002335;0.00000021;0.0000002242;47038272423
20241215 000000;0.0000002242;0.0000002322;0.0000002027;0.0000002183;67237497226
20241216 000000;0.0000002183;0.0000002375;0.0000002024;0.0000002073;119116428541
20241217 000000;0.0000002073;0.0000002388;0.000000202;0.0000002322;119143089699
20241218 000000;0.0000002322;0.0000002488;0.0000002;0.0000002239;194814697472
20241219 000000;0.0000002239;0.00000025;0.0000001863;0.000000201;107453753243
20241220 000000;0.000000201;0.0000002187;0.0000001778;0.0000002081;77243192237
20241221 000000;0.0000002081;0.000000216;0.000000201;0.0000002011;69772783400
20241222 000000;0.0000002011;0.0000002011;0.0000001778;0.0000001867;101508436242
20241223 000000;0.0000001867;0.0000002053;0.0000001824;0.0000001973;120344017323
20241224 000000;0.0000001973;0.0000002123;0.0000001897;0.0000002082;56746594565
20241225 000000;0.0000002082;0.000000238;0.0000002023;0.0000002214;40804826663
20241226 000000;0.0000002214;0.0000002375;0.0000001953;0.0000002033;77890422868
20241227 000000;0.0000002033;0.000000208;0.0000001812;0.0000001905;73164550716
20241228 000000;0.0000001905;0.0000001966;0.000000183;0.0000001892;36182887153
20241229 000000;0.0000001892;0.0000001942;0.0000001814;0.0000001822;21834340969
20241230 000000;0.0000001822;0.0000001877;0.0000001637;0.0000001696;48331362668
20241231 000000;0.0000001696;0.0000001784;0.0000001661;0.0000001699;54790313903
