20260101 000000;0.0786;0.08178;0.07851;0.08141;695664.61
20260102 000000;0.08141;0.08448;0.08049;0.08218;736167.57
20260103 000000;0.08218;0.08474;0.08178;0.08311;740086.07
20260104 000000;0.08311;0.089;0.08274;0.08513;717225.92
20260105 000000;0.08513;0.08843;0.08395;0.08763;697160.91
20260106 000000;0.08763;0.09136;0.08453;0.08553;683982.73
20260107 000000;0.08553;0.08991;0.08413;0.08493;718557.45
20260108 000000;0.08493;0.08676;0.08278;0.08521;722091.56
20260109 000000;0.08521;0.0859;0.08336;0.08377;683363.74
20260110 000000;0.08377;0.08519;0.0822;0.08395;754602.89
20260111 000000;0.08395;0.08565;0.08199;0.08355;669668.39
20260112 000000;0.08355;0.085;0.08198;0.08268;704599.8
20260113 000000;0.08268;0.087;0.08197;0.08577;711564.2
20260114 000000;0.08577;0.08712;0.08411;0.08564;731422.24
20260115 000000;0.08564;0.08582;0.08259;0.0829;665931.91
20260116 000000;0.0829;0.08748;0.08162;0.0834;762857.77
20260117 000000;0.0834;0.08567;0.08262;0.08463;646151.61
20260118 000000;0.08463;0.08517;0.0828;0.08296;650857.34
20260119 000000;0.08296;0.08322;0.07819;0.08034;714899.79
20260120 000000;0.08034;0.08057;0.07826;0.07871;686211.61
20260121 000000;0.07871;0.08059;0.07833;0.08011;703136.53
20260122 000000;0.08011;0.08085;0.07759;0.07867;720619.5
20260123 000000;0.07867;0.08477;0.07837;0.07993;780867.96
20260124 000000;0.07993;0.08034;0.07813;0.07826;661622.86
20260125 000000;0.07826;0.07898;0.07461;0.0759;694458.89
20260126 000000;0.0759;0.07905;0.07586;0.0781;782530.62
20260127 000000;0.0781;0.07899;0.07623;0.0786;732267.89
20260128 000000;0.0786;0.079;0.07731;0.0775;717721.45
20260129 000000;0.0775;0.08101;0.07507;0.07523;788294.67
20260130 000000;0.07523;0.07586;0.0729;0.07516;715671.57
20260131 000000;0.07516;0.07617;0.06757;0.06943;796985.41
20260201 000000;0.06943;0.07195;0.06489;0.0691;877957.66
20260202 000000;0.0691;0.06961;0.06692;0.06931;873798.77
20260203 000000;0.06931;0.07067;0.064;0.0687;898829.18
20260204 000000;0.0687;0.06948;0.06438;0.06643;871478.49
20260205 000000;0.06643;0.06652;0.05695;0.05743;918237.97
20260206 000000;0.05743;0.06366;0.05501;0.06101;1083840.15
20260207 000000;0.06101;0.06133;0.05963;0.06043;895947.64
20260208 000000;0.06043;0.06178;0.05893;0.05925;911727.43
20260209 000000;0.05925;0.06733;0.05637;0.05834;1078030.6
20260210 000000;0.05834;0.05958;0.0571;0.05755;956190.86
20260211 000000;0.05755;0.0589;0.055;0.05751;975948.38
20260212 000000;0.05751;0.05917;0.05626;0.05809;935040
20260213 000000;0.05809;0.05917;0.05463;0.05865;1116739.46
20260214 000000;0.05865;0.06241;0.0573;0.06008;976408.11
20260215 000000;0.06008;0.081;0.05828;0.06449;1697752.47
20260216 000000;0.06449;0.07267;0.059;0.06295;1374713.52
20260217 000000;0.06295;0.06364;0.06021;0.0609;985262.72
20260218 000000;0.0609;0.071;0.05638;0.06251;1206554.96
20260219 000000;0.06251;0.06254;0.0583;0.06029;1019427.74
20260220 000000;0.06029;0.06073;0.05715;0.05957;991271.86
20260221 000000;0.05957;0.06114;0.0585;0.06022;940587.61
20260222 000000;0.06022;0.06115;0.05214;0.05662;1207521.82
20260223 000000;0.05662;0.05955;0.05501;0.05621;1173825.37
20260224 000000;0.05621;0.0575;0.053;0.05547;1156457.11
20260225 000000;0.05547;0.06271;0.05506;0.05834;1052043.3
20260226 000000;0.05834;0.06555;0.05599;0.06151;1147968.47
20260227 000000;0.06151;0.06155;0.05649;0.05721;1015184.78
20260228 000000;0.05721;0.05791;0.05541;0.05769;1030421.4
20260301 000000;0.05769;0.06158;0.05602;0.05746;1017626.47
20260302 000000;0.05746;0.05806;0.05639;0.05783;973430.8
20260303 000000;0.05783;0.05799;0.05663;0.05707;938685.29
20260304 000000;0.05707;0.06499;0.05685;0.05917;1006175.92
20260305 000000;0.05917;0.06498;0.05394;0.05751;995555.64
20260306 000000;0.05751;0.05989;0.0571;0.05719;997812.69
20260307 000000;0.05719;0.05875;0.05672;0.05717;1028331.83
20260308 000000;0.05717;0.05797;0.05639;0.05648;979773.26
20260309 000000;0.05648;0.05788;0.056;0.05748;976527.9
20260310 000000;0.05748;0.05819;0.0571;0.05794;912068.12
20260311 000000;0.05794;0.05916;0.05705;0.05808;937880.84
20260312 000000;0.05808;0.05884;0.05763;0.05774;940782.76
20260313 000000;0.05774;0.05959;0.05764;0.05869;979231.33
20260314 000000;0.05869;0.06067;0.05718;0.05819;996453.1
20260315 000000;0.05819;0.05858;0.05743;0.05802;994031.68
20260316 000000;0.05802;0.0596;0.0574;0.05873;950349.36
20260317 000000;0.05873;0.06001;0.05792;0.05907;952342.93
20260318 000000;0.05907;0.06186;0.05346;0.05731;1145973.46
20260319 000000;0.05731;0.05796;0.05524;0.05604;1020188.04
20260320 000000;0.05604;0.05755;0.05436;0.05635;1103268.93
20260321 000000;0.05635;0.0575;0.05606;0.0568;950478.13
20260322 000000;0.0568;0.05836;0.05397;0.05422;1036948.69
20260323 000000;0.05422;0.05588;0.05082;0.05528;1184805.1
20260324 000000;0.05528;0.05591;0.05459;0.05521;985578.29
20260325 000000;0.05521;0.05636;0.05515;0.05614;1062252.72
20260326 000000;0.05614;0.05683;0.05516;0.0554;934608.37
20260327 000000;0.0554;0.05609;0.05476;0.05492;1033632.42
20260328 000000;0.05492;0.05611;0.05458;0.05558;977185.36
20260329 000000;0.05558;0.05647;0.05445;0.05546;1016154.12
20260330 000000;0.05546;0.05675;0.05497;0.05575;1020563.67
20260331 000000;0.05575;0.05675;0.05427;0.05467;1009127.44
20260401 000000;0.05467;0.05629;0.0542;0.05551;1030468.93
20260402 000000;0.05551;0.05555;0.05203;0.05375;1022555.53
20260403 000000;0.05375;0.05519;0.05317;0.05373;1051077.18
20260404 000000;0.05373;0.05414;0.04956;0.05328;1116079.87
20260405 000000;0.05328;0.05362;0.05254;0.05313;1044489.89
20260406 000000;0.05313;0.05399;0.04967;0.05347;1110682.14
20260407 000000;0.05347;0.05457;0.05071;0.05456;1111883.52
20260408 000000;0.05456;0.05483;0.05381;0.05479;1042726.95
20260409 000000;0.05479;0.05674;0.0539;0.05441;1170845.61
20260410 000000;0.05441;0.05496;0.05333;0.05403;1025975.21
20260411 000000;0.05403;0.05485;0.05347;0.05442;1020107.51
20260412 000000;0.05442;0.06489;0.05346;0.05486;1046719.9
20260413 000000;0.05486;0.05499;0.05332;0.05462;1138211.03
20260414 000000;0.05462;0.06027;0.054;0.05479;2059635.74
20260415 000000;0.05479;0.05558;0.0538;0.05474;1052152.33
20260416 000000;0.05474;0.05688;0.05422;0.05606;1011613.37
20260417 000000;0.05606;0.06606;0.05579;0.05875;1126014.99
20260418 000000;0.05875;0.086;0.05838;0.06217;1590882.44
20260419 000000;0.06217;0.06513;0.05697;0.05871;1051888.4
20260420 000000;0.05871;0.0621;0.05774;0.06066;922284.28
20260421 000000;0.06066;0.06511;0.05921;0.06052;1046672.97
20260422 000000;0.06052;0.06246;0.05801;0.0611;986437.76
20260423 000000;0.0611;0.06342;0.05521;0.06111;1121424.36
20260424 000000;0.06111;0.06213;0.05908;0.06084;1050542.02
20260425 000000;0.06084;0.06979;0.05998;0.06526;999820.19
20260426 000000;0.06526;0.0673;0.061;0.06105;1067869.23
20260427 000000;0.06105;0.063;0.05933;0.06061;957907.36
20260428 000000;0.06061;0.06256;0.05934;0.0611;919168.64
20260429 000000;0.0611;0.064;0.06003;0.06135;981356.07
20260430 000000;0.06135;0.06199;0.06037;0.06093;964282.27
20260501 000000;0.06093;0.06206;0.06042;0.06167;926789.14
20260502 000000;0.06167;0.06478;0.05823;0.06303;999873.84
20260503 000000;0.06303;0.06399;0.06087;0.06278;912133.05
20260504 000000;0.06278;0.063;0.06146;0.06274;937374.25
20260505 000000;0.06274;0.06299;0.06004;0.0622;984874.81
20260506 000000;0.0622;0.06478;0.06178;0.06427;973263.33
20260507 000000;0.06427;0.06477;0.06239;0.06313;906960.17
20260508 000000;0.06313;0.0646;0.06186;0.06423;897996.84
20260509 000000;0.06423;0.06677;0.06392;0.065;890049.14
20260510 000000;0.065;0.07011;0.06465;0.06539;932508.56
20260511 000000;0.06539;0.07259;0.06428;0.06614;871806.33
20260512 000000;0.06614;0.06753;0.06216;0.06252;1049667.23
20260513 000000;0.06252;0.06484;0.06108;0.06225;1042383.86
20260514 000000;0.06225;0.06626;0.061;0.06331;1183482.39
20260515 000000;0.06331;0.06844;0.05949;0.06265;1177526
20260516 000000;0.06265;0.06344;0.05951;0.06102;1548681.04
20260517 000000;0.06102;0.06206;0.05962;0.05982;1180950.83
20260518 000000;0.05982;0.06128;0.05765;0.0595;1304861.38
20260519 000000;0.0595;0.06171;0.05847;0.05862;1298538.2
20260520 000000;0.05862;0.06039;0.05847;0.0602;977113.82
20260521 000000;0.0602;0.06127;0.05925;0.06063;1170014.19
20260522 000000;0.06063;0.079;0.05923;0.06615;1695619.31
20260523 000000;0.06615;0.07196;0.06171;0.06352;1808873.04
20260524 000000;0.06352;0.065;0.06052;0.06092;1132646.33
20260525 000000;0.06092;0.06257;0.05998;0.06044;1732837.19
20260526 000000;0.06044;0.06208;0.05791;0.05933;1506860
20260527 000000;0.05933;0.06022;0.0587;0.05888;1274183.19
20260528 000000;0.05888;0.05925;0.056;0.05679;1327712.72
20260529 000000;0.05679;0.05816;0.05673;0.05684;990965.4
20260530 000000;0.05684;0.0577;0.05673;0.05695;1023423.3
20260531 000000;0.05695;0.05763;0.05559;0.0556;1018603.4
20260601 000000;0.0556;0.05839;0.05559;0.0561;1049284.89
20260602 000000;0.0561;0.0566;0.0537;0.0538;1150840.56
20260603 000000;0.0538;0.05533;0.05319;0.05427;1092822.77
20260604 000000;0.05427;0.05491;0.04858;0.05008;1398361.63
20260605 000000;0.05008;0.05306;0.04792;0.04905;1413958.98
20260606 000000;0.04905;0.05111;0.04794;0.04928;1250696.25
20260607 000000;0.04928;0.05035;0.04873;0.05014;1164117.9
20260608 000000;0.05014;0.05144;0.04936;0.04939;1170126.52
20260609 000000;0.04939;0.05026;0.04792;0.04933;1187958.9
20260610 000000;0.04933;0.04972;0.04792;0.04847;1209677.48
20260611 000000;0.04847;0.0504;0.04793;0.0501;1184085.62
20260612 000000;0.0501;0.05052;0.04935;0.04977;1097083.18
20260613 000000;0.04977;0.05053;0.04903;0.04956;1150751.22
20260614 000000;0.04956;0.05234;0.0491;0.05065;1218028.87
20260615 000000;0.05065;0.05885;0.04985;0.05106;1190379.3
20260616 000000;0.05106;0.05186;0.0501;0.05068;1081898.24
20260617 000000;0.05068;0.0562;0.05026;0.05142;1147883.02
20260618 000000;0.05142;0.05183;0.04844;0.04856;1182021.23
20260619 000000;0.04856;0.04907;0.04672;0.04812;1219188.46
20260620 000000;0.04812;0.04847;0.0477;0.04801;927585.13
