20240101 000000;0.027285;0.027962;0.025348;0.027926;6230091.78
20240102 000000;0.027926;0.029029;0.026896;0.02712;7592521.58
20240103 000000;0.02712;0.028873;0.022222;0.022955;16933398.8
20240104 000000;0.022955;0.031336;0.022737;0.026286;54149070.15
20240105 000000;0.026286;0.026876;0.02286;0.024561;16979321.57
20240106 000000;0.024561;0.025653;0.022754;0.024451;21487780.56
20240107 000000;0.024451;0.024976;0.022661;0.02309;9554991.61
20240108 000000;0.02309;0.023473;0.020616;0.023265;20733186.51
20240109 000000;0.023265;0.023443;0.021177;0.022067;11836143.29
20240110 000000;0.022067;0.024584;0.021299;0.023949;11422873.44
20240111 000000;0.023949;0.02704;0.02351;0.026445;35260894.8
20240112 000000;0.026445;0.027967;0.0237;0.024706;25372192.11
20240113 000000;0.024706;0.027365;0.02369;0.026785;15147947.64
20240114 000000;0.026785;0.0298;0.026129;0.027437;26076703.71
20240115 000000;0.027437;0.029449;0.026878;0.027244;16992013.03
20240116 000000;0.027244;0.027937;0.026514;0.027202;34028947.01
20240117 000000;0.027202;0.028;0.0262;0.027546;17129404.39
20240118 000000;0.027546;0.030634;0.026224;0.026535;23821854.24
20240119 000000;0.026535;0.026665;0.022833;0.024253;15033916.93
20240120 000000;0.024253;0.024937;0.023462;0.024776;30490743.31
20240121 000000;0.024776;0.025904;0.024369;0.02445;42167060.29
20240122 000000;0.02445;0.024586;0.022878;0.02321;12921184.4
20240123 000000;0.02321;0.02368;0.020981;0.022733;11715047.46
20240124 000000;0.022733;0.023269;0.022427;0.023146;10887896.66
20240125 000000;0.023146;0.023293;0.0217;0.022387;16741219.04
20240126 000000;0.022387;0.02388;0.022123;0.02367;48038599.73
20240127 000000;0.02367;0.024045;0.023326;0.023804;22456232.17
20240128 000000;0.023804;0.02428;0.022859;0.02315;46071298.55
20240129 000000;0.02315;0.023889;0.02274;0.023723;10119064.98
20240130 000000;0.023723;0.023939;0.022944;0.023118;19976991.04
20240131 000000;0.023118;0.023179;0.021539;0.021827;5183305.6
20240201 000000;0.021827;0.022347;0.021149;0.022027;6560830.1
20240202 000000;0.022027;0.022463;0.021879;0.022264;8811776.78
20240203 000000;0.022264;0.022467;0.021813;0.021919;4195661.6
20240204 000000;0.021919;0.0232;0.021523;0.021698;36199734.18
20240205 000000;0.021698;0.022216;0.021204;0.021872;6546404.26
20240206 000000;0.021872;0.022462;0.021585;0.021636;5393958.9
20240207 000000;0.021636;0.022702;0.021591;0.022588;16380036.62
20240208 000000;0.022588;0.022772;0.022249;0.0226;5548703.36
20240209 000000;0.0226;0.0238;0.0226;0.023416;10542509.54
20240210 000000;0.023416;0.023733;0.022942;0.02324;4406216.57
20240211 000000;0.02324;0.024447;0.023151;0.023457;7171287.93
20240212 000000;0.023457;0.024299;0.022788;0.02423;5001766.35
20240213 000000;0.02423;0.025648;0.023381;0.024477;15420430.74
20240214 000000;0.024477;0.0264;0.024071;0.025808;9785663.12
20240215 000000;0.025808;0.027572;0.025291;0.026384;10718486.65
20240216 000000;0.026384;0.027046;0.0253;0.026218;8606203.08
20240217 000000;0.026218;0.026378;0.024815;0.025656;4595693.65
20240218 000000;0.025656;0.028281;0.025488;0.027649;8095142.11
20240219 000000;0.027649;0.029559;0.027098;0.027886;10424169.94
20240220 000000;0.027886;0.02815;0.0249;0.026435;9058626.06
20240221 000000;0.026435;0.026544;0.024564;0.025682;6883636.71
20240222 000000;0.025682;0.0295;0.025263;0.027157;25083281.52
20240223 000000;0.027157;0.028495;0.025814;0.026135;21365238.17
20240224 000000;0.026135;0.0279;0.025476;0.027523;24184288.33
20240225 000000;0.027523;0.028993;0.026693;0.028171;15036026.15
20240226 000000;0.028171;0.03245;0.027558;0.030347;22122488.1
20240227 000000;0.030347;0.038403;0.02956;0.035562;91462372.59
20240228 000000;0.035562;0.0382;0.0285;0.033374;78716993.22
20240229 000000;0.033374;0.0368;0.030763;0.031608;37162002.78
20240301 000000;0.031608;0.041406;0.031608;0.038134;61233121.55
20240302 000000;0.038134;0.048548;0.037738;0.043017;80804102.45
20240303 000000;0.043017;0.055389;0.035;0.053152;89459893.24
20240304 000000;0.053152;0.0573;0.047259;0.049933;101615055.52
20240305 000000;0.049933;0.056289;0.031054;0.03868;78527551.77
20240306 000000;0.03868;0.045407;0.036605;0.042299;58003706.27
20240307 000000;0.042299;0.042537;0.03841;0.040001;42844853.77
20240308 000000;0.040001;0.04746;0.038775;0.046191;90810628.49
20240309 000000;0.046191;0.048564;0.0431;0.045659;59891557.87
20240310 000000;0.045659;0.053243;0.0417;0.048215;66249346.49
20240311 000000;0.048215;0.053201;0.0451;0.047856;90978135.61
20240312 000000;0.047856;0.048406;0.0425;0.045555;81458394.03
20240313 000000;0.045555;0.049939;0.04345;0.047881;98112010.13
20240314 000000;0.047881;0.053844;0.0461;0.049215;132797762.92
20240315 000000;0.049215;0.049844;0.0411;0.04535;34591459.62
20240316 000000;0.04535;0.0461;0.036939;0.038254;30223766
20240317 000000;0.038254;0.041776;0.0365;0.041039;31171693.76
20240318 000000;0.041039;0.041184;0.036145;0.036668;18245609.46
20240319 000000;0.036668;0.03715;0.031684;0.033281;17977593.53
20240320 000000;0.033281;0.03815;0.03164;0.037751;16001599.26
20240321 000000;0.037751;0.038106;0.035637;0.036499;12603121.68
20240322 000000;0.036499;0.038438;0.033942;0.035142;13671026.35
20240323 000000;0.035142;0.038244;0.034928;0.036619;11156620.59
20240324 000000;0.036619;0.0395;0.036296;0.038453;11465902.13
20240325 000000;0.038453;0.040898;0.037432;0.03975;15643691.21
20240326 000000;0.03975;0.040964;0.037858;0.038827;10031755.39
20240327 000000;0.038827;0.04;0.036503;0.036981;14814126.84
20240328 000000;0.036981;0.038961;0.035937;0.038441;13298064.67
20240329 000000;0.038441;0.039144;0.035971;0.036923;7294019.97
20240330 000000;0.036923;0.039366;0.036728;0.037628;8199215.34
20240331 000000;0.037628;0.0408;0.037358;0.03954;16774548.46
20240401 000000;0.03954;0.043632;0.036973;0.043435;29739546.26
20240402 000000;0.043435;0.044611;0.038958;0.039068;43340533.25
20240403 000000;0.039068;0.039085;0.03447;0.0349;23023035.07
20240404 000000;0.0349;0.036662;0.034222;0.035207;13269039.23
20240405 000000;0.035207;0.035278;0.033086;0.034671;4887758.32
20240406 000000;0.034671;0.036368;0.034485;0.035908;5115109.08
20240407 000000;0.035908;0.036888;0.035754;0.036571;6978614.08
20240408 000000;0.036571;0.03921;0.035583;0.038746;12010871.4
20240409 000000;0.038746;0.039428;0.036099;0.036318;11587955
20240410 000000;0.036318;0.043554;0.035707;0.042978;16553695.79
20240411 000000;0.042978;0.043332;0.03854;0.038819;10597968.88
20240412 000000;0.038819;0.041677;0.029835;0.032707;22146848.61
20240413 000000;0.032707;0.032771;0.021279;0.025028;31404641.65
20240414 000000;0.025028;0.028569;0.023919;0.02787;15509103.95
20240415 000000;0.02787;0.028704;0.024939;0.025912;16218916.92
20240416 000000;0.025912;0.02696;0.0245;0.02647;11513355.18
20240417 000000;0.02647;0.026965;0.025;0.025264;6171862.09
20240418 000000;0.025264;0.02639;0.024106;0.025867;6067277.18
20240419 000000;0.025867;0.026837;0.0235;0.025981;12671148.01
20240420 000000;0.025981;0.029187;0.025566;0.029027;7665157.39
20240421 000000;0.029027;0.02988;0.027947;0.028686;6582476.96
20240422 000000;0.028686;0.029683;0.028445;0.02927;6543103.53
20240423 000000;0.02927;0.031244;0.028731;0.030337;10136641.64
20240424 000000;0.030337;0.03248;0.028373;0.028807;9408007.9
20240425 000000;0.028807;0.030665;0.02779;0.029336;5316838.25
20240426 000000;0.029336;0.029581;0.028115;0.02841;5013160.9
20240427 000000;0.02841;0.02856;0.02621;0.02777;7322344.38
20240428 000000;0.02777;0.028436;0.026521;0.026691;5376737.59
20240429 000000;0.02669;0.02693;0.0252;0.02621;7281581.48
20240430 000000;0.02621;0.02664;0.023;0.02402;7593411.81
20240501 000000;0.02402;0.02498;0.02227;0.02444;9306506.19
20240502 000000;0.02444;0.02482;0.0235;0.02414;9331387.42
20240503 000000;0.02414;0.02591;0.02371;0.02564;11348778.63
20240504 000000;0.02564;0.02719;0.02546;0.02629;10391782.52
20240505 000000;0.02629;0.02691;0.02554;0.02617;3967245.65
20240506 000000;0.02617;0.02745;0.02516;0.02525;6558550.94
20240507 000000;0.02525;0.02579;0.02426;0.02427;4141418.67
20240508 000000;0.02427;0.026;0.02385;0.0244;5114499.18
20240509 000000;0.0244;0.02592;0.02424;0.02555;4225056.43
20240510 000000;0.02555;0.02594;0.02382;0.02411;5353194.53
20240511 000000;0.02411;0.02497;0.02399;0.02406;2152857.14
20240512 000000;0.02406;0.02454;0.0237;0.02388;2957709.97
20240513 000000;0.02388;0.02576;0.02248;0.02451;7864704.04
20240514 000000;0.02451;0.02579;0.02334;0.02346;8518689.11
20240515 000000;0.02346;0.02595;0.02345;0.02562;7430062.74
20240516 000000;0.02562;0.02693;0.02424;0.02526;6906360.75
20240517 000000;0.02526;0.02634;0.02493;0.02601;6308186.06
20240518 000000;0.02601;0.02636;0.02478;0.02564;6341165.22
20240519 000000;0.02564;0.02628;0.02381;0.0241;3578042.11
20240520 000000;0.0241;0.02718;0.02351;0.02713;9012523.66
20240521 000000;0.02713;0.02819;0.02635;0.02807;9102571.07
20240522 000000;0.02807;0.02877;0.027;0.02761;7328389.7
20240523 000000;0.02761;0.0283;0.025;0.02675;7602673.28
20240524 000000;0.02675;0.02746;0.02556;0.02641;4477728.05
20240525 000000;0.02641;0.0288;0.02626;0.02787;9449906.68
20240526 000000;0.02787;0.02842;0.02664;0.02676;5325829.95
20240527 000000;0.02676;0.02979;0.02672;0.02952;20323062.55
20240528 000000;0.02952;0.03191;0.0285;0.03164;25657158.98
20240529 000000;0.03164;0.03356;0.02964;0.0297;21765439.24
20240530 000000;0.0297;0.0309;0.0281;0.0292;12392963.22
20240531 000000;0.0292;0.0305;0.02848;0.03001;7723501.98
20240601 000000;0.03001;0.0305;0.02932;0.0294;10442748.4
20240602 000000;0.0294;0.03027;0.02813;0.02874;12355798.03
20240603 000000;0.02874;0.03066;0.02839;0.02917;12210042.08
20240604 000000;0.02917;0.02963;0.0285;0.02924;6581522.49
20240605 000000;0.02924;0.03081;0.0292;0.02977;9539183.21
20240606 000000;0.02977;0.0304;0.02845;0.02878;8232687.06
20240607 000000;0.02878;0.0292;0.0228;0.02526;22519485.45
20240608 000000;0.02526;0.02599;0.02426;0.02453;5915420.99
20240609 000000;0.02453;0.02516;0.0242;0.02493;2906301.87
20240610 000000;0.02493;0.02501;0.02365;0.02394;4536350.01
20240611 000000;0.02394;0.02411;0.0219;0.02257;6643699.77
20240612 000000;0.02257;0.02386;0.02178;0.02299;8298125.86
20240613 000000;0.02299;0.02299;0.0204;0.02111;17932356.11
20240614 000000;0.02111;0.02215;0.01988;0.02085;5958806.91
20240615 000000;0.02085;0.02174;0.02083;0.02113;8056779.63
20240616 000000;0.02113;0.02167;0.0207;0.02143;19594855.25
20240617 000000;0.02143;0.02156;0.019;0.01964;4546021.43
20240618 000000;0.01964;0.01974;0.0165;0.01773;7252115.51
20240619 000000;0.01773;0.01877;0.0174;0.01842;7143742.61
20240620 000000;0.01842;0.02016;0.01822;0.01981;6715780.63
20240621 000000;0.01981;0.0204;0.01869;0.01872;4370343.48
20240622 000000;0.01872;0.01947;0.01835;0.01909;3501853.22
20240623 000000;0.01909;0.02023;0.01867;0.01877;3492498.98
20240624 000000;0.01877;0.02002;0.01755;0.01997;4572413.07
20240625 000000;0.01997;0.02056;0.01955;0.02003;4324728.16
20240626 000000;0.02003;0.02085;0.01876;0.01906;2800619.83
20240627 000000;0.01906;0.02055;0.01862;0.0202;3915301.03
20240628 000000;0.0202;0.02035;0.01928;0.01937;2158271.73
20240629 000000;0.01937;0.01979;0.01833;0.01835;3003708.06
20240630 000000;0.01835;0.01878;0.01787;0.01858;4563685.19
20240701 000000;0.01858;0.01923;0.01792;0.01822;4223700.19
20240702 000000;0.01822;0.01854;0.01723;0.0177;4435309.32
20240703 000000;0.0177;0.01797;0.01645;0.01667;6497750.93
20240704 000000;0.01667;0.0168;0.01413;0.01422;5861429.19
20240705 000000;0.01422;0.01424;0.0121;0.01278;13521274.94
20240706 000000;0.01278;0.01431;0.01267;0.01414;5142519.67
20240707 000000;0.01414;0.01422;0.01332;0.01353;6394637.82
20240708 000000;0.01353;0.01491;0.01298;0.01422;6010317.85
20240709 000000;0.01422;0.01466;0.0141;0.01449;7301283.9
20240710 000000;0.01449;0.01496;0.01429;0.01463;6060287.96
20240711 000000;0.01463;0.015;0.01386;0.01392;7249090.35
20240712 000000;0.01392;0.01461;0.01356;0.0146;3592604.3
20240713 000000;0.0146;0.01479;0.01424;0.01455;6587640.69
20240714 000000;0.01455;0.01521;0.01454;0.01507;6285857.74
20240715 000000;0.01507;0.01712;0.01498;0.01696;9685540.52
20240716 000000;0.01696;0.01744;0.01575;0.01696;8706500.49
20240717 000000;0.01696;0.01737;0.0163;0.01656;4058430.91
20240718 000000;0.01656;0.01708;0.0156;0.01589;4016550.34
20240719 000000;0.01589;0.01698;0.0155;0.01678;4556565.54
20240720 000000;0.01678;0.0175;0.01644;0.01693;7775900.05
20240721 000000;0.01693;0.01719;0.01583;0.01714;5364705.09
20240722 000000;0.01714;0.01828;0.01628;0.0172;6359998.07
20240723 000000;0.0172;0.01763;0.01564;0.01598;6114961.93
20240724 000000;0.01598;0.01635;0.0151;0.01527;4652756.15
20240725 000000;0.01527;0.01538;0.01408;0.01482;5052793.31
20240726 000000;0.01482;0.01556;0.01477;0.01547;5810845.11
20240727 000000;0.01547;0.01614;0.01513;0.01556;7072287.82
20240728 000000;0.01556;0.01556;0.01474;0.01487;3247340.69
20240729 000000;0.01487;0.01592;0.01482;0.01486;4044931.97
20240730 000000;0.01486;0.0152;0.01391;0.01419;4257091.49
20240731 000000;0.01419;0.01455;0.01377;0.01387;4220428.79
20240801 000000;0.01387;0.01405;0.01236;0.01331;7094506.78
20240802 000000;0.01331;0.0135;0.01215;0.01227;4729405
20240803 000000;0.01227;0.01235;0.01066;0.01076;15714395.16
20240804 000000;0.01076;0.01104;0.00999;0.01021;15918746.45
20240805 000000;0.01021;0.01041;0.00803;0.00917;19512003.77
20240806 000000;0.00917;0.0106;0.00917;0.01031;14565222.52
20240807 000000;0.01031;0.01096;0.01018;0.01049;11558894.15
20240808 000000;0.01049;0.01144;0.01018;0.01137;18148494.72
20240809 000000;0.01137;0.01144;0.01043;0.0108;11004252.34
20240810 000000;0.0108;0.01112;0.01062;0.01102;5201697.04
20240811 000000;0.01102;0.01155;0.01009;0.01012;6423621.92
20240812 000000;0.01012;0.01129;0.01012;0.01118;7625887.85
20240813 000000;0.01118;0.01139;0.01076;0.01127;7277534.3
20240814 000000;0.01127;0.01132;0.01065;0.01082;4204753.47
20240815 000000;0.01082;0.01104;0.01009;0.01022;3564052.55
20240816 000000;0.01022;0.01041;0.00971;0.00992;5691271.9
20240817 000000;0.00992;0.01017;0.00978;0.01016;5710550.47
20240818 000000;0.01016;0.01094;0.01003;0.01034;5261381.7
20240819 000000;0.01034;0.01035;0.00992;0.01034;5519607.66
20240820 000000;0.01034;0.01079;0.01028;0.01063;5499816.23
20240821 000000;0.01063;0.01113;0.01054;0.01098;5982110.21
20240822 000000;0.01098;0.0111;0.01075;0.01104;5328183.01
20240823 000000;0.01104;0.01345;0.01104;0.01302;16423260.55
20240824 000000;0.01302;0.01349;0.01276;0.01308;12913466.24
20240825 000000;0.01308;0.0131;0.01219;0.01235;8419718.14
20240826 000000;0.01235;0.0125;0.01118;0.01122;8437026.04
20240827 000000;0.01122;0.01151;0.01028;0.0105;10250839.94
20240828 000000;0.0105;0.01079;0.00987;0.01011;6142850.64
20240829 000000;0.01011;0.01055;0.00977;0.01002;9366586.06
20240830 000000;0.01002;0.01019;0.00941;0.00998;4367985.72
20240831 000000;0.00998;0.01011;0.00963;0.00974;4988970.15
20240901 000000;0.00974;0.00976;0.00914;0.00921;4524885.55
20240902 000000;0.00921;0.00987;0.00915;0.00978;8356036.19
20240903 000000;0.00978;0.00999;0.00913;0.00914;5502686.05
20240904 000000;0.00914;0.00968;0.00867;0.00933;7930507.41
20240905 000000;0.00933;0.00941;0.00885;0.00892;8135295.37
20240906 000000;0.00892;0.00923;0.00823;0.00862;4016144.26
20240907 000000;0.00862;0.00906;0.00853;0.0088;5774322.05
20240908 000000;0.0088;0.00934;0.00878;0.00927;5144169.16
20240909 000000;0.00927;0.00984;0.00914;0.00967;2684466.49
20240910 000000;0.00967;0.0099;0.00951;0.00969;3974954.12
20240911 000000;0.00969;0.0097;0.00904;0.00935;2472834.27
20240912 000000;0.00935;0.00984;0.00935;0.00979;2042809.97
20240913 000000;0.00979;0.01023;0.00948;0.0101;23889816.38
20240914 000000;0.0101;0.01029;0.00985;0.01006;4367674.15
20240915 000000;0.01006;0.01024;0.0095;0.0096;3598257.41
20240916 000000;0.0096;0.0097;0.00898;0.00911;19769871.28
20240917 000000;0.00911;0.01016;0.00897;0.00994;3576714.05
20240918 000000;0.00994;0.01045;0.00965;0.0104;3388205.05
20240919 000000;0.0104;0.01102;0.01036;0.01061;44616017.75
20240920 000000;0.01061;0.01117;0.0104;0.01066;16332331.1
20240921 000000;0.01066;0.01091;0.01026;0.01087;13525724.07
20240922 000000;0.01087;0.01091;0.01014;0.01048;17238354.25
20240923 000000;0.01048;0.01101;0.01028;0.01097;7441123.77
20240924 000000;0.01097;0.01122;0.01065;0.01108;25031411.79
20240925 000000;0.01108;0.01153;0.01073;0.01081;11397989.8
20240926 000000;0.01081;0.01229;0.01062;0.01203;23246651.21
20240927 000000;0.01203;0.01305;0.01182;0.01265;8341747.16
20240928 000000;0.01265;0.01322;0.0119;0.01231;15670835.76
20240929 000000;0.01231;0.01295;0.01191;0.01255;6400719.85
20240930 000000;0.01255;0.01292;0.01164;0.01179;18524392.99
20241001 000000;0.01179;0.01248;0.0102;0.01027;17205271.29
20241002 000000;0.01027;0.01093;0.00962;0.00972;12043553.07
20241003 000000;0.00972;0.00988;0.00909;0.00943;3057321.02
20241004 000000;0.00943;0.01013;0.00936;0.01;5758378.89
20241005 000000;0.01;0.01026;0.0096;0.00988;8720920.43
20241006 000000;0.00988;0.01033;0.0098;0.01023;4338175.96
20241007 000000;0.01023;0.01077;0.01013;0.01022;7872671.38
20241008 000000;0.01022;0.01046;0.00988;0.01005;4355352.05
20241009 000000;0.01005;0.01028;0.00931;0.00943;11951528.38
20241010 000000;0.00943;0.00968;0.00912;0.00953;9297636.79
20241011 000000;0.00953;0.01026;0.00945;0.01018;13080548.94
20241012 000000;0.01018;0.01213;0.01017;0.01156;29305025.15
20241013 000000;0.01156;0.01169;0.01072;0.01114;8843065.97
20241014 000000;0.01114;0.01543;0.01099;0.01486;82720482.75
20241015 000000;0.01486;0.01605;0.01338;0.014;27447336.76
20241016 000000;0.014;0.01406;0.01246;0.01305;29349847.14
20241017 000000;0.01305;0.01339;0.01218;0.01272;26971627.23
20241018 000000;0.01272;0.01371;0.01268;0.01341;16588391.94
20241019 000000;0.01341;0.01375;0.01298;0.01329;9688295.74
20241020 000000;0.01329;0.0145;0.0129;0.01416;15595755.41
20241021 000000;0.01416;0.0145;0.0131;0.01317;13431401.77
20241022 000000;0.01317;0.01348;0.01238;0.01266;13722302.19
20241023 000000;0.01266;0.01284;0.01185;0.01236;10726423.71
20241024 000000;0.01236;0.01307;0.01231;0.01298;15346195.08
20241025 000000;0.01298;0.01316;0.011;0.01135;17256548.21
20241026 000000;0.01135;0.01359;0.01105;0.01341;17331770.96
20241027 000000;0.01341;0.01397;0.01311;0.01362;20612143.17
20241028 000000;0.01362;0.01398;0.01253;0.01327;28858019.75
20241029 000000;0.01327;0.01371;0.01278;0.01333;30007477.06
20241030 000000;0.01333;0.01433;0.01304;0.01349;18157385.44
20241031 000000;0.01349;0.01355;0.01224;0.01226;13097801.33
20241101 000000;0.01226;0.01299;0.01139;0.01157;15757069.26
20241102 000000;0.01157;0.01179;0.01111;0.01122;12594833.2
20241103 000000;0.01122;0.01133;0.01;0.01063;15577604.82
20241104 000000;0.01063;0.0112;0.01002;0.01037;11891746.04
20241105 000000;0.01037;0.01145;0.01037;0.01101;10578771.83
20241106 000000;0.01101;0.01209;0.011;0.01168;28336429.09
20241107 000000;0.01168;0.01213;0.01105;0.01129;416418097.15
20241108 000000;0.01129;0.01161;0.01045;0.01097;1263866383.52
20241109 000000;0.01097;0.01194;0.01071;0.01177;967856300.15
20241110 000000;0.01177;0.01362;0.01161;0.01266;2937516269.25
20241111 000000;0.01266;0.01389;0.01232;0.01378;1815787259.41
20241112 000000;0.01378;0.01464;0.01225;0.01404;1043261069.99
20241113 000000;0.01404;0.01547;0.01203;0.01413;1379847300.27
20241114 000000;0.01413;0.01565;0.01295;0.01319;1462921212.38
20241115 000000;0.01319;0.01499;0.01253;0.0146;820892067.99
20241116 000000;0.0146;0.01562;0.01381;0.01438;570403619.69
20241117 000000;0.01438;0.01494;0.01336;0.01419;693939601.68
20241118 000000;0.01419;0.01471;0.01375;0.01433;624016733.17
20241119 000000;0.01433;0.01435;0.01312;0.0135;517822910.83
20241120 000000;0.0135;0.01351;0.01222;0.0125;569596059.18
20241121 000000;0.0125;0.01362;0.01204;0.01335;843417185.06
20241122 000000;0.01335;0.01362;0.01255;0.01347;646306941.43
20241123 000000;0.01347;0.01467;0.01333;0.01424;1121321765.16
20241124 000000;0.01424;0.01512;0.01317;0.01454;1322845309.41
20241125 000000;0.01454;0.01529;0.0138;0.01478;1866838650.78
20241126 000000;0.01478;0.01529;0.01273;0.01328;854475849.63
20241127 000000;0.01328;0.01446;0.01289;0.01441;356816995.92
20241128 000000;0.01441;0.01535;0.01428;0.01496;555539171.48
20241129 000000;0.01496;0.01627;0.0145;0.01518;473054604.79
20241130 000000;0.01518;0.01662;0.01492;0.01606;401701467.13
20241201 000000;0.01606;0.01678;0.01547;0.0163;483603702.57
20241202 000000;0.0163;0.01651;0.01445;0.01614;660112670.12
20241203 000000;0.01614;0.01688;0.01465;0.01661;518931809.82
20241204 000000;0.01661;0.01777;0.01637;0.01725;607203560.38
20241205 000000;0.01725;0.01728;0.01536;0.01669;449406842.74
20241206 000000;0.01669;0.01742;0.0161;0.0168;343896271.52
20241207 000000;0.0168;0.01868;0.01657;0.01799;416343855.88
20241208 000000;0.01799;0.01844;0.0172;0.01786;222027782.07
20241209 000000;0.01786;0.01805;0.01181;0.01429;606112530.43
20241210 000000;0.01429;0.01471;0.01224;0.01339;984018967.33
20241211 000000;0.01339;0.01443;0.01281;0.0143;270466475.56
20241212 000000;0.0143;0.01507;0.0141;0.0143;343604916.59
20241213 000000;0.0143;0.01447;0.01365;0.01413;195525443.94
20241214 000000;0.01413;0.01434;0.01295;0.01333;90592312.79
20241215 000000;0.01333;0.0137;0.01285;0.01362;91586460.64
20241216 000000;0.01362;0.01392;0.01283;0.01315;174671160.51
20241217 000000;0.01315;0.01326;0.01242;0.01258;254584942.69
20241218 000000;0.01258;0.0127;0.01073;0.01116;497041881.59
20241219 000000;0.01116;0.01133;0.00989;0.01037;880543078.84
20241220 000000;0.01037;0.01098;0.00892;0.01082;719368282.3
20241221 000000;0.01082;0.01157;0.01005;0.01024;281439530.41
20241222 000000;0.01024;0.01081;0.00996;0.01034;214647791.95
20241223 000000;0.01034;0.01109;0.01005;0.01086;309891714.76
20241224 000000;0.01086;0.011486;0.01051;0.01138;141105677.01
20241225 000000;0.01138;0.0115;0.010955;0.011172;141864800.51
20241226 000000;0.011172;0.011317;0.0104;0.010624;147850930.9
20241227 000000;0.010624;0.011247;0.010522;0.010762;157574578.94
20241228 000000;0.010762;0.011345;0.01056;0.011236;87589423.8
20241229 000000;0.011236;0.01129;0.010524;0.010666;69246682.47
20241230 000000;0.010666;0.011249;0.010453;0.010738;131325617.8
20241231 000000;0.010738;0.010987;0.010233;0.010675;93434598.34
