20260101 000000;0.0009885;0.0010909;0.0009795;0.0010717;473422410.58
20260102 000000;0.0010717;0.0012477;0.00106;0.0011554;1438549682.16
20260103 000000;0.0011554;0.001176;0.0011063;0.0011388;513541367.87
20260104 000000;0.0011388;0.0013385;0.0011386;0.00125;1096279115.46
20260105 000000;0.00125;0.0012698;0.0011914;0.0012335;607900214.05
20260106 000000;0.0012335;0.0012921;0.0011918;0.0012464;501063628.67
20260107 000000;0.0012464;0.0012553;0.0011813;0.0011949;316981807.14
20260108 000000;0.0011949;0.0012077;0.0011348;0.0011631;344130417.89
20260109 000000;0.0011631;0.0011979;0.0011456;0.0011686;468789702.32
20260110 000000;0.0011686;0.0011743;0.0011424;0.0011489;213561574.65
20260111 000000;0.0011489;0.0011674;0.0011136;0.0011314;304648924.33
20260112 000000;0.0011314;0.0011591;0.0010931;0.0011074;480886549.86
20260113 000000;0.0011074;0.001241;0.0011047;0.0012204;496090823.04
20260114 000000;0.0012204;0.0012396;0.0011699;0.0011754;541799408.66
20260115 000000;0.0011754;0.0011833;0.0010864;0.0011156;437968295.15
20260116 000000;0.0011156;0.0011649;0.001093;0.0011554;354589638.68
20260117 000000;0.0011554;0.001162;0.0011218;0.0011277;265820645.17
20260118 000000;0.0011277;0.0011476;0.0010675;0.0010695;318449973.24
20260119 000000;0.0010695;0.0010696;0.0009477;0.0010611;665165358.35
20260120 000000;0.0010611;0.0014552;0.0010552;0.0011313;5354131434.34
20260121 000000;0.0011313;0.0012476;0.0011042;0.0011483;1275157719.04
20260122 000000;0.0011483;0.00121;0.0010746;0.0010769;535791270.51
20260123 000000;0.0010769;0.0011018;0.0010494;0.0010631;442109430.56
20260124 000000;0.0010631;0.0010883;0.0010535;0.0010669;258696455.42
20260125 000000;0.0010669;0.0010694;0.0009683;0.0009943;365943456.9
20260126 000000;0.0009943;0.0010955;0.0009921;0.0010489;348967968.04
20260127 000000;0.0010489;0.0010696;0.0010233;0.0010628;228468038.65
20260128 000000;0.0010628;0.0010665;0.0010312;0.0010366;199256388.34
20260129 000000;0.0010366;0.0010414;0.0009432;0.0009765;354480815.77
20260130 000000;0.0009765;0.0009859;0.0009238;0.0009314;663618514.31
20260131 000000;0.0009314;0.0009373;0.0007591;0.0008426;730322419.45
20260201 000000;0.0008426;0.0008532;0.0007888;0.0008155;293020876.8
20260202 000000;0.0008155;0.0008594;0.0007915;0.0008326;264872563.43
20260203 000000;0.0008326;0.0008607;0.0007908;0.0008184;294134517.63
20260204 000000;0.0008184;0.0008353;0.0007871;0.000807;265978173.43
20260205 000000;0.000807;0.0008164;0.0006708;0.0006815;663544739.43
20260206 000000;0.0006815;0.0007709;0.000603;0.0007564;552693218.62
20260207 000000;0.0007564;0.0007621;0.0007167;0.0007427;341903096.56
20260208 000000;0.0007427;0.0007444;0.0007054;0.0007121;253967789.78
20260209 000000;0.0007121;0.0007352;0.0006893;0.0007156;350374204.28
20260210 000000;0.0007156;0.0007193;0.000682;0.0006884;328122399.93
20260211 000000;0.0006884;0.0006915;0.0006452;0.0006757;632814018.24
20260212 000000;0.0006757;0.0006989;0.0006715;0.0006937;443335319.32
20260213 000000;0.0006937;0.0007188;0.0006731;0.0007068;330870424.43
20260214 000000;0.0007068;0.0007959;0.0006984;0.0007774;621941540.02
20260215 000000;0.0007774;0.0007822;0.0006988;0.0007177;384106307.49
20260216 000000;0.0007177;0.0007389;0.0007026;0.0007293;451737056.43
20260217 000000;0.0007293;0.0007373;0.0007106;0.0007134;370553930.89
20260218 000000;0.0007134;0.0007217;0.0006765;0.0006835;334536786.48
20260219 000000;0.0006835;0.0006899;0.0006551;0.0006751;269988839.78
20260220 000000;0.0006751;0.0006924;0.0006616;0.0006894;306210573.98
20260221 000000;0.0006894;0.0007048;0.0006815;0.0006819;317821289.52
20260222 000000;0.0006819;0.0006819;0.0006554;0.0006637;287492851.51
20260223 000000;0.0006637;0.0006797;0.0006219;0.0006437;531436070.73
20260224 000000;0.0006437;0.0006548;0.0006289;0.0006387;426884600.45
20260225 000000;0.0006387;0.0006846;0.0006347;0.0006502;891876577.21
20260226 000000;0.0006502;0.0006579;0.0006081;0.0006262;539652289.3
20260227 000000;0.0006262;0.0006428;0.0006026;0.0006143;360602398.94
20260228 000000;0.0006143;0.0006189;0.0005527;0.0006016;503323319.35
20260301 000000;0.0006016;0.00063;0.0005663;0.0005731;560665392.31
20260302 000000;0.0005731;0.0006078;0.0005664;0.0005847;424530434.13
20260303 000000;0.0005847;0.0006577;0.0005655;0.0006546;1022854868.94
20260304 000000;0.0006546;0.0007476;0.0006227;0.0006315;1897829423
20260305 000000;0.0006315;0.0006476;0.000609;0.0006163;475189472.49
20260306 000000;0.0006163;0.0006229;0.0005907;0.0005975;276853915
20260307 000000;0.0005975;0.0005978;0.0005524;0.0005535;347169366.16
20260308 000000;0.0005535;0.000567;0.0005367;0.0005591;415828101.92
20260309 000000;0.0005591;0.0005965;0.0005569;0.0005712;518655745.44
20260310 000000;0.0005712;0.0006026;0.0005695;0.0005765;465020911.68
20260311 000000;0.0005765;0.0005942;0.0005677;0.0005864;357121057.26
20260312 000000;0.0005864;0.0006809;0.0005652;0.0006091;1501709403.61
20260313 000000;0.0006091;0.0006214;0.0005883;0.0005923;682650867.67
20260314 000000;0.0005923;0.0006017;0.0005828;0.0005934;297124894.8
20260315 000000;0.0005934;0.0005957;0.0005837;0.0005913;359380200.64
20260316 000000;0.0005913;0.0006348;0.0005881;0.0006258;640863771.89
20260317 000000;0.0006258;0.0006338;0.0006064;0.0006068;403299885.51
20260318 000000;0.0006068;0.0006228;0.0005713;0.0005818;518112384.27
20260319 000000;0.0005818;0.0005832;0.000556;0.0005618;358947145.78
20260320 000000;0.0005618;0.0005858;0.0005618;0.0005687;370811096.55
20260321 000000;0.0005687;0.00062;0.0005607;0.0005652;867135302.28
20260322 000000;0.0005652;0.0005756;0.0005345;0.0005417;440018299.97
20260323 000000;0.0005417;0.0005839;0.0005413;0.0005791;515237690.85
20260324 000000;0.0005791;0.0005898;0.0005699;0.0005788;373082750.8
20260325 000000;0.0005788;0.0006018;0.000572;0.0005915;426008828.54
20260326 000000;0.0005915;0.0006461;0.0005507;0.0005687;1563076064.37
20260327 000000;0.0005687;0.0005739;0.0005281;0.0005293;392933919.71
20260328 000000;0.0005293;0.0005317;0.0005002;0.0005133;374284449.56
20260329 000000;0.0005133;0.0005168;0.0004843;0.0004964;335476283.37
20260330 000000;0.0004964;0.0005236;0.0004957;0.0005075;242447784.89
20260331 000000;0.0005075;0.0005309;0.0005068;0.0005201;353951859.83
20260401 000000;0.0005201;0.000536;0.0005173;0.0005226;281339414.01
20260402 000000;0.0005226;0.0005276;0.0005;0.0005097;283504290.72
20260403 000000;0.0005097;0.0005182;0.0005035;0.0005115;278761557.69
20260404 000000;0.0005115;0.000513;0.0004961;0.0005052;228251911.27
20260405 000000;0.0005052;0.0005055;0.0004847;0.0005022;246908864.65
20260406 000000;0.0005022;0.0005194;0.0004968;0.0005006;357939237.66
20260407 000000;0.0005006;0.0005303;0.0004887;0.0005291;334202805.28
20260408 000000;0.0005291;0.0005357;0.0005052;0.0005062;373910368.65
20260409 000000;0.0005062;0.0005242;0.0004997;0.0005135;264988987.95
20260410 000000;0.0005135;0.0005288;0.0005102;0.0005213;297042552.05
20260411 000000;0.0005213;0.0005294;0.0005099;0.0005214;245196563.13
20260412 000000;0.0005214;0.0005214;0.00049;0.0004907;333934995.78
20260413 000000;0.0004907;0.0005369;0.0004878;0.0005357;475401964.8
20260414 000000;0.0005357;0.0005373;0.0005076;0.0005124;252664408.56
20260415 000000;0.0005124;0.0005502;0.0005092;0.0005462;110355233.26
20260416 000000;0.0005462;0.0007111;0.0005425;0.0006242;213970460.89
20260417 000000;0.0006242;0.0006322;0.000568;0.0005819;180291564.95
20260418 000000;0.0005819;0.0005987;0.0005424;0.0005424;112349630.12
20260419 000000;0.0005424;0.0006113;0.0005334;0.0005572;160571250.38
20260420 000000;0.0005572;0.0006395;0.000554;0.000578;183851029.38
20260421 000000;0.000578;0.0005961;0.0005625;0.0005743;116555813.99
20260422 000000;0.0005743;0.0005941;0.0005662;0.0005669;110455294.66
20260423 000000;0.0005669;0.0005719;0.0005531;0.0005692;111969311.01
20260424 000000;0.0005692;0.0005953;0.000563;0.0005762;111239195.54
20260425 000000;0.0005762;0.0005836;0.0005603;0.0005699;112528560.93
20260426 000000;0.0005699;0.0005896;0.000566;0.0005741;98738209.39
20260427 000000;0.0005741;0.0005894;0.0005531;0.0005675;138963096.95
20260428 000000;0.0005675;0.0005761;0.0005583;0.0005712;115062913.92
20260429 000000;0.0005712;0.0006003;0.0005534;0.0005677;107471784.58
20260430 000000;0.0005677;0.0005756;0.0005579;0.0005619;110821248.55
20260501 000000;0.0005619;0.0005773;0.0005587;0.0005596;115298898.19
20260502 000000;0.0005596;0.0005866;0.0005569;0.000572;113220827.63
20260503 000000;0.000572;0.0005738;0.0005566;0.0005632;113650952.1
20260504 000000;0.0005632;0.0005862;0.0005583;0.0005793;138571570.1
20260505 000000;0.0005793;0.0006369;0.0005784;0.0005965;160697444.72
20260506 000000;0.0005965;0.0006233;0.0005925;0.0006115;97866747.82
20260507 000000;0.0006115;0.0006219;0.0005936;0.0006126;128834575.51
20260508 000000;0.0006126;0.0006457;0.0006035;0.0006386;120447125.28
20260509 000000;0.0006386;0.0006458;0.0006163;0.0006215;95808280.05
20260510 000000;0.0006215;0.000647;0.0006133;0.0006316;107465356.96
20260511 000000;0.0006316;0.0006348;0.0006084;0.0006175;106995693.24
20260512 000000;0.0006175;0.0006187;0.0005864;0.0005996;111919187.55
20260513 000000;0.0005996;0.0006411;0.000582;0.000585;116018005.45
20260514 000000;0.000585;0.0006131;0.0005712;0.0005934;122374671.89
20260515 000000;0.0005934;0.0005989;0.0005477;0.0005587;144530221.49
20260516 000000;0.0005587;0.0005673;0.0005257;0.0005339;140357443.68
20260517 000000;0.0005339;0.0005387;0.0004963;0.0005084;134535311.53
20260518 000000;0.0005084;0.0005229;0.0004995;0.0005188;135946706.06
20260519 000000;0.0005188;0.0005206;0.0005032;0.0005096;108179324.98
20260520 000000;0.0005096;0.0005229;0.0005072;0.0005186;121415953.03
20260521 000000;0.0005186;0.000532;0.0005149;0.000528;103935713.17
20260522 000000;0.000528;0.0005317;0.0004974;0.0004994;124916964.59
20260523 000000;0.0004994;0.0005321;0.0004858;0.0005206;123435192.74
20260524 000000;0.0005206;0.0005213;0.0004927;0.0005033;106984552.57
20260525 000000;0.0005033;0.0005238;0.0005004;0.0005109;111840553.85
20260526 000000;0.0005109;0.0005195;0.0004961;0.0005003;107652412.04
20260527 000000;0.0005003;0.0005128;0.0004908;0.000496;133015830.36
20260528 000000;0.000496;0.0004996;0.0004629;0.0004796;154659139.64
20260529 000000;0.0004796;0.0005143;0.0004752;0.0005013;175976898.47
20260530 000000;0.0005013;0.0005952;0.0004973;0.0005187;283144577.93
20260531 000000;0.0005187;0.0006178;0.0005187;0.0006088;478807149.55
20260601 000000;0.0006088;0.0006338;0.0005391;0.0005584;244312535.51
20260602 000000;0.0005584;0.0005609;0.000482;0.0004948;152621432.3
20260603 000000;0.0004948;0.0006071;0.0004914;0.0005698;217918067.12
20260604 000000;0.0005698;0.0006538;0.000529;0.0006367;339952256.64
20260605 000000;0.0006367;0.0006907;0.0005547;0.0005771;321874557.69
20260606 000000;0.0005771;0.0005958;0.0005337;0.0005526;137145403.99
20260607 000000;0.0005526;0.0006643;0.0005514;0.0005902;242251843.01
20260608 000000;0.0005902;0.0006006;0.000516;0.000518;237661023.85
20260609 000000;0.000518;0.0006057;0.0005023;0.0005725;263807695.81
20260610 000000;0.0005725;0.0005935;0.0005228;0.0005347;184259719.88
20260611 000000;0.0005347;0.0005988;0.0005337;0.0005897;150678249.26
20260612 000000;0.0005897;0.0005944;0.0005632;0.0005706;309759281.85
20260613 000000;0.0005706;0.00058;0.0005527;0.0005605;255765180.08
20260614 000000;0.0005605;0.0006794;0.0005545;0.0006326;271354066.26
20260615 000000;0.0006326;0.0006463;0.0005956;0.0006099;148629456.47
20260616 000000;0.0006099;0.0006785;0.0006061;0.0006294;124774188.25
20260617 000000;0.0006294;0.0006523;0.0005853;0.0005928;129628482.42
20260618 000000;0.0005928;0.0006055;0.0005433;0.0005474;170612272.25
20260619 000000;0.0005474;0.0005607;0.0005343;0.0005528;140919994.04
20260620 000000;0.0005528;0.0005779;0.0005353;0.0005488;88175069.72
