20231103 000000;0.005;0.1;0.005;0.02624;278004075.02
20231104 000000;0.02624;0.02653;0.02272;0.02511;83089044.89
20231105 000000;0.02511;0.02511;0.01885;0.01985;71525046.59
20231106 000000;0.01985;0.02137;0.01916;0.02107;37642226.09
20231107 000000;0.02107;0.02107;0.01632;0.01775;53281457.93
20231108 000000;0.01775;0.01902;0.01747;0.01813;31350167.1
20231109 000000;0.01813;0.02233;0.0158;0.019432;117076197
20231110 000000;0.019432;0.021668;0.018684;0.021003;71236042.71
20231111 000000;0.021003;0.024967;0.020025;0.02222;93933175.18
20231112 000000;0.02222;0.02245;0.0203;0.02169;36675450.18
20231113 000000;0.02169;0.036775;0.0213;0.033981;213531023.57
20231114 000000;0.033981;0.03834;0.029057;0.03621;127339385.52
20231115 000000;0.03621;0.0425;0.033138;0.033827;82565850.67
20231116 000000;0.033827;0.036092;0.030068;0.031008;62713926.35
20231117 000000;0.031008;0.034435;0.02685;0.029253;39554574.45
20231118 000000;0.029253;0.029253;0.0252;0.026812;27603019.86
20231119 000000;0.026812;0.0315;0.025087;0.030891;87540645.96
20231120 000000;0.030891;0.031039;0.027389;0.027863;38369441.08
20231121 000000;0.027863;0.028261;0.0236;0.023801;48361015.57
20231122 000000;0.023801;0.027;0.023754;0.026339;39063598
20231123 000000;0.026339;0.02856;0.025866;0.026966;25830571.65
20231124 000000;0.026966;0.02869;0.026062;0.027131;39857103.51
20231125 000000;0.027131;0.032873;0.0268;0.03206;64533921.96
20231126 000000;0.03206;0.033;0.02812;0.029181;37274516.62
20231127 000000;0.029181;0.030284;0.025647;0.027174;31860064.47
20231128 000000;0.027174;0.02848;0.02604;0.028179;27968491.07
20231129 000000;0.028179;0.028823;0.026357;0.026773;20270697.23
20231130 000000;0.026773;0.027457;0.0261;0.027126;10616001.19
20231201 000000;0.027126;0.028746;0.026889;0.027712;12163822.05
20231202 000000;0.027712;0.032756;0.027653;0.031461;43322271.1
20231203 000000;0.031461;0.03435;0.029528;0.030274;38983933.85
20231204 000000;0.030274;0.033982;0.027;0.032871;41822187.07
20231205 000000;0.032871;0.046565;0.032278;0.043116;110281315.62
20231206 000000;0.043116;0.0473;0.035027;0.040081;107835076
20231207 000000;0.040081;0.0439;0.036551;0.039282;54213924.56
20231208 000000;0.039282;0.0421;0.037916;0.039331;30435777.16
20231209 000000;0.039331;0.041775;0.038345;0.038805;34193401.29
20231210 000000;0.038805;0.04046;0.036267;0.03857;21349548.5
20231211 000000;0.03857;0.03894;0.0301;0.034656;34993283.02
20231212 000000;0.034656;0.0365;0.0331;0.034174;20270926.43
20231213 000000;0.034174;0.034731;0.031059;0.034144;25556432.08
20231214 000000;0.034144;0.035809;0.0303;0.034948;16989816.89
20231215 000000;0.034948;0.036802;0.030771;0.030964;20113531.34
20231216 000000;0.030964;0.033056;0.030605;0.032618;13035782.68
20231217 000000;0.032618;0.033307;0.030632;0.030836;9062189.61
20231218 000000;0.030836;0.03131;0.026219;0.029172;16355430.34
20231219 000000;0.029172;0.031293;0.028904;0.030847;24911189.41
20231220 000000;0.030847;0.031925;0.029489;0.030414;12924781
20231221 000000;0.030414;0.031752;0.029766;0.031024;9957280.44
20231222 000000;0.031024;0.034322;0.029784;0.033216;25452770.92
20231223 000000;0.033216;0.033216;0.0308;0.03149;17411537.33
20231224 000000;0.03149;0.032169;0.0285;0.029455;17457199.5
20231225 000000;0.029455;0.031498;0.029274;0.030903;8810409.98
20231226 000000;0.030903;0.031494;0.026219;0.029396;7029694.75
20231227 000000;0.029396;0.02957;0.0281;0.029281;5795725.55
20231228 000000;0.029281;0.029884;0.026936;0.027765;4996913.18
20231229 000000;0.027765;0.028793;0.026764;0.02797;5915357.74
20231230 000000;0.02797;0.028443;0.027017;0.027844;7031661.76
20231231 000000;0.027844;0.029178;0.026666;0.027285;5927370.4
