20230622 000000;0.0000000007053;0.0000000007202;0.0000000006691;0.0000000006857;63328112067643
20230623 000000;0.0000000006857;0.0000000007072;0.000000000679;0.0000000007034;63178139369837
20230624 000000;0.0000000007034;0.00000000072;0.0000000006827;0.0000000006845;62111515365046
20230625 000000;0.0000000006845;0.0000000009395;0.0000000006788;0.0000000007496;70367038079946
20230626 000000;0.0000000007496;0.0000000007902;0.0000000007178;0.0000000007191;58807275752198
20230627 000000;0.0000000007191;0.0000000007545;0.0000000007178;0.0000000007436;58826143149086
20230628 000000;0.0000000007436;0.0000000007476;0.0000000005942;0.0000000006034;63521237260716
20230629 000000;0.0000000006034;0.0000000006328;0.0000000005997;0.0000000006153;70395292919909
20230630 000000;0.0000000006153;0.0000000006264;0.0000000005803;0.0000000006128;68221021763854
20230701 000000;0.0000000006128;0.0000000007411;0.0000000006128;0.0000000006665;66634482726383
20230702 000000;0.0000000006665;0.0000000007715;0.0000000006023;0.0000000006693;66794761811645
20230703 000000;0.0000000006693;0.0000000006774;0.0000000006237;0.0000000006496;65841171091768
20230704 000000;0.0000000006496;0.0000000007391;0.0000000006304;0.0000000006969;63773733097062
20230705 000000;0.0000000006969;0.0000000007131;0.0000000005898;0.0000000006221;67213539208273
20230706 000000;0.0000000006221;0.0000000006462;0.0000000005397;0.0000000005457;69417836234554
20230707 000000;0.0000000005457;0.0000000005527;0.0000000004929;0.0000000005187;81293736735510
20230708 000000;0.0000000005187;0.0000000005767;0.0000000005141;0.0000000005371;78108164158856
20230709 000000;0.0000000005371;0.0000000005906;0.0000000005313;0.0000000005469;78024100206729
20230710 000000;0.0000000005469;0.0000000006372;0.0000000005462;0.0000000006093;75305004286168
20230711 000000;0.0000000006093;0.0000000006894;0.000000000606;0.0000000006505;68725107241387
20230712 000000;0.0000000006505;0.0000000006505;0.0000000006059;0.0000000006117;68539252586922
20230713 000000;0.0000000006117;0.0000000007381;0.0000000006059;0.0000000006716;67112248565448
20230714 000000;0.0000000006716;0.0000000007503;0.0000000006587;0.0000000006665;62804029823315
20230715 000000;0.0000000006665;0.0000000008792;0.0000000006598;0.0000000007218;62316293886101
20230716 000000;0.0000000007218;0.0000000007581;0.0000000006882;0.0000000007173;61829831279984
20230717 000000;0.0000000007173;0.0000000007295;0.0000000006369;0.0000000006808;63167690501208
20230718 000000;0.0000000006808;0.0000000006907;0.0000000006698;0.0000000006816;64722036130327
20230719 000000;0.0000000006816;0.0000000006825;0.0000000006164;0.0000000006693;65666995221264
20230720 000000;0.0000000006693;0.0000000007025;0.0000000006537;0.0000000006941;65961869600626
20230721 000000;0.0000000006941;0.0000000007396;0.0000000006697;0.0000000007184;56702648015733
20230722 000000;0.0000000007184;0.0000000007197;0.0000000006872;0.0000000006879;23208347815248
20230723 000000;0.0000000006879;0.0000000007059;0.0000000006873;0.0000000006978;23746574587556
20230724 000000;0.0000000006978;0.0000000007346;0.0000000006915;0.0000000007232;24442320584051
20230725 000000;0.0000000007232;0.0000000008068;0.0000000007173;0.0000000007734;25672278124183
20230726 000000;0.0000000007734;0.0000000007991;0.000000000739;0.0000000007543;23993095311833
20230727 000000;0.0000000007543;0.0000000007546;0.0000000007272;0.0000000007308;23133895926481
20230728 000000;0.0000000007308;0.0000000007344;0.0000000007112;0.0000000007237;23191617769872
20230729 000000;0.0000000007237;0.0000000007547;0.0000000007224;0.0000000007511;23530292844743
20230730 000000;0.0000000007511;0.000000000903;0.0000000007431;0.0000000007724;33455506835314
20230731 000000;0.0000000007724;0.0000000007988;0.0000000007577;0.0000000007716;23038246069244
20230801 000000;0.0000000007716;0.0000000007718;0.0000000007376;0.0000000007553;23290640752996
20230802 000000;0.0000000007553;0.0000000007773;0.0000000007331;0.0000000007452;22697547185426
20230803 000000;0.0000000007452;0.000000000747;0.0000000006675;0.0000000007333;24177494064695
20230804 000000;0.0000000007333;0.0000000007467;0.0000000007256;0.0000000007385;22936177359839
20230805 000000;0.0000000007385;0.0000000007881;0.000000000735;0.0000000007548;23070924562594
20230806 000000;0.0000000007548;0.0000000007559;0.0000000007349;0.0000000007379;22245120908289
20230807 000000;0.0000000007379;0.0000000007415;0.0000000006964;0.0000000007087;24376000715012
20230808 000000;0.0000000007087;0.0000000007121;0.0000000006335;0.0000000007033;25856632176605
20230809 000000;0.0000000007033;0.0000000007083;0.0000000006831;0.0000000006867;24523397863528
20230810 000000;0.0000000006867;0.0000000006933;0.0000000006789;0.0000000006842;24122434862018
20230811 000000;0.0000000006842;0.0000000006869;0.0000000006547;0.0000000006729;25196207622625
20230812 000000;0.0000000006729;0.0000000007154;0.000000000671;0.0000000007013;24469654224267
20230813 000000;0.0000000007013;0.000000000705;0.000000000678;0.0000000006816;24191374016964
20230814 000000;0.0000000006816;0.0000000007018;0.0000000006494;0.0000000006667;24352505793888
20230815 000000;0.0000000006667;0.0000000006706;0.0000000006351;0.0000000006393;24964321600005
20230816 000000;0.0000000006393;0.0000000006535;0.000000000613;0.0000000006251;26022258347452
20230817 000000;0.0000000006251;0.0000000006367;0.0000000005285;0.0000000005638;27819351448146
20230818 000000;0.0000000005638;0.000000000568;0.0000000005416;0.0000000005676;30136631130031
20230819 000000;0.0000000005676;0.000000000568;0.0000000005584;0.0000000005673;29053313160031
20230820 000000;0.0000000005673;0.0000000005785;0.0000000005584;0.0000000005603;28932615877225
20230821 000000;0.0000000005603;0.0000000005785;0.0000000005485;0.0000000005593;29349540416563
20230822 000000;0.0000000005593;0.0000000005658;0.0000000005355;0.0000000005531;30507689878378
20230823 000000;0.0000000005531;0.0000000005694;0.000000000534;0.0000000005606;30165045067504
20230824 000000;0.0000000005606;0.0000000005694;0.0000000005418;0.000000000558;29442597450029
20230825 000000;0.000000000558;0.0000000005585;0.0000000005416;0.000000000553;29925307507725
20230826 000000;0.000000000553;0.0000000005584;0.0000000005382;0.0000000005491;25400078020346
20230827 000000;0.0000000005491;0.000000000559;0.0000000005465;0.0000000005558;29640263511406
20230828 000000;0.0000000005558;0.0000000005591;0.0000000005379;0.0000000005456;29704782864444
20230829 000000;0.0000000005456;0.0000000006196;0.0000000005369;0.0000000005907;30158914738529
20230830 000000;0.0000000005907;0.0000000005957;0.0000000005563;0.0000000005692;28957096844536
20230831 000000;0.0000000005692;0.0000000006083;0.0000000005662;0.0000000005759;28460997270876
20230901 000000;0.0000000005759;0.0000000005953;0.0000000005659;0.0000000005768;28566850357434
20230902 000000;0.0000000005768;0.0000000006034;0.0000000005561;0.000000000568;28430593744486
20230903 000000;0.000000000568;0.0000000005723;0.0000000005525;0.0000000005622;29599783449827
20230904 000000;0.0000000005622;0.0000000005729;0.0000000005367;0.0000000005671;30546664294452
20230905 000000;0.0000000005671;0.0000000005729;0.000000000554;0.0000000005728;28867841921394
20230906 000000;0.0000000005728;0.0000000005868;0.0000000005495;0.000000000568;29537404786379
20230907 000000;0.000000000568;0.0000000005706;0.0000000005495;0.0000000005641;30021661409426
20230908 000000;0.0000000005641;0.0000000005808;0.0000000005583;0.0000000005751;28659920485477
20230909 000000;0.0000000005751;0.0000000006386;0.0000000005746;0.0000000006033;28326560237574
20230910 000000;0.0000000006033;0.0000000006082;0.0000000005495;0.0000000005615;29011410090990
20230911 000000;0.0000000005615;0.0000000005639;0.0000000005496;0.0000000005548;29240450833094
20230912 000000;0.0000000005548;0.0000000005756;0.0000000005545;0.0000000005668;28991986273210
20230913 000000;0.0000000005668;0.0000000005756;0.0000000005561;0.000000000575;28887119634071
20230914 000000;0.000000000575;0.0000000005761;0.0000000005465;0.0000000005688;29365158138347
20230915 000000;0.0000000005688;0.000000000576;0.000000000538;0.0000000005659;30079058449235
20230916 000000;0.0000000005659;0.0000000005691;0.0000000005379;0.0000000005569;29684564673242
20230917 000000;0.0000000005569;0.000000000558;0.000000000525;0.0000000005444;30216916550912
20230918 000000;0.0000000005444;0.0000000005688;0.0000000005366;0.0000000005501;30378905741451
20230919 000000;0.0000000005501;0.0000000005538;0.00000000053;0.0000000005531;29975784114580
20230920 000000;0.0000000005531;0.0000000005685;0.0000000005452;0.0000000005645;29489936814066
20230921 000000;0.0000000005645;0.0000000005688;0.0000000005428;0.0000000005432;29578795104167
20230922 000000;0.0000000005432;0.0000000005533;0.0000000005391;0.0000000005443;42216448035037
20230923 000000;0.0000000005443;0.000000000549;0.0000000005252;0.0000000005324;48772023897642
20230924 000000;0.0000000005324;0.000000000543;0.0000000005251;0.0000000005345;49366428630932
20230925 000000;0.0000000005345;0.0000000006265;0.0000000005252;0.0000000006128;51098735402850
20230926 000000;0.0000000006128;0.0000000007136;0.0000000006004;0.0000000006632;43863290588360
20230927 000000;0.0000000006632;0.000000000671;0.0000000005229;0.0000000005956;50903661417165
20230928 000000;0.0000000005956;0.0000000005997;0.0000000005795;0.0000000005993;44402598570848
20230929 000000;0.0000000005993;0.0000000005994;0.0000000005577;0.0000000005684;45668107613550
20230930 000000;0.0000000005684;0.0000000005699;0.0000000005485;0.000000000564;46690500301517
20231001 000000;0.000000000564;0.0000000005782;0.0000000005534;0.0000000005773;46484196562425
20231002 000000;0.0000000005773;0.0000000005962;0.0000000005613;0.0000000005679;46420180467793
20231003 000000;0.0000000005679;0.0000000006465;0.0000000005614;0.000000000611;46014847868099
20231004 000000;0.000000000611;0.000000000611;0.0000000005485;0.0000000005599;46460039023951
20231005 000000;0.0000000005599;0.0000000005669;0.0000000005486;0.0000000005493;47153782938306
20231006 000000;0.0000000005493;0.0000000005731;0.0000000005444;0.0000000005471;47487893317410
20231007 000000;0.0000000005471;0.0000000005666;0.0000000004438;0.0000000004968;54351948199142
20231008 000000;0.0000000004968;0.0000000005005;0.0000000003994;0.0000000004096;61766692667729
20231009 000000;0.0000000004096;0.0000000004637;0.0000000004056;0.0000000004411;61299174168922
20231010 000000;0.0000000004411;0.0000000004495;0.0000000004231;0.0000000004303;60562527332256
20231011 000000;0.0000000004303;0.0000000004387;0.000000000403;0.0000000004251;62565603461642
20231012 000000;0.0000000004251;0.0000000004323;0.0000000004019;0.0000000004145;63167160895304
20231013 000000;0.0000000004145;0.000000000429;0.0000000004019;0.0000000004059;63909878123182
20231014 000000;0.0000000004059;0.0000000004222;0.0000000004016;0.0000000004085;64975169707960
20231015 000000;0.0000000004085;0.0000000004288;0.0000000004018;0.0000000004119;63048079171782
20231016 000000;0.0000000004119;0.0000000004291;0.0000000004017;0.0000000004264;63502371146345
20231017 000000;0.0000000004264;0.0000000004274;0.0000000004048;0.0000000004077;62931141440314
20231018 000000;0.0000000004077;0.0000000004176;0.000000000392;0.000000000402;64335457486228
20231019 000000;0.000000000402;0.0000000004181;0.0000000003958;0.0000000004028;65000941305736
20231020 000000;0.0000000004028;0.000000000472;0.0000000003992;0.0000000004307;64599345615393
20231021 000000;0.0000000004307;0.0000000004519;0.0000000004234;0.0000000004369;59903694474840
20231022 000000;0.0000000004369;0.0000000004524;0.0000000004236;0.0000000004437;60162747718648
20231023 000000;0.0000000004437;0.0000000004892;0.0000000004392;0.0000000004886;66784821840569
20231024 000000;0.0000000004886;0.0000000005677;0.0000000004875;0.000000000529;53931767717779
20231025 000000;0.000000000529;0.000000000594;0.0000000005218;0.0000000005499;50688911863207
20231026 000000;0.0000000005499;0.0000000006674;0.0000000005464;0.0000000006128;47164863063354
20231027 000000;0.0000000006128;0.000000000635;0.0000000005881;0.0000000005897;45276757350838
20231028 000000;0.0000000005897;0.0000000006181;0.0000000005593;0.0000000005727;45785685357901
20231029 000000;0.0000000005727;0.0000000005801;0.0000000005356;0.000000000563;47209321678247
20231030 000000;0.000000000563;0.000000000604;0.0000000005512;0.0000000005715;47266340954368
20231031 000000;0.0000000005715;0.0000000005834;0.0000000005261;0.0000000005414;48088270235864
20231101 000000;0.0000000005414;0.0000000005859;0.000000000508;0.0000000005294;52588674122660
20231102 000000;0.0000000005294;0.0000000005464;0.000000000508;0.0000000005131;49520220197187
20231103 000000;0.0000000005131;0.0000000005244;0.0000000004894;0.0000000005244;51768959144808
20231104 000000;0.0000000005244;0.0000000005375;0.0000000005033;0.000000000511;49735290073358
20231105 000000;0.000000000511;0.0000000005374;0.0000000004978;0.0000000005186;51338682333666
20231106 000000;0.0000000005186;0.0000000006078;0.0000000005109;0.0000000005772;49723307887069
20231107 000000;0.0000000005772;0.0000000006129;0.0000000005486;0.0000000005709;48113504390070
20231108 000000;0.0000000005709;0.0000000006129;0.0000000005186;0.0000000005778;49627348324561
20231109 000000;0.0000000005778;0.0000000007234;0.0000000005487;0.0000000005667;52247260783793
20231110 000000;0.0000000005667;0.0000000006013;0.0000000004936;0.0000000005604;49823725194259
20231111 000000;0.0000000005604;0.0000000007022;0.000000000549;0.0000000005644;47617167661613
20231112 000000;0.0000000005644;0.0000000005694;0.0000000004757;0.0000000004957;55255803993974
20231113 000000;0.0000000004957;0.0000000005107;0.0000000004771;0.0000000004846;53850699759899
20231114 000000;0.0000000004846;0.0000000005113;0.0000000004771;0.0000000005094;54646263825785
20231115 000000;0.0000000005094;0.0000000005718;0.0000000004954;0.0000000005207;52452758841529
20231116 000000;0.0000000005207;0.0000000005547;0.0000000004953;0.0000000005291;51135266326367
20231117 000000;0.0000000005291;0.0000000005692;0.0000000005041;0.0000000005691;49976170016861
20231118 000000;0.0000000005691;0.0000000005907;0.0000000005258;0.0000000005306;47943748387822
20231119 000000;0.0000000005306;0.0000000005652;0.0000000005151;0.0000000005623;49493799236682
20231120 000000;0.0000000005623;0.0000000005651;0.0000000004791;0.000000000519;50611175387663
20231121 000000;0.000000000519;0.000000000519;0.0000000004827;0.000000000486;53747731832480
20231122 000000;0.000000000486;0.0000000005192;0.0000000004831;0.0000000005064;53176879586465
20231123 000000;0.0000000005064;0.0000000005308;0.0000000004961;0.0000000005115;51308995129746
20231124 000000;0.0000000005115;0.0000000005188;0.0000000004905;0.0000000005027;52113508144846
20231125 000000;0.0000000005027;0.0000000005428;0.0000000004962;0.0000000005319;51263979967553
20231126 000000;0.0000000005319;0.0000000005388;0.0000000005147;0.0000000005235;50088438022266
20231127 000000;0.0000000005235;0.0000000005312;0.000000000502;0.0000000005184;51402858260762
20231128 000000;0.0000000005184;0.0000000005232;0.0000000004906;0.0000000005126;51431921561938
20231129 000000;0.0000000005126;0.0000000005542;0.0000000005085;0.0000000005235;50786279155196
20231130 000000;0.0000000005235;0.0000000006273;0.0000000005156;0.0000000006185;47427599620602
20231201 000000;0.0000000006185;0.0000000006411;0.0000000006032;0.0000000006236;42149284221411
20231202 000000;0.0000000006236;0.0000000006276;0.0000000005821;0.0000000006063;44089561850163
20231203 000000;0.0000000006063;0.0000000006487;0.0000000005895;0.0000000006023;44335316036182
20231204 000000;0.0000000006023;0.000000000736;0.0000000006019;0.0000000006475;43548519937708
20231205 000000;0.0000000006475;0.0000000006622;0.0000000005727;0.0000000006385;43626453917032
20231206 000000;0.0000000006385;0.0000000007298;0.0000000006035;0.0000000006378;41925828140272
20231207 000000;0.0000000006378;0.0000000006492;0.000000000595;0.0000000005967;43614074076521
20231208 000000;0.0000000005967;0.0000000006545;0.0000000005885;0.0000000006251;43498622656761
20231209 000000;0.0000000006251;0.000000000738;0.0000000006174;0.0000000006735;41025799593900
20231210 000000;0.0000000006735;0.000000000704;0.0000000006336;0.0000000006589;39911844265999
20231211 000000;0.0000000006589;0.0000000018252;0.0000000006518;0.0000000008836;64681682062273
20231212 000000;0.0000000008836;0.0000000012434;0.0000000007801;0.000000000993;34355706316785
20231213 000000;0.000000000993;0.0000000009954;0.0000000005987;0.0000000007427;48768766634806
20231214 000000;0.0000000007427;0.00000000079;0.0000000006287;0.0000000007553;38800108222788
20231215 000000;0.0000000007553;0.0000000013625;0.0000000006743;0.0000000008432;49254783431583
20231216 000000;0.0000000008432;0.0000000025;0.00000000078;0.0000000018072;78327339878395
20231217 000000;0.0000000018072;0.0000000024;0.0000000015;0.0000000016997;34889619492913
20231218 000000;0.0000000016997;0.0000000019758;0.0000000012;0.0000000013283;25384510115296
20231219 000000;0.0000000013283;0.0000000017376;0.000000001281;0.0000000013636;25310949004315
20231220 000000;0.0000000013636;0.00000000178;0.0000000012874;0.0000000013818;23552477548055
20231221 000000;0.0000000013818;0.0000000017;0.0000000013202;0.0000000015402;25245062232494
20231222 000000;0.0000000015402;0.0000000015526;0.0000000013007;0.0000000013107;20549279582160
20231223 000000;0.0000000013107;0.0000000014487;0.0000000012001;0.0000000013063;24238597455275
20231224 000000;0.0000000013063;0.0000000013493;0.0000000010751;0.0000000010782;25917082866747
20231225 000000;0.0000000010782;0.000000001378;0.0000000010002;0.0000000011234;31168186705854
20231226 000000;0.0000000011234;0.000000001148;0.0000000009916;0.0000000010265;28026026894082
20231227 000000;0.0000000010265;0.0000000010702;0.0000000009942;0.0000000010484;26306155557122
20231228 000000;0.0000000010484;0.0000000013849;0.0000000010151;0.0000000010835;29876065188098
20231229 000000;0.0000000010835;0.0000000010864;0.0000000009868;0.0000000009914;27983605309042
20231230 000000;0.0000000009914;0.0000000010081;0.0000000009203;0.0000000009798;27689184600090
20231231 000000;0.0000000009798;0.0000000009834;0.0000000008395;0.000000000898;29847912686892
