20260101 000000;0.000000003481;0.000000003794;0.0000000032325;0.0000000035724;16321279154577
20260102 000000;0.0000000035724;0.0000000048;0.0000000034867;0.000000004383;15408755475051
20260103 000000;0.000000004383;0.0000000046067;0.0000000040033;0.0000000042062;14521280894042
20260104 000000;0.0000000042062;0.000000006;0.0000000042059;0.0000000047524;13088567337389
20260105 000000;0.0000000047524;0.0000000047574;0.0000000043254;0.0000000046178;12556901816547
20260106 000000;0.0000000046178;0.0000000051556;0.0000000045163;0.0000000046235;11775383913446
20260107 000000;0.0000000046235;0.0000000047213;0.000000004335;0.0000000044397;12877338240462
20260108 000000;0.0000000044397;0.000000005;0.000000003702;0.0000000045357;13670524450653
20260109 000000;0.0000000045357;0.00000000474;0.0000000041935;0.0000000042171;13529429902628
20260110 000000;0.0000000042171;0.0000000047;0.0000000040393;0.00000000446;13437104695021
20260111 000000;0.00000000446;0.00000000478;0.0000000043183;0.0000000043319;12824713090468
20260112 000000;0.0000000043319;0.0000000049899;0.0000000042722;0.0000000045123;12879558991825
20260113 000000;0.0000000045123;0.0000000049897;0.0000000043364;0.000000004793;12568913326872
20260114 000000;0.000000004793;0.0000000049738;0.00000000465;0.0000000047354;12123298728558
20260115 000000;0.0000000047354;0.0000000048622;0.0000000044501;0.0000000045348;12984064145072
20260116 000000;0.0000000045348;0.0000000048712;0.0000000045;0.0000000046537;12420192064326
20260117 000000;0.0000000046537;0.0000000048095;0.0000000046023;0.0000000047726;11024687442990
20260118 000000;0.0000000047726;0.0000000048072;0.000000004393;0.0000000044571;11843433471345
20260119 000000;0.0000000044571;0.0000000044784;0.0000000039164;0.0000000039512;13531686884163
20260120 000000;0.0000000039512;0.0000000042664;0.0000000037574;0.00000000401;14600448629005
20260121 000000;0.00000000401;0.0000000042664;0.0000000038054;0.000000004262;14012336545926
20260122 000000;0.000000004262;0.0000000042664;0.00000000389;0.000000004022;13910462379049
20260123 000000;0.000000004022;0.0000000040692;0.0000000035;0.000000003765;14833562918581
20260124 000000;0.000000003765;0.0000000038013;0.0000000035562;0.0000000035972;15394759203220
20260125 000000;0.0000000035972;0.0000000037534;0.000000003515;0.0000000035804;15182319007036
20260126 000000;0.0000000035804;0.000000003962;0.000000003515;0.0000000038591;15320183626077
20260127 000000;0.0000000038591;0.0000000042;0.0000000037596;0.0000000041616;14004677675161
20260128 000000;0.0000000041616;0.0000000042;0.0000000039233;0.000000003929;14256944720754
20260129 000000;0.000000003929;0.0000000039315;0.00000000352;0.0000000035955;14894148948219
20260130 000000;0.0000000035955;0.0000000038899;0.0000000033;0.0000000034627;17210671727672
20260131 000000;0.0000000034627;0.0000000035189;0.0000000030257;0.0000000032025;17506272824705
20260201 000000;0.0000000032025;0.0000000032656;0.0000000030879;0.0000000031887;17248057542181
20260202 000000;0.0000000031887;0.0000000033713;0.0000000030879;0.0000000032179;17808469208813
20260203 000000;0.0000000032179;0.0000000032583;0.000000002978;0.0000000029866;18251723219054
20260204 000000;0.0000000029866;0.0000000031732;0.0000000029661;0.0000000030118;17125763433535
20260205 000000;0.0000000030118;0.0000000030584;0.0000000026254;0.0000000028603;19488927095927
20260206 000000;0.0000000028603;0.0000000030119;0.0000000023722;0.0000000030008;22378507448485
20260207 000000;0.0000000030008;0.0000000030117;0.0000000028877;0.0000000029459;18758234491881
20260208 000000;0.0000000029459;0.0000000030119;0.000000002806;0.0000000029036;19432859569857
20260209 000000;0.0000000029036;0.0000000030118;0.0000000027;0.0000000029826;19303977199824
20260210 000000;0.0000000029826;0.0000000029856;0.0000000028059;0.0000000029066;20015076955217
20260211 000000;0.0000000029066;0.0000000029073;0.0000000027454;0.0000000028427;19853013457832
20260212 000000;0.0000000028427;0.0000000029072;0.0000000026941;0.0000000028384;20002678285863
20260213 000000;0.0000000028384;0.0000000029073;0.0000000026627;0.0000000029012;19865115595387
20260214 000000;0.0000000029012;0.0000000029189;0.0000000028166;0.0000000029178;19958488397620
20260215 000000;0.0000000029178;0.0000000035;0.000000002909;0.0000000029783;19424182351126
20260216 000000;0.0000000029783;0.0000000030762;0.0000000028697;0.0000000029401;18694970689334
20260217 000000;0.0000000029401;0.0000000030182;0.0000000028157;0.000000002894;19506054491876
20260218 000000;0.000000002894;0.0000000028992;0.0000000027392;0.0000000028788;19243353955495
20260219 000000;0.0000000028788;0.0000000029094;0.0000000027428;0.0000000027725;18865586374314
20260220 000000;0.0000000027725;0.0000000030854;0.0000000027489;0.0000000028696;19652035464954
20260221 000000;0.0000000028696;0.0000000029485;0.0000000027717;0.0000000028616;19378162647266
20260222 000000;0.0000000028616;0.0000000028808;0.0000000024955;0.0000000024997;20607993518681
20260223 000000;0.0000000024997;0.0000000025795;0.0000000024203;0.0000000024879;24765135546466
20260224 000000;0.0000000024879;0.0000000027349;0.00000000231;0.0000000025047;24455578338709
20260225 000000;0.0000000025047;0.0000000033333;0.0000000024737;0.0000000030616;21251494956338
20260226 000000;0.0000000030616;0.0000000030704;0.000000002454;0.0000000025392;20775232504009
20260227 000000;0.0000000025392;0.0000000029395;0.0000000025011;0.0000000026127;21358382734778
20260228 000000;0.0000000026127;0.0000000026276;0.000000002021;0.0000000025394;23789671636364
20260301 000000;0.0000000025394;0.0000000027197;0.0000000024384;0.0000000025301;21648894940971
20260302 000000;0.0000000025301;0.0000000027009;0.0000000024246;0.0000000026405;21814604347270
20260303 000000;0.0000000026405;0.0000000026492;0.0000000022371;0.0000000022466;23960288509628
20260304 000000;0.0000000022466;0.00000000298;0.0000000022315;0.0000000025495;25099671958330
20260305 000000;0.0000000025495;0.0000000025557;0.000000002325;0.000000002332;23780938253503
20260306 000000;0.000000002332;0.0000000023712;0.0000000017174;0.0000000020162;28928178422459
20260307 000000;0.0000000020162;0.0000000021041;0.0000000018022;0.0000000019033;28237132932605
20260308 000000;0.0000000019033;0.0000000019965;0.00000000186;0.0000000018868;30287088016066
20260309 000000;0.0000000018868;0.0000000019905;0.00000000184;0.0000000019851;27909599014626
20260310 000000;0.0000000019851;0.0000000023119;0.0000000019;0.0000000022735;27963849036885
20260311 000000;0.0000000022735;0.0000000022735;0.0000000020519;0.000000002052;26990286656963
20260312 000000;0.000000002052;0.0000000020907;0.0000000018462;0.0000000020473;28865750083776
20260313 000000;0.0000000020473;0.0000000024;0.000000002012;0.0000000021678;26944627455966
20260314 000000;0.0000000021678;0.0000000021885;0.0000000020931;0.0000000021012;26343348207688
20260315 000000;0.0000000021012;0.0000000021906;0.0000000020977;0.0000000021879;25969843878933
20260316 000000;0.0000000021879;0.0000000023848;0.00000000215;0.0000000022851;25537326690670
20260317 000000;0.0000000022851;0.0000000024266;0.0000000022523;0.0000000024093;24049574787219
20260318 000000;0.0000000024093;0.000000002423;0.0000000021781;0.0000000021802;23861208450426
20260319 000000;0.0000000021802;0.000000002265;0.0000000020569;0.0000000021053;25654762571416
20260320 000000;0.0000000021053;0.000000002193;0.0000000019801;0.0000000020214;27102105833332
20260321 000000;0.0000000020214;0.0000000020918;0.0000000019811;0.0000000020607;26486317142328
20260322 000000;0.0000000020607;0.0000000020918;0.0000000019801;0.0000000019976;27499838782564
20260323 000000;0.0000000019976;0.0000000021336;0.0000000019717;0.0000000021001;27996249988302
20260324 000000;0.0000000021001;0.0000000022117;0.0000000020538;0.0000000021298;24756847648135
20260325 000000;0.0000000021298;0.0000000022285;0.000000002093;0.000000002152;25358031824854
20260326 000000;0.000000002152;0.0000000021766;0.0000000019075;0.0000000020467;26554282789379
20260327 000000;0.0000000020467;0.0000000020568;0.0000000019135;0.0000000019693;29050169420839
20260328 000000;0.0000000019693;0.0000000020453;0.0000000019153;0.0000000020005;26609584027340
20260329 000000;0.0000000020005;0.0000000020568;0.0000000019717;0.0000000019727;26623535445866
20260330 000000;0.0000000019727;0.0000000020492;0.000000001784;0.0000000019144;29552870670432
20260331 000000;0.0000000019144;0.0000000019422;0.0000000018373;0.0000000019413;29729343739557
20260401 000000;0.0000000019413;0.0000000019953;0.0000000019001;0.0000000019499;27921144280473
20260402 000000;0.0000000019499;0.0000000019952;0.0000000015394;0.0000000018932;31006420269215
20260403 000000;0.0000000018932;0.0000000019734;0.0000000018761;0.000000001912;28798518725464
20260404 000000;0.000000001912;0.0000000019373;0.0000000018575;0.0000000018876;29578234441888
20260405 000000;0.0000000018876;0.0000000019788;0.0000000018575;0.0000000019091;28611866080664
20260406 000000;0.0000000019091;0.0000000020503;0.0000000018673;0.0000000020153;28764153659769
20260407 000000;0.0000000020153;0.000000002198;0.000000001848;0.0000000020595;28256470674618
20260408 000000;0.0000000020595;0.0000000020888;0.0000000018989;0.0000000019977;28250498780278
20260409 000000;0.0000000019977;0.0000000020302;0.0000000016502;0.0000000017828;30513889492683
20260410 000000;0.0000000017828;0.000000001875;0.000000001779;0.0000000018387;31667844495545
20260411 000000;0.0000000018387;0.0000000024;0.0000000016838;0.0000000018255;30860210768142
20260412 000000;0.0000000018255;0.000000001875;0.000000001785;0.0000000018717;30563767616176
20260413 000000;0.0000000018717;0.0000000022108;0.0000000018124;0.0000000019899;29550449205685
20260414 000000;0.0000000019899;0.0000000023518;0.0000000019142;0.0000000020794;27194326918835
20260415 000000;0.0000000020794;0.0000000023517;0.0000000020056;0.0000000022126;26379064341623
20260416 000000;0.0000000022126;0.0000000022252;0.0000000021603;0.000000002203;24731792569199
20260417 000000;0.000000002203;0.0000000024;0.0000000021655;0.0000000023937;25222890728030
20260418 000000;0.0000000023937;0.0000000024;0.0000000022948;0.0000000023294;23677714160288
20260419 000000;0.0000000023294;0.0000000023575;0.0000000022438;0.0000000022826;23676503460131
20260420 000000;0.0000000022826;0.0000000022851;0.0000000022438;0.0000000022602;22701502690533
20260421 000000;0.0000000022602;0.0000000023979;0.0000000022438;0.0000000023426;23962158713923
20260422 000000;0.0000000023426;0.0000000024;0.0000000022663;0.0000000023963;23885380948441
20260423 000000;0.0000000023963;0.000000002458;0.0000000022889;0.0000000023103;23565134273571
20260424 000000;0.0000000023103;0.0000000023335;0.000000002062;0.0000000021795;26606676112613
20260425 000000;0.0000000021795;0.0000000022301;0.000000002062;0.0000000022093;26013818962269
20260426 000000;0.0000000022093;0.000000002412;0.000000002188;0.0000000023652;24688564452767
20260427 000000;0.0000000023652;0.0000000023661;0.0000000021749;0.0000000022836;25949428379472
20260428 000000;0.0000000022836;0.000000003145;0.0000000022702;0.0000000028276;22164409231784
20260429 000000;0.0000000028276;0.000000003791;0.0000000028215;0.0000000029802;20432664126629
20260430 000000;0.0000000029802;0.0000000033137;0.0000000029581;0.0000000031163;17701466358862
20260501 000000;0.0000000031163;0.00000000383;0.0000000030595;0.0000000034158;17509293348586
20260502 000000;0.0000000034158;0.000000003583;0.0000000031523;0.0000000031688;16935239590465
20260503 000000;0.0000000031688;0.0000000031744;0.0000000028514;0.0000000030646;17909940744870
20260504 000000;0.0000000030646;0.0000000032178;0.0000000028097;0.0000000030774;18465315181371
20260505 000000;0.0000000030774;0.0000000032402;0.0000000029;0.0000000031901;19156270121239
20260506 000000;0.0000000031901;0.0000000037;0.0000000031333;0.0000000032821;18224883777352
20260507 000000;0.0000000032821;0.0000000032853;0.0000000029717;0.0000000030956;17794152438506
20260508 000000;0.0000000030956;0.0000000030995;0.0000000028893;0.000000003038;18101539388221
20260509 000000;0.000000003038;0.0000000034439;0.0000000030048;0.000000003169;18820271831394
20260510 000000;0.000000003169;0.0000000032113;0.0000000031043;0.000000003186;17685097561134
20260511 000000;0.000000003186;0.0000000032727;0.0000000031318;0.0000000032228;17620461251253
20260512 000000;0.0000000032228;0.0000000032338;0.0000000031155;0.0000000031918;17409644370736
20260513 000000;0.0000000031918;0.0000000034857;0.0000000031352;0.0000000032109;17985406225714
20260514 000000;0.0000000032109;0.0000000038203;0.0000000031945;0.0000000035238;16468427114384
20260515 000000;0.0000000035238;0.0000000036217;0.0000000033391;0.0000000033391;17053264057332
20260516 000000;0.0000000033391;0.0000000034588;0.0000000031;0.0000000032101;18093381884582
20260517 000000;0.0000000032101;0.0000000034397;0.0000000031455;0.0000000032578;17343425753513
20260518 000000;0.0000000032578;0.0000000033202;0.0000000031233;0.0000000031356;17929356044727
20260519 000000;0.0000000031356;0.0000000031598;0.0000000029001;0.0000000030865;17448643835635
20260520 000000;0.0000000030865;0.000000003106;0.000000003026;0.0000000030584;18032799155925
20260521 000000;0.0000000030584;0.0000000031765;0.0000000030237;0.0000000031233;17753426379074
20260522 000000;0.0000000031233;0.0000000031765;0.0000000026854;0.0000000029321;18597556384260
20260523 000000;0.0000000029321;0.000000002933;0.0000000027535;0.0000000028846;19740061103379
20260524 000000;0.0000000028846;0.0000000029046;0.000000002805;0.000000002826;19232011256177
20260525 000000;0.000000002826;0.0000000028716;0.0000000028051;0.0000000028086;19861616741616
20260526 000000;0.0000000028086;0.0000000028476;0.000000002805;0.00000000281;20127293005299
20260527 000000;0.00000000281;0.0000000028635;0.0000000027654;0.0000000027796;20156962427743
20260528 000000;0.0000000027796;0.0000000027988;0.0000000025301;0.0000000027156;20102660002584
20260529 000000;0.0000000027156;0.0000000029046;0.00000000253;0.0000000026667;21738002251407
20260530 000000;0.0000000026667;0.0000000026954;0.0000000024;0.0000000026041;21952224887268
20260531 000000;0.0000000026041;0.0000000026159;0.0000000025624;0.0000000025837;21776426228764
20260601 000000;0.0000000025837;0.000000002604;0.0000000025094;0.0000000025744;22157842111604
20260602 000000;0.0000000025744;0.0000000027091;0.0000000023609;0.0000000024025;22952231976488
20260603 000000;0.0000000024025;0.0000000024294;0.0000000022918;0.0000000023496;23086726904276
20260604 000000;0.0000000023496;0.0000000023676;0.0000000022066;0.0000000022336;25144309441228
20260605 000000;0.0000000022336;0.0000000022636;0.000000002;0.000000002111;26027250943275
20260606 000000;0.000000002111;0.0000000021428;0.0000000020608;0.0000000021201;26283158688324
20260607 000000;0.0000000021201;0.0000000022314;0.0000000020967;0.0000000022098;23909759896872
20260608 000000;0.0000000022098;0.0000000022551;0.0000000011001;0.0000000011997;47063232473960
20260609 000000;0.0000000011997;0.0000000012126;0.0000000005155;0.0000000008153;74228246078623
20260610 000000;0.0000000008153;0.0000000012999;0.0000000005911;0.0000000008902;71051004178525
20260611 000000;0.0000000008902;0.0000000009387;0.0000000007801;0.0000000007805;66174851236605
20260612 000000;0.0000000007805;0.0000000008632;0.0000000007081;0.0000000008115;73423309442638
20260613 000000;0.0000000008115;0.0000000008547;0.0000000007081;0.0000000007192;82724094078314
20260614 000000;0.0000000007192;0.0000000007233;0.0000000006838;0.0000000007009;75628078151883
20260615 000000;0.0000000007009;0.0000000007023;0.0000000002829;0.0000000003759;129554803494229
20260616 000000;0.0000000003759;0.0000000004948;0.0000000003076;0.000000000453;135192144141566
20260617 000000;0.000000000453;0.000000000471;0.00000000028;0.0000000003306;165632720260098
20260618 000000;0.0000000003306;0.0000000003902;0.00000000027;0.0000000002901;171848815268268
20260619 000000;0.0000000002901;0.0000000004;0.0000000002893;0.0000000003777;167600112392035
20260620 000000;0.0000000003777;0.0000000004;0.0000000003776;0.0000000003853;110684918263911
