20260131 000000;0.00000001;0.00000003082;0.00000001;0.00000002763;1418521770745
20260201 000000;0.00000002763;0.00000004597;0.000000022;0.0000000287;1798583920253
20260202 000000;0.0000000287;0.00000007864;0.00000002187;0.00000005686;1304241566858
20260203 000000;0.00000005686;0.00000015426;0.0000000558;0.00000007927;1961999612912
20260204 000000;0.00000007927;0.000000109;0.0000000693;0.000000088;3167646937159
20260205 000000;0.000000088;0.000000088;0.00000004211;0.00000004997;1518647418695
20260206 000000;0.00000004997;0.00000009371;0.00000004404;0.0000000895;1577616205853
20260207 000000;0.0000000895;0.00000009206;0.00000005381;0.00000005856;1069968861528
20260208 000000;0.00000005856;0.00000006792;0.00000003859;0.00000004991;1908061400135
20260209 000000;0.00000004991;0.00000005483;0.00000004;0.00000005483;1427828103298
20260210 000000;0.00000005483;0.00000005704;0.00000004145;0.00000004639;1535840550676
20260211 000000;0.00000004639;0.0000000467;0.00000003799;0.0000000434;1597387714432
20260212 000000;0.0000000434;0.00000004976;0.00000004091;0.00000004346;1408168320251
20260213 000000;0.00000004346;0.00000005362;0.00000004181;0.00000004808;1696081437069
20260214 000000;0.00000004808;0.00000004908;0.00000004411;0.00000004897;1475138893073
20260215 000000;0.00000004897;0.00000005143;0.000000035;0.00000005107;1789156658139
20260216 000000;0.00000005107;0.00000005259;0.00000004279;0.00000004535;1286958880932
20260217 000000;0.00000004535;0.00000004767;0.00000004195;0.00000004767;1278025840457
20260218 000000;0.00000004767;0.00000005639;0.00000004501;0.00000004601;1284133288287
20260219 000000;0.00000004601;0.0000000469;0.00000004111;0.00000004334;1256076803342
20260220 000000;0.00000004334;0.00000004685;0.00000004116;0.00000004226;1312034150746
20260221 000000;0.00000004226;0.00000004598;0.0000000327;0.00000003678;1544393184417
20260222 000000;0.00000003678;0.00000004344;0.00000003076;0.00000003344;1660586693060
20260223 000000;0.00000003344;0.00000003683;0.00000002639;0.00000002665;1968676432642
20260224 000000;0.00000002665;0.00000002963;0.00000002407;0.00000002578;2187208939980
20260225 000000;0.00000002578;0.00000003604;0.00000002245;0.00000002631;2526916133237
20260226 000000;0.00000002631;0.00000002702;0.000000023;0.00000002447;2301255722431
20260227 000000;0.00000002447;0.00000002512;0.00000002014;0.0000000218;2472430785844
20260228 000000;0.0000000218;0.00000002532;0.00000002;0.00000002127;2741827702367
20260301 000000;0.00000002127;0.00000002439;0.00000002065;0.00000002087;2527937098251
20260302 000000;0.00000002087;0.00000002257;0.00000001785;0.00000002121;2697389727084
20260303 000000;0.00000002121;0.0000000229;0.00000001828;0.00000002018;2770862949859
20260304 000000;0.00000002018;0.00000002476;0.00000001891;0.00000002182;2769617736743
20260305 000000;0.00000002182;0.00000002379;0.00000001995;0.00000002005;2737706052206
20260306 000000;0.00000002005;0.00000002089;0.00000001708;0.00000001959;2982120529217
20260307 000000;0.00000001959;0.00000002227;0.00000001833;0.00000001868;2938110899548
20260308 000000;0.00000001868;0.00000002018;0.0000000171;0.00000001915;2912040782585
20260309 000000;0.00000001915;0.00000002239;0.00000001802;0.00000001902;3035873426848
20260310 000000;0.00000001902;0.00000002237;0.00000001892;0.00000002011;2934041851331
20260311 000000;0.00000002011;0.00000002225;0.0000000201;0.00000002179;2573792426388
20260312 000000;0.00000002179;0.00000002394;0.00000002088;0.0000000214;19272554073767
20260313 000000;0.0000000214;0.00000002416;0.0000000209;0.00000002179;17794410450759
20260314 000000;0.00000002179;0.0000000226;0.00000002;0.00000002214;26866362111579
20260315 000000;0.00000002214;0.0000000225;0.00000002022;0.00000002247;10861166366579
20260316 000000;0.00000002247;0.00000002555;0.00000002044;0.00000002345;9801872667421
20260317 000000;0.00000002345;0.00000002424;0.00000001886;0.00000002375;8904503937654
20260318 000000;0.00000002375;0.00000002498;0.00000002033;0.00000002247;9044364328111
20260319 000000;0.00000002247;0.00000002289;0.00000001915;0.00000002083;5711005539299
20260320 000000;0.00000002083;0.00000002248;0.00000002031;0.00000002149;6623885632342
20260321 000000;0.00000002149;0.0000000234;0.00000002084;0.00000002155;6765032267845
20260322 000000;0.00000002155;0.00000002266;0.00000001936;0.0000000223;6643666330856
20260323 000000;0.0000000223;0.00000002578;0.00000002017;0.00000002163;5007550012175
20260324 000000;0.00000002163;0.00000002241;0.00000002091;0.000000022;4444367930322
20260325 000000;0.000000022;0.00000002238;0.00000001937;0.00000002063;6526575333521
20260326 000000;0.00000002063;0.00000002098;0.00000001722;0.00000001764;9371554697900
20260327 000000;0.00000001764;0.00000001839;0.00000001423;0.0000000157;10033391939953
20260328 000000;0.0000000157;0.00000001587;0.00000001267;0.00000001494;10976857839598
20260329 000000;0.00000001494;0.00000001553;0.00000001382;0.00000001416;5491105777979
20260330 000000;0.00000001416;0.00000001515;0.00000001336;0.0000000142;5882095927963
20260331 000000;0.0000000142;0.000000018;0.00000001359;0.00000001651;4670128992844
20260401 000000;0.00000001651;0.00000001894;0.00000001582;0.00000001614;4870355581250
20260402 000000;0.00000001614;0.00000001752;0.00000001533;0.00000001687;9553088594807
20260403 000000;0.00000001687;0.00000001695;0.0000000151;0.00000001604;10311771286276
20260404 000000;0.00000001604;0.00000001735;0.00000001469;0.00000001541;11225426863987
20260405 000000;0.00000001541;0.00000001754;0.0000000146;0.00000001607;10899067716909
20260406 000000;0.00000001607;0.00000002203;0.00000001429;0.00000001579;10626440174464
20260407 000000;0.00000001579;0.00000001649;0.00000001522;0.00000001622;9991564570804
20260408 000000;0.00000001622;0.0000000166;0.00000001512;0.00000001512;6606872615578
20260409 000000;0.00000001512;0.00000001619;0.00000001447;0.00000001554;8533996879115
20260410 000000;0.00000001554;0.0000000169;0.00000001447;0.00000001497;11042212510447
20260411 000000;0.00000001497;0.00000001608;0.00000001465;0.00000001522;10982163140963
20260412 000000;0.00000001522;0.00000001571;0.00000001391;0.00000001464;11026085861260
20260413 000000;0.00000001464;0.0000000158;0.00000001419;0.00000001578;11486501930855
20260414 000000;0.00000001578;0.00000001736;0.00000001521;0.00000001603;10386462829282
20260415 000000;0.00000001603;0.0000000175;0.00000001521;0.00000001587;10419677657169
20260416 000000;0.00000001587;0.00000001697;0.0000000144;0.00000001599;11112145081049
20260417 000000;0.00000001599;0.00000002978;0.00000001521;0.000000023;10161944824385
20260418 000000;0.000000023;0.00000003004;0.00000002021;0.00000002329;7000486065114
20260419 000000;0.00000002329;0.00000010048;0.00000002101;0.00000007333;7581006680994
20260420 000000;0.00000007333;0.0000000974;0.00000004896;0.00000006141;3595350721119
20260421 000000;0.00000006141;0.00000006681;0.00000004199;0.00000005176;4291564413306
20260422 000000;0.00000005176;0.000000137;0.00000004598;0.00000011374;3669164441812
20260423 000000;0.00000011374;0.00000012235;0.00000007012;0.00000010221;3233728183149
20260424 000000;0.00000010221;0.00000012337;0.0000000774;0.00000008602;2463312529214
20260425 000000;0.00000008602;0.00000009845;0.00000006645;0.000000072;2776819459392
20260426 000000;0.000000072;0.00000009511;0.00000006605;0.00000009194;2767532136815
20260427 000000;0.00000009194;0.00000010056;0.00000007574;0.00000009907;2374924338707
20260428 000000;0.00000009907;0.00000009907;0.00000006747;0.00000007956;2350296765459
20260429 000000;0.00000007956;0.00000008616;0.00000006242;0.00000006983;1875739167777
20260430 000000;0.00000006983;0.00000007724;0.00000006212;0.00000007204;1337952096673
20260501 000000;0.00000007204;0.00000013;0.0000000678;0.00000010955;2937563587064
20260502 000000;0.00000010955;0.00000011069;0.0000000815;0.0000000907;2548678595821
20260503 000000;0.0000000907;0.00000010891;0.00000007885;0.00000010223;2773727797751
20260504 000000;0.00000010223;0.000000129;0.00000008672;0.00000010025;2366517860345
20260505 000000;0.00000010025;0.000000155;0.0000000913;0.00000012512;2641601016185
20260506 000000;0.00000012512;0.000000135;0.000000106;0.00000010708;1977007233933
20260507 000000;0.00000010708;0.00000011756;0.000000086;0.00000010998;2392261138316
20260508 000000;0.00000010998;0.00000011478;0.0000000932;0.00000011473;1968098289092
20260509 000000;0.00000011473;0.0000001305;0.00000010303;0.00000010993;1740450557582
20260510 000000;0.00000010993;0.00000014399;0.00000010665;0.00000012109;1892028641686
20260511 000000;0.00000012109;0.000000145;0.00000010841;0.00000012804;2044513418745
20260512 000000;0.00000012804;0.00000016;0.000000117;0.00000013013;1420548298026
20260513 000000;0.00000013013;0.00000013013;0.00000009998;0.00000010498;1803002277051
20260514 000000;0.00000010498;0.00000011498;0.00000008757;0.00000009138;2054676060097
20260515 000000;0.00000009138;0.00000009799;0.00000008276;0.00000008411;1335845974550
20260516 000000;0.00000008411;0.0000000943;0.00000007274;0.0000000925;1227018066662
20260517 000000;0.0000000925;0.00000009577;0.000000082;0.00000008208;1340286154440
20260518 000000;0.00000008208;0.00000008362;0.00000007045;0.00000007382;1663983910589
20260519 000000;0.00000007382;0.00000008199;0.00000006866;0.00000007938;1913945135052
20260520 000000;0.00000007938;0.00000008623;0.00000007132;0.00000008012;1425950838019
20260521 000000;0.00000008012;0.00000008528;0.000000064;0.00000006552;1401158683466
20260522 000000;0.00000006552;0.00000007651;0.00000005546;0.00000006243;2174011277140
20260523 000000;0.00000006243;0.00000007053;0.00000005391;0.00000006476;1641300442772
20260524 000000;0.00000006476;0.0000000665;0.00000005515;0.00000006004;1277807753573
20260525 000000;0.00000006004;0.00000009828;0.00000005752;0.00000008697;2065927268560
20260526 000000;0.00000008697;0.000000099;0.0000000786;0.00000008279;1316455968772
20260527 000000;0.00000008279;0.00000008449;0.00000006667;0.00000006753;1184034911983
20260528 000000;0.00000006753;0.00000006872;0.00000005859;0.00000006711;1416451190107
20260529 000000;0.00000006711;0.00000007481;0.00000006266;0.00000006458;1036691693469
20260530 000000;0.00000006458;0.00000006706;0.00000006;0.00000006464;1199590171493
20260531 000000;0.00000006464;0.00000006866;0.00000006114;0.00000006714;1058888315619
20260601 000000;0.00000006714;0.00000006805;0.000000054;0.00000006424;1238201899729
20260602 000000;0.00000006424;0.0000000836;0.0000000555;0.00000005974;1162161246997
20260603 000000;0.00000005974;0.000000067;0.00000005787;0.0000000647;1333601207499
20260604 000000;0.0000000647;0.00000006832;0.00000005632;0.00000005874;1265532232362
20260605 000000;0.00000005874;0.00000006095;0.00000005032;0.00000005858;1593867557977
20260606 000000;0.00000005858;0.00000005973;0.000000048;0.00000005425;1284013825621
20260607 000000;0.00000005425;0.00000005973;0.00000005002;0.00000005896;1595471329361
20260608 000000;0.00000005896;0.00000006166;0.0000000516;0.00000005221;1193940296327
20260609 000000;0.00000005221;0.00000005336;0.00000004701;0.00000004827;1445025475661
20260610 000000;0.00000004827;0.00000005677;0.00000004746;0.00000005675;1529588761814
20260611 000000;0.00000005675;0.00000006811;0.00000005156;0.00000005996;1492204257435
20260612 000000;0.00000005996;0.00000006299;0.00000005005;0.00000005387;1224902861230
20260613 000000;0.00000005387;0.00000005599;0.00000005026;0.00000005148;1472943864481
20260614 000000;0.00000005148;0.0000000735;0.00000005112;0.00000007061;1603532055300
20260615 000000;0.00000007061;0.00000007391;0.00000005667;0.00000006575;2598418757372
20260616 000000;0.00000006575;0.00000008712;0.00000006473;0.00000008188;3787622016459
20260617 000000;0.00000008188;0.000000099;0.00000006812;0.0000000739;4170011903773
20260618 000000;0.0000000739;0.00000010597;0.000000067;0.0000000857;3894494975668
20260619 000000;0.0000000857;0.000000108;0.00000008044;0.00000010461;3533746026092
20260620 000000;0.00000010461;0.0000001789;0.00000010334;0.00000013;2895237029244
