20260101 000000;0.1283;0.1396;0.1274;0.1341;2175001.22
20260102 000000;0.1341;0.1383;0.1318;0.1371;1296513.12
20260103 000000;0.1371;0.1389;0.1327;0.1374;1170551.64
20260104 000000;0.1374;0.1434;0.1361;0.1386;1197316.82
20260105 000000;0.1386;0.1471;0.1365;0.1442;952622.72
20260106 000000;0.1442;0.1513;0.1409;0.1471;961904.39
20260107 000000;0.1471;0.1472;0.14;0.1418;663674.29
20260108 000000;0.1418;0.1445;0.1366;0.1414;912099.14
20260109 000000;0.1414;0.1453;0.1369;0.1428;674730.45
20260110 000000;0.1428;0.1727;0.1396;0.1412;7522372.89
20260111 000000;0.1412;0.1418;0.135;0.1376;1721463.61
20260112 000000;0.1376;0.1476;0.1357;0.138;1715727.99
20260113 000000;0.138;0.1465;0.1378;0.1451;1030551.54
20260114 000000;0.1451;0.1464;0.1406;0.1417;750490.74
20260115 000000;0.1417;0.1423;0.1339;0.1362;670270.96
20260116 000000;0.1362;0.1425;0.1355;0.1421;711478.23
20260117 000000;0.1421;0.1442;0.1394;0.1407;678624.2
20260118 000000;0.1407;0.1422;0.1337;0.1337;602044.75
20260119 000000;0.1337;0.1654;0.1183;0.1476;10549842.7
20260120 000000;0.1476;0.1487;0.131;0.1346;2741245.3
20260121 000000;0.1346;0.1468;0.1342;0.1393;3236783.16
20260122 000000;0.1393;0.1415;0.1354;0.1368;736545.52
20260123 000000;0.1368;0.1408;0.134;0.1365;691735.48
20260124 000000;0.1365;0.1394;0.1357;0.1371;806336.97
20260125 000000;0.1371;0.1384;0.1255;0.1275;922620.29
20260126 000000;0.1275;0.134;0.1272;0.1332;616140.56
20260127 000000;0.1332;0.1344;0.1281;0.1326;633443.57
20260128 000000;0.1326;0.1328;0.1293;0.131;528035.32
20260129 000000;0.131;0.1351;0.1215;0.1261;2595791.85
20260130 000000;0.1261;0.1274;0.1216;0.1264;1137125.77
20260131 000000;0.1264;0.1281;0.102;0.1135;2207627.55
20260201 000000;0.1135;0.116;0.1075;0.1101;672000.66
20260202 000000;0.1101;0.115;0.107;0.1139;1061673.73
20260203 000000;0.1139;0.1162;0.1074;0.1125;970115.12
20260204 000000;0.1125;0.115;0.1073;0.1124;862886.95
20260205 000000;0.1124;0.1127;0.0919;0.0937;1947705.47
20260206 000000;0.0937;0.106;0.0858;0.1051;1752126.01
20260207 000000;0.1051;0.1059;0.1001;0.1025;777951.39
20260208 000000;0.1025;0.103;0.098;0.0988;792015.75
20260209 000000;0.0988;0.1016;0.0963;0.0997;722960.04
20260210 000000;0.0997;0.1001;0.0967;0.09814;765478.88
20260211 000000;0.09814;0.10154;0.09578;0.09829;1307141.73
20260212 000000;0.09829;0.1023;0.09725;0.09934;1199153.64
20260213 000000;0.09934;0.10266;0.09715;0.10177;781239.98
20260214 000000;0.10177;0.10643;0.10115;0.10447;997203.16
20260215 000000;0.10447;0.10466;0.09829;0.10005;1237550.91
20260216 000000;0.10005;0.10631;0.09781;0.10377;2214852.4
20260217 000000;0.10377;0.10417;0.09867;0.09938;1436310.28
20260218 000000;0.09938;0.09987;0.09369;0.09451;1025861.11
20260219 000000;0.09451;0.09732;0.09246;0.09685;1192237.05
20260220 000000;0.09685;0.09693;0.09245;0.09569;1478543.59
20260221 000000;0.09569;0.09632;0.09343;0.09343;1058931.14
20260222 000000;0.09343;0.12953;0.09204;0.1143;23748887.62
20260223 000000;0.1143;0.11488;0.09895;0.10145;9645939.96
20260224 000000;0.10145;0.10311;0.09364;0.09509;2872008.58
20260225 000000;0.09509;0.10462;0.09489;0.10177;1721816.02
20260226 000000;0.10177;0.10272;0.0957;0.09887;2886141.55
20260227 000000;0.09887;0.10183;0.09581;0.0978;1655742.79
20260228 000000;0.0978;0.09885;0.08898;0.09591;1803571.09
20260301 000000;0.09591;0.09911;0.09097;0.09223;1427945.16
20260302 000000;0.09223;0.09757;0.09058;0.09466;1602641.52
20260303 000000;0.09466;0.0958;0.09202;0.0946;1267253.8
20260304 000000;0.0946;0.10563;0.09189;0.09756;4519169.31
20260305 000000;0.09756;0.10211;0.096;0.09955;2165820.48
20260306 000000;0.09955;0.1018;0.09497;0.09658;1612237.29
20260307 000000;0.09658;0.09676;0.0931;0.09421;962337.64
20260308 000000;0.09421;0.09633;0.0916;0.09342;1222741.43
20260309 000000;0.09342;0.09703;0.0934;0.09509;863729.83
20260310 000000;0.09509;0.09811;0.09459;0.09675;946419.04
20260311 000000;0.09675;0.10198;0.09577;0.09902;1879662.37
20260312 000000;0.09902;0.10385;0.09811;0.10272;1753686.81
20260313 000000;0.10272;0.10375;0.09956;0.10027;1170898.72
20260314 000000;0.10027;0.10228;0.09894;0.09985;1222482.59
20260315 000000;0.09985;0.1028;0.09955;0.10098;1278196.04
20260316 000000;0.10098;0.10557;0.10034;0.10488;1190199.06
20260317 000000;0.10488;0.10658;0.1025;0.10348;1341795.92
20260318 000000;0.10348;0.10484;0.09876;0.09987;1065913.18
20260319 000000;0.09987;0.10076;0.09346;0.09707;1144817.1
20260320 000000;0.09707;0.09855;0.09614;0.09738;927364.31
20260321 000000;0.09738;0.09785;0.09333;0.09392;797128.3
20260322 000000;0.09392;0.09513;0.09117;0.09277;984687.2
20260323 000000;0.09277;0.09671;0.0908;0.09529;1185892.81
20260324 000000;0.09529;0.1005;0.09406;0.09898;1146828.09
20260325 000000;0.09898;0.0998;0.09708;0.09845;960916.45
20260326 000000;0.09845;0.09849;0.0923;0.09387;894871.25
20260327 000000;0.09387;0.09534;0.09162;0.09225;995628.88
20260328 000000;0.09225;0.09327;0.09019;0.09073;868427.31
20260329 000000;0.09073;0.09152;0.08672;0.08806;934242.88
20260330 000000;0.08806;0.09427;0.08788;0.09274;1022889.31
20260331 000000;0.09274;0.09558;0.0925;0.09495;1078112.42
20260401 000000;0.09495;0.1027;0.09391;0.10144;1931867.46
20260402 000000;0.10144;0.10489;0.09626;0.09826;3428298.03
20260403 000000;0.09826;0.1009;0.09722;0.09874;1371852.24
20260404 000000;0.09874;0.09941;0.09537;0.09625;1102002.6
20260405 000000;0.09625;0.1028;0.09299;0.09829;2973070.37
20260406 000000;0.09829;0.14411;0.09756;0.1068;22234079.54
20260407 000000;0.1068;0.10692;0.1004;0.10495;4072525.69
20260408 000000;0.10495;0.10852;0.1009;0.10199;2128641.63
20260409 000000;0.10199;0.10309;0.09821;0.10084;1837978.78
20260410 000000;0.10084;0.10256;0.09968;0.10018;1437691.36
20260411 000000;0.10018;0.10272;0.0987;0.10094;1264559.55
20260412 000000;0.10094;0.10282;0.09728;0.09811;2142468.28
20260413 000000;0.09811;0.10276;0.0977;0.10217;1276654.4
20260414 000000;0.10217;0.11324;0.10121;0.1077;3231669.16
20260415 000000;0.1077;0.11068;0.10539;0.11058;494886.6
20260416 000000;0.11058;0.12157;0.10595;0.11611;576504.07
20260417 000000;0.11611;0.13093;0.11509;0.12614;512767.23
20260418 000000;0.12614;0.1645;0.10945;0.1125;607592.01
20260419 000000;0.1125;0.1129;0.10398;0.10412;514227.99
20260420 000000;0.10412;0.11249;0.1041;0.11121;554074.29
20260421 000000;0.11121;0.11289;0.10783;0.11044;543230.63
20260422 000000;0.11044;0.11201;0.10884;0.10889;513809.47
20260423 000000;0.10889;0.10957;0.10649;0.10948;510337.26
20260424 000000;0.10948;0.11188;0.10855;0.11117;504269.98
20260425 000000;0.11117;0.11393;0.10816;0.10855;579120.55
20260426 000000;0.10855;0.11188;0.10804;0.11083;528258.02
20260427 000000;0.11083;0.11382;0.10667;0.10784;505988.86
20260428 000000;0.10784;0.10957;0.10759;0.10832;500743.96
20260429 000000;0.10832;0.11014;0.1039;0.10632;523787.31
20260430 000000;0.10632;0.10777;0.10385;0.10437;519943.5
20260501 000000;0.10437;0.10809;0.10434;0.10477;515247.52
20260502 000000;0.10477;0.10649;0.10446;0.10549;536186.38
20260503 000000;0.10549;0.1067;0.1036;0.10498;513403.71
20260504 000000;0.10498;0.11591;0.10378;0.11245;501855.68
20260505 000000;0.11245;0.11432;0.10866;0.11004;537412.86
20260506 000000;0.11004;0.11364;0.10947;0.11264;571461.33
20260507 000000;0.11264;0.1191;0.11045;0.11744;509201.51
20260508 000000;0.11744;0.11851;0.11417;0.11717;479644.58
20260509 000000;0.11717;0.11973;0.11578;0.11709;521531.22
20260510 000000;0.11709;0.11953;0.1152;0.11868;453952.59
20260511 000000;0.11868;0.12592;0.11602;0.12545;448530.33
20260512 000000;0.12545;0.12922;0.12052;0.12113;458942.39
20260513 000000;0.12113;0.12386;0.11422;0.11557;545779.6
20260514 000000;0.11557;0.11875;0.11349;0.11544;491145.77
20260515 000000;0.11544;0.11672;0.10891;0.11088;478777.65
20260516 000000;0.11088;0.11211;0.10549;0.10608;527476.17
20260517 000000;0.10608;0.10789;0.10129;0.10318;554796.79
20260518 000000;0.10318;0.10556;0.10172;0.10442;510742.89
20260519 000000;0.10442;0.10549;0.10174;0.10189;518944.06
20260520 000000;0.10189;0.10502;0.1012;0.10468;521059.17
20260521 000000;0.10468;0.10849;0.10449;0.10794;540172.37
20260522 000000;0.10794;0.10936;0.10307;0.10343;537739.98
20260523 000000;0.10343;0.10628;0.10104;0.10524;523860.49
20260524 000000;0.10524;0.10578;0.09976;0.10117;540139.38
20260525 000000;0.10117;0.10484;0.10073;0.10234;532118.58
20260526 000000;0.10234;0.10341;0.09938;0.09994;546317.42
20260527 000000;0.09994;0.10303;0.09806;0.09899;523268.14
20260528 000000;0.09899;0.09917;0.09307;0.09536;627220.65
20260529 000000;0.09536;0.10488;0.09467;0.09984;657145.44
20260530 000000;0.09984;0.1106;0.09984;0.10306;617509.01
20260531 000000;0.10306;0.10741;0.10193;0.10528;737838.35
20260601 000000;0.10528;0.10658;0.10169;0.10403;561081.16
20260602 000000;0.10403;0.10416;0.09418;0.09609;574715.78
20260603 000000;0.09609;0.10424;0.09467;0.09903;568322.21
20260604 000000;0.09903;0.0996;0.09027;0.09172;606563.33
20260605 000000;0.09172;0.09193;0.08126;0.08382;615813.89
20260606 000000;0.08382;0.08495;0.07846;0.08233;723835.9
20260607 000000;0.08233;0.08713;0.08209;0.08553;692844.03
20260608 000000;0.08553;0.08698;0.08364;0.08446;668673.72
20260609 000000;0.08446;0.08462;0.0805;0.08223;695563.97
20260610 000000;0.08223;0.0834;0.07864;0.08011;717626.38
20260611 000000;0.08011;0.08551;0.08011;0.08404;673315.54
20260612 000000;0.08404;0.0852;0.082;0.08275;669725.97
20260613 000000;0.08275;0.08658;0.08173;0.08551;672325.83
20260614 000000;0.08551;0.08797;0.08331;0.08736;647622.3
20260615 000000;0.08736;0.0899;0.08655;0.08752;611319.05
20260616 000000;0.08752;0.08868;0.08154;0.08707;673843.94
20260617 000000;0.08707;0.1103;0.08594;0.09361;971180.8
20260618 000000;0.09361;0.10271;0.09074;0.10254;1265008.12
20260619 000000;0.10254;0.12734;0.09831;0.11537;2086576.32
20260620 000000;0.11537;0.18441;0.11234;0.16754;2958241.75
