20250101 000000;0.558;0.5801;0.5395;0.5769;26727.99
20250102 000000;0.5769;0.6052;0.5759;0.593;59439.2
20250103 000000;0.593;0.6242;0.578;0.6217;95515.7
20250104 000000;0.6217;0.6308;0.6033;0.6241;67037.83
20250105 000000;0.6241;0.6396;0.6156;0.636;48224.22
20250106 000000;0.636;0.6462;0.6204;0.6332;39624.76
20250107 000000;0.6332;0.6355;0.5637;0.5641;32857.28
20250108 000000;0.5641;0.5744;0.515;0.5356;33590.83
20250109 000000;0.5356;0.5464;0.5065;0.5224;43250.14
20250110 000000;0.5224;0.5409;0.5143;0.5323;44199.94
20250111 000000;0.5323;0.5389;0.5217;0.5269;23383.43
20250112 000000;0.5269;0.5331;0.5165;0.5243;23591.77
20250113 000000;0.5243;0.5376;0.4737;0.516;43172.3
20250114 000000;0.516;0.5397;0.5122;0.5368;67116.11
20250115 000000;0.5368;0.5648;0.5207;0.5645;42241.81
20250116 000000;0.5645;0.5836;0.5512;0.5702;49606.69
20250117 000000;0.5702;0.6212;0.5701;0.6171;40331.87
20250118 000000;0.6171;0.6209;0.5724;0.588;49695.05
20250119 000000;0.588;0.6122;0.524;0.5313;71697.4
20250120 000000;0.5313;0.578;0.4999;0.5205;64610.65
20250121 000000;0.5205;0.5476;0.4928;0.5353;25302.49
20250122 000000;0.5353;0.541;0.513;0.5145;26702.81
20250123 000000;0.5145;0.5251;0.5008;0.5153;34520.68
20250124 000000;0.5153;0.5249;0.4917;0.4948;41117.65
20250125 000000;0.4948;0.5095;0.488;0.5035;22630.79
20250126 000000;0.5035;0.5888;0.5016;0.5569;134274.46
20250127 000000;0.5569;0.685;0.5511;0.5809;415937.67
20250128 000000;0.5809;0.7401;0.5676;0.6633;339341.78
20250129 000000;0.6633;0.7302;0.6337;0.7034;212161.56
20250130 000000;0.7034;0.7836;0.6955;0.7302;73367.11
20250131 000000;0.7302;0.7498;0.7084;0.7364;45124.35
20250201 000000;0.7364;0.8052;0.7192;0.7261;94599.18
20250202 000000;0.7261;0.824;0.7064;0.755;233609.18
20250203 000000;0.755;0.9157;0.62;0.8777;337474.55
20250204 000000;0.8777;0.9377;0.68;0.7705;507066.14
20250205 000000;0.7705;0.8498;0.7435;0.7841;90845.26
20250206 000000;0.7841;0.8649;0.7709;0.8504;101213.26
20250207 000000;0.8504;0.9384;0.8136;0.905;145883.08
20250208 000000;0.905;0.9348;0.8612;0.9324;55051.46
20250209 000000;0.9324;1.19;0.9178;1.0146;290450.39
20250210 000000;1.0146;1.032;0.8402;0.9817;185158.11
20250211 000000;0.9817;1.0478;0.9045;0.9348;178865.93
20250212 000000;0.9348;0.9488;0.8699;0.9374;120082.27
20250213 000000;0.9374;0.9448;0.8384;0.8528;95148.56
20250214 000000;0.8528;0.9153;0.8523;0.9048;58616.42
20250215 000000;0.9048;0.9752;0.821;0.898;112251.18
20250216 000000;0.898;0.9071;0.8771;0.8981;31235.01
20250217 000000;0.8981;0.9293;0.8596;0.8614;35694.84
20250218 000000;0.8614;0.8912;0.8341;0.8912;800058.02
20250219 000000;0.8912;0.9265;0.8734;0.8799;1447397.08
20250220 000000;0.8799;0.8901;0.8066;0.8101;1132288.96
20250221 000000;0.8101;0.944;0.7938;0.8983;4371728.98
20250222 000000;0.8983;0.9377;0.8848;0.9099;2752276.13
20250223 000000;0.9099;0.9307;0.8978;0.9078;1120180.83
20250224 000000;0.9078;0.9326;0.862;0.9081;2863873.92
20250225 000000;0.9081;0.9597;0.8332;0.9261;3628060.02
20250226 000000;0.9261;1.0363;0.9238;0.9601;3046131.49
20250227 000000;0.9601;1.0557;0.9601;1.0511;2348439.45
20250228 000000;1.0511;1.0867;0.9494;1.0478;4263824.45
20250301 000000;1.0478;1.0627;1.0008;1.0105;1070486.96
20250302 000000;1.0105;1.0748;0.9945;1.0237;1600406.51
20250303 000000;1.0237;1.071;0.9887;1.0262;2666678.54
20250304 000000;1.0262;1.0551;0.9412;0.9511;2353903
20250305 000000;0.9511;0.9708;0.8495;0.8656;2361272.53
20250306 000000;0.8656;0.8847;0.8042;0.8262;1803188.08
20250307 000000;0.8262;0.8579;0.7963;0.8059;1753149.71
20250308 000000;0.8059;0.8063;0.7286;0.7434;1017835.39
20250309 000000;0.7434;0.7558;0.653;0.6598;1478616.43
20250310 000000;0.6598;0.7302;0.5525;0.5648;2267888.54
20250311 000000;0.5648;0.6283;0.54;0.5923;2130112.47
20250312 000000;0.5923;0.6184;0.5572;0.5887;1399142.75
20250313 000000;0.5887;0.6016;0.5585;0.5753;945739.23
20250314 000000;0.5753;0.5951;0.5658;0.5846;1225441
20250315 000000;0.5846;0.6855;0.5756;0.6516;5221837.51
20250316 000000;0.6516;0.6695;0.6209;0.6361;3499583.03
20250317 000000;0.6361;0.6712;0.6356;0.6539;1670376.33
20250318 000000;0.6539;0.6539;0.613;0.6312;1171521.39
20250319 000000;0.6312;0.6469;0.6068;0.6451;1711408.02
20250320 000000;0.6451;0.6481;0.6029;0.6065;733527.92
20250321 000000;0.6065;0.6205;0.5962;0.6145;771503.83
20250322 000000;0.6145;0.6816;0.6135;0.6559;2950351.12
20250323 000000;0.6559;0.7048;0.6483;0.7001;2498776.13
20250324 000000;0.7001;0.7454;0.6608;0.7399;2433280.94
20250325 000000;0.7399;0.8241;0.7228;0.8235;6367670.41
20250326 000000;0.8235;0.8254;0.7631;0.7735;1592014.83
20250327 000000;0.7735;0.7915;0.7572;0.7708;700978.84
20250328 000000;0.7708;0.8043;0.6594;0.7307;3260330.5
20250329 000000;0.7307;0.7321;0.603;0.6159;1576748.27
20250330 000000;0.6159;0.6556;0.6053;0.6385;1701921.01
20250331 000000;0.6385;0.8232;0.6256;0.7128;11707888.44
20250401 000000;0.7128;0.7865;0.7053;0.7459;5728831.56
20250402 000000;0.7459;0.787;0.6793;0.6895;3465178.32
20250403 000000;0.6895;0.724;0.6701;0.7178;1935848.36
20250404 000000;0.7178;0.723;0.6569;0.6787;1839095
20250405 000000;0.6787;0.6992;0.6553;0.6625;1226081.91
20250406 000000;0.6625;0.6671;0.5589;0.5782;1586918.7
20250407 000000;0.5782;0.6095;0.5162;0.5815;1802842.12
20250408 000000;0.5815;0.6016;0.554;0.5597;1004237.95
20250409 000000;0.5597;0.6095;0.5377;0.6012;1276622.26
20250410 000000;0.6012;0.6029;0.5657;0.575;1006602.61
20250411 000000;0.575;0.6013;0.5704;0.5901;617548.56
20250412 000000;0.5901;0.6255;0.5853;0.6205;742748.92
20250413 000000;0.6205;0.6464;0.5654;0.5761;4834720.47
20250414 000000;0.5761;0.6514;0.5761;0.641;2295411.94
20250415 000000;0.641;0.7162;0.6357;0.7072;3896343.08
20250416 000000;0.7072;0.7504;0.7056;0.7419;1706749.54
20250417 000000;0.7419;0.8;0.6033;0.613;135106141.46
20250418 000000;0.613;0.6249;0.4819;0.4992;57758131.34
20250419 000000;0.4992;0.5024;0.4507;0.4644;15086712.38
20250420 000000;0.4644;0.4672;0.4041;0.4157;6430644.76
20250421 000000;0.4157;0.4258;0.3794;0.3817;6449434.83
20250422 000000;0.3817;0.3994;0.3722;0.3952;5341138.98
20250423 000000;0.3952;0.4093;0.3775;0.3903;4380650.21
20250424 000000;0.3903;0.3972;0.3774;0.3943;2525612.08
20250425 000000;0.3943;0.4034;0.3872;0.4002;3073545.41
20250426 000000;0.4002;0.4236;0.3923;0.4196;4389063.91
20250427 000000;0.4196;0.4202;0.3885;0.3893;2618599.26
20250428 000000;0.3893;0.3998;0.3743;0.3941;2160212.41
20250429 000000;0.3941;0.3997;0.385;0.3885;1639016.03
20250430 000000;0.3885;0.395;0.3785;0.3885;1526835.48
20250501 000000;0.3885;0.4033;0.3873;0.3952;1685117.55
20250502 000000;0.3952;0.4014;0.3806;0.3878;1377782.02
20250503 000000;0.3878;0.3896;0.313;0.3375;2979716.23
20250504 000000;0.3375;0.3454;0.3277;0.3454;1913804.6
20250505 000000;0.3454;0.3768;0.3384;0.3431;3992192.69
20250506 000000;0.3431;0.3528;0.3112;0.3239;2012085.99
20250507 000000;0.3239;0.3289;0.3049;0.3212;1434066.25
20250508 000000;0.3212;0.3533;0.3209;0.3479;1992607.05
20250509 000000;0.3479;0.3706;0.3451;0.3696;2405898.25
20250510 000000;0.3696;0.3948;0.3623;0.3943;2759138.46
20250511 000000;0.3943;0.398;0.3684;0.3783;2214784.8
20250512 000000;0.3783;0.3983;0.3728;0.3927;2803469.6
20250513 000000;0.3927;0.3966;0.3633;0.3958;2363460.01
20250514 000000;0.3958;0.3968;0.3734;0.3761;1610105.57
20250515 000000;0.3761;0.3807;0.3387;0.3467;2308983.39
20250516 000000;0.3467;0.3557;0.3361;0.341;1077849.63
20250517 000000;0.341;0.3424;0.3272;0.3384;1210961.7
20250518 000000;0.3384;0.3533;0.3252;0.3434;1554159.62
20250519 000000;0.3434;0.3438;0.3245;0.3386;1117274.42
20250520 000000;0.3386;0.3426;0.3273;0.3388;848276.11
20250521 000000;0.3388;0.3514;0.3331;0.3425;1949634.74
20250522 000000;0.3425;0.3542;0.3421;0.3509;1379231.3
20250523 000000;0.3509;0.3591;0.3259;0.3275;1829374.49
20250524 000000;0.3275;0.3368;0.3255;0.3288;786277.67
20250525 000000;0.3288;0.3302;0.3157;0.3285;781167.28
20250526 000000;0.3285;0.3337;0.322;0.3254;669238.29
20250527 000000;0.3254;0.34;0.3129;0.334;1250759.54
20250528 000000;0.334;0.3398;0.3167;0.3292;1115728.88
20250529 000000;0.3292;0.3414;0.322;0.3262;1186134.46
20250530 000000;0.3262;0.3282;0.2676;0.2708;2556520.42
20250531 000000;0.2708;0.2839;0.2651;0.2802;2665555.29
20250601 000000;0.2802;0.2884;0.2738;0.2859;842212.41
20250602 000000;0.2859;0.2943;0.2789;0.2914;2088765.51
20250603 000000;0.2914;0.2991;0.2887;0.2929;854421.56
20250604 000000;0.2929;0.302;0.279;0.2825;1096433.1
20250605 000000;0.2825;0.2905;0.2657;0.2709;1079481.46
20250606 000000;0.2709;0.2854;0.2698;0.2762;648259.14
20250607 000000;0.2762;0.2863;0.2735;0.2861;489134.07
20250608 000000;0.2861;0.2864;0.2777;0.281;482083.76
20250609 000000;0.281;0.3251;0.2743;0.3095;4063295.28
20250610 000000;0.3095;0.3096;0.2935;0.3089;1808270.51
20250611 000000;0.3089;0.3103;0.2889;0.2931;1055419.27
20250612 000000;0.2931;0.296;0.2684;0.2689;2302443.41
20250613 000000;0.2689;0.2693;0.2485;0.2577;1238765.6
20250614 000000;0.2577;0.2609;0.2497;0.2562;721633.1
20250615 000000;0.2562;0.2616;0.2495;0.2551;930494.62
20250616 000000;0.2551;0.2679;0.2525;0.2541;943251.24
20250617 000000;0.2541;0.2575;0.2323;0.2375;1095215.31
20250618 000000;0.2375;0.2419;0.2252;0.2382;3674369.95
20250619 000000;0.2382;0.2444;0.2337;0.2391;606271.7
20250620 000000;0.2391;0.2476;0.2295;0.2322;783362.63
20250621 000000;0.2322;0.243;0.2137;0.2195;1104053.46
20250622 000000;0.2195;0.2226;0.195;0.2076;1804508.39
20250623 000000;0.2076;0.2282;0.206;0.2277;1196396.48
20250624 000000;0.2277;0.2335;0.2256;0.2285;1042311.48
20250625 000000;0.2285;0.2305;0.216;0.2176;757071.46
20250626 000000;0.2176;0.2226;0.2074;0.2087;1110775.4
20250627 000000;0.2087;0.2128;0.2045;0.2088;957145.91
20250628 000000;0.2088;0.2178;0.2059;0.2159;1005765.38
20250629 000000;0.2159;0.2404;0.2112;0.2301;4001370.48
20250630 000000;0.2301;0.2321;0.2133;0.2198;1580066.56
20250701 000000;0.2198;0.2608;0.2065;0.2412;16462872.05
20250702 000000;0.2412;0.2551;0.2164;0.2549;6348963.59
20250703 000000;0.2549;0.2612;0.2373;0.247;5421450.6
20250704 000000;0.247;0.2498;0.2277;0.2321;2377805.38
20250705 000000;0.2321;0.2447;0.228;0.2332;3087788.18
20250706 000000;0.2332;0.2406;0.2277;0.2376;1087079.37
20250707 000000;0.2376;0.2609;0.2306;0.2591;4396751.98
20250708 000000;0.2591;0.2712;0.2418;0.2509;5551094.2
20250709 000000;0.2509;0.2573;0.244;0.2545;2196099.53
20250710 000000;0.2545;0.2715;0.2502;0.2674;2327172.79
20250711 000000;0.2674;0.3122;0.2632;0.2761;6860009.27
20250712 000000;0.2761;0.3036;0.2663;0.2986;3368638.5
20250713 000000;0.2986;0.2986;0.2707;0.2812;2516938.55
20250714 000000;0.2812;0.2972;0.2745;0.28;1707609.06
20250715 000000;0.28;0.2859;0.2661;0.2834;1724899.92
20250716 000000;0.2834;0.307;0.2769;0.2953;2717607.27
20250717 000000;0.2953;0.3039;0.2804;0.2896;3070009.91
20250718 000000;0.2896;0.3052;0.2799;0.2889;1895587.95
20250719 000000;0.2889;0.2969;0.2814;0.2935;890456.25
20250720 000000;0.2935;0.3102;0.2924;0.3029;1562344.37
20250721 000000;0.3029;0.3162;0.2962;0.3105;1557979.18
20250722 000000;0.3105;0.3132;0.291;0.3116;2767244.38
20250723 000000;0.3116;0.3157;0.2735;0.2841;3095925.89
20250724 000000;0.2841;0.2932;0.2655;0.2731;1928780.43
20250725 000000;0.2731;0.2806;0.2614;0.2796;1216883.86
20250726 000000;0.2796;0.2985;0.2773;0.2856;2312989.78
20250727 000000;0.2856;0.306;0.2821;0.3014;2318508.61
20250728 000000;0.3014;0.3249;0.2829;0.2859;4143142.25
20250729 000000;0.2859;0.2959;0.2708;0.2796;1531200.53
20250730 000000;0.2796;0.2797;0.2586;0.2763;1665348.11
20250731 000000;0.2763;0.2996;0.2617;0.265;5308661.26
20250801 000000;0.265;0.2674;0.244;0.2505;2498387.85
20250802 000000;0.2505;0.2569;0.2356;0.2421;1298737.42
20250803 000000;0.2421;0.255;0.2385;0.2531;962362.29
20250804 000000;0.2531;0.2627;0.2524;0.2611;1006891.95
20250805 000000;0.2611;0.2626;0.2437;0.2512;1325765.92
20250806 000000;0.2512;0.2689;0.2433;0.2587;1658296.55
20250807 000000;0.2587;0.2751;0.2559;0.2713;2929660.02
20250808 000000;0.2713;0.2757;0.2659;0.2731;1895768.43
20250809 000000;0.2731;0.2871;0.2725;0.2799;1457603.96
20250810 000000;0.2799;0.2861;0.2658;0.2751;1944719.47
20250811 000000;0.2751;0.2859;0.2533;0.2561;2644743.68
20250812 000000;0.2561;0.275;0.2453;0.2712;1991611.98
20250813 000000;0.2712;0.2803;0.2683;0.2784;2026418.21
20250814 000000;0.2784;0.2824;0.2477;0.2539;2057053.34
20250815 000000;0.2539;0.2613;0.2453;0.2538;1245703.66
20250816 000000;0.2538;0.2681;0.2538;0.2654;942131.58
20250817 000000;0.2654;0.273;0.2639;0.2668;961091.19
20250818 000000;0.2668;0.267;0.249;0.2543;1127362.17
20250819 000000;0.2543;0.2589;0.245;0.2455;1417246.5
20250820 000000;0.2455;0.2625;0.2451;0.2598;1189869.28
20250821 000000;0.2598;0.2622;0.2471;0.2502;1011693.22
20250822 000000;0.2502;0.2735;0.2398;0.2723;1519018.18
20250823 000000;0.2723;0.273;0.263;0.267;809349.67
20250824 000000;0.267;0.2696;0.2553;0.2576;1336802.46
20250825 000000;0.2576;0.2613;0.2314;0.2358;1696524.42
20250826 000000;0.2358;0.2503;0.2338;0.2492;1124686.27
20250827 000000;0.2492;0.2544;0.2466;0.2498;1223386.05
20250828 000000;0.2498;0.2575;0.2481;0.2567;957826.26
20250829 000000;0.2567;0.2571;0.2378;0.244;1227805.97
20250830 000000;0.244;0.2528;0.2406;0.2476;725044.37
20250831 000000;0.2476;0.2548;0.2408;0.2408;747600.52
20250901 000000;0.2408;0.2481;0.232;0.2374;1199892.01
20250902 000000;0.2374;0.2431;0.2344;0.242;892118.45
20250903 000000;0.242;0.245;0.2374;0.2433;804231.93
20250904 000000;0.2433;0.2438;0.2323;0.2349;994843.55
20250905 000000;0.2349;0.2421;0.2332;0.2385;1130114.79
20250906 000000;0.2385;0.2402;0.2349;0.2383;646560.99
20250907 000000;0.2383;0.2437;0.2381;0.2426;696138.57
20250908 000000;0.2426;0.2499;0.2411;0.2474;991105.81
20250909 000000;0.2474;0.2575;0.2434;0.2485;1573082.77
20250910 000000;0.2485;0.2578;0.2464;0.257;1258422.32
20250911 000000;0.257;0.2597;0.2516;0.2589;965559.19
20250912 000000;0.2589;0.2647;0.2539;0.2636;1113931.02
20250913 000000;0.2636;0.272;0.2606;0.2704;1146618.24
20250914 000000;0.2704;0.2715;0.2544;0.2577;1242706.91
20250915 000000;0.2577;0.2626;0.2434;0.2485;1291556.33
20250916 000000;0.2485;0.2573;0.2417;0.2548;919219.44
20250917 000000;0.2548;0.2605;0.2451;0.2589;3020655.3
20250918 000000;0.2589;0.2673;0.2563;0.2635;1266775.06
20250919 000000;0.2635;0.267;0.2527;0.2542;1302071.16
20250920 000000;0.2542;0.2607;0.2509;0.2599;933875.64
20250921 000000;0.2599;0.2767;0.259;0.2647;2683942.39
20250922 000000;0.2647;0.2653;0.2294;0.2379;2211192.79
20250923 000000;0.2379;0.2427;0.2295;0.2366;1149055.05
20250924 000000;0.2366;0.2413;0.2298;0.2372;1087982.47
20250925 000000;0.2372;0.2378;0.2171;0.2198;1216675.84
20250926 000000;0.2198;0.2377;0.2195;0.2351;1327335.71
20250927 000000;0.2351;0.2407;0.2317;0.2372;918900.13
20250928 000000;0.2372;0.2418;0.2301;0.2413;1260095.25
20250929 000000;0.2413;0.2428;0.2315;0.2372;789250.96
20250930 000000;0.2372;0.2376;0.2291;0.2356;923180.73
20251001 000000;0.2356;0.2432;0.2309;0.243;796950.47
20251002 000000;0.243;0.2513;0.2425;0.248;737598.83
20251003 000000;0.248;0.252;0.243;0.2481;2033215.03
20251004 000000;0.2481;0.2485;0.2374;0.2398;851349.55
20251005 000000;0.2398;0.2475;0.2379;0.2401;808639.86
20251006 000000;0.2401;0.2498;0.239;0.247;653180.72
20251007 000000;0.247;0.2513;0.2366;0.2378;1074628.14
20251008 000000;0.2378;0.2417;0.2343;0.2386;1057699.84
20251009 000000;0.2386;0.2388;0.2249;0.2324;843089.32
20251010 000000;0.2324;0.2379;0.0881;0.1538;4741692.71
20251011 000000;0.1538;0.2995;0.1473;0.2162;30868774.98
20251012 000000;0.2162;0.2304;0.1929;0.2126;16078715.34
20251013 000000;0.2126;0.335;0.2052;0.2787;20000081.51
20251014 000000;0.2787;0.3215;0.2457;0.257;14307503.77
20251015 000000;0.257;0.3579;0.2492;0.3186;17789822.11
20251016 000000;0.3186;0.7131;0.2681;0.3288;68537517.17
20251017 000000;0.3288;0.3294;0.2605;0.28;24405066.24
20251018 000000;0.28;0.2935;0.2662;0.2715;8114111.97
20251019 000000;0.2715;0.2747;0.2565;0.2568;5588230.29
20251020 000000;0.2568;0.2599;0.2391;0.2481;6894320.9
20251021 000000;0.2481;0.2492;0.218;0.2195;4033811.59
20251022 000000;0.2195;0.2248;0.2051;0.2131;3576976.17
20251023 000000;0.2131;0.2838;0.2099;0.269;16282579.27
20251024 000000;0.269;0.3041;0.2504;0.2618;19167755.96
20251025 000000;0.2618;0.2655;0.2376;0.2394;4899251.18
20251026 000000;0.2394;0.2439;0.2338;0.2374;3237170.33
20251027 000000;0.2374;0.2419;0.2281;0.2315;2368125.43
20251028 000000;0.2315;0.2328;0.2177;0.2225;1746022.72
20251029 000000;0.2225;0.2239;0.2084;0.2125;1939059.49
20251030 000000;0.2125;0.2393;0.2004;0.2102;7769400.53
20251031 000000;0.2102;0.2294;0.2041;0.2123;5758747.63
20251101 000000;0.2123;0.2266;0.2095;0.2191;3063789.38
20251102 000000;0.2191;0.2204;0.2076;0.2166;1620613.02
20251103 000000;0.2166;0.2169;0.1753;0.1913;3057146.26
20251104 000000;0.1913;0.231;0.1733;0.1933;6195409.39
20251105 000000;0.1933;0.1935;0.1782;0.1892;2313457.8
20251106 000000;0.1892;0.1894;0.1767;0.1823;2040232.46
20251107 000000;0.1823;0.2006;0.1751;0.1936;2034482.74
20251108 000000;0.1936;0.1993;0.1869;0.1946;1949073.72
20251109 000000;0.1946;0.2041;0.184;0.192;2995638.52
20251110 000000;0.192;0.198;0.1909;0.1942;1629045.23
20251111 000000;0.1942;0.1968;0.1834;0.1835;1399414.77
20251112 000000;0.1835;0.1908;0.1767;0.1817;973259.64
20251113 000000;0.1817;0.1865;0.1696;0.1753;1086431.95
20251114 000000;0.1753;0.1757;0.1645;0.1713;1139560.28
20251115 000000;0.1713;0.182;0.1706;0.1751;1403095.06
20251116 000000;0.1751;0.1789;0.1668;0.1743;986121.57
20251117 000000;0.1743;0.1774;0.1654;0.1689;1028136.46
20251118 000000;0.1689;0.1741;0.1648;0.1705;934850.17
20251119 000000;0.1705;0.1732;0.16;0.168;1136680.52
20251120 000000;0.168;0.1771;0.1603;0.165;1404320.05
20251121 000000;0.165;0.1715;0.1443;0.1563;2654672.1
20251122 000000;0.1563;0.1615;0.1491;0.1572;1832986.53
20251123 000000;0.1572;0.1619;0.1546;0.1558;1313277.53
20251124 000000;0.1558;0.1616;0.1533;0.1588;971751.61
20251125 000000;0.1588;0.1614;0.1561;0.1605;987469.28
20251126 000000;0.1605;0.1608;0.1546;0.1588;1093854.34
20251127 000000;0.1588;0.1597;0.1535;0.1542;1276084.46
20251128 000000;0.1542;0.1547;0.1471;0.1503;1650238.67
20251129 000000;0.1503;0.1536;0.1466;0.1473;1365862.41
20251130 000000;0.1473;0.1512;0.1454;0.1475;831052.71
20251201 000000;0.1475;0.1482;0.1345;0.1375;1907859.15
20251202 000000;0.1375;0.1481;0.1356;0.1459;1706022.64
20251203 000000;0.1459;0.152;0.1449;0.15;1186373.83
20251204 000000;0.15;0.1514;0.1417;0.1441;718007.02
20251205 000000;0.1441;0.1466;0.1368;0.14;869910.14
20251206 000000;0.14;0.1494;0.1389;0.1462;1291915
20251207 000000;0.1462;0.1483;0.1379;0.1401;1339035.32
20251208 000000;0.1401;0.1482;0.1396;0.1434;1683709.14
20251209 000000;0.1434;0.1511;0.1408;0.1465;966757.91
20251210 000000;0.1465;0.1477;0.1413;0.1423;1009008.62
20251211 000000;0.1423;0.1432;0.1351;0.1403;842151.81
20251212 000000;0.1403;0.1408;0.1314;0.1358;1079676.26
20251213 000000;0.1358;0.1381;0.1354;0.1372;497724.13
20251214 000000;0.1372;0.1375;0.1288;0.1303;584507.73
20251215 000000;0.1303;0.1341;0.123;0.1286;983894.03
20251216 000000;0.1286;0.1295;0.1255;0.1278;750123.32
20251217 000000;0.1278;0.1329;0.1212;0.1222;1219542.49
20251218 000000;0.1222;0.125;0.1137;0.1173;804466.36
20251219 000000;0.1173;0.1257;0.1162;0.1252;769129.63
20251220 000000;0.1252;0.134;0.1239;0.13;1757234.17
20251221 000000;0.13;0.1302;0.1219;0.1241;1174993.49
20251222 000000;0.1241;0.1281;0.1228;0.1248;730405.8
20251223 000000;0.1248;0.1288;0.1214;0.1275;785215.63
20251224 000000;0.1275;0.1279;0.1205;0.1249;859813.35
20251225 000000;0.1249;0.1329;0.1247;0.1264;1286160.76
20251226 000000;0.1264;0.1293;0.1239;0.1268;811873.59
20251227 000000;0.1268;0.1343;0.1267;0.1302;1332942.66
20251228 000000;0.1302;0.1315;0.1252;0.1267;766984.08
20251229 000000;0.1267;0.1367;0.126;0.1278;1613957
20251230 000000;0.1278;0.1441;0.1262;0.131;6222889.77
20251231 000000;0.131;0.1314;0.1217;0.1283;1650094.06
