20250101 000000;0.006398;0.006537;0.00618;0.006483;297549293.22
20250102 000000;0.006483;0.006769;0.006434;0.006708;421388591.79
20250103 000000;0.006708;0.007095;0.006523;0.007027;401286523.32
20250104 000000;0.007027;0.007099;0.006773;0.006956;218884571.39
20250105 000000;0.006956;0.007033;0.006715;0.006982;177932836.43
20250106 000000;0.006982;0.007202;0.006788;0.006988;333611229.41
20250107 000000;0.006988;0.007044;0.006033;0.006059;599398456.8
20250108 000000;0.006059;0.006134;0.005457;0.005667;737777539.2
20250109 000000;0.005667;0.005768;0.005356;0.005542;391403573.81
20250110 000000;0.005542;0.005819;0.005541;0.005757;340364054.24
20250111 000000;0.005757;0.005876;0.005672;0.005748;107473418.87
20250112 000000;0.005748;0.005785;0.005575;0.005647;119058662.35
20250113 000000;0.005647;0.005788;0.00483;0.005153;665254242.87
20250114 000000;0.005153;0.005497;0.005125;0.005426;272357306.43
20250115 000000;0.005426;0.005891;0.005283;0.005859;423065595.56
20250116 000000;0.005859;0.005905;0.005536;0.005653;449773637.3
20250117 000000;0.005653;0.006153;0.005653;0.006103;302981223.29
20250118 000000;0.006103;0.006248;0.005529;0.005666;943445700.34
20250119 000000;0.005666;0.0058;0.004507;0.004657;3222480928.23
20250120 000000;0.004657;0.004668;0.003878;0.00403;3830247411.74
20250121 000000;0.00403;0.004272;0.003762;0.004145;858231499.31
20250122 000000;0.004145;0.004307;0.004108;0.004177;623705476.53
20250123 000000;0.004177;0.004214;0.003868;0.004029;666408416.47
20250124 000000;0.004029;0.004128;0.003741;0.003765;506239426.62
20250125 000000;0.003765;0.003931;0.003594;0.00385;419581854.67
20250126 000000;0.00385;0.003949;0.003652;0.003657;297359259.4
20250127 000000;0.003657;0.003657;0.003175;0.003456;776294635.28
20250128 000000;0.003456;0.003543;0.002958;0.00299;318506987.49
20250129 000000;0.00299;0.003455;0.002968;0.003244;843967034.92
20250130 000000;0.003244;0.003425;0.003201;0.003301;390251533.8
20250131 000000;0.003301;0.003668;0.003265;0.0033;701351246.47
20250201 000000;0.0033;0.003413;0.002792;0.002821;419123808.66
20250202 000000;0.002821;0.002933;0.002194;0.002357;2115407544.83
20250203 000000;0.002357;0.002433;0.001683;0.002378;4318788909.75
20250204 000000;0.002378;0.0024;0.002104;0.002241;1391677267.52
20250205 000000;0.002241;0.002338;0.002135;0.002186;773352759.86
20250206 000000;0.002186;0.002227;0.00193;0.001955;876985324.77
20250207 000000;0.001955;0.002133;0.001848;0.00194;920763197.26
20250208 000000;0.00194;0.002142;0.001929;0.002096;810100071.33
20250209 000000;0.002096;0.002181;0.00191;0.00204;597955163.59
20250210 000000;0.00204;0.00215;0.001965;0.002097;739304139.32
20250211 000000;0.002097;0.002207;0.001982;0.002028;809336182.56
20250212 000000;0.002028;0.002268;0.001928;0.002242;1151325797.08
20250213 000000;0.002242;0.002308;0.002154;0.002173;651129584.13
20250214 000000;0.002173;0.002568;0.00216;0.002367;955990542.43
20250215 000000;0.002367;0.002374;0.002165;0.002189;532841162.63
20250216 000000;0.002189;0.002216;0.002043;0.002103;619041326.76
20250217 000000;0.002103;0.002144;0.001925;0.002;720735000.18
20250218 000000;0.002;0.002012;0.001779;0.001884;913707542.94
20250219 000000;0.001884;0.002012;0.001854;0.001931;585635823.71
20250220 000000;0.001931;0.002017;0.001901;0.002003;628742095.62
20250221 000000;0.002003;0.00217;0.001952;0.001983;903348218.58
20250222 000000;0.001983;0.002267;0.001961;0.002218;849025589.97
20250223 000000;0.002218;0.002226;0.00206;0.002103;541966571.52
20250224 000000;0.002103;0.002123;0.001618;0.001687;2206712087.57
20250225 000000;0.001687;0.001855;0.001587;0.001813;2653545069.65
20250226 000000;0.001813;0.001897;0.001743;0.001859;1087211520.98
20250227 000000;0.001859;0.001955;0.001807;0.001871;934707575.6
20250228 000000;0.001871;0.00197;0.001685;0.001923;2560486429.44
20250301 000000;0.001923;0.00195;0.001761;0.001825;572409168.54
20250302 000000;0.001825;0.002142;0.001813;0.002119;1861192122.07
20250303 000000;0.002119;0.002123;0.001686;0.001736;1818588232.94
20250304 000000;0.001736;0.001758;0.00151;0.001664;2576134343.82
20250305 000000;0.001664;0.001725;0.001601;0.001691;711030175.92
20250306 000000;0.001691;0.001715;0.001574;0.001598;587827935.37
20250307 000000;0.001598;0.001675;0.001496;0.001566;989216479.43
20250308 000000;0.001566;0.001577;0.001363;0.001433;822362581.93
20250309 000000;0.001433;0.00145;0.001216;0.001257;1351208426.01
20250310 000000;0.001257;0.001416;0.001221;0.001264;1833613101.43
20250311 000000;0.001264;0.001379;0.00115;0.001324;2749045791.06
20250312 000000;0.001324;0.001394;0.001293;0.001376;1779315313.45
20250313 000000;0.001376;0.001427;0.001307;0.001355;1336348232.06
20250314 000000;0.001355;0.001464;0.001349;0.001412;1776443258.23
20250315 000000;0.001412;0.001477;0.0014;0.001468;1311741737.46
20250316 000000;0.001468;0.001482;0.001352;0.001367;2440159496.24
20250317 000000;0.001367;0.00147;0.001363;0.001451;2778687357.67
20250318 000000;0.001451;0.001453;0.00133;0.001386;3377597663.71
20250319 000000;0.001386;0.001445;0.001358;0.001439;1788239896.86
20250320 000000;0.001439;0.001455;0.001366;0.001402;1032544742.11
20250321 000000;0.001402;0.001439;0.001316;0.001353;1458984114.7
20250322 000000;0.001353;0.001621;0.001344;0.001427;2093852799.25
20250323 000000;0.001427;0.001516;0.001414;0.001483;2121326729.67
20250324 000000;0.001483;0.00184;0.001448;0.001569;6356945308.54
20250325 000000;0.001569;0.001625;0.001515;0.00162;2560724304.4
20250326 000000;0.00162;0.001719;0.001572;0.001603;2422832045.55
20250327 000000;0.001603;0.001673;0.001545;0.001578;2246341776.61
20250328 000000;0.001578;0.001605;0.001386;0.001409;1785461348.56
20250329 000000;0.001409;0.00143;0.001294;0.001321;1972845213.43
20250330 000000;0.001321;0.001355;0.001287;0.001321;1377073290.3
20250331 000000;0.001321;0.001371;0.001284;0.00132;1563487834.65
20250401 000000;0.00132;0.001383;0.001262;0.001273;1340682525.32
20250402 000000;0.001273;0.001299;0.001144;0.001161;4368455072.38
20250403 000000;0.001161;0.001208;0.001079;0.001131;2922010014.71
20250404 000000;0.001131;0.001168;0.001083;0.001149;3557199376.57
20250405 000000;0.001149;0.001167;0.001111;0.00113;2083933438.43
20250406 000000;0.00113;0.001135;0.000957;0.000986;3817001510.39
20250407 000000;0.000986;0.001078;0.00089;0.001032;10291903120.84
20250408 000000;0.001032;0.00107;0.000967;0.000986;3261708557.43
20250409 000000;0.000986;0.001129;0.000941;0.001109;2254679384.69
20250410 000000;0.001109;0.001123;0.0010309;0.0010763;1572995071.48
20250411 000000;0.0010763;0.0011587;0.0010677;0.0011388;2666262301.76
20250412 000000;0.0011388;0.0012059;0.0011134;0.0012023;1710323362.4
20250413 000000;0.0012023;0.0012056;0.0010991;0.0011177;1666752453.4
20250414 000000;0.0011177;0.0011686;0.0011058;0.0011156;1321478634.76
20250415 000000;0.0011156;0.00114;0.0010792;0.0010959;1557256577.55
20250416 000000;0.0010959;0.0011069;0.001039;0.0010776;2004468624.71
20250417 000000;0.0010776;0.0011373;0.0010697;0.001119;1885447581.17
20250418 000000;0.001119;0.0012352;0.0011102;0.0012225;1658112930.88
20250419 000000;0.0012225;0.0012436;0.001184;0.0012274;1024601244.19
20250420 000000;0.0012274;0.0013034;0.0012121;0.0012694;1154879346.75
20250421 000000;0.0012694;0.0013301;0.0012573;0.0012659;949929508.49
20250422 000000;0.0012659;0.0014205;0.00124;0.0014138;867945940.42
20250423 000000;0.0014138;0.0015406;0.0014096;0.0014755;1564874676.31
20250424 000000;0.0014755;0.0015125;0.001375;0.0014942;944630614.37
20250425 000000;0.0014942;0.0016182;0.0014675;0.0016074;1128555331.12
20250426 000000;0.0016074;0.0017381;0.0015396;0.0016728;1907623874.72
20250427 000000;0.0016728;0.0016744;0.0014857;0.0015097;1238022753.34
20250428 000000;0.0015097;0.0016345;0.0014572;0.0015834;1074153452
20250429 000000;0.0015834;0.0016028;0.0014752;0.001502;597486049.7
20250430 000000;0.001502;0.001594;0.0014701;0.0015898;594316607.8
20250501 000000;0.0015898;0.0016321;0.0015601;0.0015779;503990667.79
20250502 000000;0.0015779;0.001623;0.0015408;0.0016053;952182881.01
20250503 000000;0.0016053;0.0016077;0.0014266;0.0014282;620577881.04
20250504 000000;0.0014282;0.0014418;0.0013741;0.001392;572822737.5
20250505 000000;0.001392;0.0014201;0.0013428;0.0013704;377865148.67
20250506 000000;0.0013704;0.0014053;0.0013046;0.0013579;530132668.96
20250507 000000;0.0013579;0.0014057;0.0013291;0.0013942;721994586.19
20250508 000000;0.0013942;0.0016709;0.0013886;0.0016372;664554224.93
20250509 000000;0.0016372;0.0020971;0.0016351;0.0020493;4008867485.34
20250510 000000;0.0020493;0.0023657;0.0019915;0.0022014;4459400779.87
20250511 000000;0.0022014;0.0023115;0.0020143;0.0021789;2971760891.92
20250512 000000;0.0021789;0.0027685;0.0021642;0.0023191;5160436066.45
20250513 000000;0.0023191;0.0032274;0.0021171;0.0030223;4344211338.51
20250514 000000;0.0030223;0.0031649;0.0026243;0.0026726;3127356155.2
20250515 000000;0.0026726;0.002817;0.0022979;0.0023707;3090454902.78
20250516 000000;0.0023707;0.0024478;0.0021711;0.0021932;2571732747.96
20250517 000000;0.0021932;0.0022035;0.0020406;0.0020916;2045010739.93
20250518 000000;0.0020916;0.0024542;0.0020782;0.0023434;3887966942.83
20250519 000000;0.0023434;0.0023486;0.0020384;0.0022352;2512654157.8
20250520 000000;0.0022352;0.0022958;0.0020767;0.0022236;1294751656.74
20250521 000000;0.0022236;0.0024869;0.0021621;0.0023376;2293692917.34
20250522 000000;0.0023376;0.002625;0.0023333;0.0026141;2320139458.73
20250523 000000;0.0026141;0.0028079;0.0022393;0.0022609;2547877247.39
20250524 000000;0.0022609;0.0023591;0.0022283;0.0022928;1076931200.86
20250525 000000;0.0022928;0.0023264;0.0020942;0.0022836;883841495.07
20250526 000000;0.0022836;0.0024031;0.0022239;0.0022438;945487499.32
20250527 000000;0.0022438;0.0023892;0.0021663;0.0022957;821549606.03
20250528 000000;0.0022957;0.0023848;0.0021897;0.002301;757995879.36
20250529 000000;0.002301;0.0024007;0.0021497;0.0021615;1110288215.98
20250530 000000;0.0021615;0.002178;0.001751;0.0017679;1721536635.52
20250531 000000;0.0017679;0.001871;0.0016676;0.0018401;1856616763.08
20250601 000000;0.0018401;0.0019536;0.0017698;0.0019221;1170320362.47
20250602 000000;0.0019221;0.0019827;0.0018095;0.0019493;1521902363.23
20250603 000000;0.0019493;0.0020465;0.001933;0.0019536;1268621488.23
20250604 000000;0.0019536;0.0020106;0.00182;0.0018428;1234411185.56
20250605 000000;0.0018428;0.0018899;0.0016367;0.0016646;1356614816.57
20250606 000000;0.0016646;0.0018298;0.0016592;0.0017035;1689532406.83
20250607 000000;0.0017035;0.0018499;0.0016994;0.0018089;1167812300.21
20250608 000000;0.0018089;0.0018777;0.0017444;0.0018295;992015343.01
20250609 000000;0.0018295;0.001986;0.0017808;0.0019779;1201790263.05
20250610 000000;0.0019779;0.0020729;0.001936;0.0020512;1618885474.88
20250611 000000;0.0020512;0.002063;0.0018695;0.0018857;1447155627.93
20250612 000000;0.0018857;0.0018864;0.0016884;0.0016978;1611255933.89
20250613 000000;0.0016978;0.0016978;0.0015288;0.0016501;2395967981.24
20250614 000000;0.0016501;0.0016649;0.0015708;0.00161;1350951471.46
20250615 000000;0.00161;0.0016328;0.0015714;0.0016233;920372907.17
20250616 000000;0.0016233;0.0017148;0.0016036;0.0016134;1217771874.48
20250617 000000;0.0016134;0.0016517;0.0014836;0.0015324;1900047108.28
20250618 000000;0.0015324;0.0015696;0.0014432;0.0015484;1437778827.72
20250619 000000;0.0015484;0.001574;0.0014964;0.0015267;916532010.52
20250620 000000;0.0015267;0.0015657;0.0014164;0.0014564;1376069390.84
20250621 000000;0.0014564;0.0014925;0.001318;0.0013672;1615953986.61
20250622 000000;0.0013672;0.0013929;0.0012263;0.0013018;2014543113.66
20250623 000000;0.0013018;0.001495;0.0012943;0.0014898;1977440918.77
20250624 000000;0.0014898;0.0015516;0.0014764;0.001516;1263514737.78
20250625 000000;0.001516;0.0015373;0.0014383;0.0014504;1314653557.63
20250626 000000;0.0014504;0.0015156;0.0013809;0.0013947;1611254934.45
20250627 000000;0.0013947;0.0014528;0.0013698;0.0014389;1645161202.31
20250628 000000;0.0014389;0.0015617;0.0014193;0.0015347;1232071090.43
20250629 000000;0.0015347;0.0016574;0.0015105;0.0016297;1301121376.93
20250630 000000;0.0016297;0.0016409;0.0015319;0.0015608;1804600243.07
20250701 000000;0.0015608;0.0015691;0.0014247;0.0014363;1686632320.43
20250702 000000;0.0014363;0.0016908;0.0014151;0.0016417;2610961718.73
20250703 000000;0.0016417;0.0017135;0.0015832;0.0016406;2246182971.67
20250704 000000;0.0016406;0.0016689;0.0014867;0.0015209;1815571048.97
20250705 000000;0.0015209;0.0015617;0.0014686;0.0015106;1681235970.25
20250706 000000;0.0015106;0.0016362;0.0014884;0.0015884;1781003231.14
20250707 000000;0.0015884;0.0016382;0.0015296;0.0015499;1760078198.06
20250708 000000;0.0015499;0.0016073;0.0015144;0.0015858;1240452183.7
20250709 000000;0.0015858;0.0017057;0.0015527;0.0016944;1636211703.96
20250710 000000;0.0016944;0.0019531;0.0016643;0.0019121;2621397410.83
20250711 000000;0.0019121;0.0020183;0.0018137;0.0018523;2845645346.82
20250712 000000;0.0018523;0.0018711;0.0016938;0.0017752;1789807315.1
20250713 000000;0.0017752;0.0018594;0.0017606;0.0018025;1145819535.46
20250714 000000;0.0018025;0.0019443;0.001758;0.0017872;1796288838.15
20250715 000000;0.0017872;0.0019;0.0017036;0.0018994;1724980694.59
20250716 000000;0.0018994;0.0023315;0.0018925;0.0021467;4281565457.05
20250717 000000;0.0021467;0.002472;0.0020778;0.0023135;4462822285.48
20250718 000000;0.0023135;0.0024889;0.0022143;0.0022903;2973382176.71
20250719 000000;0.0022903;0.002368;0.0020978;0.0022134;1668200102.98
20250720 000000;0.0022134;0.0024097;0.0021933;0.0023129;1883826600.32
20250721 000000;0.0023129;0.0025028;0.0022426;0.0024589;2231941041.37
20250722 000000;0.0024589;0.0025925;0.0021933;0.0023552;2824830516.27
20250723 000000;0.0023552;0.0023552;0.0019843;0.0020781;2210900600.43
20250724 000000;0.0020781;0.0021212;0.0019006;0.0019853;1594376658.4
20250725 000000;0.0019853;0.0021032;0.0019086;0.0021029;1554092784.11
20250726 000000;0.0021029;0.002116;0.0020507;0.0020585;1112219662.89
20250727 000000;0.0020585;0.0022475;0.0020492;0.0022055;1429941967.5
20250728 000000;0.0022055;0.0022889;0.0019746;0.0020008;2071590269.25
20250729 000000;0.0020008;0.0020893;0.0019;0.0019458;1422653618.16
20250730 000000;0.0019458;0.0019657;0.0018012;0.0019153;1083192465.77
20250731 000000;0.0019153;0.0019788;0.0018018;0.0018102;1588090362.57
20250801 000000;0.0018102;0.0018276;0.0016933;0.0017605;2108229411.17
20250802 000000;0.0017605;0.0017989;0.0016515;0.0017076;1511180493.33
20250803 000000;0.0017076;0.0017947;0.0016854;0.0017795;603166156.93
20250804 000000;0.0017795;0.0018489;0.0017684;0.0018383;864919922.99
20250805 000000;0.0018383;0.0018409;0.0016584;0.001708;1197230118.85
20250806 000000;0.001708;0.0017796;0.0016507;0.0017525;968584320.12
20250807 000000;0.0017525;0.0018619;0.0017391;0.0018576;725397700.79
20250808 000000;0.0018576;0.0019277;0.0018257;0.0018875;872525170.12
20250809 000000;0.0018875;0.0020142;0.0018694;0.0019803;870787957.57
20250810 000000;0.0019803;0.0020343;0.001884;0.0019807;745666300.1
20250811 000000;0.0019807;0.0020308;0.0017915;0.0018074;961734429.66
20250812 000000;0.0018074;0.0020149;0.0017795;0.0019894;813852541.2
20250813 000000;0.0019894;0.0022493;0.0019894;0.0021304;2143214225.69
20250814 000000;0.0021304;0.0021924;0.0018258;0.0018672;1459786240.9
20250815 000000;0.0018672;0.0019173;0.0017625;0.0018157;873840860.71
20250816 000000;0.0018157;0.0018937;0.0018086;0.0018845;931727225.26
20250817 000000;0.0018845;0.001954;0.0018515;0.0018686;1336355571.62
20250818 000000;0.0018686;0.0018722;0.0017566;0.0018004;1666038216.12
20250819 000000;0.0018004;0.0018339;0.0016992;0.0017133;1897092723.84
20250820 000000;0.0017133;0.0018877;0.0017024;0.0018633;1586212502.38
20250821 000000;0.0018633;0.0018889;0.0017734;0.0017889;1501088374.94
20250822 000000;0.0017889;0.0021213;0.0017032;0.0021213;2401014074.65
20250823 000000;0.0021213;0.0024562;0.0019947;0.0023002;7046068439.45
20250824 000000;0.0023002;0.0025496;0.0021151;0.0021623;6409282737.87
20250825 000000;0.0021623;0.0024899;0.0019315;0.0019766;5913117200.36
20250826 000000;0.0019766;0.0020384;0.001948;0.0019587;2547454292.78
20250827 000000;0.0019587;0.0020814;0.0019494;0.0019752;2637980331.5
20250828 000000;0.0019752;0.0021122;0.0019426;0.0021105;1569937427.01
20250829 000000;0.0021105;0.0021162;0.0018832;0.0019449;2070990949.17
20250830 000000;0.0019449;0.0019908;0.0019049;0.0019515;742025339.26
20250831 000000;0.0019515;0.0019943;0.0019032;0.0019038;812157930.67
20250901 000000;0.0019038;0.0019497;0.0017609;0.0018099;1250903781.67
20250902 000000;0.0018099;0.0019411;0.0018017;0.0019329;972129104.71
20250903 000000;0.0019329;0.0019722;0.0019044;0.0019528;659341567.06
20250904 000000;0.0019528;0.0019638;0.0018329;0.0018464;701500771.37
20250905 000000;0.0018464;0.0019695;0.0018447;0.0019178;1326050324.54
20250906 000000;0.0019178;0.0019237;0.0018675;0.0019048;687982662.74
20250907 000000;0.0019048;0.0019637;0.0019029;0.0019365;782112103.96
20250908 000000;0.0019365;0.0020603;0.0019267;0.0020327;1119123910.59
20250909 000000;0.0020327;0.0020869;0.0019507;0.0020071;1017400155.65
20250910 000000;0.0020071;0.0020999;0.0019864;0.0020493;1286148037.12
20250911 000000;0.0020493;0.00208;0.0019809;0.0020735;935313364.96
20250912 000000;0.0020735;0.002263;0.0020515;0.002252;1048023819.43
20250913 000000;0.002252;0.0023357;0.0022086;0.0022575;1315724766.04
20250914 000000;0.0022575;0.0022661;0.0021047;0.0021317;657171503.45
20250915 000000;0.0021317;0.0021589;0.0019335;0.0019978;930377895.99
20250916 000000;0.0019978;0.0020688;0.0019643;0.0020525;514101080.01
20250917 000000;0.0020525;0.0021767;0.0019955;0.002156;1038800876.12
20250918 000000;0.002156;0.0021992;0.0020952;0.0021498;571689487.4
20250919 000000;0.0021498;0.0021732;0.0019894;0.0020128;590154022.35
20250920 000000;0.0020128;0.0020509;0.001991;0.0020287;356752167.5
20250921 000000;0.0020287;0.0020657;0.0019752;0.0019818;409287906.93
20250922 000000;0.0019818;0.0019934;0.0016844;0.001738;1521170757.98
20250923 000000;0.001738;0.0017512;0.0016832;0.0017032;880228180.91
20250924 000000;0.0017032;0.0017449;0.00164;0.0016927;895777498.79
20250925 000000;0.0016927;0.0016994;0.0015353;0.001576;1301402635.39
20250926 000000;0.001576;0.0016676;0.0015675;0.0016624;973776735.42
20250927 000000;0.0016624;0.0016707;0.0016183;0.0016285;629770212.23
20250928 000000;0.0016285;0.0016723;0.0015766;0.0016691;521958081.05
20250929 000000;0.0016691;0.0016698;0.0015368;0.0016169;810802932.28
20250930 000000;0.0016169;0.0016369;0.0015498;0.0016196;882599077.98
20251001 000000;0.0016196;0.0017091;0.0015849;0.0016977;915772849.64
20251002 000000;0.0016977;0.0017787;0.0016788;0.0017637;568241100.64
20251003 000000;0.0017637;0.001821;0.0017143;0.0017808;938678916.85
20251004 000000;0.0017808;0.0018309;0.0016726;0.0017137;675541189.35
20251005 000000;0.0017137;0.0018004;0.0016854;0.0016977;981275271.83
20251006 000000;0.0016977;0.0017987;0.0016792;0.0017789;780411628.7
20251007 000000;0.0017789;0.0018218;0.0016211;0.0016266;1434455286.82
20251008 000000;0.0016266;0.0017629;0.0015929;0.0017247;1024882369.21
20251009 000000;0.0017247;0.0017294;0.0015823;0.0016257;904430520.16
20251010 000000;0.0016257;0.001662;0.000377;0.0010012;3598228581.7
20251011 000000;0.0010012;0.0011058;0.0009659;0.0010113;4799322612.52
20251012 000000;0.0010113;0.001223;0.0009984;0.0011869;3180359696.5
20251013 000000;0.0011869;0.0012756;0.0011608;0.0012652;2577085171.67
20251014 000000;0.0012652;0.0012733;0.0011078;0.0011994;1401773389.8
20251015 000000;0.0011994;0.001224;0.0010909;0.0011104;1258679724.16
20251016 000000;0.0011104;0.0011628;0.0010533;0.0010825;1919700970.52
20251017 000000;0.0010825;0.0011077;0.0009752;0.0010424;2933369515.07
20251018 000000;0.0010424;0.0011343;0.0010387;0.0010604;1680574599.93
20251019 000000;0.0010604;0.0011134;0.0010387;0.0010864;1679136119.35
20251020 000000;0.0010864;0.0011549;0.0010625;0.0011106;1542680418.21
20251021 000000;0.0011106;0.0011487;0.00105;0.001057;2221981770.2
20251022 000000;0.001057;0.0010644;0.0009766;0.0010104;1765983072.39
20251023 000000;0.0010104;0.0010774;0.0010064;0.0010647;1407162076.14
20251024 000000;0.0010647;0.0010999;0.0010485;0.0010826;1013044847.34
20251025 000000;0.0010826;0.0011054;0.0010618;0.0010889;1452622838.06
20251026 000000;0.0010889;0.0011418;0.0010661;0.0011309;1505762398.59
20251027 000000;0.0011309;0.0011678;0.0010811;0.0010875;2560323741.65
20251028 000000;0.0010875;0.001114;0.0010224;0.0010473;2107351875.17
20251029 000000;0.0010473;0.0011069;0.0010154;0.0010547;3221135491.44
20251030 000000;0.0010547;0.0010659;0.0009108;0.0009502;2131390464.23
20251031 000000;0.0009502;0.0010002;0.0009471;0.0009781;4290227527.03
20251101 000000;0.0009781;0.0010238;0.0009693;0.0010121;2688461053.06
20251102 000000;0.0010121;0.0010291;0.000967;0.0010004;4383813741.94
20251103 000000;0.0010004;0.001005;0.00081;0.0008473;5422136765.82
20251104 000000;0.0008473;0.0008759;0.0007655;0.0008089;10310384480.93
20251105 000000;0.0008089;0.0008462;0.0007698;0.0008308;5761101183.16
20251106 000000;0.0008308;0.0008319;0.0007742;0.0008168;12190505225.28
20251107 000000;0.0008168;0.0009957;0.0008168;0.0009669;12399315025.92
20251108 000000;0.0009669;0.0009909;0.0009064;0.0009385;4766272137.89
20251109 000000;0.0009385;0.00097;0.0008871;0.0009518;4056588205.36
20251110 000000;0.0009518;0.000991;0.0009433;0.0009731;4949888945.81
20251111 000000;0.0009731;0.0009932;0.0008873;0.000891;6247998611.83
20251112 000000;0.000891;0.000947;0.0008592;0.0008849;8754092798.34
20251113 000000;0.0008849;0.0009185;0.0008105;0.0008388;7331514405.06
20251114 000000;0.0008388;0.0008469;0.000789;0.0008073;8832382615.82
20251115 000000;0.0008073;0.0008506;0.000804;0.0008217;6169082026.69
20251116 000000;0.0008217;0.000831;0.0007577;0.0007822;9687459511.98
20251117 000000;0.0007822;0.0008202;0.0007475;0.0007651;11608120471.7
20251118 000000;0.0007651;0.0008175;0.000747;0.0007989;6590365565.46
20251119 000000;0.0007989;0.0008058;0.0007218;0.0007687;1097426834.78
20251120 000000;0.0007687;0.0008285;0.0007297;0.0007513;1335614284.98
20251121 000000;0.0007513;0.0007716;0.0006453;0.0006864;2159291545.01
20251122 000000;0.0006864;0.0006982;0.0006514;0.0006778;894536152.02
20251123 000000;0.0006778;0.0007008;0.0006676;0.0006753;849222715.9
20251124 000000;0.0006753;0.0007496;0.0006667;0.00074;902397876.38
20251125 000000;0.00074;0.0007574;0.0007093;0.0007508;582371470.01
20251126 000000;0.0007508;0.0007676;0.0007121;0.0007579;420575889.71
20251127 000000;0.0007579;0.0007838;0.0007443;0.0007637;264234933.2
20251128 000000;0.0007637;0.0008063;0.0007412;0.0007484;690037739.28
20251129 000000;0.0007484;0.000768;0.0007224;0.0007268;306563642.95
20251130 000000;0.0007268;0.0007425;0.0007017;0.0007026;589445658.34
20251201 000000;0.0007026;0.0007052;0.0006191;0.0006557;1113845228.91
20251202 000000;0.0006557;0.0007482;0.0006405;0.0007174;785490187.69
20251203 000000;0.0007174;0.0007455;0.000696;0.0007331;579934153.43
20251204 000000;0.0007331;0.0007432;0.0006974;0.0007048;317497949.04
20251205 000000;0.0007048;0.000716;0.00065;0.000674;480250608.81
20251206 000000;0.000674;0.0007116;0.0006656;0.0007084;324122716.93
20251207 000000;0.0007084;0.0007275;0.0006563;0.0006734;665093907.56
20251208 000000;0.0006734;0.0007633;0.0006672;0.0007325;578248708.14
20251209 000000;0.0007325;0.0008189;0.0007077;0.0007863;568099761.7
20251210 000000;0.0007863;0.0007891;0.0007092;0.0007138;649326121.9
20251211 000000;0.0007138;0.0007272;0.0006597;0.0007024;795655113.23
20251212 000000;0.0007024;0.0007094;0.0006438;0.0006739;756563256.39
20251213 000000;0.0006739;0.0006915;0.0006663;0.0006715;384507076.24
20251214 000000;0.0006715;0.000673;0.0006243;0.0006321;392891860.69
20251215 000000;0.0006321;0.0006555;0.0005882;0.0006096;702372286.84
20251216 000000;0.0006096;0.0006214;0.0005899;0.0006121;578770659.03
20251217 000000;0.0006121;0.000628;0.0005592;0.0005645;619941852.63
20251218 000000;0.0005645;0.0006009;0.000529;0.0005472;1024460780.35
20251219 000000;0.0005472;0.0006064;0.0005405;0.0005912;613638443.66
20251220 000000;0.0005912;0.0006361;0.0005723;0.0005961;806388695.68
20251221 000000;0.0005961;0.0005997;0.0005681;0.0005793;369593318.64
20251222 000000;0.0005793;0.0005978;0.0005721;0.0005822;470038835.07
20251223 000000;0.0005822;0.0005853;0.0005587;0.0005734;481251124.45
20251224 000000;0.0005734;0.0005794;0.0005513;0.0005759;499296055.46
20251225 000000;0.0005759;0.0005966;0.0005617;0.0005625;501472473.09
20251226 000000;0.0005625;0.0005928;0.00056;0.0005802;434785053.17
20251227 000000;0.0005802;0.0005928;0.0005714;0.0005908;252123864.02
20251228 000000;0.0005908;0.0006001;0.0005713;0.0005837;325325300.99
20251229 000000;0.0005837;0.0006038;0.0005506;0.0005532;518782301.93
20251230 000000;0.0005532;0.0005556;0.0005295;0.000534;341029357.74
20251231 000000;0.000534;0.0005505;0.0005155;0.0005426;454295129.2
