20260101 000000;0.0005426;0.0005963;0.0005374;0.0005945;263660479.71
20260102 000000;0.0005945;0.0006833;0.0005863;0.0006774;1045719253.43
20260103 000000;0.0006774;0.0006873;0.000641;0.0006781;763255410.95
20260104 000000;0.0006781;0.0008796;0.0006722;0.0008511;1968195706.27
20260105 000000;0.0008511;0.0008603;0.0007551;0.0008037;1335934518.14
20260106 000000;0.0008037;0.0008738;0.0007721;0.0008056;1185243150.93
20260107 000000;0.0008056;0.0008104;0.0007632;0.000772;595667860.05
20260108 000000;0.000772;0.0007808;0.0007026;0.0007175;528625462.56
20260109 000000;0.0007175;0.0007338;0.0006993;0.0007117;366109950.86
20260110 000000;0.0007117;0.0007133;0.0006914;0.0006958;210992754.11
20260111 000000;0.0006958;0.0007128;0.0006733;0.0006866;275222766.4
20260112 000000;0.0006866;0.0007197;0.000668;0.0006706;402223186.09
20260113 000000;0.0006706;0.000759;0.0006681;0.000739;404906498.37
20260114 000000;0.000739;0.0007502;0.0006973;0.0007014;412111708.06
20260115 000000;0.0007014;0.0007046;0.0006578;0.0006735;485502857.6
20260116 000000;0.0006735;0.0006886;0.0006452;0.0006841;414349510.38
20260117 000000;0.0006841;0.0006908;0.0006623;0.0006653;272411335.21
20260118 000000;0.0006653;0.000673;0.0006215;0.0006318;288553281.12
20260119 000000;0.0006318;0.0006322;0.0005667;0.0006059;805381140.98
20260120 000000;0.0006059;0.0006409;0.0005584;0.0005628;912342207.62
20260121 000000;0.0005628;0.0006293;0.0005622;0.0006096;510517848.58
20260122 000000;0.0006096;0.0006222;0.0005832;0.0005914;274167727.99
20260123 000000;0.0005914;0.0006171;0.0005771;0.0005902;336868398.2
20260124 000000;0.0005902;0.000597;0.0005787;0.0005908;158369469.73
20260125 000000;0.0005908;0.000594;0.0005289;0.0005435;528516063.92
20260126 000000;0.0005435;0.0005859;0.0005424;0.0005768;294318788.51
20260127 000000;0.0005768;0.0005947;0.0005613;0.0005911;347945317.56
20260128 000000;0.0005911;0.0006162;0.0005838;0.0005967;397267317.12
20260129 000000;0.0005967;0.0005988;0.0005241;0.0005455;547319094.9
20260130 000000;0.0005455;0.0005669;0.0005232;0.0005588;664777653.85
20260131 000000;0.0005588;0.0005591;0.0004282;0.0004751;1033376767.51
20260201 000000;0.0004751;0.0004946;0.0004564;0.0004678;597732063.64
20260202 000000;0.0004678;0.0004936;0.0004521;0.0004857;568868207.65
20260203 000000;0.0004857;0.0005114;0.0004553;0.0004724;879339059.11
20260204 000000;0.0004724;0.0004868;0.0004537;0.0004691;419108667.7
20260205 000000;0.0004691;0.0004771;0.0003702;0.000379;1296653843.52
20260206 000000;0.000379;0.0004506;0.000336;0.0004346;979172723.75
20260207 000000;0.0004346;0.0004364;0.0004048;0.0004281;669298874.09
20260208 000000;0.0004281;0.0004281;0.0003994;0.000406;299649065.72
20260209 000000;0.000406;0.0004107;0.000384;0.0004024;370068522.12
20260210 000000;0.0004024;0.0004039;0.0003817;0.000386;371982508.56
20260211 000000;0.000386;0.000394;0.000369;0.0003819;444896021.64
20260212 000000;0.0003819;0.0004047;0.0003818;0.0003995;312687823.74
20260213 000000;0.0003995;0.0004129;0.0003855;0.0004098;294022607.75
20260214 000000;0.0004098;0.000469;0.0004088;0.0004568;316047104.14
20260215 000000;0.0004568;0.0004637;0.0004216;0.0004337;399433730.16
20260216 000000;0.0004337;0.0004529;0.0004289;0.0004429;304966884.66
20260217 000000;0.0004429;0.0004433;0.0004229;0.0004313;244400959.44
20260218 000000;0.0004313;0.0004409;0.0004101;0.0004156;253389116.69
20260219 000000;0.0004156;0.0004207;0.0004031;0.0004125;226349365.15
20260220 000000;0.0004125;0.0004313;0.0004031;0.0004236;295320294.14
20260221 000000;0.0004236;0.0004278;0.0004079;0.0004083;201455458.25
20260222 000000;0.0004083;0.0004089;0.0003859;0.0003904;294821084.05
20260223 000000;0.0003904;0.0003944;0.000363;0.0003759;332682505.63
20260224 000000;0.0003759;0.0003817;0.000366;0.0003762;246482737.68
20260225 000000;0.0003762;0.000427;0.0003747;0.0004075;280845789.27
20260226 000000;0.0004075;0.0004103;0.0003797;0.0003885;314388946.6
20260227 000000;0.0003885;0.0004023;0.000372;0.0003807;324773774.24
20260228 000000;0.0003807;0.0003835;0.0003474;0.0003806;419077832.85
20260301 000000;0.0003806;0.0004014;0.0003686;0.0003792;384282099.52
20260302 000000;0.0003792;0.0004101;0.000372;0.0003887;323229890.87
20260303 000000;0.0003887;0.0004047;0.0003783;0.0004005;247349409.79
20260304 000000;0.0004005;0.0004389;0.0003942;0.0004183;357857654.81
20260305 000000;0.0004183;0.0004298;0.0004021;0.0004095;243721376.81
20260306 000000;0.0004095;0.0004141;0.0003864;0.0003937;227937443.58
20260307 000000;0.0003937;0.0003954;0.0003787;0.0003814;197717377.46
20260308 000000;0.0003814;0.0003862;0.0003715;0.0003787;292702985.68
20260309 000000;0.0003787;0.0004135;0.0003787;0.0003987;336253215.47
20260310 000000;0.0003987;0.0004564;0.0003987;0.0004244;434865378.71
20260311 000000;0.0004244;0.0004409;0.0004132;0.0004337;295778911.65
20260312 000000;0.0004337;0.0004556;0.0004245;0.0004487;214314883.77
20260313 000000;0.0004487;0.0004969;0.000446;0.0004514;281290782.37
20260314 000000;0.0004514;0.0004593;0.0004374;0.0004438;157310413.08
20260315 000000;0.0004438;0.0004522;0.000437;0.0004485;189897718.03
20260316 000000;0.0004485;0.0005123;0.0004473;0.0004794;378414599.96
20260317 000000;0.0004794;0.0004823;0.0004585;0.0004677;321362570.87
20260318 000000;0.0004677;0.0004838;0.0004307;0.0004369;301193853.62
20260319 000000;0.0004369;0.0004417;0.0004094;0.0004163;263107331.64
20260320 000000;0.0004163;0.0004268;0.0004073;0.0004126;212227285.98
20260321 000000;0.0004126;0.000424;0.0004;0.0004027;182114255.9
20260322 000000;0.0004027;0.0004064;0.0003887;0.0003944;172016033.35
20260323 000000;0.0003944;0.0004259;0.0003911;0.000417;180981596.87
20260324 000000;0.000417;0.0004222;0.0004053;0.0004156;169549380.12
20260325 000000;0.0004156;0.0004309;0.0004146;0.0004188;160901626.67
20260326 000000;0.0004188;0.0004199;0.0003854;0.0003946;224483070.16
20260327 000000;0.0003946;0.0003998;0.000381;0.0003833;230139211.03
20260328 000000;0.0003833;0.0003925;0.0003743;0.0003764;179367130.09
20260329 000000;0.0003764;0.0003811;0.0003586;0.0003667;181894846.85
20260330 000000;0.0003667;0.0003887;0.0003667;0.0003765;198562404.51
20260331 000000;0.0003765;0.0003854;0.0003706;0.0003854;172545009.85
20260401 000000;0.0003854;0.0003997;0.00038;0.0003875;240755011.05
20260402 000000;0.0003875;0.0003917;0.0003598;0.0003686;202017621.09
20260403 000000;0.0003686;0.000392;0.000366;0.0003866;209674500.62
20260404 000000;0.0003866;0.0003879;0.0003734;0.0003803;182503532.83
20260405 000000;0.0003803;0.0003818;0.0003644;0.0003816;193677699.06
20260406 000000;0.0003816;0.0003951;0.0003743;0.0003763;242285606.65
20260407 000000;0.0003763;0.0004023;0.0003612;0.0004002;278876377.23
20260408 000000;0.0004002;0.0004072;0.0003866;0.0003889;213942445.61
20260409 000000;0.0003889;0.0004134;0.0003834;0.0003984;233822650.86
20260410 000000;0.0003984;0.0004137;0.0003904;0.0004046;183591144.95
20260411 000000;0.0004046;0.000412;0.0003886;0.0003989;172691331.57
20260412 000000;0.0003989;0.0004;0.0003729;0.0003746;211775707.79
20260413 000000;0.0003746;0.0004542;0.0003743;0.0004464;242154044.25
20260414 000000;0.0004464;0.0004497;0.000404;0.0004094;289879264.97
20260415 000000;0.0004094;0.0004509;0.0004085;0.0004451;195293305.81
20260416 000000;0.0004451;0.0006281;0.0004423;0.0005601;867916818.45
20260417 000000;0.0005601;0.0005793;0.0005227;0.0005277;266221964.42
20260418 000000;0.0005277;0.0005469;0.000491;0.0004924;119724135.22
20260419 000000;0.0004924;0.000888;0.0004828;0.0005714;806776177.25
20260420 000000;0.0005714;0.0006911;0.0005459;0.0005796;489606432.75
20260421 000000;0.0005796;0.0005964;0.0005237;0.0005471;252824131.19
20260422 000000;0.0005471;0.00066;0.000542;0.0005429;259652067.17
20260423 000000;0.0005429;0.0005463;0.0004999;0.0005315;227472706.36
20260424 000000;0.0005315;0.0005591;0.0005284;0.0005466;130196705.05
20260425 000000;0.0005466;0.0005472;0.0005097;0.0005158;215123630.9
20260426 000000;0.0005158;0.0005338;0.0005034;0.0005202;122924783.39
20260427 000000;0.0005202;0.0005369;0.0004928;0.0005138;143605836.41
20260428 000000;0.0005138;0.0005166;0.0005027;0.0005124;132951692
20260429 000000;0.0005124;0.0005498;0.0004854;0.0005028;125783384.13
20260430 000000;0.0005028;0.0005339;0.0004957;0.0005219;131229937.39
20260501 000000;0.0005219;0.0005406;0.0005142;0.0005164;119115174.24
20260502 000000;0.0005164;0.0005709;0.0005053;0.0005565;121815589.2
20260503 000000;0.0005565;0.0005596;0.0005275;0.0005355;154677211.59
20260504 000000;0.0005355;0.000558;0.0005264;0.0005375;117752523.24
20260505 000000;0.0005375;0.0006059;0.0005353;0.0005908;199586823.81
20260506 000000;0.0005908;0.0006147;0.0005772;0.0005978;139184121.52
20260507 000000;0.0005978;0.0006186;0.0005765;0.0006037;143886924.81
20260508 000000;0.0006037;0.0006412;0.0005955;0.0006286;139572407.28
20260509 000000;0.0006286;0.0006378;0.0006017;0.0006047;118746192.51
20260510 000000;0.0006047;0.0006675;0.0005946;0.0006465;136376733.81
20260511 000000;0.0006465;0.0006494;0.0006094;0.0006363;180787704.62
20260512 000000;0.0006363;0.0006393;0.0005913;0.0006046;119698885.64
20260513 000000;0.0006046;0.000665;0.0005843;0.0005948;154822479.94
20260514 000000;0.0005948;0.0006441;0.0005785;0.0006319;108406748.11
20260515 000000;0.0006319;0.0006412;0.0005717;0.0005909;117596885.38
20260516 000000;0.0005909;0.0006148;0.0005546;0.0005663;104179207.51
20260517 000000;0.0005663;0.0006037;0.0005565;0.0005697;100117290.25
20260518 000000;0.0005697;0.0006324;0.0005592;0.0006216;108576248.03
20260519 000000;0.0006216;0.0006544;0.0006014;0.0006096;148412130.4
20260520 000000;0.0006096;0.0006492;0.0006048;0.0006261;104643002
20260521 000000;0.0006261;0.0006459;0.00059;0.0006138;116333598.62
20260522 000000;0.0006138;0.0006234;0.0005556;0.0005593;113705442.71
20260523 000000;0.0005593;0.000563;0.0005249;0.0005435;140970969.32
20260524 000000;0.0005435;0.0005498;0.0005103;0.0005235;135163451.21
20260525 000000;0.0005235;0.0005459;0.0005235;0.0005271;122850744.77
20260526 000000;0.0005271;0.0005418;0.0005107;0.0005191;166636459.99
20260527 000000;0.0005191;0.0005317;0.0005;0.0005066;119003060.54
20260528 000000;0.0005066;0.0005092;0.0004796;0.0005007;178984542.89
20260529 000000;0.0005007;0.0005122;0.0004804;0.0005006;133558485.73
20260530 000000;0.0005006;0.0005126;0.0004935;0.0005033;125879574.77
20260531 000000;0.0005033;0.0005197;0.0004929;0.0005117;125306103.56
20260601 000000;0.0005117;0.0005264;0.0004987;0.0005257;136002082.3
20260602 000000;0.0005257;0.0005268;0.0004569;0.0004707;145192956.26
20260603 000000;0.0004707;0.0005117;0.0004608;0.0004827;146449459.01
20260604 000000;0.0004827;0.0004892;0.0004273;0.0004406;148166670.64
20260605 000000;0.0004406;0.0004427;0.0003834;0.0004036;153125289.78
20260606 000000;0.0004036;0.0004117;0.0003759;0.0004024;145622153.33
20260607 000000;0.0004024;0.0004263;0.0003975;0.0004135;134299582.16
20260608 000000;0.0004135;0.0004296;0.0004028;0.0004163;148311196.25
20260609 000000;0.0004163;0.0004228;0.0003996;0.0004125;137319552.67
20260610 000000;0.0004125;0.0004229;0.0003978;0.0004085;145448623.19
20260611 000000;0.0004085;0.00045;0.0004078;0.0004344;158887484.44
20260612 000000;0.0004344;0.0004467;0.0004246;0.0004316;129611752.92
20260613 000000;0.0004316;0.0004436;0.0004267;0.0004347;131313972.49
20260614 000000;0.0004347;0.0004488;0.0004188;0.0004476;132675241.11
20260615 000000;0.0004476;0.0004874;0.0004472;0.0004645;172959302.63
20260616 000000;0.0004645;0.000473;0.0004513;0.0004698;146410550.5
20260617 000000;0.0004698;0.000477;0.0004432;0.0004513;139459091.44
20260618 000000;0.0004513;0.0004597;0.0004242;0.0004479;128602986.38
20260619 000000;0.0004479;0.0004549;0.0004184;0.000439;150463199.55
20260620 000000;0.000439;0.0004437;0.0004254;0.0004347;100435040.09
