20260101 000000;0.00865;0.00943;0.00841;0.00898;887086.96
20260102 000000;0.00898;0.01004;0.00879;0.00977;1476867.94
20260103 000000;0.00977;0.00979;0.00922;0.00954;446479.78
20260104 000000;0.00954;0.01507;0.00934;0.01269;7143249.94
20260105 000000;0.01269;0.01553;0.01101;0.01206;3227508.91
20260106 000000;0.01206;0.0133;0.01195;0.01235;1557301.76
20260107 000000;0.01235;0.01247;0.01068;0.01115;4119191.86
20260108 000000;0.01115;0.01217;0.01027;0.01127;1272139.74
20260109 000000;0.01127;0.01164;0.01071;0.01071;1407231.3
20260110 000000;0.01071;0.01088;0.01011;0.01061;963032.77
20260111 000000;0.01061;0.01118;0.0095;0.0107;1288302.16
20260112 000000;0.0107;0.0111;0.01024;0.01049;886064.88
20260113 000000;0.01049;0.01139;0.01017;0.011;3759298.95
20260114 000000;0.011;0.01212;0.01066;0.01104;2897305.71
20260115 000000;0.01104;0.01104;0.01048;0.01061;687137.27
20260116 000000;0.01061;0.01086;0.01044;0.01086;253120.38
20260117 000000;0.01086;0.01176;0.01048;0.01079;3371448.96
20260118 000000;0.01079;0.01084;0.01024;0.01024;432124.36
20260119 000000;0.01024;0.01024;0.00962;0.00987;1127228.54
20260120 000000;0.00987;0.01014;0.0091;0.00918;704532.47
20260121 000000;0.00918;0.01026;0.00918;0.0098;559143.09
20260122 000000;0.0098;0.01036;0.00958;0.00984;1885469.33
20260123 000000;0.00984;0.01002;0.00945;0.00987;236895.49
20260124 000000;0.00987;0.01008;0.00947;0.00974;360365.32
20260125 000000;0.00974;0.00984;0.00893;0.00899;368816.66
20260126 000000;0.00899;0.00954;0.00899;0.0092;917382.81
20260127 000000;0.0092;0.00924;0.00879;0.00911;87581.11
20260128 000000;0.00911;0.00993;0.00861;0.00888;1866614.43
20260129 000000;0.00888;0.00891;0.00804;0.00851;494217.16
20260130 000000;0.00851;0.00859;0.00795;0.00826;340764.21
20260131 000000;0.00826;0.00837;0.00706;0.00739;1126319
20260201 000000;0.00739;0.00787;0.00719;0.0074;944845.29
20260202 000000;0.0074;0.00743;0.00705;0.00743;266948.2
20260203 000000;0.00743;0.00744;0.00684;0.00699;992199.29
20260204 000000;0.00699;0.00713;0.00653;0.00676;897455.89
20260205 000000;0.00676;0.00694;0.00571;0.00621;1174894.8
20260206 000000;0.00621;0.00666;0.00584;0.00661;711610.56
20260207 000000;0.00661;0.00713;0.00629;0.00663;1055827.96
20260208 000000;0.00663;0.0067;0.00615;0.00633;586738.22
20260209 000000;0.00633;0.00656;0.00617;0.00636;302697.29
20260210 000000;0.00636;0.00636;0.00598;0.00602;202170.99
20260211 000000;0.00602;0.00621;0.00565;0.00586;632256.99
20260212 000000;0.00586;0.00678;0.00571;0.00617;863480.8
20260213 000000;0.00617;0.00643;0.00606;0.00627;804187.38
20260214 000000;0.00627;0.00912;0.00626;0.00775;4242086.58
20260215 000000;0.00775;0.009;0.00692;0.00706;3104433.84
20260216 000000;0.00706;0.00736;0.0068;0.007;599965.81
20260217 000000;0.007;0.00766;0.00666;0.00757;528561.38
20260218 000000;0.00757;0.00761;0.00664;0.00667;1102319.2
20260219 000000;0.00667;0.0068;0.00627;0.00663;3086772.83
20260220 000000;0.00663;0.00691;0.00635;0.00666;1260178.99
20260221 000000;0.00666;0.00711;0.00646;0.00666;757433.08
20260222 000000;0.00666;0.00691;0.00637;0.00679;439907.95
20260223 000000;0.00679;0.00751;0.00643;0.00651;1957437.01
20260224 000000;0.00651;0.00707;0.0063;0.00649;1259278.86
20260225 000000;0.00649;0.00692;0.00641;0.00658;505890.06
20260226 000000;0.00658;0.00669;0.00628;0.00634;711581.68
20260227 000000;0.00634;0.00679;0.0063;0.00634;794880.27
20260228 000000;0.00634;0.00636;0.00606;0.00627;346080.07
20260301 000000;0.00627;0.00657;0.0061;0.0062;1740415.03
20260302 000000;0.0062;0.00635;0.00616;0.00626;783627.81
20260303 000000;0.00626;0.00635;0.00612;0.00622;178100.46
20260304 000000;0.00622;0.00664;0.00618;0.00649;213696.67
20260305 000000;0.00649;0.00657;0.00613;0.0064;789152.96
20260306 000000;0.0064;0.00653;0.00605;0.00607;513892.64
20260307 000000;0.00607;0.00627;0.00603;0.0061;269029.54
20260308 000000;0.0061;0.00654;0.00602;0.0063;221254.83
20260309 000000;0.0063;0.00634;0.00611;0.00624;155591.32
20260310 000000;0.00624;0.00628;0.00605;0.00611;2288303.55
20260311 000000;0.00611;0.00644;0.00609;0.00613;504682.15
20260312 000000;0.00613;0.00653;0.0061;0.0064;369302.22
20260313 000000;0.0064;0.00919;0.00602;0.00858;5668134.81
20260314 000000;0.00858;0.0086;0.00661;0.007;4417378.29
20260315 000000;0.007;0.00712;0.00649;0.00673;1489113.38
20260316 000000;0.00673;0.00719;0.00648;0.00679;2050576.04
20260317 000000;0.00679;0.00706;0.00644;0.0065;2138205.32
20260318 000000;0.0065;0.00663;0.0059;0.00602;3957536.56
20260319 000000;0.00602;0.00614;0.00575;0.00584;567575.84
20260320 000000;0.00584;0.00601;0.00578;0.00593;116368.82
20260321 000000;0.00593;0.00602;0.00584;0.00596;122218.31
20260322 000000;0.00596;0.00596;0.00573;0.0058;360495.02
20260323 000000;0.0058;0.00635;0.00577;0.00581;338433.75
20260324 000000;0.00581;0.00581;0.00553;0.00557;140021.13
20260325 000000;0.00557;0.00575;0.00552;0.00562;430251.11
20260326 000000;0.00562;0.00583;0.00527;0.00537;698391.77
20260327 000000;0.00537;0.0054;0.00515;0.00532;387701.07
20260328 000000;0.00532;0.00532;0.00488;0.00495;517927.34
20260329 000000;0.00495;0.00522;0.0049;0.00503;467581.99
20260330 000000;0.00503;0.00545;0.00495;0.00534;277138.51
20260331 000000;0.00534;0.00567;0.00482;0.00519;1288834.66
20260401 000000;0.00519;0.00532;0.00493;0.00503;842898.82
20260402 000000;0.00503;0.00503;0.00478;0.00488;565015.8
20260403 000000;0.00488;0.00488;0.00472;0.00477;611438.88
20260404 000000;0.00477;0.00479;0.00453;0.00476;864019.09
20260405 000000;0.00476;0.00476;0.00443;0.0047;762671.18
20260406 000000;0.0047;0.00512;0.00465;0.00485;460344.92
20260407 000000;0.00485;0.00493;0.00457;0.0048;669628.82
20260408 000000;0.0048;0.00497;0.00455;0.0048;983961.45
20260409 000000;0.0048;0.00494;0.00456;0.00494;349510.32
20260410 000000;0.00494;0.00535;0.0045;0.00483;2182587.18
20260411 000000;0.00483;0.0049;0.00468;0.00473;551508.49
20260412 000000;0.00473;0.00477;0.0045;0.00453;231173.34
20260413 000000;0.00453;0.0046;0.00443;0.0046;260010.38
20260414 000000;0.0046;0.0046;0.00437;0.00437;161508.87
20260415 000000;0.00437;0.00469;0.00434;0.00454;279041.48
20260416 000000;0.00454;0.00487;0.00454;0.0048;930138.55
20260417 000000;0.0048;0.00522;0.00468;0.00475;738046.53
20260418 000000;0.00475;0.00483;0.0047;0.0047;1077577.29
20260419 000000;0.0047;0.00476;0.0045;0.00451;743068.04
20260420 000000;0.00451;0.00461;0.00432;0.00457;764322.03
20260421 000000;0.00457;0.00461;0.0045;0.00457;220530.74
20260422 000000;0.00457;0.00475;0.00452;0.00467;168149.37
20260423 000000;0.00467;0.00475;0.0042;0.00459;2158829.87
20260424 000000;0.00459;0.00466;0.00444;0.00457;1186227.24
20260425 000000;0.00457;0.00504;0.00453;0.00464;862553.32
20260426 000000;0.00464;0.0048;0.00454;0.00464;395186.74
20260427 000000;0.00464;0.00503;0.00459;0.00474;850688.07
20260428 000000;0.00474;0.00479;0.00456;0.00468;549735.46
20260429 000000;0.00468;0.00494;0.00461;0.00461;367677.17
20260430 000000;0.00461;0.00476;0.00455;0.00465;1110098.74
20260501 000000;0.00465;0.00465;0.00455;0.00465;172413.07
20260502 000000;0.00465;0.005;0.00453;0.00464;610974.48
20260503 000000;0.00464;0.00481;0.00464;0.00479;50896.42
20260504 000000;0.00479;0.00495;0.0047;0.00482;1136025.66
20260505 000000;0.00482;0.00524;0.0048;0.00507;1552764.06
20260506 000000;0.00507;0.00531;0.00502;0.00503;775268.23
20260507 000000;0.00503;0.00507;0.00473;0.005;954555.81
20260508 000000;0.005;0.005;0.00477;0.00488;428025.5
20260509 000000;0.00488;0.00916;0.00486;0.00912;4700984.3
20260510 000000;0.00912;0.00912;0.00611;0.00635;8849170.23
20260511 000000;0.00635;0.00675;0.00578;0.00581;1312900.29
20260512 000000;0.00581;0.00621;0.00548;0.00566;2607810.31
20260513 000000;0.00566;0.00591;0.00548;0.00568;1490672.06
20260514 000000;0.00568;0.00571;0.00542;0.00556;594028.52
20260515 000000;0.00556;0.007;0.00529;0.00557;1034084.91
20260516 000000;0.00557;0.00949;0.00557;0.00658;7989361.56
20260517 000000;0.00658;0.00687;0.006;0.00602;959962.8
20260518 000000;0.00602;0.00681;0.00574;0.00612;622960.81
20260519 000000;0.00612;0.00643;0.00607;0.00626;400560.28
20260520 000000;0.00626;0.00679;0.00623;0.00671;1422679
20260521 000000;0.00671;0.00674;0.00638;0.00666;284069.82
20260522 000000;0.00666;0.00932;0.00622;0.00773;4159378.71
20260523 000000;0.00773;0.00804;0.0067;0.00674;7661815.57
20260524 000000;0.00674;0.00692;0.00659;0.0066;765774.57
20260525 000000;0.0066;0.00688;0.00646;0.00646;314778.9
20260526 000000;0.00646;0.00728;0.00626;0.00715;1238058.15
20260527 000000;0.00715;0.0077;0.00669;0.00669;1678137.07
20260528 000000;0.00669;0.00669;0.00601;0.00601;1663133
20260529 000000;0.00601;0.00643;0.00591;0.00594;2517535.44
20260530 000000;0.00594;0.00609;0.00577;0.00605;595344.93
20260531 000000;0.00605;0.00606;0.0058;0.00599;681785.03
20260601 000000;0.00599;0.00628;0.00567;0.00585;562173.5
20260602 000000;0.00585;0.00632;0.00546;0.00546;824060.17
20260603 000000;0.00546;0.00565;0.00527;0.00534;724813.7
20260604 000000;0.00534;0.00546;0.0047;0.00512;1590732.34
20260605 000000;0.00512;0.00545;0.00458;0.00472;1043061.4
20260606 000000;0.00472;0.005;0.00465;0.00477;396993.02
20260607 000000;0.00477;0.00529;0.0046;0.00508;549243.67
20260608 000000;0.00508;0.00521;0.00488;0.00496;272888.24
20260609 000000;0.00496;0.00498;0.00459;0.00464;1864600.99
20260610 000000;0.00464;0.00482;0.00456;0.00469;420324.05
20260611 000000;0.00469;0.00493;0.0046;0.00487;607563.58
20260612 000000;0.00487;0.00499;0.00471;0.00479;293484.42
20260613 000000;0.00479;0.00498;0.00473;0.00498;188199.92
20260614 000000;0.00498;0.00498;0.00455;0.00466;255776.86
20260615 000000;0.00466;0.00505;0.00466;0.00476;943224.73
20260616 000000;0.00476;0.00495;0.00472;0.00482;664370.37
20260617 000000;0.00482;0.00496;0.00479;0.00483;206216.4
20260618 000000;0.00483;0.00537;0.00474;0.00482;803155.84
20260619 000000;0.00482;0.0049;0.00457;0.00469;636565.35
20260620 000000;0.00469;0.00469;0.00457;0.00459;137294
