20260101 000000;0.06093;0.06235;0.06091;0.0616;4040724.06
20260102 000000;0.0616;0.0618;0.06066;0.06166;2241317.46
20260103 000000;0.06166;0.06237;0.06011;0.06157;2824733.58
20260104 000000;0.06157;0.06267;0.0604;0.0604;5783461.42
20260105 000000;0.0604;0.06158;0.06017;0.06122;2876934.11
20260106 000000;0.06122;0.06199;0.06019;0.06144;3220102.51
20260107 000000;0.06144;0.06146;0.06021;0.06046;1622361.37
20260108 000000;0.06046;0.06123;0.05955;0.06072;2973080.18
20260109 000000;0.06072;0.06108;0.06004;0.06068;2239679.02
20260110 000000;0.06068;0.06098;0.06003;0.06016;2157769.44
20260111 000000;0.06016;0.0604;0.05992;0.06022;2591969.85
20260112 000000;0.06022;0.06069;0.06;0.06043;1883044.17
20260113 000000;0.06043;0.06176;0.05987;0.06125;2565291.1
20260114 000000;0.06125;0.06173;0.05998;0.06011;2686597.54
20260115 000000;0.06011;0.06093;0.0575;0.06007;5863549.52
20260116 000000;0.06007;0.06127;0.05937;0.06105;4590623.29
20260117 000000;0.06105;0.06282;0.06012;0.06113;5175793.88
20260118 000000;0.06113;0.06135;0.05928;0.0598;2544056.54
20260119 000000;0.0598;0.06106;0.05263;0.05962;7631910.25
20260120 000000;0.05962;0.05984;0.05817;0.05919;2856995.44
20260121 000000;0.05919;0.06071;0.05899;0.05951;3505256.62
20260122 000000;0.05951;0.06053;0.05858;0.05915;3308980.3
20260123 000000;0.05915;0.0596;0.05891;0.05898;1291937.21
20260124 000000;0.05898;0.05982;0.05879;0.0595;1550667.63
20260125 000000;0.0595;0.05985;0.05675;0.05777;1784896.05
20260126 000000;0.05777;0.05961;0.05739;0.0586;2279789.1
20260127 000000;0.0586;0.05862;0.05666;0.05723;1801751.14
20260128 000000;0.05723;0.0574;0.0559;0.05619;1906826.47
20260129 000000;0.05619;0.05632;0.05417;0.05433;1921097.66
20260130 000000;0.05433;0.05492;0.0529;0.05443;2073932.47
20260131 000000;0.05443;0.05482;0.04524;0.04836;5552564.04
20260201 000000;0.04836;0.04958;0.04607;0.04651;2171455.13
20260202 000000;0.04651;0.04802;0.04587;0.04766;2724547.38
20260203 000000;0.04766;0.04774;0.04358;0.04514;2303780.09
20260204 000000;0.04514;0.04694;0.04404;0.04618;2429721.11
20260205 000000;0.04618;0.04708;0.04018;0.04036;4008378.88
20260206 000000;0.04036;0.04643;0.03749;0.04564;3648454.95
20260207 000000;0.04564;0.04568;0.04365;0.04543;2125189.52
20260208 000000;0.04543;0.04548;0.04369;0.04404;1580872.6
20260209 000000;0.04404;0.04486;0.04268;0.04387;1989722.55
20260210 000000;0.04387;0.04392;0.04201;0.04216;1792056.98
20260211 000000;0.04216;0.04228;0.03908;0.0399;2840189.82
20260212 000000;0.0399;0.04218;0.03985;0.04153;3093871.69
20260213 000000;0.04153;0.04291;0.04112;0.04197;2105279.15
20260214 000000;0.04197;0.04383;0.04122;0.04359;1926184.34
20260215 000000;0.04359;0.04364;0.03986;0.04044;2155777.82
20260216 000000;0.04044;0.04232;0.03993;0.04172;1933680.81
20260217 000000;0.04172;0.04195;0.04049;0.04094;1865781.13
20260218 000000;0.04094;0.04139;0.03916;0.03953;1859923.6
20260219 000000;0.03953;0.04043;0.03859;0.04023;2278615.45
20260220 000000;0.04023;0.04106;0.03952;0.04036;1967827.12
20260221 000000;0.04036;0.04072;0.03991;0.03994;1529086.08
20260222 000000;0.03994;0.03994;0.03863;0.03915;1907989.87
20260223 000000;0.03915;0.03939;0.03643;0.03674;3525949.94
20260224 000000;0.03674;0.03899;0.03635;0.03829;2233248.11
20260225 000000;0.03829;0.04018;0.03796;0.03921;3378409.56
20260226 000000;0.03921;0.03944;0.03777;0.03855;1873442.37
20260227 000000;0.03855;0.0389;0.03704;0.03766;2055889.9
20260228 000000;0.03766;0.03977;0.03642;0.03872;5090707.3
20260301 000000;0.03872;0.04193;0.03802;0.03907;3735260.08
20260302 000000;0.03907;0.04097;0.03827;0.04001;2367227.19
20260303 000000;0.04001;0.04032;0.03887;0.03966;1743631.88
20260304 000000;0.03966;0.04059;0.03836;0.03975;1788130.52
20260305 000000;0.03975;0.04047;0.03892;0.03954;1761842.08
20260306 000000;0.03954;0.0397;0.03792;0.0388;3145896.49
20260307 000000;0.0388;0.03946;0.03785;0.03826;1838878.58
20260308 000000;0.03826;0.03916;0.0377;0.03865;2022353.86
20260309 000000;0.03865;0.04373;0.03865;0.04045;8168849.11
20260310 000000;0.04045;0.04267;0.03997;0.04224;3721234.29
20260311 000000;0.04224;0.04346;0.03989;0.04334;3480917.38
20260312 000000;0.04334;0.04878;0.04266;0.04409;12504416.27
20260313 000000;0.04409;0.04471;0.0429;0.04304;3015852.69
20260314 000000;0.04304;0.04476;0.04252;0.04377;2820221.05
20260315 000000;0.04377;0.04394;0.04307;0.04351;1995016.69
20260316 000000;0.04351;0.04551;0.04327;0.04534;2215788.92
20260317 000000;0.04534;0.04542;0.04395;0.04465;1962165.88
20260318 000000;0.04465;0.0451;0.04195;0.04298;3047544.86
20260319 000000;0.04298;0.04298;0.04073;0.04136;2662609.46
20260320 000000;0.04136;0.04249;0.04073;0.04234;2544234.17
20260321 000000;0.04234;0.04301;0.04129;0.04153;2315408.5
20260322 000000;0.04153;0.04222;0.04028;0.04068;3490430.84
20260323 000000;0.04068;0.0456;0.04036;0.04395;4840058.89
20260324 000000;0.04395;0.04725;0.04359;0.04688;6087850.21
20260325 000000;0.04688;0.04776;0.04524;0.04576;2619983.26
20260326 000000;0.04576;0.04632;0.04388;0.04441;3427582.24
20260327 000000;0.04441;0.04973;0.0438;0.04898;8142162.81
20260328 000000;0.04898;0.05211;0.04804;0.05141;7199470.81
20260329 000000;0.05141;0.05543;0.05068;0.05443;8616668.69
20260330 000000;0.05443;0.0568;0.05153;0.05338;5890077.31
20260331 000000;0.05338;0.05352;0.05149;0.05186;3285774.17
20260401 000000;0.05186;0.05513;0.05146;0.05346;5333188.52
20260402 000000;0.05346;0.0592;0.05275;0.05417;7514781.37
20260403 000000;0.05417;0.059;0.05352;0.05695;4802671.96
20260404 000000;0.05695;0.05851;0.05591;0.05595;2620002.29
20260405 000000;0.05595;0.05612;0.05193;0.05452;3763492.45
20260406 000000;0.05452;0.05502;0.05085;0.05128;2188797.93
20260407 000000;0.05128;0.05293;0.05031;0.05103;3407492.92
20260408 000000;0.05103;0.0516;0.04818;0.04847;2860096.1
20260409 000000;0.04847;0.04877;0.04571;0.04703;2514751.31
20260410 000000;0.04703;0.05596;0.04606;0.04785;7643212.4
20260411 000000;0.04785;0.05044;0.04664;0.04884;4456571.13
20260412 000000;0.04884;0.06605;0.04827;0.05093;26297456.37
20260413 000000;0.05093;0.0516;0.04668;0.0478;5417248.54
20260414 000000;0.0478;0.04996;0.04669;0.04715;3176326.63
20260415 000000;0.04715;0.04976;0.04686;0.04772;1276570.8
20260416 000000;0.04772;0.05036;0.04537;0.04965;1255922.69
20260417 000000;0.04965;0.05129;0.04849;0.04903;1172736.17
20260418 000000;0.04903;0.05126;0.0483;0.04881;1429477.88
20260419 000000;0.04881;0.04887;0.04512;0.04521;1256321.49
20260420 000000;0.04521;0.04677;0.0446;0.04521;1249980.74
20260421 000000;0.04521;0.04633;0.04449;0.04476;1307992.94
20260422 000000;0.04476;0.046;0.04455;0.0447;1260748.67
20260423 000000;0.0447;0.04641;0.04425;0.04615;1291630.81
20260424 000000;0.04615;0.04869;0.04605;0.04792;1315897.64
20260425 000000;0.04792;0.04889;0.04667;0.04715;1169111.32
20260426 000000;0.04715;0.04789;0.04649;0.0465;1150128.06
20260427 000000;0.0465;0.04851;0.04526;0.04644;1224766.24
20260428 000000;0.04644;0.04702;0.04556;0.04675;1174782.06
20260429 000000;0.04675;0.05353;0.04672;0.05017;1480780.24
20260430 000000;0.05017;0.05131;0.0493;0.05064;1359743.4
20260501 000000;0.05064;0.05337;0.05024;0.05156;1094090.94
20260502 000000;0.05156;0.05187;0.05023;0.05158;1078691.47
20260503 000000;0.05158;0.05489;0.05031;0.05489;1148286.5
20260504 000000;0.05489;0.05912;0.05326;0.05905;1079655.69
20260505 000000;0.05905;0.06445;0.05827;0.06356;1427072.37
20260506 000000;0.06356;0.06567;0.05936;0.06317;1163033.18
20260507 000000;0.06317;0.0747;0.06285;0.06755;2120742.73
20260508 000000;0.06755;0.07055;0.06643;0.06971;1368666.93
20260509 000000;0.06971;0.07053;0.0658;0.0695;1523981.5
20260510 000000;0.0695;0.07489;0.06896;0.06971;1288514.82
20260511 000000;0.06971;0.07169;0.06762;0.07145;2274401.29
20260512 000000;0.07145;0.07229;0.0645;0.06455;1695698.16
20260513 000000;0.06455;0.06654;0.06129;0.06137;1387237.86
20260514 000000;0.06137;0.06296;0.06062;0.06115;2374450.83
20260515 000000;0.06115;0.06187;0.05475;0.0559;1422556.73
20260516 000000;0.0559;0.05661;0.05266;0.05314;1136727.4
20260517 000000;0.05314;0.05354;0.04885;0.05046;1064696.98
20260518 000000;0.05046;0.05204;0.04991;0.05106;1944492.49
20260519 000000;0.05106;0.05164;0.0492;0.04948;2186380.02
20260520 000000;0.04948;0.05069;0.04912;0.04975;4459133.8
20260521 000000;0.04975;0.05128;0.04974;0.05112;4376384.64
20260522 000000;0.05112;0.0516;0.0486;0.04893;1405428.17
20260523 000000;0.04893;0.05613;0.04875;0.05384;1554198.89
20260524 000000;0.05384;0.05728;0.05252;0.05654;1096093.16
20260525 000000;0.05654;0.05979;0.05542;0.05557;1078314.64
20260526 000000;0.05557;0.05643;0.05281;0.05475;1140652.96
20260527 000000;0.05475;0.06001;0.05446;0.05492;1113207.96
20260528 000000;0.05492;0.05577;0.05245;0.05397;1108955.83
20260529 000000;0.05397;0.0552;0.05183;0.05338;1038127.23
20260530 000000;0.05338;0.05493;0.05315;0.05347;1066442.87
20260531 000000;0.05347;0.05518;0.05275;0.05414;1118411.8
20260601 000000;0.05414;0.06002;0.05414;0.05948;1911219.18
20260602 000000;0.05948;0.05979;0.04341;0.0501;5249473.59
20260603 000000;0.0501;0.05093;0.04743;0.04906;1315339.96
20260604 000000;0.04906;0.05131;0.04694;0.04856;1303819.54
20260605 000000;0.04856;0.04857;0.04479;0.04571;1635686.93
20260606 000000;0.04571;0.04778;0.04495;0.04693;1366557.51
20260607 000000;0.04693;0.04857;0.04137;0.04196;2104235.08
20260608 000000;0.04196;0.04686;0.04077;0.04596;1654979.4
20260609 000000;0.04596;0.04782;0.0448;0.04664;1477999.86
20260610 000000;0.04664;0.04913;0.04615;0.04879;1365090.28
20260611 000000;0.04879;0.058;0.04855;0.0577;1737474.57
20260612 000000;0.0577;0.06026;0.05649;0.05817;1185892.8
20260613 000000;0.05817;0.06052;0.05774;0.06044;1038246.98
20260614 000000;0.06044;0.06153;0.05902;0.05948;1052700.94
20260615 000000;0.05948;0.06097;0.05933;0.06034;1044124.63
20260616 000000;0.06034;0.06116;0.05881;0.06063;1086921.24
20260617 000000;0.06063;0.06128;0.05948;0.06097;958505.56
20260618 000000;0.06097;0.06117;0.06044;0.06095;899609.12
20260619 000000;0.06095;0.06139;0.05603;0.05886;1460867.1
20260620 000000;0.05886;0.06522;0.05826;0.06364;813094.62
