20260101 000000;0.01069;0.01092;0.0103;0.01092;111075.63
20260102 000000;0.01092;0.01347;0.01028;0.01136;582799.41
20260103 000000;0.01136;0.0128;0.0112;0.01142;176305.12
20260104 000000;0.01142;0.012;0.01121;0.01131;56675.96
20260105 000000;0.01131;0.01195;0.01099;0.01171;99619.8
20260106 000000;0.01171;0.01238;0.01112;0.01217;41358.97
20260107 000000;0.01217;0.01237;0.01206;0.01206;31661.6
20260108 000000;0.01206;0.01206;0.01177;0.01203;177263.43
20260109 000000;0.01203;0.01204;0.0105;0.01157;2954451.88
20260110 000000;0.01157;0.01157;0.01109;0.01129;444178.29
20260111 000000;0.01129;0.01131;0.0111;0.01125;41384.42
20260112 000000;0.01125;0.01131;0.01056;0.01056;1372098.09
20260113 000000;0.01056;0.0113;0.01056;0.01126;86564.75
20260114 000000;0.01126;0.01245;0.01026;0.01123;1597157.39
20260115 000000;0.01123;0.01159;0.01123;0.01135;247906.21
20260116 000000;0.01135;0.01144;0.00777;0.00926;6748706.39
20260117 000000;0.00926;0.00926;0.00882;0.00899;174210.82
20260118 000000;0.00899;0.00926;0.00887;0.00888;436016.46
20260119 000000;0.00888;0.00902;0.00824;0.00893;720453.14
20260120 000000;0.00893;0.00896;0.00864;0.00879;477819.74
20260121 000000;0.00879;0.00886;0.00857;0.00886;32001.04
20260122 000000;0.00886;0.00895;0.00849;0.00883;157567.89
20260123 000000;0.00883;0.00886;0.00818;0.00841;1104912.65
20260124 000000;0.00841;0.00846;0.0083;0.00832;214727.74
20260125 000000;0.00832;0.0088;0.00832;0.00836;32396.22
20260126 000000;0.00836;0.0085;0.00833;0.0085;111368.9
20260127 000000;0.0085;0.0085;0.00842;0.00842;45580.21
20260128 000000;0.00842;0.0085;0.00842;0.00844;27595.76
20260129 000000;0.00844;0.0085;0.00807;0.00834;285760.65
20260130 000000;0.00834;0.00834;0.00804;0.00817;265530.42
20260131 000000;0.00817;0.00896;0.008;0.00889;364580.24
20260201 000000;0.00889;0.00894;0.00861;0.00861;180994.06
20260202 000000;0.00861;0.00889;0.00846;0.00879;766443.24
20260203 000000;0.00879;0.00903;0.00866;0.0089;109784.56
20260204 000000;0.0089;0.0089;0.00815;0.00825;826655.97
20260205 000000;0.00825;0.00893;0.0078;0.00782;1806620.64
20260206 000000;0.00782;0.00843;0.00781;0.00782;33595.75
20260207 000000;0.00782;0.009;0.00782;0.00885;664446.34
20260208 000000;0.00885;0.00943;0.00854;0.0088;604078.32
20260209 000000;0.0088;0.0091;0.00842;0.0088;986775.65
20260210 000000;0.0088;0.01008;0.00864;0.00964;270351.16
20260211 000000;0.00964;0.00964;0.00745;0.00812;1283363.24
20260212 000000;0.00812;0.00884;0.00799;0.00811;433329.19
20260213 000000;0.00811;0.00884;0.00799;0.0082;159522.47
20260214 000000;0.0082;0.0082;0.00801;0.00807;7958.13
20260215 000000;0.00807;0.0083;0.00798;0.00798;53911.36
20260216 000000;0.00798;0.00846;0.00798;0.008;162807.07
20260217 000000;0.008;0.00839;0.008;0.00823;40806.59
20260218 000000;0.00823;0.0083;0.0077;0.008;725687.7
20260219 000000;0.008;0.00808;0.0077;0.00771;63685.55
20260220 000000;0.00771;0.00839;0.00761;0.00799;251208.58
20260221 000000;0.00799;0.00811;0.00799;0.00799;9206.09
20260222 000000;0.00799;0.00826;0.00785;0.00801;302059.49
20260223 000000;0.00801;0.00823;0.00794;0.008;28636.51
20260224 000000;0.008;0.00803;0.00794;0.00794;67129.59
20260225 000000;0.00794;0.00817;0.00794;0.00803;79741.16
20260226 000000;0.00803;0.00803;0.00794;0.00794;206132.72
20260227 000000;0.00794;0.00854;0.0078;0.00817;653131.22
20260228 000000;0.00817;0.00855;0.00794;0.00799;549292.45
20260301 000000;0.00799;0.00833;0.00799;0.00799;81223.44
20260302 000000;0.00799;0.00921;0.0077;0.00916;1049342.36
20260303 000000;0.00916;0.00958;0.00819;0.00851;369544.32
20260304 000000;0.00851;0.00851;0.0078;0.00811;1585477.22
20260305 000000;0.00811;0.00811;0.00758;0.00777;1174353.78
20260306 000000;0.00777;0.00786;0.00759;0.00771;100030.45
20260307 000000;0.00771;0.00775;0.00769;0.00774;42188.89
20260308 000000;0.00774;0.00788;0.00774;0.00788;18613.12
20260309 000000;0.00788;0.00807;0.00764;0.00764;244256.52
20260310 000000;0.00764;0.00877;0.00715;0.00785;3341609.2
20260311 000000;0.00785;0.00824;0.00785;0.00797;669156.98
20260312 000000;0.00797;0.0105;0.00778;0.0093;104937.53
20260313 000000;0.0093;0.0107;0.00846;0.00976;521266.77
20260314 000000;0.00976;0.01;0.00794;0.00822;135525.42
20260315 000000;0.00822;0.00883;0.0077;0.00785;487042.24
20260316 000000;0.00785;0.00813;0.0077;0.00786;147700.61
20260317 000000;0.00786;0.00866;0.00786;0.00792;319050.12
20260318 000000;0.00792;0.00821;0.00789;0.008;311923.68
20260319 000000;0.008;0.00805;0.00787;0.00791;70089.34
20260320 000000;0.00791;0.00791;0.00777;0.00779;35059.24
20260321 000000;0.00779;0.00808;0.00778;0.00778;65819.11
20260322 000000;0.00778;0.00779;0.00767;0.00774;66917.74
20260323 000000;0.00774;0.00802;0.00768;0.00781;239789.25
20260324 000000;0.00781;0.00784;0.00768;0.00778;80876.45
20260325 000000;0.00778;0.00812;0.00768;0.00796;69241.37
20260326 000000;0.00796;0.008;0.00767;0.0078;68039.08
20260327 000000;0.0078;0.00953;0.00762;0.00868;521521.17
20260328 000000;0.00868;0.0099;0.00861;0.0099;212082.95
20260329 000000;0.0099;0.0105;0.00938;0.0103;70930.2
20260330 000000;0.0103;0.01049;0.00989;0.01006;731363.4
20260331 000000;0.01006;0.011;0.01;0.01022;76327.57
20260401 000000;0.01022;0.01051;0.01;0.01029;842848.92
20260402 000000;0.01029;0.01029;0.01014;0.01015;73440.29
20260403 000000;0.01015;0.01056;0.01009;0.01048;154625.52
20260404 000000;0.01048;0.01118;0.01;0.01062;143389.25
20260405 000000;0.01062;0.01084;0.01058;0.01067;30584.53
20260406 000000;0.01067;0.01172;0.01059;0.01128;222440.68
20260407 000000;0.01128;0.01144;0.01123;0.01129;89657.13
20260408 000000;0.01129;0.01145;0.01116;0.01141;95182.18
20260409 000000;0.01141;0.01157;0.01128;0.01133;145992.87
20260410 000000;0.01133;0.0114;0.01102;0.01138;349010.56
20260411 000000;0.01138;0.01138;0.01091;0.01091;57148.53
20260412 000000;0.01091;0.01106;0.01073;0.01091;33193.13
20260413 000000;0.01091;0.01103;0.01081;0.01091;37273.06
20260414 000000;0.01091;0.01091;0.01079;0.01079;58095.5
20260415 000000;0.01079;0.0114;0.01059;0.01107;200683.43
20260416 000000;0.01107;0.01107;0.01027;0.01071;115533.7
20260417 000000;0.01071;0.01076;0.01047;0.01055;37668.49
20260418 000000;0.01055;0.01146;0.01049;0.01123;186730.21
20260419 000000;0.01123;0.026;0.01116;0.01187;772681.85
20260420 000000;0.01187;0.0178;0.0113;0.01372;490839.48
20260421 000000;0.01372;0.01484;0.01082;0.01262;1212133
20260422 000000;0.01262;0.0147;0.01099;0.01248;130624.51
20260423 000000;0.01248;0.01251;0.01081;0.01089;401250.17
20260424 000000;0.01089;0.01105;0.01085;0.01085;90556.62
20260425 000000;0.01085;0.01132;0.0107;0.01081;86644.19
20260426 000000;0.01081;0.01085;0.01078;0.01078;26040.83
20260427 000000;0.01078;0.01137;0.01077;0.01098;72067.92
20260428 000000;0.01098;0.01155;0.01085;0.01088;396445.69
20260429 000000;0.01088;0.01145;0.01086;0.01108;67425.38
20260430 000000;0.01108;0.0115;0.01093;0.01132;74298.55
20260501 000000;0.01132;0.01135;0.01093;0.01102;28217.38
20260502 000000;0.01102;0.01119;0.01063;0.01063;9456.65
20260503 000000;0.01063;0.01066;0.01042;0.01047;175360.58
20260504 000000;0.01047;0.01051;0.01014;0.01014;39684.87
20260505 000000;0.01014;0.01022;0.0099;0.01;78923.18
20260506 000000;0.01;0.0116;0.00997;0.01099;1370869.81
20260507 000000;0.01099;0.0124;0.01084;0.01167;136505.12
20260508 000000;0.01167;0.013;0.01093;0.0121;250015.79
20260509 000000;0.0121;0.01355;0.01093;0.01224;280845.2
20260510 000000;0.01224;0.01423;0.01147;0.01241;159092.77
20260511 000000;0.01241;0.018;0.01241;0.0167;448427.88
20260512 000000;0.0167;0.018;0.0127;0.01655;193563.71
20260513 000000;0.01655;0.01655;0.0121;0.01353;322930.24
20260514 000000;0.01353;0.01527;0.01179;0.01354;379674.32
20260515 000000;0.01354;0.0155;0.01088;0.01347;1152099.56
20260516 000000;0.01347;0.01347;0.01191;0.01196;148400.29
20260517 000000;0.01196;0.01258;0.01174;0.01227;28622
20260518 000000;0.01227;0.0123;0.01093;0.01155;192383.8
20260519 000000;0.01155;0.0155;0.01088;0.01459;732074.37
20260520 000000;0.01459;0.01785;0.0138;0.01695;66114.93
20260521 000000;0.01695;0.01695;0.01282;0.01557;68471.47
20260522 000000;0.01557;0.01573;0.01294;0.0136;433060.19
20260523 000000;0.0136;0.01601;0.0136;0.01601;35819.52
20260524 000000;0.01601;0.01644;0.016;0.01631;87660.68
20260525 000000;0.01631;0.01631;0.01395;0.01501;234788.3
20260526 000000;0.01501;0.01596;0.01417;0.0158;46160.1
20260527 000000;0.0158;0.018;0.01426;0.01693;295349.74
20260528 000000;0.01693;0.01805;0.01586;0.01762;127137.52
20260529 000000;0.01762;0.01936;0.01697;0.01724;123727.92
20260530 000000;0.01724;0.01724;0.01683;0.01689;121247.79
20260531 000000;0.01689;0.01699;0.01678;0.01678;57414.04
20260601 000000;0.01678;0.017;0.01668;0.01682;49476.44
20260602 000000;0.01682;0.01685;0.01638;0.01646;41527.3
20260603 000000;0.01646;0.01646;0.01606;0.01626;114495.29
20260604 000000;0.01626;0.01659;0.016;0.0163;161895.5
20260605 000000;0.0163;0.0164;0.01577;0.01577;140016.89
20260606 000000;0.01577;0.0159;0.01555;0.01555;24584.05
20260607 000000;0.01555;0.01563;0.01517;0.01526;103611.79
20260608 000000;0.01526;0.01587;0.01489;0.01538;34098.27
20260609 000000;0.01538;0.0157;0.0151;0.0151;145167.32
20260610 000000;0.0151;0.0151;0.01477;0.01484;103557.76
20260611 000000;0.01484;0.01488;0.014;0.01473;120597.76
20260612 000000;0.01473;0.01481;0.01468;0.0147;65116.99
20260613 000000;0.0147;0.0148;0.00715;0.01038;1124373.65
20260614 000000;0.01038;0.01054;0.01029;0.01052;159186.29
20260615 000000;0.01052;0.01098;0.01021;0.01053;144742.88
20260616 000000;0.01053;0.0106;0.01035;0.01053;197573.46
20260617 000000;0.01053;0.01053;0.01036;0.01039;289439.77
20260618 000000;0.01039;0.01064;0.01038;0.01043;159867.25
20260619 000000;0.01043;0.01054;0.0104;0.0104;28469.29
20260620 000000;0.0104;0.01065;0.00965;0.01039;141254.79
