20250101 000000;0.0000003528;0.0000003558;0.000000337;0.0000003533;11830517600
20250102 000000;0.0000003533;0.000000365;0.0000003443;0.0000003496;6738373378
20250103 000000;0.0000003496;0.000000365;0.000000345;0.000000365;5984819350
20250104 000000;0.000000365;0.0000003975;0.000000365;0.0000003814;12496966828
20250105 000000;0.0000003814;0.0000003976;0.0000003726;0.000000385;15099984151
20250106 000000;0.000000385;0.0000004062;0.0000003707;0.0000003791;19853549548
20250107 000000;0.0000003791;0.000000386;0.0000003418;0.0000003503;8759607542
20250108 000000;0.0000003503;0.0000003651;0.0000003379;0.0000003457;14864129182
20250109 000000;0.0000003457;0.0000003597;0.0000003021;0.000000336;35012586682
20250110 000000;0.000000336;0.0000003438;0.0000003255;0.0000003355;11196456730
20250111 000000;0.0000003355;0.0000003434;0.0000003269;0.000000342;8456065659
20250112 000000;0.000000342;0.0000003456;0.0000003249;0.0000003281;15552118996
20250113 000000;0.0000003281;0.000000337;0.0000002981;0.0000003205;20259018051
20250114 000000;0.0000003205;0.0000003256;0.0000003129;0.0000003193;5514982768
20250115 000000;0.0000003193;0.0000003515;0.0000003101;0.0000003398;40442002454
20250116 000000;0.0000003398;0.0000003443;0.0000003287;0.0000003334;19788599267
20250117 000000;0.0000003334;0.0000003819;0.0000003302;0.0000003403;17247328491
20250118 000000;0.0000003403;0.0000003419;0.0000003037;0.0000003252;11462375624
20250119 000000;0.0000003252;0.0000003373;0.0000002802;0.000000306;37299930375
20250120 000000;0.000000306;0.0000003221;0.0000002521;0.0000003112;30895185606
20250121 000000;0.0000003112;0.0000003205;0.0000002939;0.0000003087;7632577315
20250122 000000;0.0000003087;0.0000003172;0.0000002987;0.0000003172;9220826358
20250123 000000;0.0000003172;0.0000003172;0.0000002901;0.0000003071;17509359094
20250124 000000;0.0000003071;0.0000003343;0.0000003049;0.000000305;6362643642
20250125 000000;0.000000305;0.0000003172;0.0000003035;0.0000003055;6191279334
20250126 000000;0.0000003055;0.000000314;0.000000295;0.0000002991;10808483218
20250127 000000;0.0000002991;0.0000003157;0.0000002723;0.0000002886;12016000167
20250128 000000;0.0000002886;0.0000003543;0.0000002712;0.0000002835;32482091522
20250129 000000;0.0000002835;0.0000003201;0.0000002701;0.0000003028;13049043060
20250130 000000;0.0000003028;0.0000003173;0.00000027;0.0000003034;18181690957
20250131 000000;0.0000003034;0.0000003463;0.00000027;0.0000003074;32546151531
20250201 000000;0.0000003074;0.0000003111;0.000000272;0.0000002864;16030286706
20250202 000000;0.0000002864;0.0000002907;0.00000024;0.0000002537;7100897438
20250203 000000;0.0000002537;0.0000002784;0.000000231;0.0000002749;29719798704
20250204 000000;0.0000002749;0.000000289;0.0000002479;0.0000002587;11163574857
20250205 000000;0.0000002587;0.0000002617;0.000000254;0.0000002558;2495530823
20250206 000000;0.0000002558;0.0000002773;0.0000002425;0.0000002547;15711781339
20250207 000000;0.0000002547;0.0000002835;0.0000002303;0.000000264;26129325589
20250208 000000;0.000000264;0.0000002748;0.0000002506;0.0000002677;13404418663
20250209 000000;0.0000002677;0.0000002744;0.0000002652;0.0000002675;5156040587
20250210 000000;0.0000002675;0.0000002695;0.0000002606;0.0000002676;7130445521
20250211 000000;0.0000002676;0.0000002921;0.0000002625;0.0000002711;15070394421
20250212 000000;0.0000002711;0.0000002995;0.0000002666;0.0000002854;14405593424
20250213 000000;0.0000002854;0.0000003198;0.0000002746;0.0000002828;10775002211
20250214 000000;0.0000002828;0.0000002828;0.0000002653;0.000000276;3224118606
20250215 000000;0.000000276;0.0000002799;0.0000002559;0.0000002726;5237065023
20250216 000000;0.0000002726;0.0000002773;0.0000002622;0.0000002715;6823190125
20250217 000000;0.0000002715;0.000000287;0.0000002692;0.0000002742;6476500413
20250218 000000;0.0000002742;0.0000002786;0.0000002572;0.0000002628;11148316066
20250219 000000;0.0000002628;0.0000002731;0.0000002613;0.0000002725;3757123680
20250220 000000;0.0000002725;0.0000002884;0.0000002625;0.000000273;12716315066
20250221 000000;0.000000273;0.0000002758;0.00000026;0.00000026;10420182989
20250222 000000;0.00000026;0.0000002822;0.0000002588;0.0000002767;8446130842
20250223 000000;0.0000002767;0.0000002767;0.0000002638;0.0000002732;7037030821
20250224 000000;0.0000002732;0.0000002772;0.0000002463;0.0000002511;14397880269
20250225 000000;0.0000002511;0.0000002732;0.00000024;0.0000002542;16716023236
20250226 000000;0.0000002542;0.0000002569;0.0000002384;0.0000002537;10881262941
20250227 000000;0.0000002537;0.0000002577;0.0000002374;0.0000002507;8441887608
20250228 000000;0.0000002507;0.0000002666;0.0000002247;0.0000002515;13606041736
20250301 000000;0.0000002515;0.0000002567;0.0000002393;0.0000002553;14340577877
20250302 000000;0.0000002553;0.00000035;0.0000002473;0.0000002726;26044421575
20250303 000000;0.0000002726;0.0000002768;0.0000002318;0.0000002461;19777789012
20250304 000000;0.0000002461;0.0000002783;0.0000002318;0.0000002532;12513669272
20250305 000000;0.0000002532;0.0000002889;0.0000002448;0.00000028;13019136585
20250306 000000;0.00000028;0.000000313;0.0000002315;0.0000002549;15732801062
20250307 000000;0.0000002549;0.0000002646;0.0000002443;0.0000002531;20211189377
20250308 000000;0.0000002531;0.0000002766;0.0000002496;0.0000002531;6404163709
20250309 000000;0.0000002531;0.0000002535;0.0000002274;0.0000002419;8425423869
20250310 000000;0.0000002419;0.0000002457;0.00000021;0.0000002178;10130513227
20250311 000000;0.0000002178;0.0000002558;0.0000002083;0.0000002356;11518014981
20250312 000000;0.0000002356;0.0000002458;0.0000002268;0.0000002383;13842346126
20250313 000000;0.0000002383;0.0000002763;0.0000002302;0.0000002365;14374515325
20250314 000000;0.0000002365;0.0000002766;0.0000002279;0.0000002529;36970608540
20250315 000000;0.0000002529;0.0000002581;0.0000002408;0.0000002473;5782361709
20250316 000000;0.0000002473;0.0000002545;0.0000002385;0.0000002401;4547322225
20250317 000000;0.0000002401;0.0000002494;0.0000002393;0.0000002442;7818373575
20250318 000000;0.0000002442;0.0000002494;0.0000002334;0.0000002469;12401886951
20250319 000000;0.0000002469;0.0000002634;0.0000002422;0.0000002524;7874268536
20250320 000000;0.0000002524;0.0000002568;0.0000002397;0.0000002464;9855451860
20250321 000000;0.0000002464;0.0000002531;0.0000002409;0.0000002491;5348030341
20250322 000000;0.0000002491;0.0000002519;0.0000002337;0.0000002414;74435434402
20250323 000000;0.0000002414;0.000000251;0.0000002223;0.0000002423;272787076368
20250324 000000;0.0000002423;0.00000027;0.0000002385;0.0000002455;253157489756
20250325 000000;0.0000002455;0.0000002494;0.0000002409;0.0000002473;246954717071
20250326 000000;0.0000002473;0.0000002505;0.0000002399;0.0000002401;194783716001
20250327 000000;0.0000002401;0.0000002428;0.0000002317;0.0000002345;85996397377
20250328 000000;0.0000002345;0.00000025;0.0000002189;0.0000002239;46172974257
20250329 000000;0.0000002239;0.0000002271;0.0000002138;0.0000002169;18540171168
20250330 000000;0.0000002169;0.0000002231;0.00000021;0.0000002132;27888413931
20250331 000000;0.0000002132;0.0000002202;0.0000002101;0.0000002138;34329862838
20250401 000000;0.0000002138;0.0000002445;0.0000002127;0.0000002247;101795090839
20250402 000000;0.0000002247;0.000000233;0.0000002109;0.0000002111;112344225429
20250403 000000;0.0000002111;0.0000002235;0.00000021;0.0000002152;124178191356
20250404 000000;0.0000002152;0.0000002464;0.0000002126;0.0000002207;80233877769
20250405 000000;0.0000002207;0.0000002358;0.0000001967;0.0000002192;128250528802
20250406 000000;0.0000002192;0.0000002192;0.0000001971;0.0000001993;138482685284
20250407 000000;0.0000001993;0.0000002235;0.0000001917;0.0000002091;169690401807
20250408 000000;0.0000002091;0.0000002197;0.0000002002;0.0000002011;135582060247
20250409 000000;0.0000002011;0.0000002213;0.0000001953;0.0000002172;176767918854
20250410 000000;0.0000002172;0.0000002219;0.0000001971;0.0000002056;135916839177
20250411 000000;0.0000002056;0.0000002154;0.0000002042;0.0000002128;118958092435
20250412 000000;0.0000002128;0.0000002236;0.00000021;0.0000002208;114377315167
20250413 000000;0.0000002208;0.0000002362;0.0000002125;0.000000213;117466317331
20250414 000000;0.000000213;0.0000002224;0.0000002064;0.0000002093;101121244311
20250415 000000;0.0000002093;0.0000002145;0.0000002043;0.000000206;84823352326
20250416 000000;0.000000206;0.0000002112;0.0000001901;0.0000002042;113326525359
20250417 000000;0.0000002042;0.000000228;0.000000204;0.0000002104;126361059048
20250418 000000;0.0000002104;0.0000002279;0.0000002072;0.0000002113;126523670807
20250419 000000;0.0000002113;0.000000227;0.0000002047;0.0000002098;138048901275
20250420 000000;0.0000002098;0.000000226;0.0000002043;0.0000002061;132773351897
20250421 000000;0.0000002061;0.0000002155;0.0000001896;0.0000002035;140228154842
20250422 000000;0.0000002035;0.000000226;0.0000002014;0.0000002159;145511031316
20250423 000000;0.0000002159;0.000000235;0.0000002144;0.0000002164;125925505827
20250424 000000;0.0000002164;0.0000002333;0.0000002093;0.0000002134;118254815079
20250425 000000;0.0000002134;0.0000002198;0.0000002075;0.0000002158;121502440795
20250426 000000;0.0000002158;0.0000002787;0.00000021;0.000000217;162684852072
20250427 000000;0.000000217;0.0000002222;0.0000002102;0.0000002152;203810083780
20250428 000000;0.0000002152;0.0000002232;0.0000002129;0.0000002152;703163172847
20250429 000000;0.0000002152;0.0000002281;0.00000021;0.0000002153;309336727454
20250430 000000;0.0000002153;0.0000002209;0.0000002101;0.0000002139;584517935058
20250501 000000;0.0000002139;0.0000002212;0.00000021;0.000000216;323818222478
20250502 000000;0.000000216;0.0000002787;0.0000001993;0.0000002189;428842454300
20250503 000000;0.0000002189;0.0000002357;0.000000205;0.000000223;326080860586
20250504 000000;0.000000223;0.000000223;0.0000002135;0.0000002145;176758209230
20250505 000000;0.0000002145;0.000000237;0.0000002113;0.0000002175;320930014884
20250506 000000;0.0000002175;0.0000002309;0.0000002005;0.0000002115;230848437890
20250507 000000;0.0000002115;0.0000002304;0.0000002061;0.000000212;104960811105
20250508 000000;0.000000212;0.0000002534;0.0000002112;0.0000002379;141091203836
20250509 000000;0.0000002379;0.0000003365;0.0000002374;0.0000002681;287662759551
20250510 000000;0.0000002681;0.000000311;0.0000002614;0.000000278;334916125739
20250511 000000;0.000000278;0.0000002807;0.0000002603;0.0000002665;97782909257
20250512 000000;0.0000002665;0.000000311;0.0000002642;0.0000002775;139171025658
20250513 000000;0.0000002775;0.000000311;0.0000002702;0.000000286;222462708346
20250514 000000;0.000000286;0.000000311;0.0000002602;0.0000002693;100608449661
20250515 000000;0.0000002693;0.0000002736;0.0000002501;0.0000002575;95671088434
20250516 000000;0.0000002575;0.000000267;0.0000002448;0.0000002518;235259093476
20250517 000000;0.0000002518;0.0000002518;0.0000002356;0.0000002374;133384253853
20250518 000000;0.0000002374;0.0000002443;0.0000002166;0.0000002377;220349889614
20250519 000000;0.0000002377;0.0000002503;0.0000002151;0.000000235;165233644780
20250520 000000;0.000000235;0.0000002534;0.0000002227;0.0000002329;230650786204
20250521 000000;0.0000002329;0.000000259;0.0000002282;0.0000002331;258545633900
20250522 000000;0.0000002331;0.0000002417;0.0000002255;0.0000002361;213042518010
20250523 000000;0.0000002361;0.0000002409;0.0000002232;0.0000002234;229124883832
20250524 000000;0.0000002234;0.0000002333;0.0000002232;0.0000002296;234575381803
20250525 000000;0.0000002296;0.0000002302;0.0000002042;0.000000224;212327435936
20250526 000000;0.000000224;0.0000002352;0.0000002231;0.0000002278;191055061475
20250527 000000;0.0000002278;0.0000002304;0.0000002225;0.0000002267;148168378025
20250528 000000;0.0000002267;0.000000228;0.0000002144;0.0000002208;223049687028
20250529 000000;0.0000002208;0.0000002399;0.0000002138;0.0000002186;720566151076
20250530 000000;0.0000002186;0.0000002193;0.0000001798;0.0000002047;1950924564453
20250531 000000;0.0000002047;0.0000002117;0.0000002041;0.00000021;1334841343223
20250601 000000;0.00000021;0.0000002162;0.0000002064;0.0000002136;929026779623
20250602 000000;0.0000002136;0.0000002272;0.0000002037;0.000000215;1301001760565
20250603 000000;0.000000215;0.000000225;0.000000205;0.00000021;828919651039
20250604 000000;0.00000021;0.0000002143;0.0000002088;0.00000021;727176724089
20250605 000000;0.00000021;0.000000235;0.0000001911;0.0000001958;342512146543
20250606 000000;0.0000001958;0.000000207;0.0000001929;0.0000001994;208980936547
20250607 000000;0.0000001994;0.000000201;0.0000001981;0.0000001993;113970422604
20250608 000000;0.0000001993;0.0000002016;0.0000001966;0.0000001996;199797878240
20250609 000000;0.0000001996;0.0000002068;0.0000001968;0.0000002058;246541543432
20250610 000000;0.0000002058;0.000000214;0.0000002028;0.00000021;1793352749554
20250611 000000;0.00000021;0.0000002275;0.000000202;0.0000002032;2558886362210
20250612 000000;0.0000002032;0.0000002051;0.0000001923;0.0000001942;1688855046254
20250613 000000;0.0000001942;0.0000001975;0.0000001773;0.0000001939;1045349248392
20250614 000000;0.0000001939;0.0000001953;0.0000001883;0.0000001933;598674049291
20250615 000000;0.0000001933;0.000000197;0.0000001907;0.0000001948;493572417838
20250616 000000;0.0000001948;0.0000002044;0.0000001921;0.0000001945;454170439885
20250617 000000;0.0000001945;0.0000001976;0.0000001869;0.0000001905;317251789728
20250618 000000;0.0000001905;0.0000001928;0.0000001812;0.0000001891;266131211049
20250619 000000;0.0000001891;0.0000001924;0.0000001774;0.0000001857;338480103720
20250620 000000;0.0000001857;0.0000001885;0.0000001788;0.0000001798;304440661391
20250621 000000;0.0000001798;0.0000001798;0.0000001694;0.0000001715;298836143154
20250622 000000;0.0000001715;0.0000001722;0.0000001616;0.0000001657;335894539890
20250623 000000;0.0000001657;0.0000001751;0.0000001644;0.000000174;384030669309
20250624 000000;0.000000174;0.0000001763;0.0000001719;0.0000001742;255674838676
20250625 000000;0.0000001742;0.0000001751;0.0000001688;0.0000001698;246347165987
20250626 000000;0.0000001698;0.0000001734;0.0000001655;0.0000001658;315246791337
20250627 000000;0.0000001658;0.0000001687;0.0000001627;0.0000001637;266828960415
20250628 000000;0.0000001637;0.0000001666;0.000000163;0.000000165;178540440529
20250629 000000;0.000000165;0.0000001678;0.0000001597;0.0000001658;140414313273
20250630 000000;0.0000001658;0.000000166;0.0000001577;0.0000001632;164715280024
20250701 000000;0.0000001632;0.0000001662;0.0000001574;0.0000001587;113976265318
20250702 000000;0.0000001587;0.0000001827;0.0000001578;0.0000001673;178821385164
20250703 000000;0.0000001673;0.0000001716;0.0000001652;0.0000001682;185523093638
20250704 000000;0.0000001682;0.00000017;0.0000001614;0.0000001623;207879841441
20250705 000000;0.0000001623;0.0000001662;0.000000156;0.0000001579;351772638088
20250706 000000;0.0000001579;0.0000001614;0.0000001543;0.0000001582;331470710120
20250707 000000;0.0000001582;0.0000001594;0.000000153;0.0000001543;312953871047
20250708 000000;0.0000001543;0.0000001585;0.0000001532;0.000000155;308549784044
20250709 000000;0.000000155;0.0000001597;0.00000015;0.0000001562;353218595606
20250710 000000;0.0000001562;0.0000001657;0.0000001536;0.0000001606;299321017134
20250711 000000;0.0000001606;0.0000001662;0.0000001598;0.0000001628;280284819357
20250712 000000;0.0000001628;0.0000001647;0.000000156;0.0000001594;328585543792
20250713 000000;0.0000001594;0.0000001608;0.0000001559;0.0000001566;292582255146
20250714 000000;0.0000001566;0.0000001598;0.0000001431;0.0000001499;325285616186
20250715 000000;0.0000001499;0.0000001515;0.0000001425;0.0000001488;228798845510
20250716 000000;0.0000001488;0.0000001509;0.0000001327;0.0000001427;194251784842
20250717 000000;0.0000001427;0.0000001502;0.0000001416;0.0000001494;163944915772
20250718 000000;0.0000001494;0.0000001518;0.0000001431;0.0000001447;195266086776
20250719 000000;0.0000001447;0.0000001485;0.0000001441;0.0000001467;345990965928
20250720 000000;0.0000001467;0.0000001661;0.0000001455;0.0000001503;370408644486
20250721 000000;0.0000001503;0.0000001646;0.0000001489;0.0000001547;87377746259
20250722 000000;0.0000001547;0.000000155;0.0000001482;0.0000001496;22958911120
20250723 000000;0.0000001496;0.0000001533;0.0000001436;0.0000001501;11109297031
20250724 000000;0.0000001501;0.000000151;0.0000001443;0.0000001495;14684890753
20250725 000000;0.0000001495;0.0000001505;0.0000001443;0.00000015;26740158216
20250726 000000;0.00000015;0.0000001516;0.0000001476;0.0000001488;130051465641
20250727 000000;0.0000001488;0.0000001624;0.0000001485;0.0000001559;347233302302
20250728 000000;0.0000001559;0.0000001599;0.000000151;0.0000001511;313989788605
20250729 000000;0.0000001511;0.0000001571;0.0000001486;0.0000001523;169495198934
20250730 000000;0.0000001523;0.0000001554;0.000000148;0.0000001528;133675791844
20250731 000000;0.0000001528;0.0000001702;0.0000001418;0.000000146;213009758197
20250801 000000;0.000000146;0.0000001491;0.0000001363;0.0000001399;146366721251
20250802 000000;0.0000001399;0.0000001435;0.0000001372;0.0000001383;81821060058
20250803 000000;0.0000001383;0.0000001656;0.0000001377;0.0000001439;134656633662
20250804 000000;0.0000001439;0.0000001574;0.0000001419;0.000000148;114767801068
20250805 000000;0.000000148;0.0000001481;0.0000001413;0.0000001437;95797362054
20250806 000000;0.0000001437;0.0000001574;0.000000141;0.0000001442;90409424305
20250807 000000;0.0000001442;0.000000166;0.0000001442;0.0000001524;104095180371
20250808 000000;0.0000001524;0.0000001529;0.0000001461;0.0000001523;44276060785
20250809 000000;0.0000001523;0.0000001595;0.0000001513;0.0000001562;139124669485
20250810 000000;0.0000001562;0.0000001592;0.0000001497;0.0000001547;319834910547
20250811 000000;0.0000001547;0.0000001601;0.000000147;0.0000001542;352673113217
20250812 000000;0.0000001542;0.0000001646;0.0000001523;0.0000001592;316088719619
20250813 000000;0.0000001592;0.000000175;0.0000001572;0.0000001738;337591083365
20250814 000000;0.0000001738;0.0000001748;0.0000001597;0.0000001626;351756639002
20250815 000000;0.0000001626;0.000000175;0.0000001395;0.0000001612;332435993857
20250816 000000;0.0000001612;0.00000018;0.0000001512;0.0000001629;357888683652
20250817 000000;0.0000001629;0.0000001677;0.0000001591;0.0000001618;324086162471
20250818 000000;0.0000001618;0.0000001674;0.0000001515;0.0000001563;453122765417
20250819 000000;0.0000001563;0.0000001595;0.0000001468;0.0000001515;324918102079
20250820 000000;0.0000001515;0.0000001826;0.0000001511;0.0000001645;469390369760
20250821 000000;0.0000001645;0.000000193;0.0000001564;0.0000001617;355623966499
20250822 000000;0.0000001617;0.0000001765;0.0000001584;0.0000001708;310784287504
20250823 000000;0.0000001708;0.0000001792;0.0000001511;0.0000001621;337639341270
20250824 000000;0.0000001621;0.000000166;0.0000001578;0.0000001648;288217569062
20250825 000000;0.0000001648;0.000000165;0.0000001531;0.0000001532;360266543456
20250826 000000;0.0000001532;0.0000001576;0.0000001456;0.0000001534;405360538866
20250827 000000;0.0000001534;0.0000001538;0.0000001358;0.0000001451;494485924861
20250828 000000;0.0000001451;0.0000001487;0.0000001427;0.0000001466;370760523106
20250829 000000;0.0000001466;0.0000001537;0.0000001442;0.0000001475;403930368478
20250830 000000;0.0000001475;0.0000001489;0.0000001411;0.000000145;334530435149
20250831 000000;0.000000145;0.0000001499;0.0000001402;0.0000001456;137428287569
20250901 000000;0.0000001456;0.0000001456;0.0000001382;0.0000001398;314067587258
20250902 000000;0.0000001398;0.0000001424;0.0000001366;0.00000014;257714920182
20250903 000000;0.00000014;0.0000001434;0.0000001354;0.0000001399;302689961685
20250904 000000;0.0000001399;0.0000001425;0.0000001306;0.0000001367;375424070374
20250905 000000;0.0000001367;0.0000001413;0.000000136;0.000000137;431217430572
20250906 000000;0.000000137;0.0000001493;0.0000001346;0.0000001368;362787722987
20250907 000000;0.0000001368;0.0000001413;0.0000001342;0.0000001396;516588853108
20250908 000000;0.0000001396;0.0000001477;0.0000001381;0.00000014;368888777872
20250909 000000;0.00000014;0.0000001458;0.000000139;0.0000001412;248929961996
20250910 000000;0.0000001412;0.0000001463;0.0000001385;0.0000001426;163190301847
20250911 000000;0.0000001426;0.000000186;0.000000141;0.0000001691;205354428424
20250912 000000;0.0000001691;0.0000001792;0.0000001518;0.0000001582;466378190291
20250913 000000;0.0000001582;0.0000001606;0.0000001494;0.0000001545;426839955920
20250914 000000;0.0000001545;0.0000001698;0.0000001469;0.0000001515;242899187335
20250915 000000;0.0000001515;0.0000001652;0.0000001426;0.0000001477;184976908919
20250916 000000;0.0000001477;0.0000001487;0.0000001434;0.0000001471;166585599176
20250917 000000;0.0000001471;0.0000001535;0.0000001459;0.0000001501;202063635812
20250918 000000;0.0000001501;0.0000001527;0.0000001481;0.0000001498;161848211284
20250919 000000;0.0000001498;0.0000001511;0.0000001437;0.0000001461;191933530755
20250920 000000;0.0000001461;0.0000001524;0.0000001434;0.0000001497;135828163953
20250921 000000;0.0000001497;0.000000168;0.0000001482;0.0000001493;245225806930
20250922 000000;0.0000001493;0.0000001497;0.000000137;0.0000001383;336853847985
20250923 000000;0.0000001383;0.0000001525;0.000000137;0.0000001384;141949747274
20250924 000000;0.0000001384;0.0000001407;0.0000001372;0.0000001382;102562556460
20250925 000000;0.0000001382;0.0000001389;0.000000131;0.0000001312;165144368204
20250926 000000;0.0000001312;0.0000001352;0.0000001283;0.0000001325;86834929743
20250927 000000;0.0000001325;0.0000001351;0.0000001316;0.0000001324;133572609774
20250928 000000;0.0000001324;0.0000001375;0.0000001307;0.0000001326;161462749555
20250929 000000;0.0000001326;0.0000001363;0.0000001311;0.0000001357;156619871325
20250930 000000;0.0000001357;0.000000136;0.0000001297;0.0000001315;283868057577
20251001 000000;0.0000001315;0.0000001366;0.0000001259;0.0000001352;441350335210
20251002 000000;0.0000001352;0.0000001507;0.000000134;0.000000139;266460155187
20251003 000000;0.000000139;0.0000001455;0.0000001369;0.0000001434;245471920112
20251004 000000;0.0000001434;0.0000001446;0.0000001375;0.0000001398;102921851514
20251005 000000;0.0000001398;0.0000001491;0.000000137;0.0000001457;169185737260
20251006 000000;0.0000001457;0.0000001495;0.0000001444;0.0000001464;180106499711
20251007 000000;0.0000001464;0.0000001565;0.0000001459;0.0000001492;201665874395
20251008 000000;0.0000001492;0.0000001547;0.0000001473;0.0000001525;158895731808
20251009 000000;0.0000001525;0.0000001525;0.0000001429;0.0000001448;236896965511
20251010 000000;0.0000001448;0.0000001465;0.000000119;0.0000001242;270667562710
20251011 000000;0.0000001242;0.0000001439;0.0000001229;0.0000001316;303158315047
20251012 000000;0.0000001316;0.000000171;0.0000001286;0.0000001428;167323827320
20251013 000000;0.0000001428;0.0000001465;0.0000001391;0.0000001424;244532775101
20251014 000000;0.0000001424;0.0000001432;0.0000001293;0.0000001338;260730578847
20251015 000000;0.0000001338;0.0000001348;0.0000001288;0.0000001294;343866904619
20251016 000000;0.0000001294;0.0000001315;0.0000001243;0.0000001268;245759693039
20251017 000000;0.0000001268;0.0000001276;0.000000117;0.0000001192;500081107653
20251018 000000;0.0000001192;0.0000001312;0.0000001171;0.0000001199;209597973697
20251019 000000;0.0000001199;0.0000001233;0.0000001175;0.0000001218;417416436171
20251020 000000;0.0000001218;0.0000001239;0.0000001171;0.0000001187;616529354474
20251021 000000;0.0000001187;0.0000001321;0.0000001141;0.0000001141;49088758556
20251022 000000;0.0000001141;0.0000001146;0.0000001105;0.0000001118;444668596567
20251023 000000;0.0000001118;0.0000001152;0.0000001117;0.0000001133;673420551243
20251024 000000;0.0000001133;0.0000001169;0.0000001108;0.0000001124;528592205189
20251025 000000;0.0000001124;0.0000001125;0.0000001103;0.0000001112;452206261788
20251026 000000;0.0000001112;0.0000001146;0.0000001101;0.0000001141;517451362896
20251027 000000;0.0000001141;0.0000001155;0.0000001102;0.0000001105;664858969496
20251028 000000;0.0000001105;0.0000001117;0.0000001048;0.0000001051;430953729618
20251029 000000;0.0000001051;0.0000001091;0.0000001007;0.0000001064;144652452405
20251030 000000;0.0000001064;0.0000001073;0.0000000994;0.0000001007;838202554934
20251031 000000;0.0000001007;0.0000001011;0.0000000964;0.0000000979;755200459516
20251101 000000;0.0000000979;0.0000000987;0.0000000968;0.0000000985;891572562422
20251102 000000;0.0000000985;0.000000102;0.0000000974;0.0000000992;486209378579
20251103 000000;0.0000000992;0.0000000992;0.0000000901;0.0000000909;1074645033302
20251104 000000;0.0000000909;0.000000092;0.0000000798;0.0000000827;962050323730
20251105 000000;0.0000000827;0.0000000883;0.0000000799;0.0000000848;805678963105
20251106 000000;0.0000000848;0.0000000848;0.0000000802;0.0000000817;1189980281307
20251107 000000;0.0000000817;0.0000000855;0.0000000796;0.0000000855;954173158603
20251108 000000;0.0000000855;0.0000001046;0.0000000842;0.000000092;857256217070
20251109 000000;0.000000092;0.0000000951;0.0000000901;0.0000000942;925901057296
20251110 000000;0.0000000942;0.0000000966;0.0000000937;0.0000000944;768960341674
20251111 000000;0.0000000944;0.000000097;0.0000000918;0.0000000922;789325612039
20251112 000000;0.0000000922;0.0000000941;0.0000000899;0.0000000909;774938406104
20251113 000000;0.0000000909;0.0000000941;0.000000082;0.0000000873;747238271636
20251114 000000;0.0000000873;0.000000088;0.0000000848;0.0000000856;531075957473
20251115 000000;0.0000000856;0.0000000883;0.0000000853;0.000000086;408285104250
20251116 000000;0.000000086;0.0000000888;0.0000000836;0.0000000849;776156038201
20251117 000000;0.0000000849;0.0000000867;0.0000000808;0.0000000828;569318241518
20251118 000000;0.0000000828;0.0000000855;0.0000000808;0.0000000844;799973685320
20251119 000000;0.0000000844;0.0000000859;0.0000000764;0.0000000799;433302737419
20251120 000000;0.0000000799;0.0000000834;0.0000000762;0.0000000781;428033108854
20251121 000000;0.0000000781;0.0000000781;0.0000000673;0.0000000705;980252207927
20251122 000000;0.0000000705;0.0000000727;0.0000000705;0.0000000727;1015179769098
20251123 000000;0.0000000727;0.0000000741;0.000000071;0.0000000725;739291974219
20251124 000000;0.0000000725;0.0000000773;0.0000000702;0.0000000747;679235161500
20251125 000000;0.0000000747;0.0000000845;0.0000000727;0.0000000806;790226905150
20251126 000000;0.0000000806;0.0000000917;0.0000000787;0.0000000858;300163792729
20251127 000000;0.0000000858;0.0000000946;0.0000000827;0.000000084;713777229620
20251128 000000;0.000000084;0.0000000858;0.0000000838;0.0000000843;507131689484
20251129 000000;0.0000000843;0.0000000849;0.0000000822;0.0000000823;502198556899
20251130 000000;0.0000000823;0.0000000826;0.0000000795;0.0000000802;767221256338
20251201 000000;0.0000000802;0.0000000802;0.0000000724;0.0000000745;770601801536
20251202 000000;0.0000000745;0.000000082;0.000000073;0.0000000799;694411194227
20251203 000000;0.0000000799;0.0000000856;0.0000000787;0.0000000839;659072917084
20251204 000000;0.0000000839;0.0000000849;0.0000000748;0.0000000764;548758153923
20251205 000000;0.0000000764;0.0000000776;0.0000000739;0.0000000743;295569921510
20251206 000000;0.0000000743;0.0000000765;0.0000000689;0.000000075;233952979656
20251207 000000;0.000000075;0.000000077;0.0000000718;0.0000000752;352587668645
20251208 000000;0.0000000752;0.0000000768;0.000000074;0.0000000742;723142761626
20251209 000000;0.0000000742;0.0000000795;0.0000000734;0.0000000771;1014287218840
20251210 000000;0.0000000771;0.0000000803;0.0000000762;0.0000000788;1204008546821
20251211 000000;0.0000000788;0.0000000932;0.0000000778;0.000000085;1175615068881
20251212 000000;0.000000085;0.0000000883;0.0000000764;0.0000000791;294042735678
20251213 000000;0.0000000791;0.0000000819;0.000000079;0.0000000794;164332332180
20251214 000000;0.0000000794;0.0000000831;0.0000000774;0.0000000796;192187910589
20251215 000000;0.0000000796;0.0000000831;0.0000000763;0.0000000775;168074763398
20251216 000000;0.0000000775;0.0000000781;0.0000000756;0.000000077;173251174417
20251217 000000;0.000000077;0.0000000977;0.0000000762;0.0000000832;674098717643
20251218 000000;0.0000000832;0.0000000868;0.0000000759;0.0000000814;243272194473
20251219 000000;0.0000000814;0.0000000838;0.0000000798;0.0000000814;239471376675
20251220 000000;0.0000000814;0.0000000823;0.0000000785;0.00000008;155974986996
20251221 000000;0.00000008;0.0000000823;0.0000000772;0.000000081;180444665338
20251222 000000;0.000000081;0.0000000828;0.0000000791;0.0000000794;199389880887
20251223 000000;0.0000000794;0.00000008;0.0000000773;0.0000000784;123474253792
20251224 000000;0.0000000784;0.000000079;0.0000000759;0.0000000762;147637503364
20251225 000000;0.0000000762;0.0000000893;0.0000000752;0.0000000783;322923424384
20251226 000000;0.0000000783;0.0000000807;0.000000076;0.0000000766;164573669393
20251227 000000;0.0000000766;0.0000000774;0.0000000751;0.000000076;132840381464
20251228 000000;0.000000076;0.0000000766;0.0000000729;0.0000000754;193263024647
20251229 000000;0.0000000754;0.0000000784;0.0000000742;0.0000000754;164326353295
20251230 000000;0.0000000754;0.0000000786;0.0000000741;0.0000000744;176583233055
20251231 000000;0.0000000744;0.0000000744;0.0000000699;0.0000000711;233282282372
