20230622 000000;0.0000005205;0.0000005486;0.0000005168;0.0000005192;2755656322099
20230623 000000;0.0000005192;0.0000005261;0.0000004327;0.0000004594;2541194113411
20230624 000000;0.0000004594;0.0000004644;0.0000004438;0.0000004491;2739674558003
20230625 000000;0.0000004491;0.0000004593;0.0000004422;0.0000004557;2770481956332
20230626 000000;0.0000004557;0.0000004591;0.0000004029;0.0000004076;2681595680966
20230627 000000;0.0000004076;0.0000004299;0.0000004038;0.0000004215;2848760086215
20230628 000000;0.0000004215;0.0000004235;0.0000003976;0.0000004051;2789770714438
20230629 000000;0.0000004051;0.0000004118;0.0000003894;0.0000003917;2491261112816
20230630 000000;0.0000003917;0.0000004152;0.0000003905;0.0000004041;2708579181155
20230701 000000;0.0000004041;0.0000004238;0.0000003967;0.000000405;2742081746522
20230702 000000;0.000000405;0.0000004077;0.0000003958;0.0000004008;2341075489436
20230703 000000;0.0000004008;0.0000004105;0.00000037;0.0000004038;2027500524302
20230704 000000;0.0000004038;0.0000004194;0.000000361;0.0000003736;2048675256121
20230705 000000;0.0000003736;0.0000003865;0.000000325;0.000000336;2004151285013
20230706 000000;0.000000336;0.0000003527;0.0000003222;0.0000003246;2130783572155
20230707 000000;0.0000003246;0.0000003384;0.0000003207;0.0000003384;2030684927493
20230708 000000;0.0000003384;0.0000003526;0.0000003304;0.0000003371;1798344049776
20230709 000000;0.0000003371;0.0000003453;0.0000003267;0.000000336;1843335553837
20230710 000000;0.000000336;0.0000003368;0.0000003155;0.0000003234;2056984092947
20230711 000000;0.0000003234;0.0000003421;0.0000003122;0.0000003167;2021438637539
20230712 000000;0.0000003167;0.0000003282;0.0000002846;0.0000002913;1469025868926
20230713 000000;0.0000002913;0.0000003527;0.0000002857;0.0000003235;1753512678193
20230714 000000;0.0000003235;0.0000003385;0.0000002931;0.000000302;2566350990340
20230715 000000;0.000000302;0.0000003323;0.0000003003;0.000000314;2533029136347
20230716 000000;0.000000314;0.0000003215;0.00000029;0.0000003132;2824061353039
20230717 000000;0.0000003132;0.000000314;0.0000003001;0.0000003099;2272254267953
20230718 000000;0.0000003099;0.0000003146;0.0000003005;0.0000003054;2459854283550
20230719 000000;0.0000003054;0.0000003162;0.0000003011;0.0000003104;2364969147634
20230720 000000;0.0000003104;0.000000339;0.0000003027;0.0000003092;2426296356590
20230721 000000;0.0000003092;0.0000003095;0.000000297;0.0000003036;214022110677
20230722 000000;0.0000003036;0.0000003116;0.0000002982;0.0000003045;1725612741555
20230723 000000;0.0000003045;0.0000003112;0.0000002997;0.0000003026;2930472941082
20230724 000000;0.0000003026;0.0000003045;0.0000002848;0.0000002887;1427928456765
20230725 000000;0.0000002887;0.0000002912;0.0000002683;0.0000002723;223492368915
20230726 000000;0.0000002723;0.0000002816;0.000000253;0.000000256;171862961642
20230727 000000;0.000000256;0.0000002641;0.00000024;0.0000002431;386518610387
20230728 000000;0.0000002431;0.0000002547;0.0000002344;0.0000002471;291680623427
20230729 000000;0.0000002471;0.0000003;0.0000002461;0.0000002829;313174316464
20230730 000000;0.0000002829;0.0000003;0.0000002665;0.000000269;213508588560
20230731 000000;0.000000269;0.0000002883;0.0000002503;0.0000002688;272836602566
20230801 000000;0.0000002688;0.000000273;0.0000002586;0.0000002637;226549727933
20230802 000000;0.0000002637;0.0000003153;0.0000002617;0.0000002718;230695310349
20230803 000000;0.0000002718;0.0000003199;0.0000002303;0.0000002348;385785447681
20230804 000000;0.0000002348;0.0000002573;0.0000002325;0.0000002442;267354300589
20230805 000000;0.0000002442;0.000000257;0.0000002429;0.0000002485;248269604272
20230806 000000;0.0000002485;0.0000002569;0.0000002442;0.0000002463;214956781888
20230807 000000;0.0000002463;0.0000002672;0.0000002221;0.0000002585;365914138096
20230808 000000;0.0000002585;0.0000002659;0.0000002501;0.0000002539;225521019844
20230809 000000;0.0000002539;0.0000002661;0.0000002442;0.000000249;231443740892
20230810 000000;0.000000249;0.000000255;0.0000002469;0.0000002507;262518163092
20230811 000000;0.0000002507;0.0000002575;0.0000002475;0.000000256;237504485620
20230812 000000;0.000000256;0.0000002629;0.0000002501;0.0000002516;243684358903
20230813 000000;0.0000002516;0.0000002595;0.0000002464;0.0000002513;238754234451
20230814 000000;0.0000002513;0.0000002633;0.0000002464;0.000000252;200794415214
20230815 000000;0.000000252;0.0000002662;0.000000247;0.0000002513;199862419487
20230816 000000;0.0000002513;0.0000002983;0.0000002452;0.0000002557;261204069351
20230817 000000;0.0000002557;0.0000002603;0.0000002323;0.0000002407;303337668906
20230818 000000;0.0000002407;0.0000002468;0.0000002369;0.0000002408;204388916174
20230819 000000;0.0000002408;0.0000002509;0.0000002383;0.0000002407;233591082619
20230820 000000;0.0000002407;0.0000002574;0.0000002392;0.0000002526;202414519739
20230821 000000;0.0000002526;0.0000002546;0.0000002345;0.0000002414;198514985364
20230822 000000;0.0000002414;0.000000246;0.0000002266;0.0000002321;220014817925
20230823 000000;0.0000002321;0.0000002485;0.000000228;0.0000002419;247439785093
20230824 000000;0.0000002419;0.0000002506;0.000000228;0.0000002504;203817955361
20230825 000000;0.0000002504;0.0000002717;0.0000002423;0.0000002491;217943967267
20230826 000000;0.0000002491;0.0000002559;0.0000002428;0.0000002448;157935015163
20230827 000000;0.0000002448;0.000000257;0.0000002411;0.0000002461;178496757795
20230828 000000;0.0000002461;0.0000002464;0.0000002381;0.0000002395;250286672763
20230829 000000;0.0000002395;0.0000002521;0.000000233;0.0000002507;231723511811
20230830 000000;0.0000002507;0.000000261;0.000000238;0.0000002441;227762963514
20230831 000000;0.0000002441;0.0000002594;0.0000002386;0.0000002407;199217085459
20230901 000000;0.0000002407;0.0000002591;0.0000002335;0.0000002363;287063593543
20230902 000000;0.0000002363;0.0000002533;0.0000002357;0.0000002379;187046317801
20230903 000000;0.0000002379;0.000000261;0.0000002343;0.0000002391;220140681089
20230904 000000;0.0000002391;0.0000002596;0.0000002367;0.000000243;161714260132
20230905 000000;0.000000243;0.0000002497;0.0000002302;0.0000002387;247558841210
20230906 000000;0.0000002387;0.0000002408;0.0000002303;0.0000002376;205532884568
20230907 000000;0.0000002376;0.0000002485;0.0000002371;0.0000002451;241618567703
20230908 000000;0.0000002451;0.000000247;0.0000002339;0.0000002361;237888584636
20230909 000000;0.0000002361;0.0000002401;0.000000232;0.000000239;247471265456
20230910 000000;0.000000239;0.000000244;0.0000002285;0.0000002346;288221123839
20230911 000000;0.0000002346;0.0000002545;0.0000002182;0.0000002205;192080009866
20230912 000000;0.0000002205;0.0000002341;0.0000002142;0.0000002181;189368656427
20230913 000000;0.0000002181;0.0000002299;0.0000002103;0.0000002239;227033519755
20230914 000000;0.0000002239;0.0000002607;0.0000002198;0.0000002246;241624863567
20230915 000000;0.0000002246;0.0000002393;0.0000002202;0.0000002257;233168762174
20230916 000000;0.0000002257;0.0000002336;0.00000022;0.0000002244;225918518290
20230917 000000;0.0000002244;0.0000002247;0.00000022;0.0000002211;214076798352
20230918 000000;0.0000002211;0.0000002295;0.0000002196;0.0000002209;211491512317
20230919 000000;0.0000002209;0.000000239;0.0000002178;0.0000002255;206719446898
20230920 000000;0.0000002255;0.0000002331;0.0000002181;0.0000002264;218682916690
20230921 000000;0.0000002264;0.0000002269;0.0000002108;0.0000002178;230843313071
20230922 000000;0.0000002178;0.0000002231;0.000000214;0.0000002176;206455106414
20230923 000000;0.0000002176;0.0000002237;0.000000211;0.0000002164;321160634357
20230924 000000;0.0000002164;0.0000002236;0.0000002108;0.0000002181;181735530974
20230925 000000;0.0000002181;0.0000002202;0.0000002131;0.0000002175;181036845343
20230926 000000;0.0000002175;0.0000002215;0.0000002116;0.0000002166;217055920062
20230927 000000;0.0000002166;0.0000002234;0.00000021;0.0000002188;226332737586
20230928 000000;0.0000002188;0.0000002449;0.0000002145;0.0000002246;213720672064
20230929 000000;0.0000002246;0.0000002357;0.0000002213;0.0000002287;214409308214
20230930 000000;0.0000002287;0.0000002388;0.0000002208;0.0000002297;194260827191
20231001 000000;0.0000002297;0.0000002377;0.0000002281;0.0000002347;193235629702
20231002 000000;0.0000002347;0.0000002492;0.0000002306;0.000000233;209535237922
20231003 000000;0.000000233;0.0000002466;0.0000002267;0.0000002326;185313297888
20231004 000000;0.0000002326;0.0000002454;0.0000002281;0.0000002319;190637696074
20231005 000000;0.0000002319;0.0000002395;0.0000002301;0.0000002317;168866535805
20231006 000000;0.0000002317;0.000000276;0.00000023;0.0000002557;223301065558
20231007 000000;0.0000002557;0.0000002961;0.0000002481;0.0000002566;242703600654
20231008 000000;0.0000002566;0.0000002794;0.0000002424;0.0000002561;202385381042
20231009 000000;0.0000002561;0.0000002589;0.0000002399;0.0000002416;228238069943
20231010 000000;0.0000002416;0.000000249;0.0000002302;0.0000002352;302566477726
20231011 000000;0.0000002352;0.0000002412;0.000000231;0.0000002334;315486956269
20231012 000000;0.0000002334;0.0000002384;0.00000023;0.0000002302;248964013019
20231013 000000;0.0000002302;0.0000002341;0.000000213;0.0000002296;224917033242
20231014 000000;0.0000002296;0.0000002329;0.000000221;0.0000002254;378307659291
20231015 000000;0.0000002254;0.0000002292;0.000000216;0.0000002211;332680287833
20231016 000000;0.0000002211;0.0000002529;0.0000002161;0.0000002273;390284098080
20231017 000000;0.0000002273;0.0000002304;0.000000218;0.0000002206;313436004345
20231018 000000;0.0000002206;0.0000002304;0.0000002169;0.0000002215;316729000159
20231019 000000;0.0000002215;0.0000002267;0.000000216;0.000000223;345547653301
20231020 000000;0.000000223;0.0000002335;0.0000002186;0.0000002254;350748397525
20231021 000000;0.0000002254;0.0000002355;0.0000002225;0.0000002334;375952013914
20231022 000000;0.0000002334;0.0000002412;0.0000002317;0.0000002409;369934531860
20231023 000000;0.0000002409;0.0000002622;0.0000002342;0.0000002552;653116322071
20231024 000000;0.0000002552;0.00000029;0.0000002447;0.0000002668;319700036199
20231025 000000;0.0000002668;0.0000002876;0.0000002617;0.0000002734;811821961435
20231026 000000;0.0000002734;0.000000319;0.0000002711;0.0000002816;290123893741
20231027 000000;0.0000002816;0.00000029;0.0000002708;0.0000002857;651133584234
20231028 000000;0.0000002857;0.0000003218;0.0000002787;0.0000003178;386819816708
20231029 000000;0.0000003178;0.0000003279;0.0000003069;0.0000003224;516312263966
20231030 000000;0.0000003224;0.0000003271;0.0000002874;0.0000003174;352270963404
20231031 000000;0.0000003174;0.0000003195;0.0000002883;0.0000002959;389498212641
20231101 000000;0.0000002959;0.0000002989;0.0000002818;0.000000293;331196534645
20231102 000000;0.000000293;0.0000003249;0.00000028;0.0000002883;325782750456
20231103 000000;0.0000002883;0.0000002905;0.0000002735;0.0000002861;305771490982
20231104 000000;0.0000002861;0.0000003048;0.0000002823;0.0000002962;256210777399
20231105 000000;0.0000002962;0.0000003089;0.0000002958;0.0000003034;317831182466
20231106 000000;0.0000003034;0.0000003112;0.00000029;0.0000003021;320298982224
20231107 000000;0.0000003021;0.0000003099;0.0000002851;0.0000003017;396895349845
20231108 000000;0.0000003017;0.0000003562;0.000000293;0.000000309;321080577783
20231109 000000;0.000000309;0.0000003386;0.0000003003;0.0000003329;362324479583
20231110 000000;0.0000003329;0.00000036;0.0000003181;0.000000329;424049951673
20231111 000000;0.000000329;0.0000003637;0.0000003187;0.0000003292;333317142933
20231112 000000;0.0000003292;0.0000003451;0.0000003251;0.0000003399;271792818142
20231113 000000;0.0000003399;0.000000342;0.0000003052;0.0000003182;345426958072
20231114 000000;0.0000003182;0.0000003282;0.0000003028;0.0000003153;334243726736
20231115 000000;0.0000003153;0.000000325;0.0000003152;0.0000003188;433234703448
20231116 000000;0.0000003188;0.0000003216;0.0000002966;0.0000003024;442127043339
20231117 000000;0.0000003024;0.0000003148;0.0000002934;0.000000304;354557041249
20231118 000000;0.000000304;0.0000003234;0.0000002964;0.0000003093;390611683112
20231119 000000;0.0000003093;0.0000003194;0.0000003;0.0000003085;438798513745
20231120 000000;0.0000003085;0.0000003184;0.0000002906;0.0000003025;407884787750
20231121 000000;0.0000003025;0.0000003117;0.0000002707;0.0000002727;493492021970
20231122 000000;0.0000002727;0.0000002874;0.0000002693;0.0000002853;403912591796
20231123 000000;0.0000002853;0.000000315;0.0000002819;0.0000002922;357890894275
20231124 000000;0.0000002922;0.0000003039;0.000000285;0.0000002878;352205939888
20231125 000000;0.0000002878;0.0000003026;0.0000002858;0.0000002956;383751754585
20231126 000000;0.0000002956;0.0000002995;0.000000279;0.000000285;431350643805
20231127 000000;0.000000285;0.0000002875;0.000000267;0.000000279;406877761566
20231128 000000;0.000000279;0.0000003249;0.0000002707;0.0000002805;451389069946
20231129 000000;0.0000002805;0.0000002877;0.0000002703;0.000000278;473030917560
20231130 000000;0.000000278;0.0000002802;0.0000002631;0.0000002718;461904783246
20231201 000000;0.0000002718;0.0000002906;0.0000002586;0.0000002732;504056705247
20231202 000000;0.0000002732;0.0000003069;0.0000002582;0.0000002789;486847266038
20231203 000000;0.0000002789;0.0000002854;0.00000026;0.0000002713;157605636582
20231204 000000;0.0000002713;0.0000003034;0.0000002604;0.0000002794;230070304501
20231205 000000;0.0000002794;0.0000002813;0.0000002649;0.0000002698;259899940314
20231206 000000;0.0000002698;0.0000002799;0.000000244;0.0000002651;234787850482
20231207 000000;0.0000002651;0.0000002787;0.0000002533;0.000000272;236134984999
20231208 000000;0.000000272;0.0000003089;0.0000002601;0.0000002982;297927375136
20231209 000000;0.0000002982;0.000000328;0.0000002887;0.0000002982;414956709702
20231210 000000;0.0000002982;0.0000003269;0.0000002951;0.0000003116;293595291024
20231211 000000;0.0000003116;0.00000034;0.0000002858;0.0000002895;265976923978
20231212 000000;0.0000002895;0.0000003239;0.0000002813;0.000000298;223308430937
20231213 000000;0.000000298;0.0000003333;0.0000002852;0.0000003163;212081428127
20231214 000000;0.0000003163;0.000000534;0.0000003091;0.0000004243;596374198248
20231215 000000;0.0000004243;0.0000008;0.0000004145;0.0000005757;1525664162823
20231216 000000;0.0000005757;0.0000008;0.0000005026;0.0000005266;938119891062
20231217 000000;0.0000005266;0.00000063;0.000000477;0.0000004981;443299938727
20231218 000000;0.0000004981;0.0000005423;0.00000042;0.0000004791;339024598094
20231219 000000;0.0000004791;0.0000005228;0.000000428;0.0000004519;218677455626
20231220 000000;0.0000004519;0.0000004661;0.000000408;0.0000004206;201505732548
20231221 000000;0.0000004206;0.00000044;0.0000004082;0.0000004121;347062144084
20231222 000000;0.0000004121;0.0000004393;0.0000004112;0.0000004317;369383703009
20231223 000000;0.0000004317;0.0000004416;0.0000004004;0.0000004305;350839165016
20231224 000000;0.0000004305;0.0000004414;0.0000004075;0.0000004098;388652544474
20231225 000000;0.0000004098;0.0000004143;0.0000003703;0.0000003958;455877135917
20231226 000000;0.0000003958;0.0000004139;0.000000388;0.0000004105;342260367834
20231227 000000;0.0000004105;0.0000004639;0.0000003859;0.0000004537;389900253465
20231228 000000;0.0000004537;0.0000004742;0.0000004289;0.0000004315;411954985903
20231229 000000;0.0000004315;0.0000004337;0.0000004058;0.0000004074;345477596216
20231230 000000;0.0000004074;0.0000004105;0.0000003945;0.0000004006;316429238943
20231231 000000;0.0000004006;0.0000004075;0.0000003956;0.0000003986;308064166368
