20260101 000000;0.0000000711;0.0000000725;0.0000000701;0.0000000716;212309560330
20260102 000000;0.0000000716;0.0000000763;0.000000071;0.0000000742;212836311183
20260103 000000;0.0000000742;0.0000000806;0.0000000711;0.0000000726;249263592659
20260104 000000;0.0000000726;0.0000000732;0.0000000716;0.0000000724;207870929697
20260105 000000;0.0000000724;0.0000000738;0.0000000699;0.0000000708;325537777700
20260106 000000;0.0000000708;0.0000000718;0.0000000674;0.0000000694;311229462761
20260107 000000;0.0000000694;0.0000000717;0.000000067;0.0000000683;256129503495
20260108 000000;0.0000000683;0.0000000684;0.0000000651;0.0000000656;182252576904
20260109 000000;0.0000000656;0.0000000671;0.0000000653;0.0000000666;154631674244
20260110 000000;0.0000000666;0.0000000668;0.0000000653;0.0000000659;152100708404
20260111 000000;0.0000000659;0.000000068;0.0000000648;0.0000000658;175832605543
20260112 000000;0.0000000658;0.0000000658;0.0000000627;0.0000000632;233865420767
20260113 000000;0.0000000632;0.00000007;0.0000000629;0.000000067;203237833555
20260114 000000;0.000000067;0.0000000676;0.0000000627;0.0000000638;165793149887
20260115 000000;0.0000000638;0.0000000642;0.000000062;0.0000000628;129187560930
20260116 000000;0.0000000628;0.0000000645;0.0000000623;0.0000000624;132282137573
20260117 000000;0.0000000624;0.0000000681;0.0000000622;0.0000000624;134553353944
20260118 000000;0.0000000624;0.0000000629;0.0000000621;0.0000000622;172052934284
20260119 000000;0.0000000622;0.0000000628;0.0000000605;0.0000000614;241812470088
20260120 000000;0.0000000614;0.0000000616;0.0000000577;0.0000000578;211599756030
20260121 000000;0.0000000578;0.0000000603;0.0000000544;0.0000000554;381447183105
20260122 000000;0.0000000554;0.0000000559;0.0000000546;0.0000000546;252657406294
20260123 000000;0.0000000546;0.0000000558;0.0000000541;0.000000055;233599153231
20260124 000000;0.000000055;0.0000000563;0.0000000542;0.0000000546;197308326500
20260125 000000;0.0000000546;0.0000000547;0.0000000526;0.0000000528;183881386572
20260126 000000;0.0000000528;0.0000000541;0.0000000518;0.0000000534;383892902793
20260127 000000;0.0000000534;0.0000000545;0.000000053;0.0000000538;279822657963
20260128 000000;0.0000000538;0.0000000544;0.0000000535;0.000000054;234992474963
20260129 000000;0.000000054;0.000000054;0.0000000506;0.000000051;259409946277
20260130 000000;0.000000051;0.000000051;0.0000000482;0.0000000492;828183679655
20260131 000000;0.0000000492;0.0000000495;0.0000000442;0.0000000458;1385122728081
20260201 000000;0.0000000458;0.0000000469;0.0000000434;0.000000044;1404358199450
20260202 000000;0.000000044;0.0000000446;0.0000000419;0.0000000445;1087514094306
20260203 000000;0.0000000445;0.0000000495;0.0000000425;0.0000000442;1208358043170
20260204 000000;0.0000000442;0.0000000452;0.0000000419;0.0000000424;995897205262
20260205 000000;0.0000000424;0.0000000433;0.0000000356;0.0000000356;1215103168100
20260206 000000;0.0000000356;0.0000000442;0.0000000331;0.0000000426;1925372740731
20260207 000000;0.0000000426;0.0000000435;0.0000000413;0.0000000426;2016734541622
20260208 000000;0.0000000426;0.0000000431;0.0000000419;0.0000000424;2046430725609
20260209 000000;0.0000000424;0.000000047;0.0000000412;0.0000000436;500800773289
20260210 000000;0.0000000436;0.0000000438;0.000000042;0.0000000422;1048413487130
20260211 000000;0.0000000422;0.0000000429;0.000000039;0.0000000394;748879847757
20260212 000000;0.0000000394;0.0000000413;0.0000000393;0.0000000404;773131669709
20260213 000000;0.0000000404;0.0000000434;0.0000000403;0.0000000426;851600303015
20260214 000000;0.0000000426;0.0000000456;0.0000000423;0.0000000448;363335910689
20260215 000000;0.0000000448;0.0000000455;0.0000000428;0.0000000434;663305347318
20260216 000000;0.0000000434;0.0000000545;0.0000000426;0.000000051;621710497920
20260217 000000;0.000000051;0.000000054;0.0000000492;0.0000000512;207197069326
20260218 000000;0.0000000512;0.0000000518;0.0000000498;0.00000005;57049562889
20260219 000000;0.00000005;0.0000000565;0.0000000493;0.000000055;574751265455
20260220 000000;0.000000055;0.0000000619;0.000000054;0.0000000568;545543853178
20260221 000000;0.0000000568;0.0000000621;0.0000000557;0.0000000563;648924298541
20260222 000000;0.0000000563;0.0000000565;0.0000000547;0.0000000549;347476071167
20260223 000000;0.0000000549;0.0000000552;0.0000000488;0.0000000521;424413263035
20260224 000000;0.0000000521;0.0000000525;0.0000000497;0.0000000507;353232037069
20260225 000000;0.0000000507;0.0000000593;0.0000000502;0.0000000565;539175204028
20260226 000000;0.0000000565;0.000000058;0.0000000558;0.000000057;336278857900
20260227 000000;0.000000057;0.0000000578;0.0000000544;0.000000055;330667886842
20260228 000000;0.000000055;0.0000000563;0.000000053;0.0000000559;239713826717
20260301 000000;0.0000000559;0.0000000579;0.0000000545;0.0000000563;392040781362
20260302 000000;0.0000000563;0.0000000591;0.0000000558;0.0000000574;364911519296
20260303 000000;0.0000000574;0.0000000585;0.0000000558;0.0000000573;168165289465
20260304 000000;0.0000000573;0.0000000602;0.0000000565;0.0000000589;222660190284
20260305 000000;0.0000000589;0.0000000593;0.0000000575;0.0000000575;262254340648
20260306 000000;0.0000000575;0.0000000579;0.0000000551;0.0000000562;224158128730
20260307 000000;0.0000000562;0.0000000566;0.0000000544;0.0000000555;344724921612
20260308 000000;0.0000000555;0.000000056;0.0000000548;0.0000000551;251210816223
20260309 000000;0.0000000551;0.0000000577;0.000000055;0.0000000566;232769913620
20260310 000000;0.0000000566;0.0000000585;0.0000000493;0.0000000501;345609422541
20260311 000000;0.0000000501;0.0000000512;0.0000000496;0.0000000508;162877595631
20260312 000000;0.0000000508;0.0000000511;0.0000000496;0.0000000501;278294063848
20260313 000000;0.0000000501;0.0000000525;0.0000000498;0.0000000507;258078220473
20260314 000000;0.0000000507;0.0000000511;0.0000000498;0.0000000507;437567135486
20260315 000000;0.0000000507;0.000000056;0.0000000502;0.0000000517;450091344285
20260316 000000;0.0000000517;0.0000000627;0.0000000511;0.000000054;710883465284
20260317 000000;0.000000054;0.0000000548;0.000000052;0.0000000534;436275992319
20260318 000000;0.0000000534;0.000000054;0.0000000503;0.000000051;366274112964
20260319 000000;0.000000051;0.0000000514;0.0000000497;0.0000000502;416239439329
20260320 000000;0.0000000502;0.000000052;0.00000005;0.0000000507;471710199123
20260321 000000;0.0000000507;0.0000000569;0.0000000501;0.0000000501;469808312235
20260322 000000;0.0000000501;0.0000000504;0.0000000487;0.0000000494;459716169489
20260323 000000;0.0000000494;0.000000071;0.0000000488;0.0000000518;511172636121
20260324 000000;0.0000000518;0.0000000666;0.0000000511;0.0000000602;496492784406
20260325 000000;0.0000000602;0.000000065;0.0000000596;0.0000000623;416490065901
20260326 000000;0.0000000623;0.0000000625;0.0000000553;0.0000000568;398090184483
20260327 000000;0.0000000568;0.000000057;0.000000047;0.0000000487;555782886629
20260328 000000;0.0000000487;0.0000000497;0.0000000476;0.0000000485;516241654664
20260329 000000;0.0000000485;0.0000000494;0.000000048;0.0000000485;384527646696
20260330 000000;0.0000000485;0.0000000594;0.0000000485;0.0000000492;499636139423
20260331 000000;0.0000000492;0.0000000505;0.0000000475;0.0000000479;555628743922
20260401 000000;0.0000000479;0.0000000496;0.0000000475;0.0000000487;332369716947
20260402 000000;0.0000000487;0.0000000511;0.0000000449;0.0000000455;411142036532
20260403 000000;0.0000000455;0.0000000484;0.0000000443;0.0000000454;412485693387
20260404 000000;0.0000000454;0.0000000469;0.0000000452;0.0000000464;446568903741
20260405 000000;0.0000000464;0.0000000497;0.0000000453;0.0000000469;472699407090
20260406 000000;0.0000000469;0.0000000476;0.0000000454;0.0000000456;478575877346
20260407 000000;0.0000000456;0.0000000467;0.0000000438;0.0000000461;488393734160
20260408 000000;0.0000000461;0.0000000501;0.0000000455;0.0000000456;453131640536
20260409 000000;0.0000000456;0.0000000486;0.0000000452;0.0000000462;458367912130
20260410 000000;0.0000000462;0.0000000493;0.0000000456;0.0000000467;487605403626
20260411 000000;0.0000000467;0.0000000472;0.0000000452;0.000000046;419272855223
20260412 000000;0.000000046;0.0000000461;0.000000044;0.0000000446;492723677446
20260413 000000;0.0000000446;0.0000000474;0.0000000446;0.0000000472;417345409002
20260414 000000;0.0000000472;0.0000000477;0.0000000462;0.0000000464;436180555969
20260415 000000;0.0000000464;0.0000000475;0.0000000461;0.000000047;448885248319
20260416 000000;0.000000047;0.0000000503;0.0000000463;0.0000000502;479828011738
20260417 000000;0.0000000502;0.0000000547;0.0000000493;0.0000000519;418205985568
20260418 000000;0.0000000519;0.0000000524;0.0000000504;0.0000000508;445016009392
20260419 000000;0.0000000508;0.000000055;0.0000000495;0.0000000498;431036967808
20260420 000000;0.0000000498;0.0000000517;0.0000000497;0.0000000512;392198824198
20260421 000000;0.0000000512;0.0000000515;0.0000000501;0.0000000505;437865649774
20260422 000000;0.0000000505;0.0000000532;0.0000000504;0.0000000513;390135238993
20260423 000000;0.0000000513;0.0000000515;0.0000000498;0.0000000504;426437592884
20260424 000000;0.0000000504;0.0000000536;0.00000005;0.0000000515;515272612684
20260425 000000;0.0000000515;0.0000000515;0.0000000507;0.000000051;342812969186
20260426 000000;0.000000051;0.0000000542;0.0000000508;0.0000000529;396698632236
20260427 000000;0.0000000529;0.0000000534;0.0000000517;0.0000000523;424863463044
20260428 000000;0.0000000523;0.000000056;0.0000000515;0.0000000519;400295868570
20260429 000000;0.0000000519;0.0000000534;0.0000000496;0.0000000508;449951257358
20260430 000000;0.0000000508;0.0000000509;0.0000000482;0.0000000499;450654461867
20260501 000000;0.0000000499;0.0000000507;0.0000000494;0.0000000501;356109970784
20260502 000000;0.0000000501;0.0000000516;0.0000000495;0.0000000514;411751636426
20260503 000000;0.0000000514;0.0000000517;0.0000000499;0.0000000513;406757205225
20260504 000000;0.0000000513;0.0000000532;0.0000000512;0.0000000525;450816950807
20260505 000000;0.0000000525;0.0000000529;0.0000000454;0.0000000527;560720171718
20260506 000000;0.0000000527;0.0000000549;0.0000000525;0.0000000539;386163452981
20260507 000000;0.0000000539;0.0000000549;0.0000000515;0.0000000519;435889039925
20260508 000000;0.0000000519;0.0000000533;0.0000000517;0.000000053;437516447764
20260509 000000;0.000000053;0.0000000535;0.0000000528;0.0000000531;314991391272
20260510 000000;0.0000000531;0.0000000583;0.0000000526;0.0000000546;447542386846
20260511 000000;0.0000000546;0.0000000562;0.0000000534;0.0000000561;610677241500
20260512 000000;0.0000000561;0.0000000608;0.0000000498;0.0000000552;358899678424
20260513 000000;0.0000000552;0.0000000616;0.0000000552;0.0000000561;219067549384
20260514 000000;0.0000000561;0.000000075;0.0000000558;0.0000000619;702222916638
20260515 000000;0.0000000619;0.0000000619;0.0000000523;0.0000000569;478909532545
20260516 000000;0.0000000569;0.0000000575;0.000000054;0.0000000551;366481505399
20260517 000000;0.0000000551;0.0000000555;0.0000000533;0.0000000539;352531485715
20260518 000000;0.0000000539;0.0000000555;0.000000053;0.0000000547;312936752372
20260519 000000;0.0000000547;0.0000000558;0.0000000533;0.000000055;16437340392
20260520 000000;0.000000055;0.0000000637;0.000000054;0.0000000548;51929786678
20260521 000000;0.0000000548;0.0000000567;0.0000000539;0.000000055;49792581108
20260522 000000;0.000000055;0.0000000554;0.0000000538;0.0000000538;8803895851
20260523 000000;0.0000000538;0.000000056;0.0000000511;0.0000000548;58924943546
20260524 000000;0.0000000548;0.0000000601;0.0000000535;0.0000000541;18760398979
20260525 000000;0.0000000541;0.0000000555;0.0000000533;0.0000000541;45499895530
20260526 000000;0.0000000541;0.000000056;0.0000000529;0.0000000543;21953490527
20260527 000000;0.0000000543;0.0000000545;0.0000000507;0.0000000518;55434975835
20260528 000000;0.0000000518;0.0000000531;0.0000000492;0.0000000519;53888606308
20260529 000000;0.0000000519;0.0000000552;0.0000000501;0.0000000514;21331011025
20260530 000000;0.0000000514;0.000000055;0.0000000506;0.0000000539;37973088891
20260531 000000;0.0000000539;0.0000000545;0.0000000513;0.0000000529;37065316381
20260601 000000;0.0000000529;0.0000000553;0.0000000511;0.0000000522;53014758306
20260602 000000;0.0000000522;0.0000000532;0.0000000484;0.0000000491;29032535599
20260603 000000;0.0000000491;0.0000000496;0.0000000464;0.0000000472;54165184892
20260604 000000;0.0000000472;0.0000000501;0.0000000432;0.0000000466;67747299100
20260605 000000;0.0000000466;0.0000000472;0.0000000409;0.0000000409;69375947681
20260606 000000;0.0000000409;0.0000000437;0.0000000394;0.0000000401;71317574635
20260607 000000;0.0000000401;0.0000000425;0.0000000398;0.0000000416;36632849827
20260608 000000;0.0000000416;0.000000043;0.0000000402;0.000000042;53918813240
20260609 000000;0.000000042;0.000000042;0.0000000389;0.0000000395;49277179503
20260610 000000;0.0000000395;0.0000000405;0.000000038;0.0000000389;107208401456
20260611 000000;0.0000000389;0.0000000415;0.0000000389;0.0000000409;68002102201
20260612 000000;0.0000000409;0.000000041;0.0000000398;0.0000000402;27996257325
20260613 000000;0.0000000402;0.0000000411;0.00000004;0.0000000411;30023032322
20260614 000000;0.0000000411;0.0000000432;0.0000000406;0.000000043;55226327674
20260615 000000;0.000000043;0.0000000453;0.0000000424;0.0000000433;63678651986
20260616 000000;0.0000000433;0.0000000434;0.0000000416;0.0000000425;35860001452
20260617 000000;0.0000000425;0.0000000427;0.0000000412;0.0000000418;34294541593
20260618 000000;0.0000000418;0.0000000435;0.00000004;0.0000000405;49879077227
20260619 000000;0.0000000405;0.0000000433;0.0000000389;0.0000000402;68122592490
20260620 000000;0.0000000402;0.0000000436;0.000000039;0.0000000396;48651278419
