20240101 000000;0.61234;0.7;0.56811;0.61463;76399.95
20240102 000000;0.61463;0.64049;0.56951;0.57557;71357.62
20240103 000000;0.57557;0.61;0.46488;0.56221;127639.21
20240104 000000;0.56221;0.65;0.51014;0.5656;80268.64
20240105 000000;0.5656;0.58889;0.50577;0.54104;68668.04
20240106 000000;0.54104;0.55165;0.46488;0.51389;80216.67
20240107 000000;0.51389;0.53524;0.45;0.50098;78348.67
20240108 000000;0.50098;0.54713;0.46116;0.52457;82987
20240109 000000;0.52457;0.54677;0.48688;0.48719;58595.31
20240110 000000;0.48719;0.53207;0.4294;0.52381;86797.34
20240111 000000;0.52381;0.55902;0.52381;0.54427;59683.83
20240112 000000;0.54427;0.65;0.53686;0.53822;121464.98
20240113 000000;0.53822;0.57831;0.53032;0.56792;65408.72
20240114 000000;0.56792;0.57054;0.51411;0.52662;61221.82
20240115 000000;0.52662;0.55335;0.51303;0.5205;75268.66
20240116 000000;0.5205;0.53986;0.49745;0.52512;94141.55
20240117 000000;0.52512;0.55017;0.50452;0.53239;73562.33
20240118 000000;0.53239;0.55059;0.47146;0.50838;93933.27
20240119 000000;0.50838;0.53177;0.48608;0.52122;78102.34
20240120 000000;0.52122;0.55791;0.521;0.54231;63838.59
20240121 000000;0.54231;0.60128;0.53542;0.58034;69832.16
20240122 000000;0.58034;0.58456;0.51118;0.51495;80172.97
20240123 000000;0.51495;0.52115;0.48742;0.50963;70364.87
20240124 000000;0.50963;0.52746;0.49833;0.52635;58249.41
20240125 000000;0.52635;0.53983;0.50391;0.53572;65319.51
20240126 000000;0.53572;0.57105;0.53257;0.5517;55822.82
20240127 000000;0.5517;0.5705;0.53848;0.56889;60188.32
20240128 000000;0.56889;0.58726;0.55868;0.56686;57076.06
20240129 000000;0.56686;0.60948;0.5601;0.60773;64614.35
20240130 000000;0.60773;0.61983;0.56921;0.58162;71108.72
20240131 000000;0.58162;0.62375;0.56418;0.59947;66509.36
20240201 000000;0.59947;0.60536;0.57203;0.60061;56934.96
20240202 000000;0.60061;0.7208;0.59925;0.64586;65634.04
20240203 000000;0.64586;0.69889;0.64581;0.68524;50761.58
20240204 000000;0.68524;0.711;0.66646;0.69791;57588.24
20240205 000000;0.69791;0.74568;0.6601;0.71145;83337.19
20240206 000000;0.71145;0.73701;0.706;0.73342;63927.65
20240207 000000;0.73342;0.77601;0.705;0.75251;57028.68
20240208 000000;0.75251;0.77523;0.72847;0.75342;56008.99
20240209 000000;0.75342;0.75958;0.72535;0.7564;55612.59
20240210 000000;0.7564;0.76521;0.72299;0.74091;44916.05
20240211 000000;0.74091;0.74099;0.6891;0.69726;44910.18
20240212 000000;0.69726;0.76281;0.663;0.71599;65539.15
20240213 000000;0.71599;0.73214;0.69173;0.69733;49608.97
20240214 000000;0.69733;0.73136;0.69403;0.72829;49504.05
20240215 000000;0.72829;0.75245;0.7249;0.74096;49720.27
20240216 000000;0.74096;0.74877;0.7113;0.72192;50342.98
20240217 000000;0.72192;0.72932;0.69259;0.71808;50202.12
20240218 000000;0.71808;0.75698;0.71381;0.75509;44731.9
20240219 000000;0.75509;0.78448;0.74422;0.77054;50356.11
20240220 000000;0.77054;0.78088;0.70062;0.75115;55815.56
20240221 000000;0.75115;0.75115;0.70744;0.71951;44981.04
20240222 000000;0.71951;0.72956;0.679;0.67977;55954.41
20240223 000000;0.67977;0.6889;0.665;0.67356;46273.1
20240224 000000;0.67356;0.68164;0.65341;0.66903;62666.62
20240225 000000;0.66903;0.68794;0.65739;0.6868;55840.36
20240226 000000;0.6868;0.69458;0.64715;0.67991;55346.96
20240227 000000;0.67991;0.70328;0.67888;0.69607;57466.58
20240228 000000;0.69607;0.7138;0.66668;0.68818;83350.95
20240229 000000;0.68818;0.778;0.6845;0.71189;65638.25
20240301 000000;0.71189;0.77735;0.70945;0.74899;104216.92
20240302 000000;0.74899;0.79736;0.73134;0.78991;52403.16
20240303 000000;0.78991;0.80982;0.75273;0.80455;54132.73
20240304 000000;0.80455;0.82003;0.72939;0.76199;128066.75
20240305 000000;0.76199;0.77545;0.67791;0.70072;57188.98
20240306 000000;0.70072;0.75812;0.67888;0.72096;70452.97
20240307 000000;0.72096;0.8;0.70344;0.7894;44683.43
20240308 000000;0.7894;0.81653;0.73686;0.74931;44612.14
20240309 000000;0.74931;0.76795;0.73559;0.73801;36966.74
20240310 000000;0.73801;0.76437;0.69641;0.70657;76018.09
20240311 000000;0.70657;0.73093;0.68784;0.71751;49976.35
20240312 000000;0.71751;0.77888;0.67433;0.6877;51528.69
20240313 000000;0.6877;0.71474;0.65995;0.67125;56089.63
20240314 000000;0.67125;0.72527;0.66433;0.6873;58352.12
20240315 000000;0.6873;0.70623;0.63273;0.64807;43875.2
20240316 000000;0.64807;0.66426;0.60576;0.61815;53469.52
20240317 000000;0.61815;0.65127;0.58594;0.64629;36523.21
20240318 000000;0.64629;0.6487;0.60225;0.6212;33662.67
20240319 000000;0.6212;0.62177;0.56101;0.5839;48226.17
20240320 000000;0.5839;0.63998;0.56549;0.62479;73596.42
20240321 000000;0.62479;0.70089;0.61529;0.62005;43257.75
20240322 000000;0.62005;0.63124;0.57922;0.58092;30555.8
20240323 000000;0.58092;0.60979;0.58026;0.59563;31904.46
20240324 000000;0.59563;0.60446;0.56097;0.58145;56097.01
20240325 000000;0.58145;0.70089;0.57976;0.63629;45171.42
20240326 000000;0.63629;0.685;0.5955;0.61611;110668.37
20240327 000000;0.61611;0.62339;0.54833;0.58191;72446.88
20240328 000000;0.58191;0.58683;0.55189;0.56725;59821.79
20240329 000000;0.56725;0.58708;0.55695;0.57365;52441.99
20240330 000000;0.57365;0.58383;0.56309;0.56458;38832.5
20240331 000000;0.56458;0.60181;0.53912;0.55445;88249.74
20240401 000000;0.55445;0.5643;0.5274;0.53433;50544.85
20240402 000000;0.53433;0.54182;0.50371;0.52961;65549.11
20240403 000000;0.52961;0.53918;0.51;0.51638;45926.91
20240404 000000;0.51638;0.53959;0.50839;0.52222;66615.45
20240405 000000;0.52222;0.53021;0.5075;0.51718;51795.35
20240406 000000;0.51718;0.52421;0.5;0.5184;49088.5
20240407 000000;0.5184;0.56322;0.51145;0.52982;53552.59
20240408 000000;0.52982;0.54049;0.52173;0.53443;40853.25
20240409 000000;0.53443;0.53975;0.50533;0.51523;56092.7
20240410 000000;0.51523;0.52699;0.48101;0.49751;52071.96
20240411 000000;0.49751;0.50902;0.48312;0.49043;47861.12
20240412 000000;0.49043;0.49679;0.41495;0.43172;127850.1
20240413 000000;0.43172;0.45575;0.38236;0.41181;98441.23
20240414 000000;0.41181;0.42495;0.37009;0.41595;91735.42
20240415 000000;0.41595;0.43314;0.394;0.40521;64755.26
20240416 000000;0.40521;0.40759;0.361;0.39701;78492.53
20240417 000000;0.39701;0.39924;0.38192;0.39075;42613.04
20240418 000000;0.39075;0.42626;0.38377;0.42553;62328.12
20240419 000000;0.42553;0.43507;0.40266;0.42657;41094.5
20240420 000000;0.42657;0.44341;0.41261;0.43444;314717.99
20240421 000000;0.43444;0.44396;0.41367;0.43036;49104.57
20240422 000000;0.43036;0.44995;0.42672;0.43351;42982.36
20240423 000000;0.43351;0.43706;0.41531;0.42223;42062.61
20240424 000000;0.42223;0.42999;0.3955;0.39903;41970.34
20240425 000000;0.39903;0.413;0.38962;0.4093;45803.68
20240426 000000;0.4093;0.41115;0.39187;0.40033;38628.14
20240427 000000;0.40033;0.40113;0.38471;0.39554;53883.4
20240428 000000;0.39554;0.43225;0.39139;0.41443;44503.92
20240429 000000;0.41443;0.45216;0.41418;0.4359;77103.83
20240430 000000;0.4359;0.46571;0.42415;0.44846;84791.72
20240501 000000;0.44846;0.48851;0.44341;0.4869;58709.5
20240502 000000;0.4869;0.4869;0.458;0.48076;81987.72
20240503 000000;0.48076;0.5309;0.47624;0.48591;81104.05
20240504 000000;0.48591;0.50715;0.47854;0.48994;38133.8
20240505 000000;0.48994;0.51191;0.47468;0.50224;39272.51
20240506 000000;0.50224;0.50729;0.48043;0.4946;50747.51
20240507 000000;0.4946;0.50284;0.48465;0.48713;32173.83
20240508 000000;0.48713;0.493;0.47167;0.47248;29650.65
20240509 000000;0.47248;0.51619;0.45282;0.46475;219672.51
20240510 000000;0.46475;0.47641;0.42605;0.42626;64696.1
20240511 000000;0.42626;0.44564;0.42563;0.4383;50397.66
20240512 000000;0.4383;0.44568;0.42306;0.42632;32097.75
20240513 000000;0.42632;0.432;0.41387;0.42811;42508.67
20240514 000000;0.42811;0.42866;0.41071;0.4146;40586.8
20240515 000000;0.4146;0.433;0.40309;0.42949;46246.29
20240516 000000;0.42949;0.438;0.42489;0.43091;32527.58
20240517 000000;0.43091;0.45265;0.42147;0.43407;58157.69
20240518 000000;0.43407;0.43826;0.42275;0.43007;37621.06
20240519 000000;0.43007;0.43573;0.398;0.42439;53851.26
20240520 000000;0.42439;0.45998;0.40949;0.45129;72612.35
20240521 000000;0.45129;0.464;0.43993;0.44713;61962.21
20240522 000000;0.44713;0.4498;0.43349;0.43909;40162.65
20240523 000000;0.43909;0.46467;0.422;0.42715;61245.1
20240524 000000;0.42715;0.43454;0.4183;0.42444;41236.35
20240525 000000;0.42444;0.44417;0.42335;0.44046;52973.87
20240526 000000;0.44046;0.44933;0.43688;0.43977;29669.97
20240527 000000;0.43977;0.44359;0.43063;0.43798;35000
20240528 000000;0.43798;0.44134;0.41719;0.41863;34214.13
20240529 000000;0.41863;0.436;0.41354;0.4149;38998.82
20240530 000000;0.4149;0.4222;0.407;0.40842;61230.27
20240531 000000;0.40842;0.41415;0.40248;0.40693;36225.59
20240601 000000;0.40693;0.40916;0.392;0.39503;62236.34
20240602 000000;0.39503;0.40389;0.3915;0.3938;36245.06
20240603 000000;0.3938;0.39629;0.37101;0.38995;56138.12
20240604 000000;0.38995;0.39124;0.371;0.37568;60037.14
20240605 000000;0.37568;0.38366;0.35822;0.35891;52795.05
20240606 000000;0.35891;0.38483;0.353;0.36666;74592.99
20240607 000000;0.36666;0.36909;0.3281;0.33112;60585.78
20240608 000000;0.33112;0.33112;0.31632;0.31699;43276.17
20240609 000000;0.31699;0.31947;0.30368;0.30575;53487.84
20240610 000000;0.30575;0.318;0.296;0.30535;68513.72
20240611 000000;0.30535;0.31159;0.285;0.29348;54718.72
20240612 000000;0.29348;0.35822;0.29186;0.32931;124790.16
20240613 000000;0.32931;0.33275;0.3178;0.32469;58144.34
20240614 000000;0.32469;0.33239;0.30801;0.31571;61829.81
20240615 000000;0.31571;0.32267;0.30893;0.31856;49255.81
20240616 000000;0.31856;0.32901;0.31549;0.3255;55542.11
20240617 000000;0.3255;0.37247;0.31502;0.31872;293211.13
20240618 000000;0.31872;0.31932;0.29501;0.30694;75037.61
20240619 000000;0.30694;0.32724;0.3039;0.32336;44798.8
20240620 000000;0.32336;0.32742;0.3218;0.32593;41634.16
20240621 000000;0.32593;0.32979;0.31023;0.32502;103582.33
20240622 000000;0.32502;0.32682;0.312;0.31569;48014.17
20240623 000000;0.31569;0.33697;0.311;0.31525;57598.1
20240624 000000;0.31525;0.317;0.28674;0.29128;65352.94
20240625 000000;0.29128;0.30372;0.29122;0.30362;48593.07
20240626 000000;0.30362;0.30721;0.29593;0.30243;56964.53
20240627 000000;0.30243;0.31969;0.298;0.31786;65036.36
20240628 000000;0.31786;0.31968;0.30923;0.31633;43035.09
20240629 000000;0.31633;0.32199;0.30801;0.31505;42723.07
20240630 000000;0.31505;0.3319;0.30603;0.31619;51778.22
20240701 000000;0.31619;0.32403;0.31609;0.31912;51424.22
20240702 000000;0.31912;0.32118;0.31;0.31582;47867.15
20240703 000000;0.31582;0.31945;0.29673;0.29759;44947.59
20240704 000000;0.29759;0.29807;0.278;0.28051;52393.99
20240705 000000;0.28051;0.2847;0.2681;0.27928;65119.54
20240706 000000;0.27928;0.27934;0.1732;0.22613;582039.78
20240707 000000;0.22613;0.23167;0.19625;0.21519;201457.87
20240708 000000;0.21519;0.22239;0.2096;0.21393;106159.01
20240709 000000;0.21393;0.23537;0.21318;0.22975;113230.15
20240710 000000;0.22975;0.24254;0.22826;0.2332;85409.29
20240711 000000;0.2332;0.25471;0.22859;0.25129;66147.03
20240712 000000;0.25129;0.25184;0.24035;0.24908;61252.65
20240713 000000;0.24908;0.26157;0.24899;0.25861;57100.07
20240714 000000;0.25861;0.26066;0.24893;0.25828;67918.96
20240715 000000;0.25828;0.26521;0.25748;0.26233;52095.82
20240716 000000;0.26233;0.268;0.25301;0.25712;59307.15
20240717 000000;0.25712;0.26431;0.24901;0.25108;59845.77
20240718 000000;0.25108;0.25399;0.24716;0.24872;54021.24
20240719 000000;0.24872;0.25178;0.24256;0.25114;74439.77
20240720 000000;0.25114;0.25354;0.25;0.25149;51243.9
20240721 000000;0.25149;0.25482;0.24932;0.25478;52313.95
20240722 000000;0.25478;0.25533;0.24705;0.24761;52638.7
20240723 000000;0.24761;0.24822;0.24283;0.24361;56291.82
20240724 000000;0.24361;0.254;0.24307;0.24563;67389.99
20240725 000000;0.24563;0.2471;0.23103;0.2352;72120.89
20240726 000000;0.2352;0.24316;0.23458;0.24284;56164.71
20240727 000000;0.24284;0.24916;0.23601;0.24418;57458.39
20240728 000000;0.24418;0.24491;0.23711;0.23934;55148.42
20240729 000000;0.23934;0.24796;0.2371;0.23894;62696.7
20240730 000000;0.23894;0.24049;0.23715;0.2398;54441.3
20240731 000000;0.2398;0.24235;0.23246;0.23418;69260.62
20240801 000000;0.23418;0.23426;0.21387;0.22142;88865.25
20240802 000000;0.22142;0.22544;0.20937;0.20939;84433.38
20240803 000000;0.20939;0.21238;0.17509;0.20673;114034.19
20240804 000000;0.20673;0.21363;0.19536;0.19569;93294.24
20240805 000000;0.19569;0.19575;0.16662;0.18089;167684.77
20240806 000000;0.18089;0.19008;0.1808;0.18872;85661.57
20240807 000000;0.18872;0.18996;0.18228;0.18306;76544.09
20240808 000000;0.18306;0.19263;0.18032;0.19174;79593.88
20240809 000000;0.19174;0.194;0.18514;0.18944;81991.48
20240810 000000;0.18944;0.19584;0.18731;0.18999;75047.75
20240811 000000;0.18999;0.19347;0.18388;0.18447;78257.45
20240812 000000;0.18447;0.19077;0.18416;0.18833;74507.27
20240813 000000;0.18833;0.21319;0.18812;0.21249;90308.69
20240814 000000;0.21249;0.21924;0.20649;0.21163;80762.55
20240815 000000;0.21163;0.21165;0.20581;0.2071;64750.78
20240816 000000;0.2071;0.20756;0.20319;0.20511;63752.79
20240817 000000;0.20511;0.20851;0.20415;0.20621;62925.1
20240818 000000;0.20621;0.20886;0.20313;0.20505;65767.82
20240819 000000;0.20505;0.20529;0.20005;0.20386;64418.12
20240820 000000;0.20386;0.21213;0.20141;0.20352;70829.64
20240821 000000;0.20352;0.21417;0.20171;0.21151;71850.17
20240822 000000;0.21151;0.21433;0.21035;0.21374;60055.34
20240823 000000;0.21374;0.22;0.20884;0.21841;68567.15
20240824 000000;0.21841;0.223;0.21692;0.22121;66387.78
20240825 000000;0.22121;0.22599;0.21401;0.22481;62636.03
20240826 000000;0.22481;0.228;0.21717;0.21772;65476.18
20240827 000000;0.21772;0.2179;0.2051;0.20535;69537.54
20240828 000000;0.20535;0.20696;0.19963;0.19976;67730.94
20240829 000000;0.19976;0.20448;0.19825;0.20036;70676.23
20240830 000000;0.20036;0.20049;0.19272;0.19692;71589.04
20240831 000000;0.19692;0.20003;0.188;0.19198;91655.37
20240901 000000;0.19198;0.19419;0.18974;0.19136;70054.52
20240902 000000;0.19136;0.19573;0.19124;0.19455;67354.03
20240903 000000;0.19455;0.19691;0.19278;0.19357;34761.76
20240904 000000;0.19357;0.1955;0.18826;0.19245;21966.31
20240905 000000;0.19245;0.19453;0.18631;0.18645;17813.1
20240906 000000;0.18645;0.18746;0.18002;0.18407;21338.96
20240907 000000;0.18407;0.19965;0.18359;0.18657;724252.21
20240908 000000;0.18657;0.18896;0.18607;0.18775;16441.93
20240909 000000;0.18775;0.19466;0.1855;0.19158;61319.28
20240910 000000;0.19158;0.20365;0.18701;0.18991;671597.57
20240911 000000;0.18991;0.19036;0.18418;0.18769;31186.49
20240912 000000;0.18769;0.19329;0.18661;0.19273;29119.34
20240913 000000;0.19273;0.2;0.18814;0.19977;26952.69
20240914 000000;0.19977;0.20456;0.19824;0.20453;17823.38
20240915 000000;0.20453;0.20499;0.20059;0.20322;22851.2
20240916 000000;0.20322;0.20324;0.19407;0.20011;17319.44
20240917 000000;0.20011;0.20232;0.19924;0.201;17139.03
20240918 000000;0.201;0.20185;0.194;0.19989;23357.71
20240919 000000;0.19989;0.21776;0.19817;0.21328;88840.04
20240920 000000;0.21328;0.22034;0.21148;0.21776;22525.79
20240921 000000;0.21776;0.2195;0.2098;0.217;23357.48
20240922 000000;0.217;0.21712;0.20945;0.21116;17093.23
20240923 000000;0.21116;0.2163;0.20995;0.21215;18977.43
20240924 000000;0.21215;0.21817;0.21001;0.21809;24146.37
20240925 000000;0.21809;0.22339;0.21199;0.21941;57197.85
20240926 000000;0.21941;0.224;0.2169;0.22163;31218.4
20240927 000000;0.22163;0.23054;0.213;0.21989;52033.39
20240928 000000;0.21989;0.22293;0.21579;0.21955;27542.42
20240929 000000;0.21955;0.22037;0.215;0.21611;30866.27
20240930 000000;0.21611;0.21625;0.20903;0.2099;26273.06
20241001 000000;0.2099;0.21271;0.19839;0.19909;29263.21
20241002 000000;0.19909;0.20004;0.19052;0.19278;37132.24
20241003 000000;0.19278;0.20375;0.1891;0.18978;26338.06
20241004 000000;0.18978;0.198;0.186;0.19131;37233.96
20241005 000000;0.19131;0.1958;0.18993;0.19058;25910.69
20241006 000000;0.19058;0.19388;0.18993;0.19346;15354.66
20241007 000000;0.19346;0.19556;0.18935;0.19097;23723.1
20241008 000000;0.19097;0.19216;0.19;0.19025;25590.26
20241009 000000;0.19025;0.20173;0.18652;0.18681;55140.96
20241010 000000;0.18681;0.19181;0.184;0.18832;120984.61
20241011 000000;0.18832;0.19073;0.18456;0.19067;145788.34
20241012 000000;0.19067;0.19119;0.18686;0.18892;142480.02
20241013 000000;0.18892;0.19065;0.185;0.18944;148637.24
20241014 000000;0.18944;0.19506;0.18942;0.19267;145309.4
20241015 000000;0.19267;0.19737;0.19198;0.19296;149237.62
20241016 000000;0.19296;0.19676;0.1884;0.18946;135957.85
20241017 000000;0.18946;0.19002;0.1851;0.18773;148408.13
20241018 000000;0.18773;0.20225;0.1841;0.18799;280362.44
20241019 000000;0.18799;0.1997;0.18727;0.19267;151827.28
20241020 000000;0.19267;0.2069;0.18896;0.20512;138508.8
20241021 000000;0.20512;0.21724;0.187;0.19572;183472.48
20241022 000000;0.19572;0.21782;0.18701;0.19473;164572.6
20241023 000000;0.19473;0.203;0.18911;0.19416;146908.23
20241024 000000;0.19416;0.19782;0.188;0.19135;147003.64
20241025 000000;0.19135;0.19207;0.18596;0.18649;138787.83
20241026 000000;0.18649;0.18963;0.18547;0.18898;138211.76
20241027 000000;0.18898;0.18941;0.1842;0.18841;145158.21
20241028 000000;0.18841;0.19301;0.18567;0.18808;191505.96
20241029 000000;0.18808;0.19133;0.17166;0.18998;231264.16
20241030 000000;0.18998;0.19217;0.18872;0.18922;330445.48
20241031 000000;0.18922;0.19044;0.185;0.18767;514981.23
20241101 000000;0.18767;0.19065;0.18447;0.18763;530501.16
20241102 000000;0.18763;0.19142;0.18335;0.18498;599152.82
20241103 000000;0.18498;0.18579;0.1736;0.17668;546234.44
20241104 000000;0.17668;0.17897;0.1726;0.17377;621034.66
20241105 000000;0.17377;0.18189;0.17274;0.17888;503962.81
20241106 000000;0.17888;0.1855;0.178;0.18546;498721.82
20241107 000000;0.18546;0.18661;0.18263;0.18413;918440.31
20241108 000000;0.18413;0.19019;0.1834;0.18771;685414.2
20241109 000000;0.18771;0.19625;0.18649;0.19282;1125678.38
20241110 000000;0.19282;0.2074;0.19205;0.20516;934471.41
20241111 000000;0.20516;0.21733;0.20396;0.2168;895199.21
20241112 000000;0.2168;0.21989;0.21316;0.21657;1334917.82
20241113 000000;0.21657;0.21686;0.2005;0.20254;1028353.29
20241114 000000;0.20254;0.20659;0.1959;0.19605;1307348.55
20241115 000000;0.19605;0.20197;0.19534;0.19816;1076319.25
20241116 000000;0.19816;0.20202;0.19612;0.19825;1205016.64
20241117 000000;0.19825;0.22175;0.19643;0.21621;1231058.23
20241118 000000;0.21621;0.21976;0.21203;0.21733;1251224.75
20241119 000000;0.21733;0.22257;0.21525;0.2184;914741.38
20241120 000000;0.2184;0.22797;0.21773;0.22528;1148667.82
20241121 000000;0.22528;0.23619;0.2227;0.23514;1304839.7
20241122 000000;0.23514;0.24634;0.23457;0.24632;1053223.16
20241123 000000;0.24632;0.313;0.24629;0.30222;1035517.07
20241124 000000;0.30222;0.32826;0.29549;0.30627;1008771.13
20241125 000000;0.30627;0.31678;0.29743;0.30164;839652.65
20241126 000000;0.30164;0.30542;0.27752;0.28329;770186
20241127 000000;0.28329;0.29166;0.28065;0.28947;718339.74
20241128 000000;0.28947;0.29173;0.28334;0.28801;1232348.44
20241129 000000;0.28801;0.29696;0.28517;0.29483;884726.56
20241130 000000;0.29483;0.30093;0.2842;0.29867;959860.07
20241201 000000;0.29867;0.30542;0.2876;0.29863;807608.81
20241202 000000;0.29863;0.30193;0.27915;0.29992;715999.54
20241203 000000;0.29992;0.31995;0.28175;0.31995;965699.15
20241204 000000;0.31995;0.35366;0.31654;0.34417;698012.53
20241205 000000;0.34417;0.35017;0.32233;0.32756;780386.85
20241206 000000;0.32756;0.33718;0.3162;0.33116;899919.65
20241207 000000;0.33116;0.33212;0.31892;0.32444;783212.56
20241208 000000;0.32444;0.33002;0.314;0.32013;966445.03
20241209 000000;0.32013;0.3219;0.26765;0.27736;895861.29
20241210 000000;0.27736;0.27931;0.24916;0.26693;1238706.3
20241211 000000;0.26693;0.28423;0.26318;0.28161;876879.37
20241212 000000;0.28161;0.2882;0.27435;0.27884;1208119.04
20241213 000000;0.27884;0.2855;0.27572;0.27944;882042.64
20241214 000000;0.27944;0.281;0.27274;0.27376;1250263.69
20241215 000000;0.27376;0.28448;0.27222;0.27539;1009516.77
20241216 000000;0.27539;0.28383;0.27539;0.28264;1006442.15
20241217 000000;0.28264;0.28309;0.26622;0.26775;858126.41
20241218 000000;0.26775;0.27166;0.25595;0.25685;1077512.13
20241219 000000;0.25685;0.25986;0.22828;0.23504;1051700.6
20241220 000000;0.23504;0.24449;0.21387;0.244;1319946.26
20241221 000000;0.244;0.25784;0.23342;0.23361;1149239.85
20241222 000000;0.23361;0.23501;0.22465;0.22864;1371396.85
20241223 000000;0.22864;0.2413;0.22225;0.23425;1179722.32
20241224 000000;0.23425;0.24464;0.232;0.24178;1101222.08
20241225 000000;0.24178;0.25232;0.23939;0.24534;1105506.56
20241226 000000;0.24534;0.24534;0.232;0.23211;779344.99
20241227 000000;0.23211;0.24275;0.232;0.23698;716808.1
20241228 000000;0.23698;0.26146;0.23636;0.24692;1026029.81
20241229 000000;0.24692;0.24991;0.2394;0.24011;690778.71
20241230 000000;0.24011;0.24898;0.23614;0.2471;814376.3
20241231 000000;0.2471;0.24767;0.21696;0.23974;933081.79
