20240926 000000;0.001;0.0189;0.001;0.006483;1021404472.79
20240927 000000;0.006483;0.007278;0.006279;0.006793;554096640.79
20240928 000000;0.006793;0.007093;0.006215;0.006356;357037884.99
20240929 000000;0.006356;0.006398;0.005551;0.005761;568725676.12
20240930 000000;0.005761;0.006164;0.005401;0.005468;562531264.73
20241001 000000;0.005468;0.005531;0.00448;0.004707;592679979.62
20241002 000000;0.004707;0.005049;0.004443;0.004836;324708897.23
20241003 000000;0.004836;0.005011;0.004578;0.004624;184349334.66
20241004 000000;0.004624;0.004841;0.004508;0.004803;145190046.35
20241005 000000;0.004803;0.005192;0.004624;0.004712;212649443.15
20241006 000000;0.004712;0.005036;0.004643;0.005015;143784569.15
20241007 000000;0.005015;0.005148;0.004685;0.004705;296102793.97
20241008 000000;0.004705;0.004758;0.004161;0.004321;333630266.21
20241009 000000;0.004321;0.00435;0.004015;0.004096;335827944.25
20241010 000000;0.004096;0.004123;0.003783;0.003914;201214776.46
20241011 000000;0.003914;0.004175;0.003904;0.00408;147627711.56
20241012 000000;0.00408;0.004345;0.003995;0.004248;171020822.64
20241013 000000;0.004248;0.004316;0.004007;0.004105;74317896.72
20241014 000000;0.004105;0.004655;0.004056;0.00444;133531190.56
20241015 000000;0.00444;0.004509;0.004096;0.004203;105842809.51
20241016 000000;0.004203;0.004223;0.003868;0.003937;101430339.7
20241017 000000;0.003937;0.003998;0.00364;0.003729;65375299.87
20241018 000000;0.003729;0.003922;0.00372;0.003871;66066890.77
20241019 000000;0.003871;0.003935;0.003815;0.003873;48873676.65
20241020 000000;0.003873;0.003996;0.00377;0.003963;54650012.71
20241021 000000;0.003963;0.003991;0.003665;0.003754;71458066.27
20241022 000000;0.003754;0.003905;0.003699;0.003842;113027543.4
20241023 000000;0.003842;0.003899;0.003266;0.003374;149186943.56
20241024 000000;0.003374;0.003439;0.003246;0.003366;91117404.85
20241025 000000;0.003366;0.00341;0.002764;0.002951;92839133.97
20241026 000000;0.002951;0.00305;0.00272;0.002809;114678314.85
20241027 000000;0.002809;0.002947;0.002775;0.002867;99021042.03
20241028 000000;0.002867;0.002937;0.002628;0.002834;142141273.37
20241029 000000;0.002834;0.002966;0.002813;0.002925;99021751.49
20241030 000000;0.002925;0.002932;0.002759;0.002867;49599674.72
20241031 000000;0.002867;0.002881;0.002611;0.002655;49220157.49
20241101 000000;0.002655;0.002821;0.002562;0.002703;134104726.79
20241102 000000;0.002703;0.002779;0.002539;0.002576;70545775.19
20241103 000000;0.002576;0.002602;0.002256;0.002396;77512905.66
20241104 000000;0.002396;0.002463;0.002263;0.002314;69935262.5
20241105 000000;0.002314;0.002521;0.002314;0.002469;116694030.31
20241106 000000;0.002469;0.002769;0.002468;0.002708;184050126.3
20241107 000000;0.002708;0.002796;0.00261;0.002707;258450505.84
20241108 000000;0.002707;0.002729;0.00248;0.002612;136245257.79
20241109 000000;0.002612;0.005057;0.002558;0.004715;2450665343.04
20241110 000000;0.004715;0.006236;0.004445;0.004674;1644584061.46
20241111 000000;0.004674;0.005787;0.004324;0.005026;875732431.67
20241112 000000;0.005026;0.00503;0.004009;0.004244;440914340.49
20241113 000000;0.004244;0.004301;0.003711;0.003913;261105749.53
20241114 000000;0.003913;0.0045;0.003613;0.003726;538232142.58
20241115 000000;0.003726;0.004498;0.003623;0.004003;806422662.2
20241116 000000;0.004003;0.004096;0.003816;0.004096;305085694.37
20241117 000000;0.004096;0.004129;0.003777;0.00394;232852956.65
20241118 000000;0.00394;0.00498;0.003721;0.004341;611276804.65
20241119 000000;0.004341;0.004353;0.003786;0.003919;254000635.83
20241120 000000;0.003919;0.003949;0.003414;0.003514;179476901.95
20241121 000000;0.003514;0.00375;0.003379;0.003713;210336963.56
20241122 000000;0.003713;0.003785;0.003544;0.003704;100473656.07
20241123 000000;0.003704;0.004054;0.003675;0.003959;110106617.91
20241124 000000;0.003959;0.004125;0.00365;0.003997;171455401.37
20241125 000000;0.003997;0.00405;0.003628;0.003718;103736823.8
20241126 000000;0.003718;0.003912;0.003451;0.003614;122272005.17
20241127 000000;0.003614;0.003908;0.00355;0.003891;91849973.53
20241128 000000;0.003891;0.003963;0.003724;0.003906;77153457.73
20241129 000000;0.003906;0.004204;0.003856;0.004026;100591520.83
20241130 000000;0.004026;0.004173;0.00395;0.004063;86055710.65
20241201 000000;0.004063;0.004192;0.00395;0.004039;84340202.13
20241202 000000;0.004039;0.004148;0.003717;0.004114;77543208.67
20241203 000000;0.004114;0.00438;0.003816;0.00427;132235476.91
20241204 000000;0.00427;0.004521;0.004173;0.004407;142165502.04
20241205 000000;0.004407;0.00445;0.004113;0.004297;112602469.8
20241206 000000;0.004297;0.004492;0.004122;0.004264;69961778.63
20241207 000000;0.004264;0.00464;0.004215;0.004433;119517689.31
20241208 000000;0.004433;0.00487;0.004232;0.004534;168025016.31
20241209 000000;0.004534;0.004548;0.002859;0.003472;229573082.98
20241210 000000;0.003472;0.003556;0.003062;0.003363;145563269.2
20241211 000000;0.003363;0.003685;0.003246;0.003633;134269654.93
20241212 000000;0.003633;0.003803;0.003541;0.003599;83707259.18
20241213 000000;0.003599;0.00368;0.003512;0.003615;70469794.46
20241214 000000;0.003615;0.003661;0.003314;0.003425;53556270.23
20241215 000000;0.003425;0.003517;0.003295;0.003504;41089068.17
20241216 000000;0.003504;0.003565;0.003254;0.003353;71558304.49
20241217 000000;0.003353;0.003362;0.00301;0.00305;92332768.68
20241218 000000;0.00305;0.00307;0.002711;0.002813;159825527.67
20241219 000000;0.002813;0.002859;0.00241;0.002515;273454766.1
20241220 000000;0.002515;0.002798;0.002263;0.002784;220816594.15
20241221 000000;0.002784;0.002945;0.002569;0.002621;98977449.42
20241222 000000;0.002621;0.002768;0.00256;0.002643;53269316.67
20241223 000000;0.002643;0.003043;0.002578;0.002994;72063785.57
20241224 000000;0.002994;0.003251;0.002948;0.003193;126455043.23
20241225 000000;0.003193;0.003243;0.003059;0.003106;57294218.42
20241226 000000;0.003106;0.003135;0.002876;0.002919;116255222.64
20241227 000000;0.002919;0.003139;0.002879;0.002952;58941735.51
20241228 000000;0.002952;0.003079;0.00286;0.003023;75847959.35
20241229 000000;0.003023;0.003062;0.002895;0.002936;45757224.78
20241230 000000;0.002936;0.003146;0.002893;0.002993;74859236.52
20241231 000000;0.002993;0.003048;0.002853;0.002977;49050185.37
