20260101 000000;0.0002125;0.0002238;0.000211;0.00022;2505393685.46
20260102 000000;0.00022;0.0002286;0.0002174;0.0002254;1491320885.75
20260103 000000;0.0002254;0.0002285;0.000218;0.0002256;1132284263.81
20260104 000000;0.0002256;0.000268;0.0002247;0.0002509;5381094032.35
20260105 000000;0.0002509;0.0002571;0.0002381;0.0002491;1949884131.67
20260106 000000;0.0002491;0.0002559;0.0002393;0.0002515;1311349176.49
20260107 000000;0.0002515;0.0002522;0.0002369;0.0002395;1373326469.83
20260108 000000;0.0002395;0.0002517;0.0002369;0.0002498;1130977504.05
20260109 000000;0.0002498;0.0002542;0.0002395;0.0002463;919751761.43
20260110 000000;0.0002463;0.0002682;0.000242;0.0002582;3100547271.53
20260111 000000;0.0002582;0.0002588;0.0002367;0.0002396;1252507659
20260112 000000;0.0002396;0.0002446;0.000229;0.0002338;878669396
20260113 000000;0.0002338;0.00026;0.0002325;0.0002534;1452179180.19
20260114 000000;0.0002534;0.0002565;0.0002461;0.0002481;1074578588.71
20260115 000000;0.0002481;0.0002551;0.000237;0.0002411;1378448246.35
20260116 000000;0.0002411;0.0002568;0.0002399;0.000251;887239470.2
20260117 000000;0.000251;0.0002799;0.0002485;0.0002573;2361003847.35
20260118 000000;0.0002573;0.0002597;0.0002399;0.0002406;1010589715.82
20260119 000000;0.0002406;0.0002406;0.0002101;0.0002321;1396559347.22
20260120 000000;0.0002321;0.0002419;0.0002167;0.0002204;1718364045.29
20260121 000000;0.0002204;0.0002354;0.0002196;0.0002308;748836775.77
20260122 000000;0.0002308;0.0002349;0.0002208;0.0002236;498761334.89
20260123 000000;0.0002236;0.000233;0.0002233;0.0002274;714041907.04
20260124 000000;0.0002274;0.0002332;0.0002249;0.0002269;439714094.31
20260125 000000;0.0002269;0.0002297;0.0002054;0.000212;936551854.04
20260126 000000;0.000212;0.0003641;0.0002115;0.0002796;9508274693.18
20260127 000000;0.0002796;0.0002799;0.0002268;0.000233;7853989624.97
20260128 000000;0.000233;0.0002349;0.0002184;0.0002219;2107426810.37
20260129 000000;0.0002219;0.0002219;0.0002061;0.0002122;1258806510.39
20260130 000000;0.0002122;0.0002147;0.000203;0.0002124;1047027563.46
20260131 000000;0.0002124;0.0002131;0.0001694;0.0001942;1663811492.38
20260201 000000;0.0001942;0.0001965;0.0001837;0.0001871;808788479.39
20260202 000000;0.0001871;0.0001946;0.0001814;0.0001891;1198829288.28
20260203 000000;0.0001891;0.0001938;0.0001777;0.0001873;864232649.26
20260204 000000;0.0001873;0.0001944;0.0001845;0.0001895;1399732619.89
20260205 000000;0.0001895;0.0001916;0.000161;0.0001659;1529595141.1
20260206 000000;0.0001659;0.0001874;0.0001478;0.0001825;1892136695.3
20260207 000000;0.0001825;0.0001837;0.0001733;0.0001771;760602591.53
20260208 000000;0.0001771;0.0001779;0.0001681;0.00017;719616497.98
20260209 000000;0.00017;0.000182;0.0001685;0.0001764;1003544761.48
20260210 000000;0.0001764;0.000177;0.0001674;0.0001721;1608058010.18
20260211 000000;0.0001721;0.0001756;0.0001664;0.0001741;844430803.1
20260212 000000;0.0001741;0.0001791;0.0001721;0.0001768;725978714.97
20260213 000000;0.0001768;0.0001802;0.0001728;0.0001793;623490506.9
20260214 000000;0.0001793;0.0001905;0.0001786;0.0001868;630292448.33
20260215 000000;0.0001868;0.0001893;0.0001765;0.0001797;759436383.64
20260216 000000;0.0001797;0.0001843;0.0001778;0.0001823;485218777.79
20260217 000000;0.0001823;0.0001827;0.0001772;0.0001798;447690346.85
20260218 000000;0.0001798;0.0001824;0.000174;0.0001754;477616797.51
20260219 000000;0.0001754;0.0001793;0.0001724;0.0001785;803445957.26
20260220 000000;0.0001785;0.0001828;0.0001751;0.0001813;660853726.92
20260221 000000;0.0001813;0.0002085;0.0001766;0.0001766;3657071487.62
20260222 000000;0.0001766;0.0001785;0.0001714;0.0001745;760869902.7
20260223 000000;0.0001745;0.0001756;0.0001575;0.0001583;1159023470.13
20260224 000000;0.0001583;0.0001669;0.0001538;0.0001643;1038668449.35
20260225 000000;0.0001643;0.0001736;0.000163;0.0001702;695633570.85
20260226 000000;0.0001702;0.0001711;0.0001541;0.0001608;1606055049.98
20260227 000000;0.0001608;0.0001726;0.0001567;0.00016;2031182446.32
20260228 000000;0.00016;0.000162;0.0001468;0.0001571;1209692967.85
20260301 000000;0.0001571;0.000161;0.000147;0.0001511;771067443.94
20260302 000000;0.0001511;0.0001636;0.0001498;0.0001576;947280660.05
20260303 000000;0.0001576;0.0001598;0.0001537;0.0001567;625032449.71
20260304 000000;0.0001567;0.0001623;0.0001542;0.0001599;691776783.93
20260305 000000;0.0001599;0.0001604;0.0001546;0.0001573;625743343.41
20260306 000000;0.0001573;0.0001598;0.0001528;0.0001552;545076217.05
20260307 000000;0.0001552;0.0001555;0.0001508;0.0001516;520205138.74
20260308 000000;0.0001516;0.000154;0.0001468;0.0001483;693822041.5
20260309 000000;0.0001483;0.0001565;0.0001479;0.0001522;1276260113.54
20260310 000000;0.0001522;0.0001593;0.0001515;0.0001577;1232025573.23
20260311 000000;0.0001577;0.0001747;0.0001574;0.0001604;3089784668.73
20260312 000000;0.0001604;0.0001635;0.0001574;0.0001611;836320472.18
20260313 000000;0.0001611;0.0001666;0.000161;0.0001628;805003952.21
20260314 000000;0.0001628;0.0001657;0.0001593;0.0001629;1172385712.64
20260315 000000;0.0001629;0.0001659;0.0001608;0.000165;888961546.09
20260316 000000;0.000165;0.0001698;0.0001643;0.0001686;909208837.56
20260317 000000;0.0001686;0.0001692;0.0001651;0.0001669;805801718.98
20260318 000000;0.0001669;0.0001698;0.0001572;0.00016;798029633.74
20260319 000000;0.00016;0.0001613;0.0001536;0.0001555;542642135.84
20260320 000000;0.0001555;0.0001568;0.0001536;0.0001555;449088715.83
20260321 000000;0.0001555;0.0001564;0.000149;0.00015;561701178.57
20260322 000000;0.00015;0.0001505;0.0001419;0.000144;637590740.68
20260323 000000;0.000144;0.00015;0.0001432;0.0001482;824398584.41
20260324 000000;0.0001482;0.0001487;0.0001433;0.0001452;626867977.44
20260325 000000;0.0001452;0.0001463;0.0001434;0.0001451;597908646.66
20260326 000000;0.0001451;0.0001452;0.0001376;0.0001395;588765234.13
20260327 000000;0.0001395;0.0001401;0.000134;0.0001354;614299918.56
20260328 000000;0.0001354;0.0001366;0.0001324;0.0001326;750116583.1
20260329 000000;0.0001326;0.0001337;0.000129;0.0001308;973109142.61
20260330 000000;0.0001308;0.0001399;0.0001308;0.0001331;1199067682.12
20260331 000000;0.0001331;0.0001347;0.0001308;0.0001327;912889579.06
20260401 000000;0.0001327;0.0001375;0.000131;0.0001368;1211175256.1
20260402 000000;0.0001368;0.0001408;0.0001319;0.0001375;2042786295.34
20260403 000000;0.0001375;0.0001448;0.0001371;0.0001419;1083364461.46
20260404 000000;0.0001419;0.000142;0.0001365;0.0001386;583049848
20260405 000000;0.0001386;0.0001388;0.0001331;0.0001378;684865073.96
20260406 000000;0.0001378;0.0001424;0.0001362;0.0001369;651264344.27
20260407 000000;0.0001369;0.0001436;0.0001323;0.0001435;672957204.64
20260408 000000;0.0001435;0.0001451;0.0001391;0.0001397;1034075550.4
20260409 000000;0.0001397;0.000144;0.0001383;0.0001397;875900428.92
20260410 000000;0.0001397;0.0001542;0.000137;0.0001445;1878978725.21
20260411 000000;0.0001445;0.000149;0.0001415;0.0001456;933047693.51
20260412 000000;0.0001456;0.0001459;0.0001373;0.0001381;886918203.53
20260413 000000;0.0001381;0.0001488;0.0001373;0.0001481;1192366798.05
20260414 000000;0.0001481;0.0001523;0.0001444;0.0001466;559494155.58
20260415 000000;0.0001466;0.0001495;0.0001438;0.0001477;401014176.19
20260416 000000;0.0001477;0.0001818;0.0001471;0.0001814;840667896.04
20260417 000000;0.0001814;0.000208;0.0001575;0.0001637;1003988589.68
20260418 000000;0.0001637;0.0001735;0.0001523;0.0001529;553947984.8
20260419 000000;0.0001529;0.0001583;0.0001477;0.000148;548412923.57
20260420 000000;0.000148;0.0001578;0.0001471;0.0001544;438219664.02
20260421 000000;0.0001544;0.0001578;0.0001509;0.0001552;358456372.17
20260422 000000;0.0001552;0.0001596;0.0001541;0.0001541;347468856.63
20260423 000000;0.0001541;0.0001559;0.0001514;0.0001558;338931897.48
20260424 000000;0.0001558;0.0001599;0.000155;0.0001567;385293346.43
20260425 000000;0.0001567;0.0001626;0.0001545;0.000156;350379062.22
20260426 000000;0.000156;0.000159;0.0001544;0.0001579;352193912.01
20260427 000000;0.0001579;0.0001598;0.0001511;0.0001544;367282726.97
20260428 000000;0.0001544;0.0001547;0.0001506;0.0001538;358227326
20260429 000000;0.0001538;0.0001596;0.0001467;0.0001574;382437723.19
20260430 000000;0.0001574;0.0001626;0.0001515;0.0001522;388563102.75
20260501 000000;0.0001522;0.0001563;0.0001515;0.0001523;413193982.05
20260502 000000;0.0001523;0.0001576;0.0001515;0.0001561;380753083.24
20260503 000000;0.0001561;0.0001582;0.0001535;0.0001562;339993953.51
20260504 000000;0.0001562;0.0001753;0.0001548;0.0001732;546391222.78
20260505 000000;0.0001732;0.0001966;0.0001673;0.0001743;2317367747.71
20260506 000000;0.0001743;0.0002003;0.0001721;0.0001931;1135372370.03
20260507 000000;0.0001931;0.0002463;0.0001909;0.0002137;2131058269.6
20260508 000000;0.0002137;0.0002317;0.0001833;0.0001903;1200793542.73
20260509 000000;0.0001903;0.0001952;0.0001813;0.0001819;717004722.2
20260510 000000;0.0001819;0.0001856;0.0001751;0.0001815;407520533.74
20260511 000000;0.0001815;0.0001848;0.0001769;0.0001839;371407761.92
20260512 000000;0.0001839;0.0001853;0.0001745;0.0001781;359159312.34
20260513 000000;0.0001781;0.0001815;0.0001646;0.0001675;377367453.43
20260514 000000;0.0001675;0.0001716;0.0001637;0.0001673;328822129.38
20260515 000000;0.0001673;0.0001691;0.0001563;0.0001584;376221826.22
20260516 000000;0.0001584;0.0001613;0.0001509;0.0001536;381869840.83
20260517 000000;0.0001536;0.0001563;0.0001423;0.0001478;436906875.32
20260518 000000;0.0001478;0.0001503;0.0001444;0.0001485;471291340.46
20260519 000000;0.0001485;0.0001507;0.0001464;0.0001471;404801662.53
20260520 000000;0.0001471;0.0001516;0.0001465;0.0001511;417799367.04
20260521 000000;0.0001511;0.0001537;0.0001493;0.0001524;427542931.42
20260522 000000;0.0001524;0.0001533;0.0001442;0.0001451;379553404.47
20260523 000000;0.0001451;0.0001501;0.0001408;0.0001482;442545215.58
20260524 000000;0.0001482;0.0001484;0.0001375;0.0001412;381766652.05
20260525 000000;0.0001412;0.0001778;0.000141;0.0001604;715023692.04
20260526 000000;0.0001604;0.000181;0.0001529;0.000168;1153517536.01
20260527 000000;0.000168;0.0001774;0.0001598;0.0001674;794493719.86
20260528 000000;0.0001674;0.0001704;0.0001534;0.000166;321532888.82
20260529 000000;0.000166;0.0001886;0.0001561;0.0001647;1249900160.95
20260530 000000;0.0001647;0.0001685;0.0001614;0.0001621;363148538.3
20260531 000000;0.0001621;0.0001691;0.0001611;0.0001676;346417135.42
20260601 000000;0.0001676;0.0001749;0.0001651;0.0001697;433120217.56
20260602 000000;0.0001697;0.0001705;0.0001524;0.0001553;372884239.09
20260603 000000;0.0001553;0.0001716;0.0001483;0.0001491;357697893.51
20260604 000000;0.0001491;0.0001619;0.000123;0.0001548;474526436.29
20260605 000000;0.0001548;0.0001661;0.00015;0.0001596;2074886924.4
20260606 000000;0.0001596;0.0001826;0.0001596;0.0001769;573029796.58
20260607 000000;0.0001769;0.0001902;0.0001737;0.0001868;321630342.17
20260608 000000;0.0001868;0.0001889;0.0001611;0.0001697;322614659.46
20260609 000000;0.0001697;0.0001831;0.0001671;0.0001736;335676882.21
20260610 000000;0.0001736;0.0002703;0.0001726;0.0002646;5939411213.83
20260611 000000;0.0002646;0.0003249;0.0002094;0.0002672;6480266658.26
20260612 000000;0.0002672;0.0003832;0.000183;0.0001947;3957485872.43
20260613 000000;0.0001947;0.0002026;0.0001643;0.0001653;2594713145.73
20260614 000000;0.0001653;0.0001805;0.0001609;0.0001664;996890526.75
20260615 000000;0.0001664;0.0001751;0.0001554;0.0001693;1285236446.95
20260616 000000;0.0001693;0.00019;0.0001616;0.0001753;930700845.37
20260617 000000;0.0001753;0.0001799;0.0001617;0.0001647;531815475.6
20260618 000000;0.0001647;0.00017;0.0001507;0.0001531;666290110.95
20260619 000000;0.0001531;0.0001593;0.0001515;0.0001542;673908699.71
20260620 000000;0.0001542;0.0001564;0.0001479;0.0001549;455700409.06
