20250101 000000;0.00696;0.007136;0.006781;0.007054;11130769.17
20250102 000000;0.007054;0.007511;0.007018;0.007272;10243110.91
20250103 000000;0.007272;0.007557;0.006801;0.007343;13861840.39
20250104 000000;0.007343;0.007799;0.007274;0.007479;10312884.42
20250105 000000;0.007479;0.00763;0.007133;0.007236;12099130.36
20250106 000000;0.007236;0.007563;0.007116;0.007326;10152198.41
20250107 000000;0.007326;0.007771;0.006606;0.006718;20453937.6
20250108 000000;0.006718;0.006902;0.006335;0.006626;7064564.17
20250109 000000;0.006626;0.006658;0.0061;0.006253;6104543.56
20250110 000000;0.006253;0.006478;0.00612;0.00629;3908638.49
20250111 000000;0.00629;0.006455;0.006117;0.006379;2776344.56
20250112 000000;0.006379;0.006512;0.006306;0.006317;2473233.5
20250113 000000;0.006317;0.006439;0.005721;0.006006;5493850.36
20250114 000000;0.006006;0.006481;0.00597;0.006182;3053836.75
20250115 000000;0.006182;0.00679;0.006;0.006508;4010829.9
20250116 000000;0.006508;0.007335;0.00628;0.006862;11551847.7
20250117 000000;0.006862;0.0075;0.006851;0.00738;10299950.17
20250118 000000;0.00738;0.007461;0.00669;0.006978;18958396.75
20250119 000000;0.006978;0.008137;0.005308;0.005484;33071459.3
20250120 000000;0.005484;0.005911;0.0046;0.005376;30773690.04
20250121 000000;0.005376;0.00539;0.00476;0.005031;22187765.89
20250122 000000;0.005031;0.00589;0.005015;0.005409;20668820.41
20250123 000000;0.005409;0.005692;0.005206;0.005522;15594442.66
20250124 000000;0.005522;0.005705;0.005296;0.005377;14536981.01
20250125 000000;0.005377;0.005513;0.005152;0.00517;14061217.51
20250126 000000;0.00517;0.005403;0.004692;0.004707;18999150.89
20250127 000000;0.004707;0.004983;0.004326;0.004803;21311309.59
20250128 000000;0.004803;0.0052;0.004513;0.004607;16218431.04
20250129 000000;0.004607;0.00478;0.004531;0.004645;15001836.39
20250130 000000;0.004645;0.005276;0.004612;0.005046;16342912.1
20250131 000000;0.005046;0.006569;0.005026;0.00571;32917126.5
20250201 000000;0.00571;0.005722;0.004857;0.004931;14808070.45
20250202 000000;0.004931;0.00501;0.004125;0.004272;18466414.65
20250203 000000;0.004272;0.004694;0.003705;0.004609;27197588.84
20250204 000000;0.004609;0.004777;0.004275;0.004574;19777294.65
20250205 000000;0.004574;0.004614;0.004236;0.004295;16910457.21
20250206 000000;0.004295;0.004403;0.003855;0.004033;16944118.67
20250207 000000;0.004033;0.004265;0.003919;0.004031;16626074.45
20250208 000000;0.004031;0.004443;0.004015;0.004306;15589911.27
20250209 000000;0.004306;0.004359;0.004045;0.004147;15006836.58
20250210 000000;0.004147;0.004268;0.00407;0.00426;15461190.71
20250211 000000;0.00426;0.004391;0.004097;0.004162;14755744.22
20250212 000000;0.004162;0.004319;0.004042;0.004231;15883647.53
20250213 000000;0.004231;0.004323;0.004089;0.004193;14696093.5
20250214 000000;0.004193;0.004386;0.0041;0.0043;16134356.85
20250215 000000;0.0043;0.004353;0.004156;0.004266;14409356.32
20250216 000000;0.004266;0.004288;0.003984;0.004099;16074764.81
20250217 000000;0.004099;0.004459;0.003975;0.004057;17616946.3
20250218 000000;0.004057;0.004062;0.003622;0.003724;20958986.15
20250219 000000;0.003724;0.003967;0.003646;0.003834;18607543.35
20250220 000000;0.003834;0.004057;0.003815;0.004056;16718122.2
20250221 000000;0.004056;0.00417;0.003919;0.004009;17195862.28
20250222 000000;0.004009;0.004145;0.003994;0.004047;15091186.39
20250223 000000;0.004047;0.004077;0.00385;0.003879;16680200.79
20250224 000000;0.003879;0.003892;0.003382;0.003395;23913129.35
20250225 000000;0.003395;0.003575;0.003189;0.003394;25566063.33
20250226 000000;0.003394;0.003397;0.0031;0.003204;25122671.25
20250227 000000;0.003204;0.003531;0.003149;0.003247;28701782.67
20250228 000000;0.003247;0.003297;0.002891;0.003271;26622240.33
20250301 000000;0.003271;0.003466;0.003041;0.003235;33317098.88
20250302 000000;0.003235;0.003951;0.003089;0.003698;35002958.25
20250303 000000;0.003698;0.003756;0.00309;0.003111;24594037.59
20250304 000000;0.003111;0.004;0.003;0.003313;43068363.96
20250305 000000;0.003313;0.003379;0.003148;0.003288;22920083.63
20250306 000000;0.003288;0.003378;0.003167;0.003175;19442011.82
20250307 000000;0.003175;0.003327;0.002937;0.003039;24219857.47
20250308 000000;0.003039;0.00309;0.002901;0.002975;20394420.81
20250309 000000;0.002975;0.003172;0.002878;0.00293;29951462
20250310 000000;0.00293;0.003216;0.002456;0.002529;32751378.81
20250311 000000;0.002529;0.002769;0.002413;0.002596;26859115.84
20250312 000000;0.002596;0.002797;0.002521;0.002706;26769968.06
20250313 000000;0.002706;0.002716;0.002503;0.002542;25554340.01
20250314 000000;0.002542;0.00264;0.002467;0.002564;25473824.03
20250315 000000;0.002564;0.002631;0.002482;0.002579;23361817.38
20250316 000000;0.002579;0.002646;0.002417;0.002443;26114032.27
20250317 000000;0.002443;0.002633;0.002327;0.0026;28184929.21
20250318 000000;0.0026;0.002621;0.002424;0.002548;24848533.61
20250319 000000;0.002548;0.002776;0.00251;0.002741;24363664.68
20250320 000000;0.002741;0.002796;0.002556;0.002609;23877320.88
20250321 000000;0.002609;0.002618;0.002436;0.002452;25283648.53
20250322 000000;0.002452;0.002597;0.0024;0.002471;27787072.77
20250323 000000;0.002471;0.002952;0.002459;0.002665;53038467.3
20250324 000000;0.002665;0.004735;0.002664;0.004305;143033694.11
20250325 000000;0.004305;0.004306;0.00344;0.003629;56252626.4
20250326 000000;0.003629;0.003662;0.003376;0.003396;31743267.77
20250327 000000;0.003396;0.003545;0.00325;0.003261;27399680.84
20250328 000000;0.003261;0.003333;0.003;0.00311;21653302.51
20250329 000000;0.00311;0.003137;0.002775;0.002783;22212241.56
20250330 000000;0.002783;0.002882;0.002685;0.002744;26411959.26
20250331 000000;0.002744;0.002935;0.002612;0.002769;26811190.14
20250401 000000;0.002769;0.002927;0.002756;0.002822;22526123.62
20250402 000000;0.002822;0.003233;0.002649;0.00294;33073125.28
20250403 000000;0.00294;0.003099;0.002826;0.002917;27573046.8
20250404 000000;0.002917;0.00347;0.002811;0.00346;35488593.49
20250405 000000;0.00346;0.0035;0.002899;0.002992;26621938.44
20250406 000000;0.002992;0.002998;0.002447;0.002508;28971935.27
20250407 000000;0.002508;0.002808;0.0023;0.002736;37822976.72
20250408 000000;0.002736;0.00305;0.002637;0.002688;31606568.8
20250409 000000;0.002688;0.003115;0.002605;0.003061;30401471.52
20250410 000000;0.003061;0.003161;0.002843;0.002949;22205394.15
20250411 000000;0.002949;0.003198;0.002911;0.003148;20241918.63
20250412 000000;0.003148;0.003437;0.003;0.003125;23982794.01
20250413 000000;0.003125;0.003184;0.002898;0.003048;22518912.28
20250414 000000;0.003048;0.003162;0.002763;0.002961;31619433.51
20250415 000000;0.002961;0.003071;0.002874;0.002915;22644031.04
20250416 000000;0.002915;0.003811;0.002893;0.003178;51790044.04
20250417 000000;0.003178;0.003448;0.00301;0.003209;34336895.33
20250418 000000;0.003209;0.003799;0.003096;0.003302;38330988.89
20250419 000000;0.003302;0.00361;0.003265;0.003371;25196079.99
20250420 000000;0.003371;0.003407;0.003167;0.003216;22621726.94
20250421 000000;0.003216;0.003311;0.003018;0.003084;21484701.59
20250422 000000;0.003084;0.003351;0.003042;0.003302;25533713.23
20250423 000000;0.003302;0.003566;0.003254;0.003306;24946968.01
20250424 000000;0.003306;0.003426;0.003144;0.003379;20168652.09
20250425 000000;0.003379;0.004232;0.003283;0.003929;43654590.23
20250426 000000;0.003929;0.004095;0.003508;0.003606;28954795.62
20250427 000000;0.003606;0.003809;0.003401;0.003428;22186616.68
20250428 000000;0.003428;0.003463;0.003224;0.00333;29514895.54
20250429 000000;0.00333;0.003356;0.003192;0.003232;23271720.58
20250430 000000;0.003232;0.003532;0.003104;0.003294;32222481.09
20250501 000000;0.003294;0.003627;0.003121;0.003312;37773531.94
20250502 000000;0.003312;0.003597;0.00322;0.00329;26657711.7
20250503 000000;0.00329;0.003305;0.003111;0.003122;20676364.21
20250504 000000;0.003122;0.003154;0.002973;0.003006;22570406.16
20250505 000000;0.003006;0.003044;0.002798;0.002935;28409791.77
20250506 000000;0.002935;0.002974;0.002795;0.002922;26402873.47
20250507 000000;0.002922;0.003068;0.002837;0.002909;24202929.97
20250508 000000;0.002909;0.003248;0.002827;0.003219;24857484.64
20250509 000000;0.003219;0.0047;0.003164;0.003438;34179688.82
20250510 000000;0.003438;0.00415;0.003387;0.003688;38522089.6
20250511 000000;0.003688;0.00383;0.003397;0.003769;36329404.26
20250512 000000;0.003769;0.0055;0.003743;0.004378;131386096.79
20250513 000000;0.004378;0.004734;0.004089;0.004375;40104852.34
20250514 000000;0.004375;0.004489;0.00394;0.003965;46357178.89
20250515 000000;0.003965;0.004006;0.003707;0.003804;27379309.86
20250516 000000;0.003804;0.00523;0.003772;0.003964;84010680.21
20250517 000000;0.003964;0.004002;0.003749;0.003818;22914089.31
20250518 000000;0.003818;0.004038;0.003741;0.003907;25241522.14
20250519 000000;0.003907;0.003913;0.003702;0.00379;20508355.36
20250520 000000;0.00379;0.003923;0.003595;0.003821;40550531.77
20250521 000000;0.003821;0.004871;0.003762;0.004084;91485505.09
20250522 000000;0.004084;0.004338;0.003984;0.004151;28230548.27
20250523 000000;0.004151;0.005069;0.004;0.004066;80258106.92
20250524 000000;0.004066;0.004192;0.004;0.004039;24755659.57
20250525 000000;0.004039;0.004101;0.003812;0.004068;19763244.53
20250526 000000;0.004068;0.005461;0.004068;0.004686;115077463.94
20250527 000000;0.004686;0.004687;0.004238;0.00425;35998836.05
20250528 000000;0.00425;0.004321;0.00254;0.003047;266077610.27
20250529 000000;0.003047;0.003266;0.002713;0.002856;96063872.41
20250530 000000;0.002856;0.002914;0.0025;0.002561;90945350.98
20250531 000000;0.002561;0.003082;0.002481;0.002751;93582405.62
20250601 000000;0.002751;0.002763;0.002627;0.002684;23802387.56
20250602 000000;0.002684;0.002687;0.002534;0.002596;26585718.44
20250603 000000;0.002596;0.00269;0.002463;0.002537;31465534.12
20250604 000000;0.002537;0.002651;0.002371;0.002416;32725898.89
20250605 000000;0.002416;0.002478;0.002328;0.002339;28006661.01
20250606 000000;0.002339;0.002351;0.002141;0.002304;31624515.58
20250607 000000;0.002304;0.002417;0.002299;0.002366;28209541.99
20250608 000000;0.002366;0.002467;0.002319;0.002459;26267154.33
20250609 000000;0.002459;0.002553;0.002351;0.002542;30499735.1
20250610 000000;0.002542;0.002613;0.002464;0.002573;27099137.3
20250611 000000;0.002573;0.002678;0.002537;0.002572;25330157.14
20250612 000000;0.002572;0.002607;0.002384;0.002395;23946887.54
20250613 000000;0.002395;0.002399;0.002111;0.002257;27128156.77
20250614 000000;0.002257;0.002263;0.002106;0.002141;26624605.49
20250615 000000;0.002141;0.002279;0.00212;0.002256;31591641.96
20250616 000000;0.002256;0.002427;0.00222;0.002228;27757055
20250617 000000;0.002228;0.002297;0.002118;0.002153;30089916.35
20250618 000000;0.002153;0.002212;0.002089;0.002163;27932146.62
20250619 000000;0.002163;0.002222;0.0021;0.002114;30096066.77
20250620 000000;0.002114;0.002224;0.002078;0.002092;41827378.9
20250621 000000;0.002092;0.00216;0.001906;0.001948;105778193.93
20250622 000000;0.001948;0.002018;0.001813;0.001876;36286572.42
20250623 000000;0.001876;0.002053;0.001836;0.002047;96158344.91
20250624 000000;0.002047;0.002073;0.00195;0.00201;34032851.63
20250625 000000;0.00201;0.00204;0.001971;0.002005;52880607.89
20250626 000000;0.002005;0.002014;0.001897;0.001909;30422552.63
20250627 000000;0.001909;0.001972;0.00182;0.001878;63109527.65
20250628 000000;0.001878;0.002146;0.001863;0.002085;36372014.35
20250629 000000;0.002085;0.002116;0.001981;0.002028;30298913.73
20250630 000000;0.002028;0.00208;0.001946;0.002066;34178177.41
20250701 000000;0.002066;0.002077;0.001885;0.001902;36035683.19
20250702 000000;0.001902;0.00202;0.00189;0.001957;32183807.57
20250703 000000;0.001957;0.002034;0.001944;0.002001;31477811.39
20250704 000000;0.002001;0.002012;0.001898;0.00192;29982956.2
20250705 000000;0.00192;0.002027;0.001905;0.001978;33195952.6
20250706 000000;0.001978;0.002028;0.001959;0.001987;35373503.41
20250707 000000;0.001987;0.002014;0.001758;0.001824;39700403.57
20250708 000000;0.001824;0.001843;0.001727;0.001816;42997219.46
20250709 000000;0.001816;0.002066;0.001759;0.001974;39790032.36
20250710 000000;0.001974;0.002063;0.001913;0.002049;31692803.63
20250711 000000;0.002049;0.002156;0.001979;0.002134;34631702.61
20250712 000000;0.002134;0.002136;0.001955;0.002055;30514323.32
20250713 000000;0.002055;0.002216;0.002042;0.002177;36609261.47
20250714 000000;0.002177;0.002298;0.00216;0.002201;32040371.04
20250715 000000;0.002201;0.00242;0.002143;0.002339;28127752.13
20250716 000000;0.002339;0.002342;0.00215;0.002236;29930087.51
20250717 000000;0.002236;0.00227;0.002108;0.002194;31650527.69
20250718 000000;0.002194;0.002309;0.002182;0.002248;28800911.23
20250719 000000;0.002248;0.00232;0.002204;0.002276;26978250.17
20250720 000000;0.002276;0.002536;0.002276;0.002467;30604433.36
20250721 000000;0.002467;0.002687;0.002436;0.002565;27504824.8
20250722 000000;0.002565;0.002616;0.002361;0.002474;26158913.4
20250723 000000;0.002474;0.002498;0.002219;0.002282;28010144.19
20250724 000000;0.002282;0.002404;0.002159;0.002315;28075792.86
20250725 000000;0.002315;0.002356;0.002218;0.002338;27079603.76
20250726 000000;0.002338;0.002442;0.002239;0.002394;26498982.52
20250727 000000;0.002394;0.0028;0.002384;0.00252;28211454.61
20250728 000000;0.00252;0.0027;0.00242;0.002427;21615040.46
20250729 000000;0.002427;0.002516;0.002378;0.00244;24482278.94
20250730 000000;0.00244;0.002453;0.002215;0.002269;26530774.58
20250731 000000;0.002269;0.002359;0.002213;0.002219;31509173.9
20250801 000000;0.002219;0.002232;0.001968;0.001994;28830069
20250802 000000;0.001994;0.001998;0.001575;0.001625;43320622.6
20250803 000000;0.001625;0.001729;0.0015;0.0017;51046425.16
20250804 000000;0.0017;0.001985;0.001628;0.001777;42682465.56
20250805 000000;0.001777;0.001786;0.001635;0.001685;40192267.04
20250806 000000;0.001685;0.00172;0.001457;0.0016;47300779.86
20250807 000000;0.0016;0.001664;0.001579;0.001628;39251065.7
20250808 000000;0.001628;0.001648;0.001562;0.001586;38705174.43
20250809 000000;0.001586;0.00171;0.001565;0.001652;36519109.02
20250810 000000;0.001652;0.001759;0.00164;0.001719;35375460.18
20250811 000000;0.001719;0.001748;0.001636;0.001664;35798848.94
20250812 000000;0.001664;0.001828;0.001663;0.00179;34483054.26
20250813 000000;0.00179;0.00191;0.001778;0.001882;35824470.59
20250814 000000;0.001882;0.001964;0.001683;0.00174;35981505.54
20250815 000000;0.00174;0.001757;0.001668;0.001699;34603844.87
20250816 000000;0.001699;0.001762;0.001672;0.001735;36973205.87
20250817 000000;0.001735;0.001803;0.001698;0.001783;42678899.97
20250818 000000;0.001783;0.001792;0.001622;0.001696;38353997.79
20250819 000000;0.001696;0.0017;0.001585;0.001622;34689548.79
20250820 000000;0.001622;0.001698;0.001611;0.001682;33332806.1
20250821 000000;0.001682;0.001717;0.001645;0.001652;32759028.89
20250822 000000;0.001652;0.001738;0.001552;0.001714;39938538.13
20250823 000000;0.001714;0.001766;0.001673;0.001729;34684688.25
20250824 000000;0.001729;0.001849;0.001717;0.001776;32729084.44
20250825 000000;0.001776;0.001797;0.001599;0.001645;33766680.59
20250826 000000;0.001645;0.001728;0.001613;0.00171;34810945.96
20250827 000000;0.00171;0.001798;0.001697;0.001744;33532949.19
20250828 000000;0.001744;0.001836;0.001705;0.001751;32863503.34
20250829 000000;0.001751;0.001754;0.001548;0.001645;34867027.46
20250830 000000;0.001645;0.001696;0.001553;0.001609;36844768.15
20250831 000000;0.001609;0.00166;0.001446;0.001529;37257212.75
20250901 000000;0.001529;0.001561;0.001441;0.001522;38677948.2
20250902 000000;0.001522;0.001648;0.001495;0.0016;33937261.96
20250903 000000;0.0016;0.001638;0.0015;0.001535;35415813.17
20250904 000000;0.001535;0.001549;0.001455;0.001486;36276507.51
20250905 000000;0.001486;0.001548;0.001366;0.001423;39769054.42
20250906 000000;0.001423;0.001487;0.001375;0.001389;40875105.39
20250907 000000;0.001389;0.001453;0.001381;0.001446;37683670.32
20250908 000000;0.001446;0.001592;0.00138;0.001533;37699558.23
20250909 000000;0.001533;0.001594;0.001379;0.00145;43300950.81
20250910 000000;0.00145;0.001515;0.001377;0.001406;40077761.31
20250911 000000;0.001406;0.001619;0.001401;0.001597;40028011.19
20250912 000000;0.001597;0.001745;0.001552;0.00165;36766518.44
20250913 000000;0.00165;0.001745;0.001557;0.001701;38628517.81
20250914 000000;0.001701;0.001819;0.001642;0.001674;39935876.59
20250915 000000;0.001674;0.001734;0.001609;0.001696;33330474.07
20250916 000000;0.001696;0.001726;0.001613;0.001652;35812312.81
20250917 000000;0.001652;0.00174;0.001595;0.00166;35390281.93
20250918 000000;0.00166;0.001757;0.00158;0.001659;36384766.15
20250919 000000;0.001659;0.001739;0.0016;0.001619;35667191.11
20250920 000000;0.001619;0.001663;0.001576;0.001621;32953098.64
20250921 000000;0.001621;0.001656;0.001407;0.001557;34854175.6
20250922 000000;0.001557;0.001591;0.001432;0.001507;39128848.87
20250923 000000;0.001507;0.001615;0.001433;0.001503;38544089.78
20250924 000000;0.001503;0.001526;0.001454;0.001484;38752625.55
20250925 000000;0.001484;0.001485;0.001312;0.001364;42062177.73
20250926 000000;0.001364;0.001436;0.001332;0.001387;48351169.46
20250927 000000;0.001387;0.001395;0.001291;0.001344;44609929.06
20250928 000000;0.001344;0.001402;0.001288;0.00136;41577997.11
20250929 000000;0.00136;0.0015;0.001335;0.001474;40467878.82
20250930 000000;0.001474;0.001702;0.001404;0.001535;36244742.51
20251001 000000;0.001535;0.001618;0.001469;0.001523;35783047.74
20251002 000000;0.001523;0.001671;0.001501;0.001556;37088342.69
20251003 000000;0.001556;0.001621;0.0015;0.001535;36600729.66
20251004 000000;0.001535;0.001607;0.00145;0.001514;37083605.64
20251005 000000;0.001514;0.001662;0.001472;0.001503;39767210.59
20251006 000000;0.001503;0.001557;0.001469;0.001498;38440200.85
20251007 000000;0.001498;0.001517;0.00144;0.001449;41332115.12
20251008 000000;0.001449;0.00146;0.001337;0.001432;43499903.64
20251009 000000;0.001432;0.001456;0.001337;0.001347;42721196.31
20251010 000000;0.001347;0.00141;0.001037;0.001104;52300426.91
20251011 000000;0.001104;0.001168;0.001064;0.001121;51773107.47
20251012 000000;0.001121;0.001262;0.001102;0.001213;50361342.97
20251013 000000;0.001213;0.001272;0.001189;0.001249;46967627.22
20251014 000000;0.001249;0.001262;0.001159;0.001235;48273215.07
20251015 000000;0.001235;0.001277;0.001193;0.001223;47584525.57
20251016 000000;0.001223;0.001279;0.001132;0.001175;50572316.38
20251017 000000;0.001175;0.001182;0.001078;0.001098;56933088.7
20251018 000000;0.001098;0.001144;0.001084;0.00112;50250406.32
20251019 000000;0.00112;0.001161;0.001107;0.001138;50708390.24
20251020 000000;0.001138;0.001165;0.001073;0.001081;50616461.79
20251021 000000;0.001081;0.001117;0.000859;0.001027;64773589.61
20251022 000000;0.001027;0.001038;0.000971;0.000984;58719770.42
20251023 000000;0.000984;0.001149;0.000974;0.001013;57997048.85
20251024 000000;0.001013;0.001073;0.000983;0.001033;59403692.86
20251025 000000;0.001033;0.00107;0.00099;0.001008;52374347.94
20251026 000000;0.001008;0.001178;0.000998;0.001129;59707271.45
20251027 000000;0.001129;0.00135;0.001091;0.001133;54401535.4
20251028 000000;0.001133;0.001181;0.000942;0.000992;55714675.47
20251029 000000;0.000992;0.001062;0.0009687;0.00103;58466503.7
20251030 000000;0.00103;0.00103;0.0008191;0.000873;64224822.2
20251031 000000;0.000873;0.0009405;0.000873;0.0009172;63780957.88
20251101 000000;0.0009172;0.0009396;0.0008429;0.0009239;69175047.66
20251102 000000;0.0009239;0.0009638;0.0008942;0.0009253;60602564.17
20251103 000000;0.0009253;0.0010079;0.0008;0.000824;66059406.41
20251104 000000;0.000824;0.0009281;0.0007558;0.00078;72470930.71
20251105 000000;0.00078;0.0009125;0.0007583;0.0008742;68476152.59
20251106 000000;0.0008742;0.0008989;0.0008203;0.0008634;64663260.02
20251107 000000;0.0008634;0.0010359;0.00083;0.0009835;73856147.53
20251108 000000;0.0009835;0.0010297;0.0008406;0.0008505;64232357.05
20251109 000000;0.0008505;0.0009319;0.0008301;0.0008944;63999602.11
20251110 000000;0.0008944;0.001;0.0008637;0.0009946;63080425.54
20251111 000000;0.0009946;0.0010359;0.0009253;0.0009538;58830247.89
20251112 000000;0.0009538;0.001065;0.000928;0.000938;58576328.29
20251113 000000;0.000938;0.0009805;0.0008373;0.0008838;60626565.09
20251114 000000;0.0008838;0.0009055;0.000825;0.0008278;63215982.54
20251115 000000;0.0008278;0.000897;0.000814;0.0008496;69646313.81
20251116 000000;0.0008496;0.0009448;0.0008379;0.0008736;66712966.24
20251117 000000;0.0008736;0.0009993;0.0008599;0.0008729;63774521.09
20251118 000000;0.0008729;0.000943;0.000867;0.0009156;60532103.13
20251119 000000;0.0009156;0.0009458;0.0008345;0.0008655;65526891.91
20251120 000000;0.0008655;0.0009751;0.00076;0.0007889;71825108.16
20251121 000000;0.0007889;0.0008089;0.0007344;0.0007614;73345788.21
20251122 000000;0.0007614;0.000842;0.0007447;0.0007833;73664138.2
20251123 000000;0.0007833;0.0008243;0.0007595;0.000795;72139931.69
20251124 000000;0.000795;0.0008031;0.0007259;0.0007805;74435206.84
20251125 000000;0.0007805;0.0008209;0.0007637;0.0007965;72144544.73
20251126 000000;0.0007965;0.000832;0.0007744;0.0008134;69510530.68
20251127 000000;0.0008134;0.00086;0.0007956;0.0008396;68517472.85
20251128 000000;0.0008396;0.00086;0.0008217;0.0008292;70584117.34
20251129 000000;0.0008292;0.0008337;0.00079;0.0007965;67328419.42
20251130 000000;0.0007965;0.0008117;0.0007407;0.0007558;71439520.02
20251201 000000;0.0007558;0.0007562;0.0006663;0.0007008;80041779.67
20251202 000000;0.0007008;0.0008519;0.0006907;0.0007767;83176663.3
20251203 000000;0.0007767;0.0008148;0.0007123;0.0007596;77924990.53
20251204 000000;0.0007596;0.0008046;0.0007467;0.0007963;73180335.26
20251205 000000;0.0007963;0.0007982;0.0007445;0.0007762;73165780.54
20251206 000000;0.0007762;0.0008386;0.0007737;0.0007923;69572998.6
20251207 000000;0.0007923;0.0008156;0.0007782;0.0007999;67414617.22
20251208 000000;0.0007999;0.00083;0.0007922;0.0008164;67507598.95
20251209 000000;0.0008164;0.0008399;0.0008028;0.00082;66923291.07
20251210 000000;0.00082;0.0008399;0.000745;0.0007524;68476848.22
20251211 000000;0.0007524;0.0007604;0.0007174;0.0007589;72064505.67
20251212 000000;0.0007589;0.000766;0.0006672;0.0006891;79137769.68
20251213 000000;0.0006891;0.0007487;0.0006599;0.0007346;75279743.2
20251214 000000;0.0007346;0.0007558;0.0007;0.0007066;78055541.4
20251215 000000;0.0007066;0.0007379;0.0005475;0.0005587;87240236.73
20251216 000000;0.0005587;0.0006077;0.0005453;0.0005461;99072830.55
20251217 000000;0.0005461;0.0005942;0.0005175;0.0005421;101807729.67
20251218 000000;0.0005421;0.0005665;0.0005044;0.0005363;103596430.26
20251219 000000;0.0005363;0.0005631;0.0005061;0.0005467;104517285.24
20251220 000000;0.0005467;0.0005628;0.0005251;0.0005526;105785600.95
20251221 000000;0.0005526;0.0005898;0.0005429;0.000571;100078647.19
20251222 000000;0.000571;0.0006129;0.0005675;0.0005826;98656431.28
20251223 000000;0.0005826;0.0005836;0.0005607;0.0005767;97498243.66
20251224 000000;0.0005767;0.0005776;0.0005446;0.0005555;94903759.84
20251225 000000;0.0005555;0.0005645;0.0005325;0.0005386;100036842.48
20251226 000000;0.0005386;0.0005663;0.0005284;0.0005533;98596408.74
20251227 000000;0.0005533;0.0005869;0.0005479;0.0005826;100255715.16
20251228 000000;0.0005826;0.0006544;0.000574;0.0005901;98232464.81
20251229 000000;0.0005901;0.0006152;0.0005538;0.0005644;93322303.37
20251230 000000;0.0005644;0.0005646;0.0005184;0.0005393;99602857.15
20251231 000000;0.0005393;0.0005501;0.0005004;0.0005063;114463407.09
