20240101 000000;0.011939;0.015496;0.011939;0.014434;18128954.88
20240102 000000;0.014434;0.016306;0.012931;0.012931;16628817.17
20240103 000000;0.012931;0.013565;0.011383;0.012179;8987126.39
20240104 000000;0.012179;0.014721;0.012026;0.014461;9428416.54
20240105 000000;0.014461;0.014466;0.012125;0.012868;6765384.58
20240106 000000;0.012868;0.013096;0.01177;0.011829;6475369.41
20240107 000000;0.011829;0.012175;0.011715;0.011965;5082744.64
20240108 000000;0.011965;0.01339;0.010586;0.012786;9048859.92
20240109 000000;0.012786;0.017609;0.012187;0.016206;30100608.49
20240110 000000;0.016206;0.016402;0.0141;0.015516;10542365.11
20240111 000000;0.015516;0.015639;0.013293;0.013978;11579334.17
20240112 000000;0.013978;0.014338;0.013043;0.013643;9888321.14
20240113 000000;0.013643;0.0153;0.013382;0.014272;6149848.56
20240114 000000;0.014272;0.01481;0.013253;0.013359;7386827.96
20240115 000000;0.013359;0.013484;0.012584;0.012621;8181877.48
20240116 000000;0.012621;0.012626;0.011793;0.011929;6924954.24
20240117 000000;0.011929;0.012678;0.0115;0.012362;9442092.89
20240118 000000;0.012362;0.012473;0.010887;0.011143;11915460.33
20240119 000000;0.011143;0.011203;0.009779;0.010333;12194969.08
20240120 000000;0.010333;0.010965;0.010333;0.010917;6193890.43
20240121 000000;0.010917;0.013;0.010819;0.012119;13278013.19
20240122 000000;0.012119;0.01217;0.010378;0.010411;7099376.41
20240123 000000;0.010411;0.010626;0.0096;0.010313;12203744.45
20240124 000000;0.010313;0.010987;0.010202;0.010938;7035108.63
20240125 000000;0.010938;0.010986;0.009807;0.009845;6920956.45
20240126 000000;0.009845;0.01137;0.009835;0.010537;18614054.18
20240127 000000;0.010537;0.010693;0.010302;0.010686;5388642.86
20240128 000000;0.010686;0.011312;0.0098;0.010528;8877385.93
20240129 000000;0.010528;0.0112;0.010484;0.010893;4994215.38
20240130 000000;0.010893;0.012341;0.010871;0.011188;19558079.11
20240131 000000;0.011188;0.011446;0.010359;0.010791;4962012.03
20240201 000000;0.010791;0.010987;0.009888;0.010081;9179954.63
20240202 000000;0.010081;0.010199;0.00937;0.009893;6447009.64
20240203 000000;0.009893;0.0112;0.009751;0.010668;13521555.69
20240204 000000;0.010668;0.011549;0.009871;0.010023;10177225.25
20240205 000000;0.010023;0.010994;0.009904;0.009939;8789534.74
20240206 000000;0.009939;0.010941;0.00988;0.009962;11882967.37
20240207 000000;0.009962;0.010332;0.00972;0.010242;6498074.08
20240208 000000;0.010242;0.010436;0.010023;0.010208;11583942.17
20240209 000000;0.010208;0.01098;0.01;0.010775;5121962.56
20240210 000000;0.010775;0.012751;0.010724;0.01104;9715415.46
20240211 000000;0.01104;0.0115;0.010715;0.011116;4731081.46
20240212 000000;0.011116;0.011688;0.010666;0.011478;4286813.85
20240213 000000;0.011478;0.012131;0.010798;0.011106;5945082.88
20240214 000000;0.011106;0.011883;0.0106;0.011798;12144326.44
20240215 000000;0.011798;0.0124;0.010944;0.011417;6120944.53
20240216 000000;0.011417;0.011734;0.011099;0.011232;3425104.55
20240217 000000;0.011232;0.01124;0.010131;0.010429;6033106.52
20240218 000000;0.010429;0.01095;0.010413;0.010538;5012477.87
20240219 000000;0.010538;0.010888;0.010135;0.010557;6279168.05
20240220 000000;0.010557;0.010612;0.009694;0.010159;8331854.37
20240221 000000;0.010159;0.010168;0.009273;0.009609;6307385.93
20240222 000000;0.009609;0.009892;0.009278;0.009371;5888594.48
20240223 000000;0.009371;0.009422;0.008916;0.008981;6722143.6
20240224 000000;0.008981;0.009737;0.008858;0.009515;4316917.99
20240225 000000;0.009515;0.00986;0.009253;0.00955;4471084.17
20240226 000000;0.00955;0.0099;0.009018;0.009829;6575060.18
20240227 000000;0.009829;0.0119;0.009722;0.011484;16227351.48
20240228 000000;0.011484;0.014668;0.010807;0.013329;17116606.91
20240229 000000;0.013329;0.015492;0.01211;0.012412;15538323.13
20240301 000000;0.012412;0.015879;0.012383;0.014819;11254570.45
20240302 000000;0.014819;0.01513;0.013363;0.01376;15726580.85
20240303 000000;0.01376;0.015324;0.012713;0.014531;12932383.88
20240304 000000;0.014531;0.024;0.014329;0.021158;47148463.72
20240305 000000;0.021158;0.023;0.01449;0.018014;20650729.31
20240306 000000;0.018014;0.021;0.015894;0.018465;11177732.29
20240307 000000;0.018465;0.0185;0.014;0.015081;14644492.63
20240308 000000;0.015081;0.018798;0.014905;0.017467;11526274.77
20240309 000000;0.017467;0.018798;0.0165;0.017471;10439985.07
20240310 000000;0.017471;0.018028;0.0165;0.016983;7247254.61
20240311 000000;0.016983;0.0175;0.015174;0.0172;13108255.44
20240312 000000;0.0172;0.018;0.0154;0.016354;6693977.85
20240313 000000;0.016354;0.0181;0.015338;0.017276;8927197.99
20240314 000000;0.017276;0.021005;0.01621;0.018158;19273914.39
20240315 000000;0.018158;0.02008;0.0142;0.018029;14470394.21
20240316 000000;0.018029;0.024;0.016825;0.017686;25269464.09
20240317 000000;0.017686;0.021467;0.017;0.021007;11581408.22
20240318 000000;0.021007;0.021467;0.018;0.018085;9135568.84
20240319 000000;0.018085;0.018714;0.014668;0.014912;10458882.59
20240320 000000;0.014912;0.017304;0.014101;0.016628;8603266.82
20240321 000000;0.016628;0.016971;0.013833;0.014352;5507802.45
20240322 000000;0.014352;0.014803;0.013377;0.014622;4589080.95
20240323 000000;0.014622;0.01542;0.013889;0.014137;3912559.89
20240324 000000;0.014137;0.0155;0.013658;0.015225;5002936.59
20240325 000000;0.015225;0.016569;0.014549;0.015234;5900720.89
20240326 000000;0.015234;0.016569;0.014525;0.015093;5815508.76
20240327 000000;0.015093;0.015739;0.013501;0.014017;4715958.23
20240328 000000;0.014017;0.014431;0.013292;0.013812;7591866.82
20240329 000000;0.013812;0.0143;0.0133;0.013526;5415101.06
20240330 000000;0.013526;0.015;0.0134;0.013559;8696034.54
20240331 000000;0.013559;0.014328;0.0134;0.014208;6508833.36
20240401 000000;0.014208;0.014829;0.0133;0.01367;5827261.04
20240402 000000;0.01367;0.013672;0.011325;0.011847;5824085.6
20240403 000000;0.011847;0.01291;0.011;0.011725;7560539.32
20240404 000000;0.011725;0.011995;0.011088;0.011294;5343807.25
20240405 000000;0.011294;0.012;0.01;0.011215;7396573.29
20240406 000000;0.011215;0.012;0.01052;0.011077;6877782.17
20240407 000000;0.011077;0.011644;0.010295;0.010735;6608353.64
20240408 000000;0.010735;0.012002;0.01054;0.011239;9813404.32
20240409 000000;0.011239;0.011757;0.0102;0.010717;6441464.48
20240410 000000;0.010717;0.010749;0.0101;0.010237;5869258.01
20240411 000000;0.010237;0.010431;0.009262;0.009558;7409994.24
20240412 000000;0.009558;0.009875;0.0085;0.008534;11097901.73
20240413 000000;0.008534;0.009;0.006413;0.007789;11083487
20240414 000000;0.007789;0.0084;0.007255;0.008391;7259960.59
20240415 000000;0.008391;0.0084;0.007512;0.007637;6141185.53
20240416 000000;0.007637;0.0084;0.006963;0.007388;5865058.26
20240417 000000;0.007388;0.00769;0.006284;0.006816;7416065.25
20240418 000000;0.006816;0.007488;0.006588;0.006844;7538658.44
20240419 000000;0.006844;0.00711;0.00585;0.006299;14343666
20240420 000000;0.006299;0.006669;0.006005;0.0066;9429745.2
20240421 000000;0.0066;0.0076;0.006301;0.006766;9009088.48
20240422 000000;0.006766;0.007132;0.006207;0.006713;14786638.7
20240423 000000;0.006713;0.006946;0.006044;0.006472;18192375.92
20240424 000000;0.006472;0.0108;0.006441;0.009844;27253992.55
20240425 000000;0.009844;0.009857;0.007917;0.008469;10448420.41
20240426 000000;0.008469;0.00849;0.007116;0.007457;8326464.62
20240427 000000;0.007457;0.009515;0.006821;0.008914;12336854.23
20240428 000000;0.008914;0.0092;0.00788;0.007983;9212864.92
20240429 000000;0.007983;0.008573;0.007225;0.007806;7022135.25
20240430 000000;0.007806;0.007949;0.006874;0.007475;7673123.44
20240501 000000;0.007475;0.00835;0.006796;0.007787;8954909.86
20240502 000000;0.007787;0.008588;0.00734;0.0081;6095606.71
20240503 000000;0.0081;0.008285;0.007668;0.008013;9578718.16
20240504 000000;0.008013;0.008668;0.007991;0.008316;10838156.23
20240505 000000;0.008316;0.008514;0.0078;0.008044;9151462.87
20240506 000000;0.008044;0.008743;0.007793;0.007963;9121981.58
20240507 000000;0.007963;0.008205;0.007705;0.007715;8358286.43
20240508 000000;0.007715;0.008005;0.00684;0.007284;8263324.61
20240509 000000;0.007284;0.008111;0.00715;0.007885;6024793.76
20240510 000000;0.007885;0.008067;0.007136;0.007313;8238424.42
20240511 000000;0.007313;0.007859;0.00728;0.007381;4442948.71
20240512 000000;0.007381;0.007722;0.007198;0.007324;5807993.41
20240513 000000;0.007324;0.009028;0.007177;0.007955;22880161.52
20240514 000000;0.007955;0.009083;0.007881;0.008435;16991177.9
20240515 000000;0.008435;0.009;0.007999;0.008776;10443616.96
20240516 000000;0.008776;0.009048;0.008;0.008167;13988232.11
20240517 000000;0.008167;0.008835;0.007911;0.008267;11142651.57
20240518 000000;0.008267;0.008588;0.007842;0.008031;10296387.26
20240519 000000;0.008031;0.008092;0.007428;0.007544;10487442.98
20240520 000000;0.007544;0.008382;0.007401;0.008239;11446888.13
20240521 000000;0.008239;0.008366;0.007855;0.008023;9633164.39
20240522 000000;0.008023;0.008925;0.008015;0.008491;7037774.35
20240523 000000;0.008491;0.008752;0.007949;0.008717;9855829.16
20240524 000000;0.008717;0.010171;0.008184;0.009544;20275139.04
20240525 000000;0.009544;0.0165;0.009544;0.014489;36443820.29
20240526 000000;0.014489;0.014489;0.011092;0.012257;8385198.27
20240527 000000;0.012257;0.013621;0.01038;0.013027;13438765.42
20240528 000000;0.013027;0.020896;0.013;0.020798;31121964.22
20240529 000000;0.020798;0.020941;0.015078;0.016564;18955514.49
20240530 000000;0.016564;0.016564;0.013;0.01337;12892256
20240531 000000;0.01337;0.01551;0.012684;0.014235;9521928.57
20240601 000000;0.014235;0.016836;0.0137;0.01497;10289581.14
20240602 000000;0.01497;0.015647;0.013352;0.013639;5267353.72
20240603 000000;0.013639;0.016688;0.0135;0.015448;7742116.28
20240604 000000;0.015448;0.015507;0.013883;0.015135;6836690.21
20240605 000000;0.015135;0.015218;0.013;0.013987;5276896.67
20240606 000000;0.013987;0.015;0.01303;0.014785;6428287.43
20240607 000000;0.014785;0.01495;0.012273;0.012876;5582577.46
20240608 000000;0.012876;0.012906;0.011022;0.011765;5242995.59
20240609 000000;0.011765;0.014589;0.011595;0.013584;5598819.2
20240610 000000;0.013584;0.013913;0.012062;0.012105;3465975.48
20240611 000000;0.012105;0.012146;0.010637;0.01189;5454875.34
20240612 000000;0.01189;0.013177;0.011264;0.012379;5520074.8
20240613 000000;0.012379;0.012493;0.010648;0.01071;5574329.73
20240614 000000;0.01071;0.011367;0.009719;0.010358;3870147.93
20240615 000000;0.010358;0.010824;0.009811;0.010541;6535533.38
20240616 000000;0.010541;0.01161;0.01045;0.011364;3550134.24
20240617 000000;0.011364;0.012535;0.010119;0.010179;5806860.36
20240618 000000;0.010179;0.010359;0.009219;0.010128;4889016.22
20240619 000000;0.010128;0.010882;0.009792;0.010285;4029319.67
20240620 000000;0.010285;0.01102;0.009738;0.010126;3929615.6
20240621 000000;0.010126;0.010135;0.009154;0.009251;4068229.73
20240622 000000;0.009251;0.009505;0.008826;0.009312;4679138.5
20240623 000000;0.009312;0.009902;0.00885;0.009109;3707651.83
20240624 000000;0.009109;0.009486;0.00822;0.009443;5220350.3
20240625 000000;0.009443;0.010736;0.009155;0.010192;5321158.84
20240626 000000;0.010192;0.010877;0.009483;0.009483;3775749.06
20240627 000000;0.009483;0.010625;0.009158;0.010274;4713266.52
20240628 000000;0.010274;0.010313;0.009661;0.009706;3592919.64
20240629 000000;0.009706;0.009959;0.0093;0.009722;3403000.4
20240630 000000;0.009722;0.010498;0.009345;0.010247;4143362.16
20240701 000000;0.010247;0.010539;0.00975;0.010202;6289470.57
20240702 000000;0.010202;0.01147;0.010055;0.010743;4336079.87
20240703 000000;0.010743;0.011634;0.009405;0.009778;4319757.24
20240704 000000;0.009778;0.010153;0.008706;0.008755;4880172.62
20240705 000000;0.008755;0.008802;0.007724;0.008357;6554386.68
20240706 000000;0.008357;0.00964;0.008287;0.009291;3929233.19
20240707 000000;0.009291;0.009299;0.008;0.008085;4394913.79
20240708 000000;0.008085;0.008801;0.007751;0.008734;4123969.61
20240709 000000;0.008734;0.009476;0.008569;0.008931;3633752.74
20240710 000000;0.008931;0.009115;0.008494;0.008557;3204981.32
20240711 000000;0.008557;0.009291;0.008029;0.008508;3858567.4
20240712 000000;0.008508;0.009064;0.007988;0.008478;3709390.05
20240713 000000;0.008478;0.009;0.007977;0.008539;4237998.03
20240714 000000;0.008539;0.0095;0.008477;0.008962;4556436.63
20240715 000000;0.008962;0.01042;0.008953;0.009996;4318456.7
20240716 000000;0.009996;0.010365;0.00916;0.009899;4744234.66
20240717 000000;0.009899;0.010344;0.009569;0.009908;4179233.31
20240718 000000;0.009908;0.01043;0.009421;0.010423;3542905.01
20240719 000000;0.010423;0.011479;0.009846;0.010665;3690029.99
20240720 000000;0.010665;0.01173;0.010437;0.011174;3683993.32
20240721 000000;0.011174;0.011388;0.009642;0.010677;3463856.92
20240722 000000;0.010677;0.01179;0.009888;0.010006;3714286.05
20240723 000000;0.010006;0.010254;0.009;0.009622;4591187.91
20240724 000000;0.009622;0.010625;0.009355;0.010158;4422466.98
20240725 000000;0.010158;0.01087;0.0089;0.009254;4226554.36
20240726 000000;0.009254;0.010252;0.009142;0.009559;3800556.68
20240727 000000;0.009559;0.01;0.009288;0.0098;3850639.93
20240728 000000;0.0098;0.009827;0.009371;0.009659;3153385
20240729 000000;0.009659;0.011;0.009485;0.009573;3455279.25
20240730 000000;0.009573;0.010026;0.009052;0.00934;3359357.01
20240731 000000;0.00934;0.009398;0.008088;0.008567;4012064.79
20240801 000000;0.008567;0.00918;0.008;0.008816;4901224.99
20240802 000000;0.008816;0.0091;0.007758;0.007758;4087989.29
20240803 000000;0.007758;0.008187;0.007078;0.007354;4846447.61
20240804 000000;0.007354;0.007435;0.006208;0.006254;5552578.19
20240805 000000;0.006254;0.006762;0.005454;0.006677;9025173.19
20240806 000000;0.006677;0.007545;0.00665;0.007319;5647625.94
20240807 000000;0.007319;0.007417;0.006451;0.006616;4883864.54
20240808 000000;0.006616;0.008251;0.0064;0.00795;5477722.99
20240809 000000;0.00795;0.008133;0.007223;0.007463;4218638.72
20240810 000000;0.007463;0.00787;0.007245;0.0076;3850159.73
20240811 000000;0.0076;0.007889;0.00661;0.007034;4729858.96
20240812 000000;0.007034;0.007561;0.006866;0.007238;4057891.8
20240813 000000;0.007238;0.00732;0.006919;0.007095;3998682.23
20240814 000000;0.007095;0.007576;0.007007;0.007306;5378583.02
20240815 000000;0.007306;0.007335;0.0066;0.006865;5840533.25
20240816 000000;0.006865;0.006962;0.006557;0.006745;1972307.37
20240817 000000;0.006745;0.006965;0.00659;0.006828;1296427.44
20240818 000000;0.006828;0.006977;0.006601;0.006727;2397123.59
20240819 000000;0.006727;0.006992;0.006204;0.00687;2387191.73
20240820 000000;0.00687;0.007249;0.006678;0.00694;1447369.27
20240821 000000;0.00694;0.006955;0.00652;0.006838;1549941.17
20240822 000000;0.006838;0.006995;0.006588;0.006749;1955531.62
20240823 000000;0.006749;0.0074;0.006738;0.007341;3052355.51
20240824 000000;0.007341;0.007934;0.007088;0.007478;2923971.43
20240825 000000;0.007478;0.007615;0.007151;0.007428;5359190.64
20240826 000000;0.007428;0.007642;0.007189;0.007194;2547048.84
20240827 000000;0.007194;0.00739;0.006268;0.006547;2867931.61
20240828 000000;0.006547;0.006626;0.006261;0.006401;2853566.77
20240829 000000;0.006401;0.006504;0.006063;0.006191;2594860.25
20240830 000000;0.006191;0.006502;0.006027;0.006322;2588252.9
20240831 000000;0.006322;0.006507;0.006125;0.006204;9952941.66
20240901 000000;0.006204;0.006391;0.005863;0.005866;1967805.74
20240902 000000;0.005866;0.00625;0.0057;0.006149;2517599.74
20240903 000000;0.006149;0.006199;0.005916;0.006;1613466.18
20240904 000000;0.006;0.006292;0.005751;0.006142;2061798.17
20240905 000000;0.006142;0.006143;0.00589;0.005943;1797317.26
20240906 000000;0.005943;0.006382;0.005821;0.006194;2305242.74
20240907 000000;0.006194;0.006807;0.006194;0.006239;3191270.6
20240908 000000;0.006239;0.0064;0.006126;0.006339;1954246.23
20240909 000000;0.006339;0.006519;0.006141;0.006444;2285309.82
20240910 000000;0.006444;0.006471;0.006203;0.00643;1874153.89
20240911 000000;0.00643;0.006439;0.006133;0.006212;1744468.13
20240912 000000;0.006212;0.006254;0.006023;0.006095;1490352.55
20240913 000000;0.006095;0.006916;0.006073;0.006411;3925022.17
20240914 000000;0.006411;0.006788;0.006285;0.006652;3115288.66
20240915 000000;0.006652;0.007123;0.006403;0.006411;3097669.89
20240916 000000;0.006411;0.006624;0.00581;0.006342;3359207.22
20240917 000000;0.006342;0.006504;0.00604;0.006477;2439349.1
20240918 000000;0.006477;0.006864;0.00624;0.006863;2359733.37
20240919 000000;0.006863;0.00732;0.0066;0.006667;2215802.41
20240920 000000;0.006667;0.007;0.00655;0.006751;3141538.17
20240921 000000;0.006751;0.007;0.0065;0.006994;2508913
20240922 000000;0.006994;0.0071;0.006433;0.00659;1662835.59
20240923 000000;0.00659;0.006811;0.006544;0.006811;2104594.99
20240924 000000;0.006811;0.006986;0.006609;0.006918;2861858.12
20240925 000000;0.006918;0.0071;0.00677;0.006905;2103293.55
20240926 000000;0.006905;0.0077;0.006774;0.007282;3359456.21
20240927 000000;0.007282;0.007853;0.007148;0.007663;2313957.45
20240928 000000;0.007663;0.007665;0.006866;0.007551;1910573.63
20240929 000000;0.007551;0.007761;0.007262;0.007708;1681475.64
20240930 000000;0.007708;0.007712;0.007072;0.007074;1982830.33
20241001 000000;0.007074;0.007294;0.006329;0.006421;2836307.57
20241002 000000;0.006421;0.006634;0.006152;0.006375;2450085.11
20241003 000000;0.006375;0.0065;0.006104;0.006246;2867870.76
20241004 000000;0.006246;0.006716;0.006193;0.006685;2858003.65
20241005 000000;0.006685;0.007031;0.006405;0.006416;1573381.53
20241006 000000;0.006416;0.006631;0.006271;0.00649;1904558.72
20241007 000000;0.00649;0.007141;0.006424;0.006747;3694210.44
20241008 000000;0.006747;0.00681;0.006278;0.006361;2024695.11
20241009 000000;0.006361;0.006562;0.006178;0.006245;2790039.07
20241010 000000;0.006245;0.006322;0.006109;0.006239;2648724.79
20241011 000000;0.006239;0.006821;0.00619;0.006725;1879473.36
20241012 000000;0.006725;0.00729;0.0066;0.006988;3275944
20241013 000000;0.006988;0.007468;0.0069;0.007141;1878829.84
20241014 000000;0.007141;0.007617;0.007001;0.007503;3196119.76
20241015 000000;0.007503;0.0078;0.007192;0.007494;3344457.93
20241016 000000;0.007494;0.0078;0.007013;0.007504;2616553.22
20241017 000000;0.007504;0.007519;0.007041;0.007181;2022488.57
20241018 000000;0.007181;0.007537;0.007011;0.007424;2026782.06
20241019 000000;0.007424;0.007542;0.0072;0.007458;1998582.95
20241020 000000;0.007458;0.007584;0.007216;0.007541;2198078.62
20241021 000000;0.007541;0.008753;0.00698;0.008107;8371634.01
20241022 000000;0.008107;0.008479;0.007823;0.007994;3278618.02
20241023 000000;0.007994;0.008017;0.00721;0.007472;3897384.41
20241024 000000;0.007472;0.008037;0.007409;0.007869;4663112.88
20241025 000000;0.007869;0.007874;0.006932;0.006981;2996736.22
20241026 000000;0.006981;0.007158;0.006752;0.006822;1692505.68
20241027 000000;0.006822;0.007169;0.0067;0.007116;2215273.28
20241028 000000;0.007116;0.007545;0.006876;0.007447;3968403.49
20241029 000000;0.007447;0.007942;0.007306;0.007443;2196062.49
20241030 000000;0.007443;0.007471;0.007043;0.007178;1748783.56
20241031 000000;0.007178;0.007423;0.006904;0.006967;4066639.97
20241101 000000;0.006967;0.007383;0.006778;0.006926;1851114.36
20241102 000000;0.006926;0.007226;0.0065;0.007023;1952636.6
20241103 000000;0.007023;0.007587;0.006746;0.007519;2727577.61
20241104 000000;0.007519;0.007858;0.007233;0.00731;2070028.54
20241105 000000;0.00731;0.007805;0.007302;0.007635;1821202.09
20241106 000000;0.007635;0.0078;0.007313;0.007693;2877749.19
20241107 000000;0.007693;0.008189;0.007541;0.007877;3615033.11
20241108 000000;0.007877;0.0124;0.007519;0.011342;13734773.35
20241109 000000;0.011342;0.011502;0.009006;0.009816;28186985.8
20241110 000000;0.009816;0.011051;0.0092;0.009587;19806049.29
20241111 000000;0.009587;0.010208;0.009114;0.0102;14650540.59
20241112 000000;0.0102;0.010223;0.008828;0.009166;11952897.39
20241113 000000;0.009166;0.013315;0.007967;0.010655;34435195.93
20241114 000000;0.010655;0.01512;0.0097;0.012128;51168076.09
20241115 000000;0.012128;0.015992;0.011879;0.013693;38747690.32
20241116 000000;0.013693;0.014899;0.012;0.01361;19431561.71
20241117 000000;0.01361;0.015199;0.013021;0.013846;15272672.74
20241118 000000;0.013846;0.015;0.012662;0.012926;10298012.73
20241119 000000;0.012926;0.013888;0.011598;0.012887;13664519.85
20241120 000000;0.012887;0.012887;0.010888;0.011154;15273876.86
20241121 000000;0.011154;0.012792;0.010919;0.012049;14311639.15
20241122 000000;0.012049;0.012066;0.010369;0.011157;11246580.84
20241123 000000;0.011157;0.011606;0.0105;0.010645;12255627.84
20241124 000000;0.010645;0.0109;0.01;0.010779;14632787.71
20241125 000000;0.010779;0.012005;0.010594;0.010827;12733448.66
20241126 000000;0.010827;0.011899;0.010587;0.011473;13270166.72
20241127 000000;0.011473;0.011733;0.01098;0.011043;11175152.46
20241128 000000;0.011043;0.011115;0.01016;0.010526;8718773.98
20241129 000000;0.010526;0.010898;0.010375;0.010761;9256696.64
20241130 000000;0.010761;0.01079;0.009563;0.009997;12791934.7
20241201 000000;0.009997;0.010075;0.009695;0.00979;10544787.87
20241202 000000;0.00979;0.00993;0.009008;0.009701;12930428.87
20241203 000000;0.009701;0.009883;0.009026;0.0097;21074049.15
20241204 000000;0.0097;0.012;0.009526;0.011872;80260361.48
20241205 000000;0.011872;0.0137;0.011129;0.012284;45573470.81
20241206 000000;0.012284;0.013297;0.011568;0.011872;33727642.76
20241207 000000;0.011872;0.012915;0.010962;0.01216;46849528.37
20241208 000000;0.01216;0.012326;0.01151;0.011919;9839791.45
20241209 000000;0.011919;0.01263;0.010387;0.01071;51578936.97
20241210 000000;0.01071;0.011247;0.009001;0.010201;52202831.89
20241211 000000;0.010201;0.012265;0.010129;0.011176;69245644.7
20241212 000000;0.011176;0.011894;0.01086;0.011015;32049185.48
20241213 000000;0.011015;0.01243;0.010001;0.010851;50338432.72
20241214 000000;0.010851;0.01133;0.010337;0.010724;22267687.71
20241215 000000;0.010724;0.01183;0.010601;0.011185;41132386.62
20241216 000000;0.011185;0.011424;0.010229;0.01054;11031283.47
20241217 000000;0.01054;0.010683;0.010045;0.010111;10369801.63
20241218 000000;0.010111;0.010202;0.008732;0.00875;15158154.1
20241219 000000;0.00875;0.009091;0.007478;0.007568;31229357.96
20241220 000000;0.007568;0.008669;0.007122;0.008178;23739290.08
20241221 000000;0.008178;0.008482;0.007101;0.007454;15414904.39
20241222 000000;0.007454;0.008742;0.007431;0.008296;19853885.99
20241223 000000;0.008296;0.008534;0.007935;0.008374;13971672.43
20241224 000000;0.008374;0.008768;0.00823;0.008449;9481650.73
20241225 000000;0.008449;0.008547;0.008169;0.008357;8621738.1
20241226 000000;0.008357;0.008482;0.00771;0.007892;14253297.39
20241227 000000;0.007892;0.008397;0.007581;0.007641;70723230.7
20241228 000000;0.007641;0.007902;0.007221;0.007893;11477251.8
20241229 000000;0.007893;0.007926;0.0072;0.007518;9608021.61
20241230 000000;0.007518;0.007673;0.006935;0.007079;15970090.04
20241231 000000;0.007079;0.007215;0.006857;0.00696;11057919.43
