20260101 000000;0.1417;0.1457;0.1337;0.137;698529.04
20260102 000000;0.137;0.166;0.125;0.1564;2349857.45
20260103 000000;0.1564;0.1671;0.155;0.1584;495917.07
20260104 000000;0.1584;0.1647;0.153;0.1542;467547.44
20260105 000000;0.1542;0.1813;0.1535;0.1705;844619.61
20260106 000000;0.1705;0.1787;0.1643;0.1699;469264.44
20260107 000000;0.1699;0.1716;0.1542;0.1545;469758.57
20260108 000000;0.1545;0.1576;0.1392;0.1483;555376.11
20260109 000000;0.1483;0.1692;0.1471;0.1656;1033324.15
20260110 000000;0.1656;0.1738;0.1585;0.1669;574636.34
20260111 000000;0.1669;0.1682;0.1469;0.1492;466162.03
20260112 000000;0.1492;0.1613;0.1492;0.1595;619567.92
20260113 000000;0.1595;0.222;0.1487;0.207;2443945.68
20260114 000000;0.207;0.2247;0.187;0.1917;1146387.56
20260115 000000;0.1917;0.2037;0.1873;0.1914;714502.99
20260116 000000;0.1914;0.2173;0.1907;0.2125;827983.09
20260117 000000;0.2125;0.2182;0.195;0.1952;645655.75
20260118 000000;0.1952;0.2046;0.1897;0.1951;388895.17
20260119 000000;0.1951;0.2182;0.1848;0.2035;873629.31
20260120 000000;0.2035;0.21;0.1781;0.1789;806059.19
20260121 000000;0.1789;0.1893;0.1769;0.1845;462781.38
20260122 000000;0.1845;0.1877;0.177;0.1849;383348.72
20260123 000000;0.1849;0.1858;0.1686;0.1696;556750.94
20260124 000000;0.1696;0.1822;0.1696;0.172;414939.79
20260125 000000;0.172;0.1756;0.1655;0.1726;541732.73
20260126 000000;0.1726;0.1808;0.1692;0.1748;459535.65
20260127 000000;0.1748;0.183;0.171;0.18;468600.29
20260128 000000;0.18;0.182;0.174;0.177;380187
20260129 000000;0.177;0.1937;0.1664;0.1856;619747.89
20260130 000000;0.1856;0.1863;0.1756;0.1818;444122.17
20260131 000000;0.1818;0.1827;0.1618;0.1745;430383.36
20260201 000000;0.1745;0.2217;0.1497;0.206;1438999.68
20260202 000000;0.206;0.2589;0.1904;0.2462;2773892.53
20260203 000000;0.2462;0.2612;0.2265;0.2569;1763718.93
20260204 000000;0.2569;0.2846;0.1957;0.1966;2013261.87
20260205 000000;0.1966;0.2259;0.1916;0.2004;704278.25
20260206 000000;0.2004;0.2259;0.1938;0.2209;637245.63
20260207 000000;0.2209;0.2307;0.2161;0.219;404031.06
20260208 000000;0.219;0.2367;0.2094;0.2304;533551.44
20260209 000000;0.2304;0.254;0.2281;0.2425;536615.61
20260210 000000;0.2425;0.2501;0.232;0.2324;488471.59
20260211 000000;0.2324;0.2458;0.2312;0.2434;645809.27
20260212 000000;0.2434;0.2481;0.2364;0.2413;480736.19
20260213 000000;0.2413;0.2501;0.2256;0.2284;537680.88
20260214 000000;0.2284;0.251;0.2243;0.2432;738848.82
20260215 000000;0.2432;0.2516;0.2327;0.246;710994.99
20260216 000000;0.246;0.2514;0.2406;0.2426;311503.54
20260217 000000;0.2426;0.2444;0.2286;0.2295;480321.76
20260218 000000;0.2295;0.2366;0.2055;0.2063;525885.94
20260219 000000;0.2063;0.2422;0.2062;0.239;711488.2
20260220 000000;0.239;0.2444;0.2338;0.2404;456951.35
20260221 000000;0.2404;0.2481;0.2376;0.2392;296987.27
20260222 000000;0.2392;0.2498;0.2387;0.2416;366441.29
20260223 000000;0.2416;0.2453;0.2214;0.2321;393110.23
20260224 000000;0.2321;0.2472;0.224;0.2406;381912.95
20260225 000000;0.2406;0.248;0.2309;0.231;379760.52
20260226 000000;0.231;0.3262;0.206;0.249;3547755.8
20260227 000000;0.249;0.259;0.1781;0.1857;3917117.04
20260228 000000;0.1857;0.1871;0.1633;0.1684;2731334.66
20260301 000000;0.1684;0.1998;0.1576;0.195;2193614.64
20260302 000000;0.195;0.21;0.1933;0.2011;1276375.56
20260303 000000;0.2011;0.2159;0.1969;0.2092;1070082.65
20260304 000000;0.2092;0.2117;0.1998;0.2034;663448.88
20260305 000000;0.2034;0.2214;0.2008;0.2191;460010.01
20260306 000000;0.2191;0.3721;0.2176;0.3537;2179508.93
20260307 000000;0.3537;0.3702;0.3235;0.3463;956472.17
20260308 000000;0.3463;0.4461;0.3127;0.3489;1941409.43
20260309 000000;0.3489;0.3637;0.2427;0.2678;3099222.85
20260310 000000;0.2678;0.2873;0.2445;0.2495;822693.33
20260311 000000;0.2495;0.2548;0.2164;0.2197;812334.95
20260312 000000;0.2197;0.3491;0.214;0.3303;1433550.81
20260313 000000;0.3303;0.3803;0.3303;0.3528;566916.49
20260314 000000;0.3528;0.3757;0.3457;0.3568;259572.34
20260315 000000;0.3568;0.389;0.3568;0.3651;330130.53
20260316 000000;0.3651;0.425;0.3593;0.4098;359917.7
20260317 000000;0.4098;0.4344;0.4027;0.4068;318453.7
20260318 000000;0.4068;0.4226;0.397;0.4072;308222.06
20260319 000000;0.4072;0.6336;0.4054;0.5887;872928.91
20260320 000000;0.5887;0.6116;0.3591;0.4331;1113398.91
20260321 000000;0.4331;0.4674;0.2868;0.3351;1366332.3
20260322 000000;0.3351;0.3398;0.2751;0.2866;773655.67
20260323 000000;0.2866;0.3303;0.2196;0.2414;2440202.97
20260324 000000;0.2414;0.2515;0.2277;0.2344;783105.5
20260325 000000;0.2344;0.2486;0.2294;0.2433;545697.73
20260326 000000;0.2433;0.2644;0.2322;0.2371;1014518.26
20260327 000000;0.2371;0.2413;0.215;0.2168;552499.65
20260328 000000;0.2168;0.2179;0.192;0.2022;923330.26
20260329 000000;0.2022;0.2115;0.1918;0.1974;518062.4
20260330 000000;0.1974;0.2018;0.1943;0.1975;371798
20260331 000000;0.1975;0.209;0.192;0.1945;451750.76
20260401 000000;0.1945;0.2015;0.183;0.1852;622423.4
20260402 000000;0.1852;0.1986;0.1736;0.1975;523086.42
20260403 000000;0.1975;0.2067;0.1849;0.1865;455609.23
20260404 000000;0.1865;0.215;0.1863;0.2035;612679.42
20260405 000000;0.2035;0.21;0.195;0.2014;600077.84
20260406 000000;0.2014;0.2029;0.1873;0.194;458517.86
20260407 000000;0.194;0.2119;0.1888;0.2108;455115.39
20260408 000000;0.2108;0.2113;0.2027;0.2063;469719.11
20260409 000000;0.2063;0.222;0.2022;0.2025;734681.06
20260410 000000;0.2025;0.2096;0.1957;0.2087;494490.79
20260411 000000;0.2087;0.2618;0.2086;0.2616;1272673.66
20260412 000000;0.2616;0.2641;0.2247;0.2299;618414.18
20260413 000000;0.2299;0.2643;0.2275;0.2386;817906.52
20260414 000000;0.2386;0.2708;0.2367;0.2548;874590.22
20260415 000000;0.2548;0.2772;0.2485;0.257;902428.99
20260416 000000;0.257;0.2596;0.2164;0.2285;930849.31
20260417 000000;0.2285;0.2484;0.2098;0.2315;645309.49
20260418 000000;0.2315;0.24;0.2028;0.205;590425.1
20260419 000000;0.205;0.221;0.2019;0.2088;374602.1
20260420 000000;0.2088;0.3158;0.2087;0.2889;1160405.17
20260421 000000;0.2889;0.4071;0.2831;0.3712;1606888.33
20260422 000000;0.3712;0.3966;0.3084;0.3286;789208.75
20260423 000000;0.3286;0.3606;0.2834;0.2929;934548.53
20260424 000000;0.2929;0.3196;0.285;0.2971;569003.4
20260425 000000;0.2971;0.3169;0.2858;0.314;376223.3
20260426 000000;0.314;0.3182;0.2956;0.3024;312532.01
20260427 000000;0.3024;0.3764;0.2998;0.3674;1003849.12
20260428 000000;0.3674;0.3981;0.328;0.3825;591806
20260429 000000;0.3825;0.3996;0.3368;0.3546;339632.42
20260430 000000;0.3546;0.3761;0.3408;0.3491;299992.23
20260501 000000;0.3491;0.3597;0.3096;0.3225;556215.45
20260502 000000;0.3225;0.3531;0.3123;0.3214;579670.94
20260503 000000;0.3214;0.3535;0.313;0.3373;534182.21
20260504 000000;0.3373;0.3484;0.3109;0.3336;393414.67
20260505 000000;0.3336;0.3382;0.3188;0.3193;299344.15
20260506 000000;0.3193;0.4123;0.3185;0.3331;2671866.17
20260507 000000;0.3331;0.3345;0.2916;0.2922;690677.74
20260508 000000;0.2922;0.301;0.2618;0.2757;1182391.22
20260509 000000;0.2757;0.2848;0.2654;0.2781;536854.36
20260510 000000;0.2781;0.2813;0.2681;0.2753;446776.8
20260511 000000;0.2753;0.3041;0.2623;0.2756;1056883.71
20260512 000000;0.2756;0.2819;0.2568;0.262;448388.79
20260513 000000;0.262;0.2698;0.2376;0.2482;474769.92
20260514 000000;0.2482;0.2592;0.2445;0.2477;416885.01
20260515 000000;0.2477;0.2505;0.2338;0.2411;403601.56
20260516 000000;0.2411;0.2461;0.2232;0.2272;390992.47
20260517 000000;0.2272;0.2334;0.2192;0.2243;323109.1
20260518 000000;0.2243;0.2484;0.223;0.2373;530834.11
20260519 000000;0.2373;0.2413;0.2215;0.2318;434241.47
20260520 000000;0.2318;0.2696;0.2264;0.2667;491763.14
20260521 000000;0.2667;0.2793;0.2471;0.2654;681928.53
20260522 000000;0.2654;0.2776;0.2429;0.2709;621692.01
20260523 000000;0.2709;0.2802;0.2589;0.2724;590871.28
20260524 000000;0.2724;0.3015;0.2645;0.2725;579305.23
20260525 000000;0.2725;0.2931;0.26;0.2604;545467.95
20260526 000000;0.2604;0.2649;0.2322;0.2542;530989.27
20260527 000000;0.2542;0.2666;0.2505;0.2611;312753.27
20260528 000000;0.2611;0.2823;0.2506;0.273;468704.76
20260529 000000;0.273;0.2858;0.2602;0.2741;467474.12
20260530 000000;0.2741;0.2964;0.2636;0.2742;417067.12
20260531 000000;0.2742;0.2882;0.266;0.2681;365948.82
20260601 000000;0.2681;0.2791;0.2524;0.2739;360285.56
20260602 000000;0.2739;0.285;0.2599;0.2636;468051.58
20260603 000000;0.2636;0.2931;0.2634;0.2843;353386.41
20260604 000000;0.2843;0.2904;0.2366;0.2424;413589.38
20260605 000000;0.2424;0.2865;0.2364;0.2592;1069862.55
20260606 000000;0.2592;0.2764;0.2495;0.2734;435482.53
20260607 000000;0.2734;0.2927;0.2658;0.2899;557297.3
20260608 000000;0.2899;0.2928;0.2678;0.2791;461110.05
20260609 000000;0.2791;0.297;0.2671;0.2911;418840.38
20260610 000000;0.2911;0.3775;0.289;0.3752;1884196.82
20260611 000000;0.3752;0.3812;0.3025;0.3423;997343.91
20260612 000000;0.3423;0.3641;0.276;0.2781;886957.74
20260613 000000;0.2781;0.2904;0.2622;0.2652;713976.19
20260614 000000;0.2652;0.3031;0.265;0.2999;583975.76
20260615 000000;0.2999;0.4;0.2985;0.327;2114445.67
20260616 000000;0.327;0.3498;0.2833;0.3146;968266.71
20260617 000000;0.3146;0.3188;0.2835;0.302;593051.45
20260618 000000;0.302;0.3268;0.2954;0.3083;586463.41
20260619 000000;0.3083;0.3137;0.2723;0.2747;627930.15
20260620 000000;0.2747;0.285;0.2672;0.2799;448656.18
