20230622 000000;0.6276;0.6638;0.593;0.6326;247194.01
20230623 000000;0.6326;0.72;0.6138;0.6774;838658.96
20230624 000000;0.6774;0.6957;0.6301;0.6414;296506.19
20230625 000000;0.6414;0.7048;0.6378;0.677;207138.93
20230626 000000;0.677;0.7055;0.6375;0.6619;308955.16
20230627 000000;0.6619;0.6662;0.6487;0.6552;100384.46
20230628 000000;0.6552;0.6554;0.5652;0.6002;125670.52
20230629 000000;0.6002;0.6267;0.5983;0.6153;97867.15
20230630 000000;0.6153;0.645;0.57;0.6284;198072.66
20230701 000000;0.6284;0.669;0.6278;0.6508;549398.94
20230702 000000;0.6508;0.6513;0.627;0.6443;162936.46
20230703 000000;0.6443;0.6652;0.6423;0.6632;346224.36
20230704 000000;0.6632;0.6632;0.6268;0.6428;77288.61
20230705 000000;0.6428;0.6524;0.6024;0.6084;419945.24
20230706 000000;0.6084;0.6207;0.577;0.5783;109466.22
20230707 000000;0.5783;0.5954;0.5703;0.5885;192445.56
20230708 000000;0.5885;0.6038;0.577;0.593;127127.92
20230709 000000;0.593;0.5998;0.58;0.5845;51170.56
20230710 000000;0.5845;0.6043;0.56;0.5896;292313.76
20230711 000000;0.5896;0.6065;0.5821;0.5911;187383.52
20230712 000000;0.5911;0.5978;0.5728;0.5839;77878.68
20230713 000000;0.5839;0.6203;0.5755;0.6197;109975.59
20230714 000000;0.6197;0.65;0.58;0.6051;128073.91
20230715 000000;0.6051;0.6504;0.5957;0.6383;418896.02
20230716 000000;0.6383;0.6533;0.6087;0.6314;275772.41
20230717 000000;0.6314;0.7356;0.6284;0.6537;967765.36
20230718 000000;0.6537;0.6661;0.6152;0.6328;253257.83
20230719 000000;0.6328;0.6909;0.6303;0.642;329385.38
20230720 000000;0.642;0.6603;0.6278;0.6359;337108.13
20230721 000000;0.6359;0.682;0.6283;0.6697;614678.76
20230722 000000;0.6697;0.7136;0.6677;0.6874;483844.59
20230723 000000;0.6874;0.7123;0.6536;0.6657;305016.22
20230724 000000;0.6657;0.6705;0.5785;0.6189;247096.8
20230725 000000;0.6189;0.625;0.6;0.6075;208260.19
20230726 000000;0.6075;0.613;0.59;0.6045;174234.65
20230727 000000;0.6045;0.6157;0.5956;0.6043;179260.43
20230728 000000;0.6043;0.612;0.597;0.6082;169635.34
20230729 000000;0.6082;0.6121;0.6043;0.6099;128713.63
20230730 000000;0.6099;0.6165;0.5744;0.5907;135067.3
20230731 000000;0.5907;0.5967;0.57;0.582;84673.31
20230801 000000;0.582;0.5843;0.5472;0.582;105714
20230802 000000;0.582;0.5842;0.5632;0.5672;86024.38
20230803 000000;0.5672;0.5727;0.5542;0.5556;136081.01
20230804 000000;0.5556;0.5672;0.546;0.5593;80845.75
20230805 000000;0.5593;0.5642;0.5506;0.5603;200315.03
20230806 000000;0.5603;0.5766;0.5562;0.5671;138641.85
20230807 000000;0.5671;0.5738;0.5353;0.5607;128128.75
20230808 000000;0.5607;0.57;0.5553;0.5633;82521.49
20230809 000000;0.5633;0.5679;0.5573;0.5658;107391.73
20230810 000000;0.5658;0.5662;0.5577;0.5608;77071.31
20230811 000000;0.5608;0.566;0.556;0.56;59284.63
20230812 000000;0.56;0.5702;0.5588;0.5629;115862.51
20230813 000000;0.5629;0.5679;0.5572;0.5602;103282.65
20230814 000000;0.5602;0.5672;0.5539;0.5639;104759.85
20230815 000000;0.5639;0.5645;0.443;0.4989;431536.8
20230816 000000;0.4989;0.5012;0.4563;0.475;195865.66
20230817 000000;0.475;0.4878;0.3599;0.4213;399023.47
20230818 000000;0.4213;0.4319;0.4153;0.4291;176886.57
20230819 000000;0.4291;0.45;0.4287;0.4476;177040.93
20230820 000000;0.4476;0.4498;0.4387;0.4447;68507.9
20230821 000000;0.4447;0.4453;0.4185;0.435;145097.19
20230822 000000;0.435;0.4377;0.4083;0.4266;93616.52
20230823 000000;0.4266;0.4405;0.42;0.4357;182701.37
20230824 000000;0.4357;0.4362;0.4131;0.4199;88490.4
20230825 000000;0.4199;0.4259;0.4098;0.421;63674.42
20230826 000000;0.421;0.421;0.4131;0.414;55187.82
20230827 000000;0.414;0.4177;0.411;0.4166;80504.77
20230828 000000;0.4166;0.4181;0.4049;0.4141;73752.58
20230829 000000;0.4141;0.4382;0.4045;0.4338;107777.11
20230830 000000;0.4338;0.4358;0.4194;0.4238;65284.08
20230831 000000;0.4238;0.4245;0.3937;0.4028;71245.75
20230901 000000;0.4028;0.4071;0.3885;0.3948;97851.93
20230902 000000;0.3948;0.4037;0.3921;0.4009;56079.55
20230903 000000;0.4009;0.4022;0.3891;0.3938;81156.75
20230904 000000;0.3938;0.4771;0.3911;0.4355;765869.42
20230905 000000;0.4355;0.4491;0.4075;0.4146;759460.93
20230906 000000;0.4146;0.4194;0.4;0.41;98392.5
20230907 000000;0.41;0.4152;0.4056;0.412;166417.73
20230908 000000;0.412;0.4558;0.4081;0.4299;191104.91
20230909 000000;0.4299;0.4353;0.418;0.4295;133899.74
20230910 000000;0.4295;0.4389;0.39;0.4066;202654.95
20230911 000000;0.4066;0.4094;0.3774;0.3879;100207.52
20230912 000000;0.3879;0.403;0.387;0.3908;220030.27
20230913 000000;0.3908;0.3984;0.3849;0.3914;135076.56
20230914 000000;0.3914;0.3993;0.389;0.3943;98035.2
20230915 000000;0.3943;0.4029;0.3881;0.4011;230399.41
20230916 000000;0.4011;0.4095;0.3965;0.3993;135853.97
20230917 000000;0.3993;0.3996;0.3842;0.3882;98168.6
20230918 000000;0.3882;0.4065;0.3843;0.3904;119716.44
20230919 000000;0.3904;0.3944;0.3877;0.392;86652.15
20230920 000000;0.392;0.394;0.386;0.3904;85964.9
20230921 000000;0.3904;0.3971;0.3777;0.3926;155446.15
20230922 000000;0.3926;0.408;0.3881;0.3915;155929.31
20230923 000000;0.3915;0.3982;0.3867;0.3948;142531.78
20230924 000000;0.3948;0.4292;0.3918;0.4053;449431.4
20230925 000000;0.4053;0.4238;0.4009;0.4117;183681.56
20230926 000000;0.4117;0.459;0.4114;0.447;255324.27
20230927 000000;0.447;0.5722;0.4293;0.5532;920268.57
20230928 000000;0.5532;0.5954;0.5003;0.5296;817725.66
20230929 000000;0.5296;0.5304;0.4731;0.4922;413602.37
20230930 000000;0.4922;0.5112;0.4785;0.4806;472763.45
20231001 000000;0.4806;0.4983;0.4758;0.4954;258699.54
20231002 000000;0.4954;0.5219;0.4529;0.4686;606122.69
20231003 000000;0.4686;0.4726;0.45;0.4526;169719.65
20231004 000000;0.4526;0.4526;0.415;0.4407;162025.84
20231005 000000;0.4407;0.4447;0.4262;0.4288;165238.3
20231006 000000;0.4288;0.4587;0.4268;0.4407;144758.46
20231007 000000;0.4407;0.4439;0.4307;0.4371;81676.2
20231008 000000;0.4371;0.4391;0.422;0.4242;94191.54
20231009 000000;0.4242;0.4274;0.3934;0.4047;216838.24
20231010 000000;0.4047;0.4155;0.3955;0.4058;192956.42
20231011 000000;0.4058;0.4118;0.394;0.404;110564.6
20231012 000000;0.404;0.405;0.3952;0.4028;97363.85
20231013 000000;0.4028;0.4103;0.3996;0.4042;121775.25
20231014 000000;0.4042;0.4077;0.4019;0.4023;110868.59
20231015 000000;0.4023;0.419;0.3996;0.4102;132270.9
20231016 000000;0.4102;0.44;0.4096;0.4298;283415.38
20231017 000000;0.4298;0.4361;0.3949;0.4104;145357.17
20231018 000000;0.4104;0.4142;0.4005;0.4053;206412.91
20231019 000000;0.4053;0.4058;0.3868;0.3928;311709.42
20231020 000000;0.3928;0.4167;0.3882;0.4046;189464.68
20231021 000000;0.4046;0.4228;0.402;0.4152;222435.58
20231022 000000;0.4152;0.4181;0.4009;0.4156;161810.03
20231023 000000;0.4156;0.4326;0.4091;0.4315;464570.4
20231024 000000;0.4315;0.4547;0.4207;0.4413;554361.57
20231025 000000;0.4413;0.4782;0.4272;0.4572;494679.99
20231026 000000;0.4572;0.467;0.4272;0.451;562153.58
20231027 000000;0.451;0.4601;0.4349;0.4413;424408.28
20231028 000000;0.4413;0.4942;0.4409;0.4735;709442.63
20231029 000000;0.4735;0.4791;0.4563;0.47;345023.05
20231030 000000;0.47;0.4922;0.4665;0.4779;311161.74
20231031 000000;0.4779;0.4864;0.44;0.4555;406932.19
20231101 000000;0.4555;0.4682;0.4335;0.463;372519.05
20231102 000000;0.463;0.4713;0.438;0.4501;324604.42
20231103 000000;0.4501;0.4503;0.4257;0.4445;176230.98
20231104 000000;0.4445;0.4533;0.4387;0.4488;169705.38
20231105 000000;0.4488;0.4676;0.4435;0.4561;193539.94
20231106 000000;0.4561;0.483;0.4491;0.4778;381668.36
20231107 000000;0.4778;0.4816;0.4475;0.4659;301181.2
20231108 000000;0.4659;0.4912;0.4602;0.4815;274557.78
20231109 000000;0.4815;0.5426;0.4091;0.4823;939120.06
20231110 000000;0.4823;0.875;0.4811;0.8438;4612288.15
20231111 000000;0.8438;0.8833;0.6449;0.7254;3063612.78
20231112 000000;0.7254;0.8635;0.6488;0.7938;2236105.32
20231113 000000;0.7938;0.8545;0.7046;0.7206;1740523.03
20231114 000000;0.7206;0.7549;0.675;0.7053;1075518.01
20231115 000000;0.7053;0.7945;0.7043;0.7463;1405361.56
20231116 000000;0.7463;0.795;0.6781;0.6887;944803.87
20231117 000000;0.6887;0.7172;0.6193;0.6534;646228.67
20231118 000000;0.6534;0.681;0.595;0.6434;599236.63
20231119 000000;0.6434;0.6619;0.6267;0.6524;790557.38
20231120 000000;0.6524;0.6628;0.6158;0.6226;420236.71
20231121 000000;0.6226;0.6336;0.558;0.5614;549625.78
20231122 000000;0.5614;0.6565;0.5612;0.6331;1237228.38
20231123 000000;0.6331;0.6669;0.6215;0.631;588908.99
20231124 000000;0.631;0.665;0.6261;0.6316;696080.21
20231125 000000;0.6316;0.685;0.6277;0.6676;861393.02
20231126 000000;0.6676;0.8367;0.6559;0.7803;2647064.83
20231127 000000;0.7803;0.9318;0.7113;0.7411;4129548.09
20231128 000000;0.7411;0.7982;0.6857;0.763;1603079.02
20231129 000000;0.763;0.816;0.7483;0.7509;1745811.81
20231130 000000;0.7509;0.7818;0.7252;0.7349;612585.47
20231201 000000;0.7349;0.8094;0.7299;0.7959;1061691.52
20231202 000000;0.7959;0.8282;0.7869;0.8061;940112.65
20231203 000000;0.8061;0.899;0.7981;0.8941;2433576.76
20231204 000000;0.8941;1.2607;0.8856;1.2607;6231169.68
20231205 000000;1.2607;1.2819;1.0657;1.1573;2201439.22
20231206 000000;1.1573;1.1805;1.0089;1.0368;1026109.26
20231207 000000;1.0368;1.086;0.9826;0.9951;678005.18
20231208 000000;0.9951;1.0743;0.9947;1.0354;529380.15
20231209 000000;1.0354;1.061;0.95;0.9599;503636.71
20231210 000000;0.9599;1.1809;0.9505;1.0923;2090557.34
20231211 000000;1.0923;1.1312;0.905;0.9607;1133753.21
20231212 000000;0.9607;0.9984;0.93;0.9749;672246.22
20231213 000000;0.9749;1.026;0.9218;1.0006;985499.39
20231214 000000;1.0006;1.0298;0.93;1.0077;1321379.95
20231215 000000;1.0077;1.0293;0.9309;0.9365;938511.2
20231216 000000;0.9365;1.0339;0.92;0.9661;1124247.75
20231217 000000;0.9661;0.986;0.9332;0.9398;557790.29
20231218 000000;0.9398;0.9516;0.837;0.9058;505979.1
20231219 000000;0.9058;1.0303;0.8993;0.954;1822063.09
20231220 000000;0.954;0.9841;0.9344;0.9437;633981.58
20231221 000000;0.9437;0.9712;0.9326;0.9632;646457.17
20231222 000000;0.9632;1.0353;0.9377;1.0004;2044268.66
20231223 000000;1.0004;1.0068;0.954;0.98;454239
20231224 000000;0.98;0.9988;0.9378;0.9454;343071.86
20231225 000000;0.9454;0.9891;0.9375;0.9691;386776.82
20231226 000000;0.9691;0.9965;0.8235;0.9037;371251.77
20231227 000000;0.9037;0.9299;0.87;0.9179;382691.68
20231228 000000;0.9179;0.932;0.85;0.8663;654707.36
20231229 000000;0.8663;0.94;0.8321;0.8538;460436.78
20231230 000000;0.8538;0.8725;0.8325;0.8602;182739.39
20231231 000000;0.8602;0.905;0.7905;0.8268;303106.8
