20250101 000000;0.4148;0.4337;0.4083;0.4305;628290.73
20250102 000000;0.4305;0.455;0.4305;0.4523;1202160.89
20250103 000000;0.4523;0.4792;0.4449;0.4693;1480742.47
20250104 000000;0.4693;0.4775;0.4585;0.4662;813948.35
20250105 000000;0.4662;0.5469;0.4547;0.5128;2630921.52
20250106 000000;0.5128;0.5128;0.4877;0.4976;1715776.01
20250107 000000;0.4976;0.5232;0.4529;0.454;2271831.26
20250108 000000;0.454;0.4657;0.4091;0.4253;1149299.09
20250109 000000;0.4253;0.433;0.3982;0.4094;1063769.99
20250110 000000;0.4094;0.4244;0.4044;0.4196;637590.81
20250111 000000;0.4196;0.4241;0.4098;0.4154;322344.53
20250112 000000;0.4154;0.4175;0.402;0.4078;242339.11
20250113 000000;0.4078;0.4174;0.3627;0.3907;519129.9
20250114 000000;0.3907;0.4076;0.3888;0.4049;255226.19
20250115 000000;0.4049;0.433;0.3931;0.4322;543673.88
20250116 000000;0.4322;0.4322;0.4076;0.4154;427477.51
20250117 000000;0.4154;0.4447;0.4154;0.4398;426272
20250118 000000;0.4398;0.4455;0.3949;0.4033;576540.17
20250119 000000;0.4033;0.4146;0.3427;0.3515;874742.5
20250120 000000;0.3515;0.3793;0.3346;0.3469;1132954.61
20250121 000000;0.3469;0.3671;0.3331;0.358;719132.7
20250122 000000;0.358;0.3639;0.3455;0.3485;794303.02
20250123 000000;0.3485;0.3557;0.3357;0.3461;399564.06
20250124 000000;0.3461;0.3546;0.3349;0.3378;385478.83
20250125 000000;0.3378;0.3448;0.3316;0.3414;421850.52
20250126 000000;0.3414;0.3499;0.332;0.333;701132.84
20250127 000000;0.333;0.3332;0.3;0.3237;802290.59
20250128 000000;0.3237;0.3292;0.2993;0.3019;436869.91
20250129 000000;0.3019;0.3231;0.3009;0.3112;418419.73
20250130 000000;0.3112;0.3289;0.3086;0.3246;462699.04
20250131 000000;0.3246;0.3422;0.3189;0.3269;499798.4
20250201 000000;0.3269;0.3308;0.2919;0.2944;504395.62
20250202 000000;0.2944;0.3018;0.2428;0.2598;872754.66
20250203 000000;0.2598;0.2636;0.177;0.2591;2358742.08
20250204 000000;0.2591;0.2607;0.233;0.241;1084034.28
20250205 000000;0.241;0.2914;0.2377;0.25;2802986.03
20250206 000000;0.25;0.2641;0.2341;0.2366;3542081.8
20250207 000000;0.2366;0.2567;0.2333;0.2415;899890.52
20250208 000000;0.2415;0.2576;0.2384;0.2557;754613.62
20250209 000000;0.2557;0.2643;0.24;0.2529;937198.5
20250210 000000;0.2529;0.2772;0.2453;0.2654;2152060.36
20250211 000000;0.2654;0.2729;0.2544;0.2628;1200845.83
20250212 000000;0.2628;0.2807;0.2543;0.2781;1806665.2
20250213 000000;0.2781;0.2818;0.2595;0.2649;984092.48
20250214 000000;0.2649;0.2763;0.2634;0.2702;792500.64
20250215 000000;0.2702;0.2738;0.2608;0.2649;745923.61
20250216 000000;0.2649;0.28;0.2613;0.265;1543385.76
20250217 000000;0.265;0.2743;0.2548;0.264;964514.18
20250218 000000;0.264;0.2648;0.2352;0.2471;1433368.94
20250219 000000;0.2471;0.2548;0.2431;0.2534;504116.03
20250220 000000;0.2534;0.2595;0.2523;0.2579;568331.03
20250221 000000;0.2579;0.2692;0.2432;0.2472;530764.85
20250222 000000;0.2472;0.2583;0.2462;0.2568;503381.51
20250223 000000;0.2568;0.2597;0.2474;0.2513;513596.48
20250224 000000;0.2513;0.2528;0.2109;0.2186;789077.97
20250225 000000;0.2186;0.2293;0.203;0.2267;799309.57
20250226 000000;0.2267;0.2328;0.2195;0.2294;636708.25
20250227 000000;0.2294;0.2369;0.2242;0.2296;493129.9
20250228 000000;0.2296;0.2311;0.211;0.2296;487145.31
20250301 000000;0.2296;0.2321;0.2193;0.2256;412690.82
20250302 000000;0.2256;0.249;0.2215;0.248;719927.73
20250303 000000;0.248;0.2484;0.2084;0.2118;758566
20250304 000000;0.2118;0.2128;0.1927;0.2079;764303.6
20250305 000000;0.2079;0.2164;0.2036;0.2147;8842359.6
20250306 000000;0.2147;0.2203;0.2048;0.2073;9288762.05
20250307 000000;0.2073;0.2158;0.197;0.2058;12034535.28
20250308 000000;0.2058;0.2061;0.1969;0.1993;7028696.47
20250309 000000;0.1993;0.2015;0.175;0.1802;13625317.89
20250310 000000;0.1802;0.1921;0.1661;0.173;15141237.06
20250311 000000;0.173;0.1876;0.1595;0.1824;17628315.07
20250312 000000;0.1824;0.201;0.1804;0.193;15987911
20250313 000000;0.193;0.197;0.1858;0.1908;9005266.84
20250314 000000;0.1908;0.2038;0.1896;0.1999;7424949.83
20250315 000000;0.1999;0.2219;0.1976;0.2156;13156188.82
20250316 000000;0.2156;0.2199;0.2037;0.2082;12046696.11
20250317 000000;0.2082;0.2487;0.2078;0.2356;18573636.88
20250318 000000;0.2356;0.2445;0.1982;0.2076;31339161.95
20250319 000000;0.2076;0.2119;0.2028;0.2111;11282660.21
20250320 000000;0.2111;0.2126;0.2003;0.2041;6965572.28
20250321 000000;0.2041;0.2119;0.1991;0.2032;7867017.93
20250322 000000;0.2032;0.219;0.202;0.2046;8038616.14
20250323 000000;0.2046;0.2134;0.2034;0.2092;6831180.52
20250324 000000;0.2092;0.2179;0.2053;0.2152;6984717.29
20250325 000000;0.2152;0.2172;0.2104;0.2151;4794501.02
20250326 000000;0.2151;0.2218;0.2081;0.2133;7149585.28
20250327 000000;0.2133;0.2169;0.2075;0.2106;3781088.71
20250328 000000;0.2106;0.2116;0.1879;0.1922;8061357.65
20250329 000000;0.1922;0.1943;0.1817;0.1861;4813332.43
20250330 000000;0.1861;0.1942;0.1833;0.1876;5051591.75
20250331 000000;0.1876;0.1888;0.1804;0.1852;5282698.37
20250401 000000;0.1852;0.1929;0.1846;0.1867;4736880.44
20250402 000000;0.1867;0.1898;0.17;0.1747;8738055.32
20250403 000000;0.1747;0.1806;0.1524;0.1692;11901808.82
20250404 000000;0.1692;0.1726;0.1642;0.1697;4578299.27
20250405 000000;0.1697;0.1711;0.1634;0.1669;3432372.42
20250406 000000;0.1669;0.1682;0.1467;0.1512;7449585.17
20250407 000000;0.1512;0.1588;0.1354;0.1521;13734340.2
20250408 000000;0.1521;0.158;0.1433;0.1444;7614894.87
20250409 000000;0.1444;0.1622;0.1392;0.1605;8530868.17
20250410 000000;0.1605;0.1625;0.1535;0.1571;7432326.47
20250411 000000;0.1571;0.1646;0.1569;0.1627;4576436.77
20250412 000000;0.1627;0.1695;0.1612;0.1674;5020846.75
20250413 000000;0.1674;0.1684;0.1544;0.1571;6707491.31
20250414 000000;0.1571;0.1631;0.1564;0.1589;5368543.85
20250415 000000;0.1589;0.1603;0.1537;0.1549;4711609.79
20250416 000000;0.1549;0.1573;0.1504;0.1539;4592853.47
20250417 000000;0.1539;0.1571;0.1523;0.1549;3423552.54
20250418 000000;0.1549;0.1629;0.1546;0.1612;5864078.05
20250419 000000;0.1612;0.1734;0.1609;0.1678;7331969.42
20250420 000000;0.1678;0.1725;0.1628;0.1689;5368154.53
20250421 000000;0.1689;0.1734;0.1654;0.1665;6270630.49
20250422 000000;0.1665;0.1758;0.162;0.1747;7051439.75
20250423 000000;0.1747;0.203;0.1704;0.1851;23505804.18
20250424 000000;0.1851;0.1909;0.1774;0.1858;17984120.41
20250425 000000;0.1858;0.1904;0.1835;0.1877;9094409.52
20250426 000000;0.1877;0.1992;0.1865;0.193;12172709.76
20250427 000000;0.193;0.1937;0.1799;0.1828;6943443.88
20250428 000000;0.1828;0.1891;0.1777;0.1863;5479708.96
20250429 000000;0.1863;0.1896;0.1796;0.1821;4099495.41
20250430 000000;0.1821;0.1873;0.1757;0.1824;5570770.41
20250501 000000;0.1824;0.1872;0.1824;0.1846;4564941.78
20250502 000000;0.1846;0.193;0.18;0.1857;12074608.05
20250503 000000;0.1857;0.186;0.1672;0.1714;6188559.99
20250504 000000;0.1714;0.1724;0.1667;0.17;5388656.12
20250505 000000;0.17;0.1738;0.1636;0.1673;5899091.68
20250506 000000;0.1673;0.1682;0.1561;0.1637;5791783.7
20250507 000000;0.1637;0.1676;0.1614;0.1665;6235814.27
20250508 000000;0.1665;0.1888;0.1659;0.1888;10262863.24
20250509 000000;0.1888;0.2019;0.1868;0.2009;14469445.6
20250510 000000;0.2009;0.2492;0.2009;0.2263;35860139.14
20250511 000000;0.2263;0.2275;0.2126;0.218;10861764.16
20250512 000000;0.218;0.2288;0.2023;0.2139;14308349.18
20250513 000000;0.2139;0.2247;0.1978;0.2216;10708448.91
20250514 000000;0.2216;0.2276;0.2114;0.2137;10700050.48
20250515 000000;0.2137;0.2173;0.1927;0.197;10675369.14
20250516 000000;0.197;0.2032;0.1917;0.1932;5437116.87
20250517 000000;0.1932;0.1943;0.1846;0.1877;5823531.73
20250518 000000;0.1877;0.204;0.1842;0.1983;7096847.43
20250519 000000;0.1983;0.1996;0.1818;0.192;6925778.05
20250520 000000;0.192;0.1962;0.1855;0.1925;4995815.46
20250521 000000;0.1925;0.2013;0.1899;0.1957;8274395.9
20250522 000000;0.1957;0.2149;0.1946;0.2072;10934304.09
20250523 000000;0.2072;0.213;0.1864;0.1879;10498800.39
20250524 000000;0.1879;0.1948;0.1856;0.1891;5113788.19
20250525 000000;0.1891;0.1906;0.1813;0.19;4326448.74
20250526 000000;0.19;0.1938;0.1869;0.1896;4281694.99
20250527 000000;0.1896;0.1992;0.1842;0.1934;5892195.73
20250528 000000;0.1934;0.1972;0.1883;0.1944;6149529.54
20250529 000000;0.1944;0.1986;0.1853;0.1864;5181009.34
20250530 000000;0.1864;0.1878;0.1624;0.1652;12271470.68
20250531 000000;0.1652;0.1763;0.1576;0.1711;9948545.09
20250601 000000;0.1711;0.1751;0.1669;0.1723;5108855.97
20250602 000000;0.1723;0.1771;0.1677;0.1767;4933290.98
20250603 000000;0.1767;0.1793;0.1733;0.1747;4293274.23
20250604 000000;0.1747;0.1774;0.1694;0.1708;2747153.44
20250605 000000;0.1708;0.1737;0.1559;0.1595;5689333.32
20250606 000000;0.1595;0.1673;0.158;0.1624;3034176.44
20250607 000000;0.1624;0.1674;0.1611;0.1662;2943970.11
20250608 000000;0.1662;0.1696;0.1652;0.1669;4308944.81
20250609 000000;0.1669;0.1784;0.1635;0.1777;5585861.35
20250610 000000;0.1777;0.1824;0.1746;0.1809;6694610.58
20250611 000000;0.1809;0.1849;0.1737;0.1759;5575514.14
20250612 000000;0.1759;0.1765;0.1631;0.1642;5064149.34
20250613 000000;0.1642;0.1643;0.1522;0.1624;7832823.84
20250614 000000;0.1624;0.1711;0.158;0.1618;10151370.44
20250615 000000;0.1618;0.1647;0.1592;0.163;4914435.02
20250616 000000;0.163;0.1689;0.1608;0.162;5474658.5
20250617 000000;0.162;0.1647;0.1541;0.1584;6033034.31
20250618 000000;0.1584;0.1608;0.1511;0.1583;4334201.99
20250619 000000;0.1583;0.1601;0.1535;0.1566;2540427.58
20250620 000000;0.1566;0.1595;0.1464;0.1493;7464366.05
20250621 000000;0.1493;0.152;0.1387;0.1417;9608407.67
20250622 000000;0.1417;0.1439;0.1256;0.1338;9533569.21
20250623 000000;0.1338;0.1471;0.1332;0.1468;6052209.74
20250624 000000;0.1468;0.1513;0.1451;0.1493;6543025.41
20250625 000000;0.1493;0.151;0.1451;0.1466;5545185.94
20250626 000000;0.1466;0.1503;0.1423;0.1436;6924548.68
20250627 000000;0.1436;0.1469;0.1409;0.1451;4628836.02
20250628 000000;0.1451;0.1487;0.1436;0.1483;1736032.56
20250629 000000;0.1483;0.1553;0.1459;0.1535;4276153.31
20250630 000000;0.1535;0.1552;0.1469;0.1475;4870667.02
20250701 000000;0.1475;0.1483;0.1388;0.1408;5261692.42
20250702 000000;0.1408;0.1556;0.139;0.1523;8005363.83
20250703 000000;0.1523;0.1577;0.1504;0.1539;6583740.58
20250704 000000;0.1539;0.1542;0.1447;0.1465;4480138.61
20250705 000000;0.1465;0.1529;0.1465;0.15;8596153.79
20250706 000000;0.15;0.1585;0.1472;0.1527;8618315.07
20250707 000000;0.1527;0.1534;0.1464;0.1483;6725614.91
20250708 000000;0.1483;0.1571;0.1456;0.1514;5356658.29
20250709 000000;0.1514;0.1576;0.145;0.1569;7867229.77
20250710 000000;0.1569;0.1675;0.1552;0.1666;9498029.8
20250711 000000;0.1666;0.1879;0.163;0.1689;22867471.82
20250712 000000;0.1689;0.1726;0.1625;0.1673;6943956.55
20250713 000000;0.1673;0.1735;0.1667;0.1705;7938361.86
20250714 000000;0.1705;0.1766;0.1666;0.1701;9555547.2
20250715 000000;0.1701;0.1731;0.1633;0.1728;7188280.75
20250716 000000;0.1728;0.1795;0.1695;0.1758;7472660.49
20250717 000000;0.1758;0.178;0.171;0.175;8578244.89
20250718 000000;0.175;0.1894;0.1737;0.1791;20968379.12
20250719 000000;0.1791;0.1819;0.172;0.1795;8823732.75
20250720 000000;0.1795;0.1878;0.1778;0.1837;11160399.75
20250721 000000;0.1837;0.1986;0.1805;0.1907;17599639.73
20250722 000000;0.1907;0.1914;0.1738;0.188;11399166.79
20250723 000000;0.188;0.1886;0.1637;0.1704;15245933.68
20250724 000000;0.1704;0.1741;0.1581;0.1666;11556672.94
20250725 000000;0.1666;0.1715;0.1616;0.1714;10132778.78
20250726 000000;0.1714;0.1751;0.1704;0.1724;4821876.02
20250727 000000;0.1724;0.1778;0.1716;0.1766;7356986.59
20250728 000000;0.1766;0.1791;0.1635;0.1652;9819112.65
20250729 000000;0.1652;0.1696;0.1601;0.1637;7569032.17
20250730 000000;0.1637;0.1641;0.1503;0.1612;7522280.85
20250731 000000;0.1612;0.1648;0.1541;0.1546;6550348.88
20250801 000000;0.1546;0.1553;0.1475;0.1509;8010153.56
20250802 000000;0.1509;0.1533;0.1442;0.1478;4905333.73
20250803 000000;0.1478;0.1564;0.1462;0.1531;5591253.86
20250804 000000;0.1531;0.1584;0.1531;0.1578;5229519.06
20250805 000000;0.1578;0.1584;0.1477;0.1506;5653817.34
20250806 000000;0.1506;0.1559;0.1474;0.1549;5002881.2
20250807 000000;0.1549;0.1614;0.1529;0.1611;5446144.54
20250808 000000;0.1611;0.1646;0.1591;0.1632;6251510.28
20250809 000000;0.1632;0.1692;0.163;0.1674;5956588.52
20250810 000000;0.1674;0.17;0.1608;0.1649;5307886.06
20250811 000000;0.1649;0.1683;0.1572;0.1588;9081095.46
20250812 000000;0.1588;0.1698;0.1566;0.1647;14001730.15
20250813 000000;0.1647;0.1695;0.1631;0.1682;7284695
20250814 000000;0.1682;0.1706;0.1504;0.1529;10178157.05
20250815 000000;0.1529;0.156;0.1484;0.154;8902626.79
20250816 000000;0.154;0.1628;0.1536;0.1606;12920711.56
20250817 000000;0.1606;0.1623;0.1573;0.1581;4736908.95
20250818 000000;0.1581;0.1583;0.1501;0.1536;6464380.19
20250819 000000;0.1536;0.1573;0.1488;0.1496;6108728.85
20250820 000000;0.1496;0.1567;0.1488;0.1558;5255585.74
20250821 000000;0.1558;0.1568;0.151;0.1522;4166090.93
20250822 000000;0.1522;0.1646;0.1482;0.1634;8363540.97
20250823 000000;0.1634;0.1703;0.1589;0.1634;8129132.91
20250824 000000;0.1634;0.164;0.1553;0.1578;5750544.66
20250825 000000;0.1578;0.1593;0.1376;0.144;9932474.56
20250826 000000;0.144;0.1512;0.1423;0.1497;5159373.15
20250827 000000;0.1497;0.1516;0.1471;0.1491;5323295.55
20250828 000000;0.1491;0.1546;0.1479;0.1533;5063085.49
20250829 000000;0.1533;0.1542;0.1432;0.1462;7450621.88
20250830 000000;0.1462;0.1487;0.1437;0.1483;2344747.34
20250831 000000;0.1483;0.1535;0.1471;0.1472;4056843.14
20250901 000000;0.1472;0.1506;0.1387;0.1439;5289289.89
20250902 000000;0.1439;0.1545;0.1429;0.1477;2935589.97
20250903 000000;0.1477;0.1489;0.1456;0.1481;3159467.17
20250904 000000;0.1481;0.1486;0.1425;0.1441;2946544.01
20250905 000000;0.1441;0.149;0.1439;0.1469;3912863.88
20250906 000000;0.1469;0.1477;0.1447;0.1469;2577285.85
20250907 000000;0.1469;0.1493;0.1465;0.1484;2971746.18
20250908 000000;0.1484;0.1523;0.1476;0.1508;6000346.77
20250909 000000;0.1508;0.1599;0.1491;0.1533;9483928.26
20250910 000000;0.1533;0.1556;0.1492;0.1531;7679942.81
20250911 000000;0.1531;0.1552;0.1508;0.1544;5015676.33
20250912 000000;0.1544;0.1575;0.1518;0.1572;6146163.09
20250913 000000;0.1572;0.1617;0.1557;0.1594;6480803.81
20250914 000000;0.1594;0.1597;0.1511;0.1527;5360600.03
20250915 000000;0.1527;0.1546;0.1451;0.1483;6200363.3
20250916 000000;0.1483;0.1508;0.1449;0.1501;3324474.9
20250917 000000;0.1501;0.1539;0.138;0.1522;5377599.49
20250918 000000;0.1522;0.1725;0.1522;0.1628;21496754.82
20250919 000000;0.1628;0.1654;0.1527;0.1544;12305891.29
20250920 000000;0.1544;0.1586;0.1529;0.1558;4026704.94
20250921 000000;0.1558;0.1589;0.1533;0.1545;4158368.1
20250922 000000;0.1545;0.1551;0.1197;0.1393;16293141.5
20250923 000000;0.1393;0.1417;0.1351;0.1401;8045008.79
20250924 000000;0.1401;0.1451;0.1379;0.1409;9479155.42
20250925 000000;0.1409;0.1418;0.1292;0.1322;11197560.74
20250926 000000;0.1322;0.1397;0.1314;0.1389;7315146.76
20250927 000000;0.1389;0.142;0.1375;0.139;5288689.16
20250928 000000;0.139;0.1415;0.1362;0.1414;4285398.84
20250929 000000;0.1414;0.1415;0.1365;0.1393;5454927.46
20250930 000000;0.1393;0.1397;0.1337;0.1377;5214608.23
20251001 000000;0.1377;0.1426;0.1368;0.142;6946130.18
20251002 000000;0.142;0.1461;0.1413;0.1453;7286052.86
20251003 000000;0.1453;0.1462;0.1409;0.1448;6294447.7
20251004 000000;0.1448;0.1454;0.1393;0.1411;4286842.29
20251005 000000;0.1411;0.1453;0.1372;0.1384;6711704.38
20251006 000000;0.1384;0.144;0.1376;0.1417;9096019.91
20251007 000000;0.1417;0.1423;0.1327;0.1341;10827661.81
20251008 000000;0.1341;0.1406;0.1331;0.1379;7117042.07
20251009 000000;0.1379;0.1381;0.1313;0.1347;6384112.91
20251010 000000;0.1347;0.1364;0.0368;0.0894;43620478.86
20251011 000000;0.0894;0.099;0.0843;0.0895;30993489.95
20251012 000000;0.0895;0.1027;0.0881;0.1008;14009750.01
20251013 000000;0.1008;0.1077;0.0992;0.1071;12834314.74
20251014 000000;0.1071;0.1071;0.0952;0.10184;12050054.63
20251015 000000;0.10184;0.10451;0.09833;0.0999;11057579.78
20251016 000000;0.0999;0.10875;0.09458;0.09811;32625693.63
20251017 000000;0.09811;0.09993;0.08932;0.09766;14099190.62
20251018 000000;0.09766;0.10317;0.0969;0.09818;12417106.88
20251019 000000;0.09818;0.10085;0.09632;0.09896;7769032.24
20251020 000000;0.09896;0.10198;0.09736;0.09855;6157617.08
20251021 000000;0.09855;0.11278;0.09543;0.09924;27923454.28
20251022 000000;0.09924;0.10339;0.09318;0.098;12492965.7
20251023 000000;0.098;0.10155;0.09755;0.09921;8055366.57
20251024 000000;0.09921;0.10193;0.09849;0.10066;5343791.62
20251025 000000;0.10066;0.10163;0.09914;0.10025;5182349.58
20251026 000000;0.10025;0.10272;0.09947;0.1019;4424467.1
20251027 000000;0.1019;0.10331;0.09791;0.09846;7036215.84
20251028 000000;0.09846;0.10135;0.09475;0.09664;6441711.53
20251029 000000;0.09664;0.09947;0.09468;0.09657;5463148.65
20251030 000000;0.09657;0.09832;0.0897;0.09225;9374347.39
20251031 000000;0.09225;0.09509;0.09173;0.0934;4899432.56
20251101 000000;0.0934;0.095;0.09161;0.09449;6989237.18
20251102 000000;0.09449;0.09569;0.09045;0.09339;6101934.58
20251103 000000;0.09339;0.09354;0.0785;0.08159;14152962.8
20251104 000000;0.08159;0.08332;0.07385;0.07971;13905404.18
20251105 000000;0.07971;0.08185;0.07594;0.08133;4856906.5
20251106 000000;0.08133;0.08249;0.07787;0.081;7852469.08
20251107 000000;0.081;0.09581;0.08049;0.09129;19498430.33
20251108 000000;0.09129;0.09292;0.0877;0.0902;10082273.4
20251109 000000;0.0902;0.0921;0.0856;0.0903;10607612.23
20251110 000000;0.0903;0.09342;0.08947;0.09178;9752123.63
20251111 000000;0.09178;0.09276;0.08564;0.08592;11465758.43
20251112 000000;0.08592;0.0908;0.08342;0.08542;7506562.85
20251113 000000;0.08542;0.08765;0.07859;0.08143;10417654.58
20251114 000000;0.08143;0.08201;0.07697;0.07896;8511088.63
20251115 000000;0.07896;0.08777;0.07885;0.08086;10499017
20251116 000000;0.08086;0.08188;0.07545;0.07812;6456598.21
20251117 000000;0.07812;0.087;0.07417;0.07663;19064914.91
20251118 000000;0.07663;0.07896;0.07507;0.07808;4616699.28
20251119 000000;0.07808;0.07856;0.07088;0.07488;5504382.01
20251120 000000;0.07488;0.07713;0.07088;0.07252;6106450.12
20251121 000000;0.07252;0.07471;0.065;0.07149;10389507.81
20251122 000000;0.07149;0.089;0.06891;0.07171;12382494.62
20251123 000000;0.07171;0.07926;0.07075;0.07235;15591963.45
20251124 000000;0.07235;0.07494;0.07077;0.07353;6289485.58
20251125 000000;0.07353;0.07409;0.07129;0.07327;3328734.78
20251126 000000;0.07327;0.07506;0.07187;0.0746;3065319.18
20251127 000000;0.0746;0.07709;0.07378;0.07471;4473367.41
20251128 000000;0.07471;0.07557;0.0728;0.07383;3348120.93
20251129 000000;0.07383;0.07697;0.07231;0.07273;4106077.77
20251130 000000;0.07273;0.07432;0.07192;0.07225;3918986.88
20251201 000000;0.07225;0.07233;0.06569;0.0679;6528867.94
20251202 000000;0.0679;0.07418;0.0669;0.07118;6721051.54
20251203 000000;0.07118;0.07352;0.07043;0.07273;3580879.03
20251204 000000;0.07273;0.07446;0.07004;0.07408;7564356.16
20251205 000000;0.07408;0.12628;0.07396;0.10083;122988480.16
20251206 000000;0.10083;0.16286;0.09619;0.13359;121226288.43
20251207 000000;0.13359;0.14634;0.1;0.10062;50490398.36
20251208 000000;0.10062;0.1513;0.09825;0.12898;52413470
20251209 000000;0.12898;0.181;0.12128;0.1569;140204015.86
20251210 000000;0.1569;0.24828;0.13876;0.19637;176820610.31
20251211 000000;0.19637;0.239;0.16663;0.17815;181034223.01
20251212 000000;0.17815;0.21536;0.15655;0.18177;133508277.87
20251213 000000;0.18177;0.20303;0.16922;0.17017;67983266.36
20251214 000000;0.17017;0.17417;0.15211;0.15841;42490285.82
20251215 000000;0.15841;0.16685;0.13527;0.13586;39762971.39
20251216 000000;0.13586;0.13858;0.12323;0.13062;43263160.98
20251217 000000;0.13062;0.13245;0.11436;0.11716;52107844.69
20251218 000000;0.11716;0.12476;0.10506;0.10711;39114155.4
20251219 000000;0.10711;0.11671;0.10473;0.11152;27409754.63
20251220 000000;0.11152;0.11241;0.10468;0.10642;15423483.37
20251221 000000;0.10642;0.12886;0.10115;0.11746;72999524.16
20251222 000000;0.11746;0.12231;0.10908;0.11293;49718857.7
20251223 000000;0.11293;0.11539;0.10614;0.10751;26174081.6
20251224 000000;0.10751;0.10939;0.10419;0.10564;12796333.83
20251225 000000;0.10564;0.10749;0.10261;0.10478;11382533.77
20251226 000000;0.10478;0.10801;0.10072;0.10306;10789623.91
20251227 000000;0.10306;0.10933;0.1025;0.10373;14415951.97
20251228 000000;0.10373;0.10556;0.09821;0.09916;9874843.74
20251229 000000;0.09916;0.10097;0.09333;0.09383;12429836.69
20251230 000000;0.09383;0.09575;0.08855;0.09286;14818380.35
20251231 000000;0.09286;0.11077;0.09025;0.09528;46445730.67
