20230622 000000;0.0000001511;0.0000001708;0.0000001432;0.000000145;422572206126
20230623 000000;0.000000145;0.0000001506;0.0000001432;0.0000001467;450120662691
20230624 000000;0.0000001467;0.000000152;0.0000001443;0.0000001494;445405181095
20230625 000000;0.0000001494;0.0000001553;0.0000001465;0.0000001481;460978064208
20230626 000000;0.0000001481;0.0000001566;0.0000001411;0.0000001505;434515670544
20230627 000000;0.0000001505;0.0000001633;0.0000001492;0.0000001576;430645445621
20230628 000000;0.0000001576;0.0000001595;0.0000001531;0.0000001532;440732450683
20230629 000000;0.0000001532;0.0000001596;0.0000001467;0.0000001514;460791187794
20230630 000000;0.0000001514;0.0000001529;0.0000001379;0.0000001484;439739248813
20230701 000000;0.0000001484;0.0000001513;0.000000144;0.0000001484;441397011891
20230702 000000;0.0000001484;0.0000001538;0.0000001398;0.0000001468;477053067870
20230703 000000;0.0000001468;0.0000001494;0.0000001404;0.0000001448;429773388584
20230704 000000;0.0000001448;0.0000001476;0.0000001412;0.0000001425;483651741096
20230705 000000;0.0000001425;0.0000001449;0.0000001381;0.0000001409;485238578288
20230706 000000;0.0000001409;0.0000001422;0.0000001356;0.0000001367;489314402350
20230707 000000;0.0000001367;0.000000147;0.0000001345;0.000000136;510711694360
20230708 000000;0.000000136;0.0000001374;0.0000001335;0.0000001349;564320850544
20230709 000000;0.0000001349;0.0000001411;0.0000001334;0.0000001357;491512975073
20230710 000000;0.0000001357;0.0000001398;0.0000001301;0.0000001385;423056288587
20230711 000000;0.0000001385;0.0000001385;0.0000001272;0.0000001317;408996145016
20230712 000000;0.0000001317;0.0000001344;0.0000001258;0.00000013;380205820652
20230713 000000;0.00000013;0.0000001338;0.0000001292;0.0000001307;367190099159
20230714 000000;0.0000001307;0.0000001356;0.0000001295;0.0000001353;322561001988
20230715 000000;0.0000001353;0.0000001359;0.0000001308;0.0000001352;331104299516
20230716 000000;0.0000001352;0.0000001359;0.00000012;0.0000001278;440621540877
20230717 000000;0.0000001278;0.0000001314;0.0000001236;0.0000001292;362970706699
20230718 000000;0.0000001292;0.0000001298;0.0000001218;0.0000001255;390753037271
20230719 000000;0.0000001255;0.0000001305;0.000000123;0.0000001293;385944640468
20230720 000000;0.0000001293;0.0000001299;0.0000001223;0.0000001236;456811359770
20230721 000000;0.0000001236;0.000000126;0.00000012;0.0000001211;474514819710
20230722 000000;0.0000001211;0.0000001259;0.0000001197;0.0000001234;431488156931
20230723 000000;0.0000001234;0.0000001293;0.0000001178;0.0000001235;470518692647
20230724 000000;0.0000001235;0.000000133;0.0000001202;0.0000001246;358973296867
20230725 000000;0.0000001246;0.0000001255;0.00000012;0.0000001216;542473012247
20230726 000000;0.0000001216;0.000000122;0.0000001179;0.0000001197;462929093958
20230727 000000;0.0000001197;0.0000001254;0.0000001195;0.0000001213;383079889128
20230728 000000;0.0000001213;0.0000001246;0.0000001197;0.0000001218;242949846618
20230729 000000;0.0000001218;0.0000001288;0.0000001194;0.0000001229;278220225717
20230730 000000;0.0000001229;0.000000123;0.0000001191;0.0000001197;248754590759
20230731 000000;0.0000001197;0.000000126;0.0000001186;0.0000001197;260180881845
20230801 000000;0.0000001197;0.0000001398;0.0000001193;0.0000001245;332968580979
20230802 000000;0.0000001245;0.0000001294;0.0000001111;0.0000001191;336895776497
20230803 000000;0.0000001191;0.0000001212;0.0000001188;0.000000119;241931758265
20230804 000000;0.000000119;0.0000001217;0.0000001163;0.0000001165;254744531914
20230805 000000;0.0000001165;0.0000001239;0.0000001141;0.0000001172;242254056262
20230806 000000;0.0000001172;0.0000001209;0.0000001141;0.0000001172;243422553308
20230807 000000;0.0000001172;0.0000001189;0.0000001149;0.0000001182;262636175143
20230808 000000;0.0000001182;0.0000001184;0.0000001101;0.0000001119;332004173346
20230809 000000;0.0000001119;0.0000001138;0.0000001091;0.0000001132;265495654437
20230810 000000;0.0000001132;0.0000001135;0.000000111;0.0000001129;220124973695
20230811 000000;0.0000001129;0.000000113;0.0000001103;0.0000001118;229105117118
20230812 000000;0.0000001118;0.000000113;0.0000001112;0.0000001115;261978608853
20230813 000000;0.0000001115;0.0000001127;0.000000109;0.0000001111;240460487693
20230814 000000;0.0000001111;0.0000001125;0.0000001099;0.0000001119;250558258594
20230815 000000;0.0000001119;0.0000001124;0.0000001068;0.0000001069;253313797722
20230816 000000;0.0000001069;0.0000001095;0.0000001051;0.0000001052;220089594627
20230817 000000;0.0000001052;0.0000001092;0.0000001027;0.000000105;214123627994
20230818 000000;0.000000105;0.0000001075;0.0000001019;0.0000001035;299728675353
20230819 000000;0.0000001035;0.00000012;0.0000001033;0.0000001087;338882849152
20230820 000000;0.0000001087;0.0000001104;0.0000001048;0.0000001084;261201258255
20230821 000000;0.0000001084;0.0000001097;0.0000001056;0.0000001093;221889120558
20230822 000000;0.0000001093;0.0000001136;0.0000001033;0.0000001078;196804665923
20230823 000000;0.0000001078;0.0000001112;0.0000001034;0.0000001083;240331929278
20230824 000000;0.0000001083;0.0000001103;0.0000001018;0.0000001077;256466393543
20230825 000000;0.0000001077;0.0000001108;0.0000001064;0.0000001095;231942775035
20230826 000000;0.0000001095;0.00000011;0.0000001018;0.0000001049;249317786320
20230827 000000;0.0000001049;0.0000001076;0.0000001;0.0000001051;297820046703
20230828 000000;0.0000001051;0.0000001081;0.0000000985;0.0000001075;294400790754
20230829 000000;0.0000001075;0.000000108;0.0000000992;0.0000001018;298821693822
20230830 000000;0.0000001018;0.0000001079;0.0000001018;0.0000001074;246044062168
20230831 000000;0.0000001074;0.0000001081;0.0000000914;0.0000001027;239826202755
20230901 000000;0.0000001027;0.0000001062;0.0000000995;0.0000001029;183561053677
20230902 000000;0.0000001029;0.0000001034;0.0000000993;0.000000103;175555002978
20230903 000000;0.000000103;0.0000001047;0.0000000965;0.0000001017;208289009083
20230904 000000;0.0000001017;0.0000001027;0.0000000984;0.0000001009;226196903990
20230905 000000;0.0000001009;0.0000001042;0.00000009901;0.00000010002;201514852786
20230906 000000;0.00000010002;0.0000001045;0.0000000953;0.00000010433;254731228831
20230907 000000;0.00000010433;0.00000010546;0.0000000984;0.00000010254;226767364292
20230908 000000;0.00000010254;0.00000010799;0.00000010008;0.00000010233;221488863649
20230909 000000;0.00000010233;0.0000001064;0.0000001;0.00000010201;280535499154
20230910 000000;0.00000010201;0.00000010319;0.0000000992;0.00000010134;293847642951
20230911 000000;0.00000010134;0.00000010234;0.00000009601;0.00000009883;271715651650
20230912 000000;0.00000009883;0.0000001018;0.00000009616;0.00000010036;233730798578
20230913 000000;0.00000010036;0.00000010212;0.00000009908;0.00000010152;260512750917
20230914 000000;0.00000010152;0.00000010559;0.00000009906;0.00000010032;259357163050
20230915 000000;0.00000010032;0.0000001018;0.00000009637;0.00000009871;247974923549
20230916 000000;0.00000009871;0.0000001012;0.00000009139;0.00000009908;288657560281
20230917 000000;0.00000009908;0.00000010103;0.00000009709;0.00000010008;255110663716
20230918 000000;0.00000010008;0.00000010097;0.00000009703;0.00000009942;206234053151
20230919 000000;0.00000009942;0.00000010458;0.00000009646;0.00000010095;199340365320
20230920 000000;0.00000010095;0.00000010885;0.00000009917;0.00000010873;188751274226
20230921 000000;0.00000010873;0.00000010888;0.00000010089;0.00000010819;177809750347
20230922 000000;0.00000010819;0.00000010884;0.00000009962;0.00000010747;241036014249
20230923 000000;0.00000010747;0.00000010836;0.00000010259;0.00000010794;214323666024
20230924 000000;0.00000010794;0.00000010887;0.000000104;0.00000010679;239391621341
20230925 000000;0.00000010679;0.00000010679;0.00000010272;0.00000010451;216052257809
20230926 000000;0.00000010451;0.00000010595;0.00000010274;0.00000010545;173353650838
20230927 000000;0.00000010545;0.00000010888;0.00000010278;0.00000010546;221044145887
20230928 000000;0.00000010546;0.00000010998;0.00000010279;0.00000010661;217714095050
20230929 000000;0.00000010661;0.00000010887;0.00000010402;0.00000010612;169009374988
20230930 000000;0.00000010612;0.00000010999;0.00000010273;0.00000010783;208224576565
20231001 000000;0.00000010783;0.00000010945;0.00000010552;0.0000001094;199730366583
20231002 000000;0.0000001094;0.000000119;0.00000010778;0.00000010839;219088687316
20231003 000000;0.00000010839;0.00000011321;0.000000108;0.00000011082;91171557572
20231004 000000;0.00000011082;0.00000011407;0.00000010801;0.00000011123;96113477292
20231005 000000;0.00000011123;0.00000011347;0.0000001083;0.00000011136;100162093254
20231006 000000;0.00000011136;0.00000011416;0.00000011005;0.00000011279;106704730930
20231007 000000;0.00000011279;0.00000011796;0.00000011068;0.00000011377;97773177045
20231008 000000;0.00000011377;0.0000001171;0.000000109;0.00000011465;92324491536
20231009 000000;0.00000011465;0.000000117;0.0000001114;0.00000011473;85565945768
20231010 000000;0.00000011473;0.00000011637;0.00000010942;0.00000011132;72033963383
20231011 000000;0.00000011132;0.00000011214;0.00000010325;0.00000011199;88667673643
20231012 000000;0.00000011199;0.00000011388;0.0000001066;0.00000011022;90066754857
20231013 000000;0.00000011022;0.0000001143;0.0000001067;0.00000011246;93778469562
20231014 000000;0.00000011246;0.00000011452;0.00000011;0.00000011025;87642264902
20231015 000000;0.00000011025;0.000000117;0.00000011023;0.00000011287;90097463189
20231016 000000;0.00000011287;0.00000011596;0.00000011139;0.00000011342;80879878294
20231017 000000;0.00000011342;0.00000011359;0.00000011;0.00000011198;87078032534
20231018 000000;0.00000011198;0.000000116;0.00000011001;0.00000011245;503425581476
20231019 000000;0.00000011245;0.00000011517;0.00000011202;0.00000011416;336959249757
20231020 000000;0.00000011416;0.00000011439;0.00000011071;0.00000011302;246129438711
20231021 000000;0.00000011302;0.00000011425;0.00000010751;0.00000011217;99496256913
20231022 000000;0.00000011217;0.00000011574;0.00000011208;0.00000011462;75812185024
20231023 000000;0.00000011462;0.00000011616;0.000000112;0.00000011404;505933452710
20231024 000000;0.00000011404;0.000000125;0.00000011365;0.00000012476;451205587374
20231025 000000;0.00000012476;0.0000001968;0.00000011617;0.00000017186;152252013263
20231026 000000;0.00000017186;0.0000001976;0.00000014765;0.0000001697;631773849726
20231027 000000;0.0000001697;0.0000002059;0.000000164;0.00000020279;293788264685
20231028 000000;0.00000020279;0.00000020379;0.00000016813;0.00000017707;87035939090
20231029 000000;0.00000017707;0.00000019499;0.00000017001;0.00000018484;72008900977
20231030 000000;0.00000018484;0.00000021431;0.00000018402;0.00000019736;75658374398
20231031 000000;0.00000019736;0.00000020699;0.00000017884;0.00000019947;79447356659
20231101 000000;0.00000019947;0.00000031;0.00000019892;0.00000029916;169613335543
20231102 000000;0.00000029916;0.00000035;0.00000022362;0.00000029216;174581309985
20231103 000000;0.00000029216;0.00000033;0.000000239;0.00000026651;100362015277
20231104 000000;0.00000026651;0.0000003185;0.00000023666;0.00000027307;106887399505
20231105 000000;0.00000027307;0.00000027949;0.00000025;0.00000026892;102634660865
20231106 000000;0.00000026892;0.000000272;0.00000025104;0.00000026493;108709833579
20231107 000000;0.00000026493;0.00000029599;0.00000026057;0.00000028993;117763148439
20231108 000000;0.00000028993;0.00000029537;0.00000026677;0.00000027757;100616515058
20231109 000000;0.00000027757;0.00000033;0.00000027172;0.00000028341;123429590468
20231110 000000;0.00000028341;0.00000029649;0.00000027178;0.00000028506;97809937113
20231111 000000;0.00000028506;0.0000002965;0.00000025403;0.00000028087;95893210669
20231112 000000;0.00000028087;0.000000287;0.00000026726;0.00000028077;99542748558
20231113 000000;0.00000028077;0.00000028842;0.00000025786;0.00000025949;88949918161
20231114 000000;0.00000025949;0.00000027619;0.00000025253;0.00000026448;103258588540
20231115 000000;0.00000026448;0.00000028;0.00000026277;0.00000027945;131245483283
20231116 000000;0.00000027945;0.000000299;0.00000026112;0.00000026222;110426573709
20231117 000000;0.00000026222;0.00000028993;0.00000026163;0.00000026181;146390591894
20231118 000000;0.00000026181;0.0000002825;0.000000261;0.00000026793;95089754544
20231119 000000;0.00000026793;0.00000028098;0.00000026786;0.00000028069;94774046839
20231120 000000;0.00000028069;0.00000032724;0.00000026273;0.0000002907;167313307806
20231121 000000;0.0000002907;0.00000030998;0.00000026976;0.00000027285;106291979171
20231122 000000;0.00000027285;0.000000284;0.000000261;0.00000027002;114445186690
20231123 000000;0.00000027002;0.00000027498;0.000000255;0.00000026849;100479949914
20231124 000000;0.00000026849;0.00000027;0.0000002527;0.00000025988;103364404869
20231125 000000;0.00000025988;0.00000026988;0.000000251;0.00000026524;79633496151
20231126 000000;0.00000026524;0.00000026552;0.00000025123;0.0000002599;91055658472
20231127 000000;0.0000002599;0.00000026499;0.00000024709;0.00000025585;113042964208
20231128 000000;0.00000025585;0.0000002645;0.00000024666;0.00000025179;125250769679
20231129 000000;0.00000025179;0.0000002705;0.000000247;0.00000024815;90156616433
20231130 000000;0.00000024815;0.00000025489;0.00000024259;0.00000024647;110128931692
20231201 000000;0.00000024647;0.00000026;0.00000024222;0.00000025475;75772229133
20231202 000000;0.00000025475;0.00000025988;0.0000002435;0.00000025351;90180991755
20231203 000000;0.00000025351;0.0000003;0.00000024511;0.0000002595;141176787216
20231204 000000;0.0000002595;0.000000265;0.00000024;0.00000025123;130533394065
20231205 000000;0.00000025123;0.00000027;0.00000024657;0.0000002615;108667942085
20231206 000000;0.0000002615;0.00000026981;0.00000023601;0.00000024728;160010833885
20231207 000000;0.00000024728;0.00000027334;0.00000024275;0.00000025103;110321622107
20231208 000000;0.00000025103;0.00000026834;0.00000024515;0.00000026427;105504264304
20231209 000000;0.00000026427;0.0000003584;0.00000025;0.00000029328;156583945731
20231210 000000;0.00000029328;0.00000033811;0.00000029137;0.00000030598;100699901585
20231211 000000;0.00000030598;0.00000031304;0.00000027;0.00000028815;129138137439
20231212 000000;0.00000028815;0.00000032011;0.00000028;0.00000028663;106878167164
20231213 000000;0.00000028663;0.0000003073;0.00000028001;0.00000028752;71244219166
20231214 000000;0.00000028752;0.00000033488;0.00000028315;0.0000003092;105920826990
20231215 000000;0.0000003092;0.00000033;0.00000027666;0.00000030026;185411785857
20231216 000000;0.00000030026;0.00000035667;0.00000029004;0.00000033477;119892475937
20231217 000000;0.00000033477;0.00000057498;0.00000032303;0.00000039005;201294658749
20231218 000000;0.00000039005;0.000000445;0.000000355;0.0000004081;92693886884
20231219 000000;0.0000004081;0.00000047;0.00000039623;0.00000045842;81724771608
20231220 000000;0.00000045842;0.00000047652;0.00000041007;0.00000043486;55940778493
20231221 000000;0.00000043486;0.00000045996;0.00000039206;0.00000042022;44575364123
20231222 000000;0.00000042022;0.0000004328;0.00000037504;0.00000039932;68612172948
20231223 000000;0.00000039932;0.00000042;0.00000036666;0.00000040427;65434499735
20231224 000000;0.00000040427;0.00000041032;0.00000037501;0.00000039009;52350726117
20231225 000000;0.00000039009;0.0000004425;0.00000036666;0.00000042469;52538228417
20231226 000000;0.00000042469;0.00000053999;0.00000040003;0.00000046453;71503896713
20231227 000000;0.00000046453;0.0000004675;0.00000041972;0.00000042696;42841812052
20231228 000000;0.00000042696;0.00000045998;0.0000003775;0.00000039822;46156775389
20231229 000000;0.00000039822;0.00000044999;0.00000038601;0.00000041924;51985002994
20231230 000000;0.00000041924;0.00000042542;0.00000039003;0.00000040693;47534550102
20231231 000000;0.00000040693;0.00000045;0.00000040003;0.00000041774;55134045751
