20250101 000000;0.00000015188;0.00000017567;0.0000001475;0.00000016199;85480414560
20250102 000000;0.00000016199;0.00000017282;0.0000001519;0.00000015976;57573034776
20250103 000000;0.00000015976;0.00000016997;0.00000015003;0.00000016797;24781476042
20250104 000000;0.00000016797;0.00000016989;0.00000016229;0.00000016526;12180449214
20250105 000000;0.00000016526;0.00000018799;0.00000016154;0.00000017103;77794173038
20250106 000000;0.00000017103;0.000000209;0.00000017086;0.00000019811;49005042818
20250107 000000;0.00000019811;0.0000002072;0.00000015;0.00000016307;26217109189
20250108 000000;0.00000016307;0.00000017797;0.00000014657;0.00000015496;30584686575
20250109 000000;0.00000015496;0.00000017799;0.00000015011;0.00000015011;26817104272
20250110 000000;0.00000015011;0.00000015857;0.00000014618;0.00000015596;3751620154
20250111 000000;0.00000015596;0.00000016699;0.00000015152;0.00000015269;9335535786
20250112 000000;0.00000015269;0.00000016055;0.00000015003;0.00000015491;3730236083
20250113 000000;0.00000015491;0.00000016398;0.00000013735;0.00000015158;13045654898
20250114 000000;0.00000015158;0.00000016399;0.000000119;0.00000014287;66618497749
20250115 000000;0.00000014287;0.00000016079;0.00000014191;0.00000015707;9388676163
20250116 000000;0.00000015707;0.00000016079;0.00000014565;0.00000015051;38478512549
20250117 000000;0.00000015051;0.00000016079;0.00000013813;0.00000015443;52053382289
20250118 000000;0.00000015443;0.00000017487;0.000000125;0.00000014234;43805559852
20250119 000000;0.00000014234;0.000000165;0.0000001166;0.00000013946;36370281226
20250120 000000;0.00000013946;0.00000016299;0.000000131;0.00000014168;30022923586
20250121 000000;0.00000014168;0.00000015699;0.00000012426;0.00000014704;97652710832
20250122 000000;0.00000014704;0.00000015493;0.00000013795;0.0000001417;20647401900
20250123 000000;0.0000001417;0.000000155;0.00000011828;0.00000014547;33167732942
20250124 000000;0.00000014547;0.00000015295;0.00000013402;0.00000014289;14323389713
20250125 000000;0.00000014289;0.0000001465;0.00000013103;0.00000013415;19607528577
20250126 000000;0.00000013415;0.00000014988;0.00000012245;0.000000138;25255894253
20250127 000000;0.000000138;0.000000156;0.000000118;0.00000013165;86391169307
20250128 000000;0.00000013165;0.00000013828;0.00000011407;0.00000012122;49689877416
20250129 000000;0.00000012122;0.00000014196;0.00000011;0.00000011888;91169582446
20250130 000000;0.00000011888;0.000000135;0.00000011297;0.00000012434;43630100724
20250131 000000;0.00000012434;0.0000001275;0.00000011604;0.00000011992;34306166802
20250201 000000;0.00000011992;0.00000012929;0.00000011754;0.00000012079;13661296866
20250202 000000;0.00000012079;0.00000012814;0.0000001117;0.00000011875;16989232863
20250203 000000;0.00000011875;0.00000012017;0.00000009159;0.00000011969;20172251274
20250204 000000;0.00000011969;0.00000011969;0.00000010001;0.00000011132;7753380159
20250205 000000;0.00000011132;0.00000011484;0.00000010154;0.00000010948;9322996879
20250206 000000;0.00000010948;0.00000011131;0.000000101;0.00000010611;13617344403
20250207 000000;0.00000010611;0.00000012105;0.0000001025;0.00000010642;31194683033
20250208 000000;0.00000010642;0.00000011152;0.00000010101;0.00000010458;10338233155
20250209 000000;0.00000010458;0.00000011872;0.00000010207;0.00000010881;16887183423
20250210 000000;0.00000010881;0.0000001133;0.00000010211;0.00000011168;26649323038
20250211 000000;0.00000011168;0.00000011681;0.00000010302;0.00000010988;24967836668
20250212 000000;0.00000010988;0.00000011482;0.00000010262;0.00000010761;20624988822
20250213 000000;0.00000010761;0.00000011697;0.00000010304;0.00000011376;30440662564
20250214 000000;0.00000011376;0.00000011693;0.00000010532;0.00000011545;24446958929
20250215 000000;0.00000011545;0.000000117;0.00000010085;0.00000010379;27384796981
20250216 000000;0.00000010379;0.00000010496;0.00000009863;0.00000010193;13982709815
20250217 000000;0.00000010193;0.00000010388;0.000000099;0.00000010067;49363480097
20250218 000000;0.00000010067;0.00000010378;0.00000006401;0.00000009327;27566734210
20250219 000000;0.00000009327;0.00000009497;0.00000008946;0.00000009115;6056513791
20250220 000000;0.00000009115;0.00000009969;0.00000008972;0.00000009565;3461288833
20250221 000000;0.00000009565;0.000000104;0.00000007431;0.00000009816;53189035138
20250222 000000;0.00000009816;0.000000104;0.00000009333;0.00000010015;17012200390
20250223 000000;0.00000010015;0.00000010438;0.00000009647;0.00000009663;6938134602
20250224 000000;0.00000009663;0.00000009943;0.00000008799;0.00000009131;19134750151
20250225 000000;0.00000009131;0.00000010299;0.00000007453;0.00000009698;43862578387
20250226 000000;0.00000009698;0.00000010399;0.000000083;0.00000008938;11875876396
20250227 000000;0.00000008938;0.00000009324;0.00000008702;0.00000008735;17954546376
20250228 000000;0.00000008735;0.00000008763;0.00000008001;0.00000008403;26560587654
20250301 000000;0.00000008403;0.00000010042;0.00000008175;0.00000009472;36798992255
20250302 000000;0.00000009472;0.00000009999;0.00000008505;0.00000009424;19365282422
20250303 000000;0.00000009424;0.0000000999;0.00000008146;0.00000008146;25782644580
20250304 000000;0.00000008146;0.00000008799;0.00000008001;0.00000008571;29238783349
20250305 000000;0.00000008571;0.00000009757;0.00000007539;0.00000008762;28611159865
20250306 000000;0.00000008762;0.000000094;0.0000000819;0.00000008614;67525263237
20250307 000000;0.00000008614;0.00000008973;0.00000008408;0.00000008572;44917816915
20250308 000000;0.00000008572;0.00000009399;0.00000008002;0.00000008785;183022515793
20250309 000000;0.00000008785;0.0000000999;0.00000008;0.00000008243;281226817296
20250310 000000;0.00000008243;0.00000008501;0.00000007569;0.00000008139;341737090068
20250311 000000;0.00000008139;0.0000000898;0.00000006772;0.00000008413;313493183468
20250312 000000;0.00000008413;0.00000008434;0.00000007906;0.00000008398;282309671249
20250313 000000;0.00000008398;0.0000000898;0.00000007768;0.00000008192;279402624157
20250314 000000;0.00000008192;0.000000087;0.00000008174;0.000000085;325702740544
20250315 000000;0.000000085;0.00000008899;0.00000008398;0.00000008725;285449742570
20250316 000000;0.00000008725;0.00000009076;0.00000008725;0.00000008836;318720085547
20250317 000000;0.00000008836;0.00000011699;0.00000008291;0.00000009238;361479010425
20250318 000000;0.00000009238;0.00000009353;0.00000008469;0.00000009084;307093939323
20250319 000000;0.00000009084;0.000000109;0.00000008599;0.00000009794;308725365065
20250320 000000;0.00000009794;0.00000010773;0.00000009014;0.00000009048;233534580744
20250321 000000;0.00000009048;0.00000009637;0.00000008298;0.00000009014;332169538642
20250322 000000;0.00000009014;0.00000009751;0.00000008385;0.00000009;131764611744
20250323 000000;0.00000009;0.00000009476;0.00000008306;0.00000008963;226440330379
20250324 000000;0.00000008963;0.00000009676;0.00000008808;0.00000009177;268129689239
20250325 000000;0.00000009177;0.00000009177;0.00000008544;0.00000008855;256400826135
20250326 000000;0.00000008855;0.0000000957;0.00000008847;0.00000009002;192853871804
20250327 000000;0.00000009002;0.00000009543;0.00000008474;0.00000008999;116180529035
20250328 000000;0.00000008999;0.00000009502;0.00000008582;0.00000009;140972530774
20250329 000000;0.00000009;0.00000009;0.00000008625;0.00000008684;132677249808
20250330 000000;0.00000008684;0.0000000884;0.00000008;0.00000008136;149617109817
20250331 000000;0.00000008136;0.00000008981;0.00000008;0.00000008038;234756552700
20250401 000000;0.00000008038;0.00000008247;0.00000007831;0.00000007841;103184036327
20250402 000000;0.00000007841;0.00000009;0.00000007716;0.00000008567;80712379116
20250403 000000;0.00000008567;0.00000009;0.00000008025;0.00000008229;36136743972
20250404 000000;0.00000008229;0.00000010055;0.00000007759;0.00000007991;179559739499
20250405 000000;0.00000007991;0.00000009899;0.00000007777;0.00000008641;59382667008
20250406 000000;0.00000008641;0.00000009282;0.0000000774;0.0000000774;161308125522
20250407 000000;0.0000000774;0.00000009095;0.00000006889;0.00000007504;150667009410
20250408 000000;0.00000007504;0.00000008691;0.00000007504;0.00000007736;118145650757
20250409 000000;0.00000007736;0.00000010195;0.00000007519;0.00000008667;210621094193
20250410 000000;0.00000008667;0.00000009766;0.00000008;0.00000008736;216548781044
20250411 000000;0.00000008736;0.00000008949;0.00000008;0.0000000803;261323720321
20250412 000000;0.0000000803;0.00000008493;0.00000007768;0.00000008457;256007755015
20250413 000000;0.00000008457;0.00000008955;0.00000007654;0.00000007978;208678083589
20250414 000000;0.00000007978;0.00000008212;0.00000007805;0.00000008;60917577368
20250415 000000;0.00000008;0.00000009289;0.000000078;0.00000008055;157595721131
20250416 000000;0.00000008055;0.00000008658;0.00000008027;0.00000008082;283620446246
20250417 000000;0.00000008082;0.00000008978;0.00000007505;0.00000008383;517548390589
20250418 000000;0.00000008383;0.00000008732;0.00000008012;0.00000008087;375904657433
20250419 000000;0.00000008087;0.000000098;0.00000008061;0.00000008722;350210313727
20250420 000000;0.00000008722;0.00000009668;0.00000008225;0.00000008779;302396423852
20250421 000000;0.00000008779;0.00000009453;0.00000008601;0.00000008691;345218814705
20250422 000000;0.00000008691;0.00000009499;0.00000008211;0.00000009089;369274693589
20250423 000000;0.00000009089;0.00000009798;0.00000009089;0.0000000932;398353313565
20250424 000000;0.0000000932;0.0000000967;0.00000007812;0.00000007993;384867033786
20250425 000000;0.00000007993;0.00000008746;0.0000000785;0.00000008246;571519288195
20250426 000000;0.00000008246;0.00000008599;0.00000008001;0.00000008062;401447220544
20250427 000000;0.00000008062;0.00000008592;0.00000008062;0.00000008318;399408255869
20250428 000000;0.00000008318;0.00000008601;0.00000008022;0.00000008282;493057961248
20250429 000000;0.00000008282;0.00000008395;0.00000007812;0.00000008025;599847017396
20250430 000000;0.00000008025;0.0000000805;0.00000007504;0.00000007585;379157343485
20250501 000000;0.00000007585;0.00000007927;0.00000007532;0.00000007718;179978068053
20250502 000000;0.00000007718;0.00000007939;0.00000007551;0.0000000782;454901732574
20250503 000000;0.0000000782;0.00000007822;0.00000007714;0.00000007744;820039459441
20250504 000000;0.00000007744;0.00000008797;0.00000007551;0.00000007734;788439513367
20250505 000000;0.00000007734;0.00000008732;0.0000000721;0.0000000721;480428310869
20250506 000000;0.0000000721;0.00000008;0.00000005548;0.0000000672;541208254779
20250507 000000;0.0000000672;0.00000006959;0.00000006705;0.00000006791;753543460113
20250508 000000;0.00000006791;0.00000007626;0.00000006789;0.00000007626;264547832353
20250509 000000;0.00000007626;0.000000084;0.00000007626;0.00000007891;103489960079
20250510 000000;0.00000007891;0.0000000863;0.00000007678;0.00000008215;230642063249
20250511 000000;0.00000008215;0.0000000889;0.00000008214;0.00000008603;616131923084
20250512 000000;0.00000008603;0.00000008981;0.00000008346;0.0000000889;88776965590
20250513 000000;0.0000000889;0.0000000907;0.00000008534;0.00000008985;159768384055
20250514 000000;0.00000008985;0.00000009982;0.000000084;0.00000008451;157844881958
20250515 000000;0.00000008451;0.00000009499;0.00000007641;0.00000008314;163962529836
20250516 000000;0.00000008314;0.00000008799;0.00000007971;0.00000008349;189419353184
20250517 000000;0.00000008349;0.00000008573;0.00000005006;0.00000007248;314427216353
20250518 000000;0.00000007248;0.00000007814;0.00000006895;0.00000007631;245778973756
20250519 000000;0.00000007631;0.00000008226;0.00000007227;0.00000007782;117702652901
20250520 000000;0.00000007782;0.00000007784;0.00000006421;0.00000006887;161147272252
20250521 000000;0.00000006887;0.000000085;0.00000006567;0.00000006736;187851801344
20250522 000000;0.00000006736;0.000000075;0.00000005555;0.00000006825;1422475561911
20250523 000000;0.00000006825;0.0000000729;0.00000006817;0.0000000705;1021021666082
20250524 000000;0.0000000705;0.00000007143;0.00000006151;0.00000006585;925140658333
20250525 000000;0.00000006585;0.00000006688;0.00000006403;0.00000006541;591541921432
20250526 000000;0.00000006541;0.00000007053;0.00000006481;0.00000006607;677252906080
20250527 000000;0.00000006607;0.00000006907;0.00000006305;0.0000000643;739311393645
20250528 000000;0.0000000643;0.0000000655;0.00000006129;0.00000006422;779682787870
20250529 000000;0.00000006422;0.00000006989;0.00000006109;0.00000006629;788127268117
20250530 000000;0.00000006629;0.0000000691;0.0000000615;0.00000006324;525235284204
20250531 000000;0.00000006324;0.00000006556;0.00000006;0.00000006134;14552368915732
20250601 000000;0.00000006134;0.00000006331;0.00000006001;0.00000006128;214225989956
20250602 000000;0.00000006128;0.00000006226;0.000000057;0.00000006112;7050531846688
20250603 000000;0.00000006112;0.00000006143;0.00000005885;0.00000006027;243666655164
20250604 000000;0.00000006027;0.0000000612;0.00000005121;0.0000000578;990397707421
20250605 000000;0.0000000578;0.00000006577;0.0000000578;0.00000005812;11412042945610
20250606 000000;0.00000005812;0.00000005966;0.00000005724;0.00000005748;845021923462
20250607 000000;0.00000005748;0.00000005786;0.00000005296;0.00000005607;838599213598
20250608 000000;0.00000005607;0.00000005689;0.00000005293;0.00000005404;714066801344
20250609 000000;0.00000005404;0.00000005557;0.00000005294;0.00000005479;614222585594
20250610 000000;0.00000005479;0.00000005667;0.00000005417;0.00000005488;633032766974
20250611 000000;0.00000005488;0.00000005611;0.00000005464;0.00000005527;505322750583
20250612 000000;0.00000005527;0.0000000558;0.00000005512;0.00000005512;255675132304
20250613 000000;0.00000005512;0.00000005512;0.00000004767;0.00000004904;1059661362143
20250614 000000;0.00000004904;0.00000004951;0.00000004173;0.00000004402;1547906314622
20250615 000000;0.00000004402;0.00000004548;0.00000004009;0.00000004075;1247495157529
20250616 000000;0.00000004075;0.00000004089;0.00000003687;0.00000003833;1273983528188
20250617 000000;0.00000003833;0.00000005673;0.00000003528;0.00000004404;1733998123149
20250618 000000;0.00000004404;0.00000004427;0.00000003908;0.00000004033;1795438510676
20250619 000000;0.00000004033;0.00000004394;0.0000000403;0.00000004237;1323842666116
20250620 000000;0.00000004237;0.00000004428;0.00000004104;0.00000004427;1405568842183
20250621 000000;0.00000004427;0.00000004427;0.00000004103;0.00000004172;678035088753
20250622 000000;0.00000004172;0.00000004172;0.00000003938;0.00000004017;492696378664
20250623 000000;0.00000004017;0.00000004151;0.00000003948;0.00000004142;824483580482
20250624 000000;0.00000004142;0.00000004338;0.00000004115;0.00000004211;781623667769
20250625 000000;0.00000004211;0.00000004214;0.00000004045;0.00000004084;853102548682
20250626 000000;0.00000004084;0.00000004084;0.00000003784;0.00000003858;659464890339
20250627 000000;0.00000003858;0.00000003981;0.0000000369;0.00000003725;778770590178
20250628 000000;0.00000003725;0.00000003845;0.00000003653;0.00000003776;1369942439556
20250629 000000;0.00000003776;0.0000000387;0.00000003696;0.00000003831;2432742602552
20250630 000000;0.00000003831;0.00000004299;0.00000003766;0.00000004175;2389882502551
20250701 000000;0.00000004175;0.00000005319;0.00000003951;0.0000000421;2425390754621
20250702 000000;0.0000000421;0.00000004264;0.00000003983;0.00000004164;3246520000906
20250703 000000;0.00000004164;0.00000004189;0.000000034;0.00000003519;3335276810982
20250704 000000;0.00000003519;0.00000003622;0.00000002831;0.00000003459;3548484844222
20250705 000000;0.00000003459;0.00000004264;0.00000003451;0.00000003959;3148851055446
20250706 000000;0.00000003959;0.00000004143;0.000000038;0.00000003991;2063765432936
20250707 000000;0.00000003991;0.00000004264;0.00000003795;0.00000003871;1566830116596
20250708 000000;0.00000003871;0.00000003887;0.00000003418;0.0000000365;2138361394460
20250709 000000;0.0000000365;0.00000004153;0.00000003508;0.00000004114;2650519571740
20250710 000000;0.00000004114;0.00000004804;0.00000003874;0.00000004206;2291181301987
20250711 000000;0.00000004206;0.00000005097;0.00000004205;0.00000004537;4294380884474
20250712 000000;0.00000004537;0.00000006605;0.00000004153;0.00000004177;6761745717789
20250713 000000;0.00000004177;0.00000004514;0.00000003889;0.00000004;8638843126069
20250714 000000;0.00000004;0.00000004995;0.00000003897;0.00000004804;10229187743377
20250715 000000;0.00000004804;0.00000005169;0.0000000469;0.00000004712;3217096416455
20250716 000000;0.00000004712;0.00000005217;0.00000004534;0.00000005078;3715140122756
20250717 000000;0.00000005078;0.00000005363;0.00000004561;0.00000005335;1288336109670
20250718 000000;0.00000005335;0.00000008419;0.00000005333;0.00000005973;1443106852024
20250719 000000;0.00000005973;0.00000007097;0.00000005973;0.00000006703;1219654082303
20250720 000000;0.00000006703;0.00000007103;0.00000006671;0.00000007093;541185251456
20250721 000000;0.00000007093;0.00000007228;0.0000000703;0.00000007184;404211822699
20250722 000000;0.00000007184;0.0000000876;0.00000007178;0.00000007902;475467526504
20250723 000000;0.00000007902;0.00000008086;0.0000000702;0.0000000702;827242864382
20250724 000000;0.0000000702;0.00000007053;0.00000005399;0.00000005733;1703466409660
20250725 000000;0.00000005733;0.00000005735;0.00000003001;0.00000004371;2498027502259
20250726 000000;0.00000004371;0.00000004543;0.0000000429;0.00000004534;4090457118994
20250727 000000;0.00000004534;0.00000005301;0.00000004502;0.00000005153;2674127693496
20250728 000000;0.00000005153;0.00000006508;0.00000005;0.0000000551;2709694775195
20250729 000000;0.0000000551;0.00000007639;0.00000005505;0.0000000635;2092843010961
20250730 000000;0.0000000635;0.00000007199;0.0000000456;0.00000005347;1689640012248
20250731 000000;0.00000005347;0.00000005944;0.00000005263;0.00000005272;1251299784878
20250801 000000;0.00000005272;0.00000005898;0.00000004552;0.00000005389;1771141849712
20250802 000000;0.00000005389;0.00000005878;0.0000000451;0.00000004922;1807268530742
20250803 000000;0.00000004922;0.00000005396;0.00000004511;0.00000005363;2202429528999
20250804 000000;0.00000005363;0.00000005878;0.00000004978;0.00000005622;2201716367652
20250805 000000;0.00000005622;0.00000006199;0.00000004593;0.00000004893;2165195958788
20250806 000000;0.00000004893;0.00000005699;0.00000004819;0.00000005396;1956341891962
20250807 000000;0.00000005396;0.00000005998;0.00000005222;0.00000005659;2098554797643
20250808 000000;0.00000005659;0.0000000567;0.00000005;0.00000005247;1520382827315
20250809 000000;0.00000005247;0.00000005579;0.00000005;0.00000005063;1736249331422
20250810 000000;0.00000005063;0.00000005468;0.00000004555;0.00000004789;2744992225609
20250811 000000;0.00000004789;0.000000051;0.00000004002;0.00000004588;3314992879700
20250812 000000;0.00000004588;0.00000004896;0.00000003902;0.00000004654;3051243411398
20250813 000000;0.00000004654;0.00000004851;0.00000004439;0.00000004489;2569379988101
20250814 000000;0.00000004489;0.00000004798;0.0000000401;0.00000004493;2583294862724
20250815 000000;0.00000004493;0.00000004553;0.00000004122;0.00000004249;1907241746505
20250816 000000;0.00000004249;0.00000004493;0.00000004108;0.0000000445;1276813431855
20250817 000000;0.0000000445;0.00000004858;0.00000004278;0.00000004534;2094589985784
20250818 000000;0.00000004534;0.00000004759;0.00000004211;0.00000004252;2147855545839
20250819 000000;0.00000004252;0.00000004437;0.00000003501;0.00000003709;2794546514458
20250820 000000;0.00000003709;0.00000003828;0.00000003355;0.00000003696;2077610908426
20250821 000000;0.00000003696;0.00000004859;0.00000003686;0.0000000438;3552318946857
20250822 000000;0.0000000438;0.00000005999;0.00000004311;0.00000005192;5616752429561
20250823 000000;0.00000005192;0.00000006454;0.00000004958;0.00000005052;5983370741175
20250824 000000;0.00000005052;0.00000005698;0.00000004562;0.00000004589;6215627809330
20250825 000000;0.00000004589;0.00000005499;0.00000004005;0.0000000415;3877505190179
20250826 000000;0.0000000415;0.00000004915;0.00000003601;0.0000000395;3191422330614
20250827 000000;0.0000000395;0.000000065;0.000000039;0.00000004744;7358633024642
20250828 000000;0.00000004744;0.0000000615;0.00000004209;0.00000004517;4819687840688
20250829 000000;0.00000004517;0.00000005088;0.00000004173;0.00000004451;4956553788197
20250830 000000;0.00000004451;0.00000004749;0.00000004298;0.00000004677;3191235623297
20250831 000000;0.00000004677;0.00000004706;0.00000004186;0.00000004222;4457062844355
20250901 000000;0.00000004222;0.00000004266;0.00000004115;0.00000004153;2752118849472
20250902 000000;0.00000004153;0.00000004498;0.00000004055;0.00000004132;4958741640194
20250903 000000;0.00000004132;0.0000000498;0.00000004087;0.00000004278;6156450565759
20250904 000000;0.00000004278;0.0000000436;0.00000003687;0.00000003752;6871481771138
20250905 000000;0.00000003752;0.0000000429;0.00000003555;0.00000003711;6332748486108
20250906 000000;0.00000003711;0.0000000447;0.00000003611;0.00000003833;4915599609752
20250907 000000;0.00000003833;0.00000004047;0.00000003811;0.00000003904;5736273290193
20250908 000000;0.00000003904;0.00000003928;0.00000003869;0.00000003899;5658984978396
20250909 000000;0.00000003899;0.00000003911;0.00000003849;0.00000003889;2883797326555
20250910 000000;0.00000003889;0.0000000447;0.00000003872;0.00000004;4032809482140
20250911 000000;0.00000004;0.0000000461;0.00000003962;0.00000004607;5633991654031
20250912 000000;0.00000004607;0.00000004997;0.00000004577;0.00000004716;1404710660953
20250913 000000;0.00000004716;0.00000005616;0.00000004671;0.00000005059;2246334516442
20250914 000000;0.00000005059;0.00000005199;0.00000004074;0.00000004199;1384022234263
20250915 000000;0.00000004199;0.000000043;0.000000037;0.00000003894;4307905924704
20250916 000000;0.00000003894;0.0000000399;0.0000000342;0.00000003982;5433297733980
20250917 000000;0.00000003982;0.00000004568;0.00000003965;0.00000004463;5413158601403
20250918 000000;0.00000004463;0.00000004958;0.00000004446;0.000000045;3431188422277
20250919 000000;0.000000045;0.00000004545;0.00000004021;0.00000004258;2479137340569
20250920 000000;0.00000004258;0.00000004334;0.00000003996;0.00000004034;5640325828455
20250921 000000;0.00000004034;0.00000004766;0.00000004015;0.0000000426;7460779074030
20250922 000000;0.0000000426;0.00000004655;0.00000003703;0.00000003724;6382438102971
20250923 000000;0.00000003724;0.00000003898;0.00000003482;0.00000003883;6051585578435
20250924 000000;0.00000003883;0.00000003975;0.00000003874;0.00000003928;5055067007357
20250925 000000;0.00000003928;0.00000003944;0.00000003432;0.000000036;1311635899534
20250926 000000;0.000000036;0.00000003906;0.00000003528;0.000000037;1470388821564
20250927 000000;0.000000037;0.00000003803;0.00000003624;0.00000003749;1423244764011
20250928 000000;0.00000003749;0.00000004104;0.00000003738;0.00000004035;3222745071029
20250929 000000;0.00000004035;0.0000000487;0.00000003977;0.00000004415;2628108141077
20250930 000000;0.00000004415;0.00000004415;0.00000003749;0.0000000375;1851346089457
20251001 000000;0.0000000375;0.00000004188;0.00000003749;0.00000003914;1532854079533
20251002 000000;0.00000003914;0.000000044;0.00000003913;0.00000004209;2272312840602
20251003 000000;0.00000004209;0.00000004601;0.00000004126;0.00000004531;3333062124564
20251004 000000;0.00000004531;0.0000000483;0.00000004;0.000000043;2278164354844
20251005 000000;0.000000043;0.00000004397;0.00000003999;0.00000004214;2868195734675
20251006 000000;0.00000004214;0.00000004214;0.00000003786;0.00000003907;3055094780107
20251007 000000;0.00000003907;0.00000004016;0.00000003906;0.00000004016;3495098730640
20251008 000000;0.00000004016;0.00000004023;0.00000003971;0.00000004023;3416774953278
20251009 000000;0.00000004023;0.00000004035;0.00000003682;0.00000003754;3475011163802
20251010 000000;0.00000003754;0.00000003768;0.0000000288;0.00000003101;2509177057624
20251011 000000;0.00000003101;0.00000003411;0.00000002699;0.000000034;2241687260582
20251012 000000;0.000000034;0.00000003501;0.00000003334;0.00000003444;1051457257085
20251013 000000;0.00000003444;0.00000003696;0.00000003095;0.0000000322;2529456187245
20251014 000000;0.0000000322;0.00000003385;0.00000002944;0.00000003099;2875335242338
20251015 000000;0.00000003099;0.00000003204;0.0000000282;0.0000000305;3132079069988
20251016 000000;0.0000000305;0.00000003152;0.000000029;0.00000003;2605743437984
20251017 000000;0.00000003;0.00000003014;0.00000002899;0.00000003;4254113609051
20251018 000000;0.00000003;0.00000003037;0.0000000299;0.00000003037;3826207778719
20251019 000000;0.00000003037;0.00000003569;0.00000002982;0.0000000317;4292641565672
20251020 000000;0.0000000317;0.00000003514;0.00000003148;0.00000003353;4109617816612
20251021 000000;0.00000003353;0.00000003354;0.0000000303;0.00000003208;3871906869739
20251022 000000;0.00000003208;0.00000003464;0.00000003049;0.00000003085;3576984079028
20251023 000000;0.00000003085;0.0000000312;0.00000003074;0.0000000312;1835866146091
20251024 000000;0.0000000312;0.00000003145;0.00000002851;0.00000002864;1399646280475
20251025 000000;0.00000002864;0.00000002903;0.0000000269;0.00000002864;2669503619165
20251026 000000;0.00000002864;0.00000003214;0.00000002858;0.00000003061;2915243346908
20251027 000000;0.00000003061;0.00000003398;0.00000003014;0.00000003096;2276790924430
20251028 000000;0.00000003096;0.0000000324;0.000000027;0.00000002782;7052054922636
20251029 000000;0.00000002782;0.00000002965;0.00000002593;0.000000029;6077330408268
20251030 000000;0.000000029;0.000000038;0.00000002842;0.00000003056;3422298595879
20251031 000000;0.00000003056;0.00000003318;0.00000002948;0.00000003044;1254498909030
20251101 000000;0.00000003044;0.000000033;0.00000002699;0.00000002872;1731192429542
20251102 000000;0.00000002872;0.00000003279;0.00000002761;0.00000002762;2986584887542
20251103 000000;0.00000002762;0.00000002995;0.00000002627;0.00000002744;1921777425778
20251104 000000;0.00000002744;0.00000002765;0.00000002464;0.00000002539;4138573158312
20251105 000000;0.00000002539;0.00000003;0.00000002513;0.0000000275;6244474995277
20251106 000000;0.0000000275;0.00000002778;0.00000002544;0.00000002565;2394683317356
20251107 000000;0.00000002565;0.0000000275;0.00000002526;0.00000002637;2391881315824
20251108 000000;0.00000002637;0.00000003087;0.00000002511;0.00000002717;7301450568579
20251109 000000;0.00000002717;0.00000002815;0.00000002664;0.0000000276;1424036770062
20251110 000000;0.0000000276;0.00000003193;0.0000000276;0.00000002911;1929202689499
20251111 000000;0.00000002911;0.00000003123;0.0000000284;0.00000002999;702044980480
20251112 000000;0.00000002999;0.00000002999;0.00000002702;0.00000002735;1221443149250
20251113 000000;0.00000002735;0.0000000288;0.00000002556;0.00000002558;1379510128445
20251114 000000;0.00000002558;0.00000002737;0.00000002094;0.00000002371;3233890862511
20251115 000000;0.00000002371;0.00000002473;0.00000002061;0.00000002224;1897091332866
20251116 000000;0.00000002224;0.00000003281;0.0000000217;0.000000029;5260842779142
20251117 000000;0.000000029;0.00000003951;0.00000002794;0.00000003436;4204177996720
20251118 000000;0.00000003436;0.0000000748;0.00000003047;0.00000005747;6014242744974
20251119 000000;0.00000005747;0.00000005784;0.000000031;0.00000004498;5331622085284
20251120 000000;0.00000004498;0.0000000487;0.000000033;0.00000003507;2891802625953
20251121 000000;0.00000003507;0.00000004328;0.00000003434;0.00000003627;5473465052845
20251122 000000;0.00000003627;0.00000003881;0.00000002996;0.000000034;2117149764703
20251123 000000;0.000000034;0.00000004815;0.00000003176;0.00000003989;4059669140585
20251124 000000;0.00000003989;0.00000004763;0.00000003699;0.00000003805;2058956219793
20251125 000000;0.00000003805;0.00000004456;0.00000003667;0.00000003892;1958795371435
20251126 000000;0.00000003892;0.0000000408;0.00000003449;0.000000037;1835339669636
20251127 000000;0.000000037;0.00000004871;0.00000003648;0.00000004261;1999893668125
20251128 000000;0.00000004261;0.00000004845;0.000000035;0.00000003899;817631130230
20251129 000000;0.00000003899;0.0000000415;0.00000003384;0.000000034;1142282524746
20251130 000000;0.000000034;0.00000003677;0.0000000339;0.000000035;980876408309
20251201 000000;0.000000035;0.000000038;0.000000034;0.0000000376;1393084188589
20251202 000000;0.0000000376;0.00000003837;0.00000003192;0.000000034;1455187307446
20251203 000000;0.000000034;0.00000003431;0.0000000295;0.000000034;1291308045598
20251204 000000;0.000000034;0.00000003478;0.00000003083;0.00000003138;60900357780
20251205 000000;0.00000003138;0.00000003478;0.000000029;0.00000003165;99398635684
20251206 000000;0.00000003165;0.00000003165;0.00000002396;0.00000002832;548772286655
20251207 000000;0.00000002832;0.000000032;0.00000002554;0.00000002779;202960411402
20251208 000000;0.00000002779;0.00000002928;0.00000002705;0.00000002776;106120505136
20251209 000000;0.00000002776;0.000000028;0.00000002566;0.00000002786;153149290226
20251210 000000;0.00000002786;0.00000002895;0.00000002507;0.00000002629;226133361166
20251211 000000;0.00000002629;0.00000002774;0.000000024;0.00000002601;127502906295
20251212 000000;0.00000002601;0.00000002743;0.000000024;0.0000000247;70520117118
20251213 000000;0.0000000247;0.00000002582;0.00000002302;0.00000002354;73330579569
20251214 000000;0.00000002354;0.000000026;0.00000002183;0.00000002362;139426741066
20251215 000000;0.00000002362;0.00000002469;0.00000002213;0.00000002339;421764237647
20251216 000000;0.00000002339;0.00000002443;0.00000002263;0.00000002411;128645455964
20251217 000000;0.00000002411;0.00000002411;0.00000002273;0.00000002273;40818038024
20251218 000000;0.00000002273;0.00000002292;0.00000002091;0.00000002115;130042395420
20251219 000000;0.00000002115;0.00000002257;0.00000001974;0.00000002254;72192509927
20251220 000000;0.00000002254;0.00000002258;0.00000002044;0.00000002174;37571717018
20251221 000000;0.00000002174;0.00000002303;0.00000002161;0.00000002202;21185921581
20251222 000000;0.00000002202;0.0000000225;0.00000002106;0.00000002188;27326444548
20251223 000000;0.00000002188;0.00000002188;0.00000002126;0.00000002176;20279516429
20251224 000000;0.00000002176;0.0000000233;0.00000002107;0.00000002194;62663587872
20251225 000000;0.00000002194;0.00000002288;0.00000002106;0.00000002157;92569778976
20251226 000000;0.00000002157;0.000000023;0.00000002117;0.00000002171;96130201247
20251227 000000;0.00000002171;0.00000002192;0.00000002104;0.00000002158;30383088181
20251228 000000;0.00000002158;0.00000002195;0.00000002107;0.00000002118;16613527145
20251229 000000;0.00000002118;0.00000002302;0.00000002108;0.00000002125;119145488101
20251230 000000;0.00000002125;0.00000002179;0.00000001852;0.00000001896;108240506692
20251231 000000;0.00000001896;0.00000002051;0.00000001851;0.00000001901;89287734744
