20260101 000000;0.00000001901;0.00000002047;0.00000001854;0.00000001929;80272951546
20260102 000000;0.00000001929;0.00000002095;0.00000001919;0.00000002041;28298453813
20260103 000000;0.00000002041;0.00000002269;0.00000002041;0.00000002264;91411150975
20260104 000000;0.00000002264;0.00000002264;0.00000001978;0.000000022;69797363235
20260105 000000;0.000000022;0.00000002251;0.0000000203;0.0000000225;85318243706
20260106 000000;0.0000000225;0.00000002764;0.00000002239;0.00000002764;108221332181
20260107 000000;0.00000002764;0.00000002764;0.00000002446;0.00000002575;43041120026
20260108 000000;0.00000002575;0.00000002642;0.00000002307;0.00000002307;30632730191
20260109 000000;0.00000002307;0.0000000245;0.00000002254;0.00000002388;98309515921
20260110 000000;0.00000002388;0.00000002401;0.00000002054;0.00000002174;108971278249
20260111 000000;0.00000002174;0.00000002238;0.0000000212;0.0000000212;24621134967
20260112 000000;0.0000000212;0.00000002282;0.000000021;0.000000021;80455144939
20260113 000000;0.000000021;0.00000002262;0.000000018;0.0000000215;446627339192
20260114 000000;0.0000000215;0.000000028;0.00000002102;0.00000002308;236278196695
20260115 000000;0.00000002308;0.000000026;0.000000021;0.00000002471;219126406557
20260116 000000;0.00000002471;0.000000031;0.00000002295;0.00000002904;307961093614
20260117 000000;0.00000002904;0.0000000365;0.00000002763;0.00000002913;144648601414
20260118 000000;0.00000002913;0.00000003269;0.00000002823;0.00000002845;145625312679
20260119 000000;0.00000002845;0.00000002905;0.000000024;0.00000002658;122222931546
20260120 000000;0.00000002658;0.00000002739;0.00000002457;0.00000002457;44767537327
20260121 000000;0.00000002457;0.00000002655;0.00000002457;0.00000002604;75331874384
20260122 000000;0.00000002604;0.00000002777;0.00000002531;0.00000002701;36821128504
20260123 000000;0.00000002701;0.0000000287;0.000000025;0.00000002573;163110069134
20260124 000000;0.00000002573;0.00000002632;0.00000002457;0.00000002474;78171062201
20260125 000000;0.00000002474;0.00000002589;0.00000002291;0.00000002291;64530179912
20260126 000000;0.00000002291;0.00000002403;0.000000021;0.00000002335;68517000583
20260127 000000;0.00000002335;0.00000002382;0.00000002;0.00000002144;189306581901
20260128 000000;0.00000002144;0.00000002355;0.00000002084;0.00000002225;43162418132
20260129 000000;0.00000002225;0.0000000232;0.00000002134;0.00000002219;14144170938
20260130 000000;0.00000002219;0.00000002333;0.00000002092;0.00000002241;82710499139
20260131 000000;0.00000002241;0.0000000238;0.00000002107;0.00000002187;47505402966
20260201 000000;0.00000002187;0.00000002262;0.000000021;0.00000002169;60897687876
20260202 000000;0.00000002169;0.00000002169;0.00000002002;0.0000000205;55380466311
20260203 000000;0.0000000205;0.0000000205;0.00000001883;0.00000001993;67652501270
20260204 000000;0.00000001993;0.00000001995;0.00000001861;0.00000001897;20858863191
20260205 000000;0.00000001897;0.00000002142;0.0000000181;0.00000001835;101589359983
20260206 000000;0.00000001835;0.00000001955;0.00000001634;0.0000000178;85729706009
20260207 000000;0.0000000178;0.0000000197;0.00000001779;0.00000001845;74333432006
20260208 000000;0.00000001845;0.00000001971;0.00000001845;0.00000001882;15067578383
20260209 000000;0.00000001882;0.00000001893;0.00000001752;0.00000001844;94716735683
20260210 000000;0.00000001844;0.00000001894;0.00000001684;0.0000000175;170097522451
20260211 000000;0.0000000175;0.0000000175;0.00000001267;0.00000001601;64943237926
20260212 000000;0.00000001601;0.00000001697;0.00000001384;0.00000001551;65035723524
20260213 000000;0.00000001551;0.000000019;0.00000001538;0.00000001787;44712453140
20260214 000000;0.00000001787;0.0000000364;0.000000016;0.000000019;4592829073994
20260215 000000;0.000000019;0.000000025;0.00000001704;0.00000002077;1379286004929
20260216 000000;0.00000002077;0.0000000273;0.00000001995;0.00000002149;896707535065
20260217 000000;0.00000002149;0.00000002215;0.0000000214;0.00000002189;1961850552404
20260218 000000;0.00000002189;0.00000002399;0.00000002188;0.00000002327;1545825254438
20260219 000000;0.00000002327;0.00000007;0.00000002308;0.000000033;2530199986772
20260220 000000;0.000000033;0.00000003498;0.00000002988;0.0000000311;567123353753
20260221 000000;0.0000000311;0.00000003517;0.00000002964;0.00000003503;765455473784
20260222 000000;0.00000003503;0.0000000384;0.00000003468;0.0000000361;2416837156069
20260223 000000;0.0000000361;0.0000000361;0.0000000297;0.000000031;672939132694
20260224 000000;0.000000031;0.0000000315;0.000000025;0.000000029;1858348815170
20260225 000000;0.000000029;0.00000003205;0.00000002624;0.000000027;1647699204378
20260226 000000;0.000000027;0.0000000284;0.00000002501;0.00000002828;2603253644628
20260227 000000;0.00000002828;0.00000002895;0.00000002482;0.00000002559;2298765558852
20260228 000000;0.00000002559;0.00000002577;0.00000002323;0.000000025;943646212128
20260301 000000;0.000000025;0.0000000279;0.00000002499;0.0000000277;3187472629627
20260302 000000;0.0000000277;0.00000002799;0.00000002764;0.00000002787;2168605390989
20260303 000000;0.00000002787;0.00000003375;0.00000002659;0.00000002999;1954899732639
20260304 000000;0.00000002999;0.00000006;0.00000002991;0.00000005712;649963519523
20260305 000000;0.00000005712;0.00000006476;0.00000004149;0.00000004833;567586212648
20260306 000000;0.00000004833;0.000000075;0.00000004832;0.00000006522;913298705211
20260307 000000;0.00000006522;0.00000007499;0.00000006285;0.0000000677;548590963489
20260308 000000;0.0000000677;0.0000000677;0.000000044;0.00000005587;468968276368
20260309 000000;0.00000005587;0.0000000613;0.00000005586;0.000000058;1025821592406
20260310 000000;0.000000058;0.00000006302;0.00000005765;0.00000006012;1017785855352
20260311 000000;0.00000006012;0.00000006268;0.00000005599;0.000000056;778505883290
20260312 000000;0.000000056;0.000000056;0.00000002988;0.000000038;2091218936717
20260313 000000;0.000000038;0.0000000383;0.00000003;0.00000003668;1568894339203
20260314 000000;0.00000003668;0.0000000385;0.00000003503;0.00000003702;1794236255064
20260315 000000;0.00000003702;0.0000000508;0.00000003701;0.00000004397;2033948739577
20260316 000000;0.00000004397;0.00000005;0.00000003819;0.000000045;853091535656
20260317 000000;0.000000045;0.00000004968;0.00000004475;0.00000004968;467835047738
20260318 000000;0.00000004968;0.0000000517;0.00000004948;0.0000000516;466005702785
20260319 000000;0.0000000516;0.0000000516;0.000000039;0.0000000449;476409922290
20260320 000000;0.0000000449;0.00000004549;0.00000004472;0.00000004536;504650146180
20260321 000000;0.00000004536;0.00000004789;0.00000004359;0.0000000455;682266317123
20260322 000000;0.0000000455;0.00000004624;0.00000004473;0.000000045;814716568995
20260323 000000;0.000000045;0.00000004522;0.00000004147;0.0000000415;1181474453433
20260324 000000;0.0000000415;0.00000004183;0.0000000408;0.0000000415;1021084723495
20260325 000000;0.0000000415;0.00000004202;0.00000004;0.00000004175;406774997208
20260326 000000;0.00000004175;0.00000004894;0.00000004175;0.0000000431;502500154189
20260327 000000;0.0000000431;0.0000000431;0.00000003797;0.0000000389;668252139166
20260328 000000;0.0000000389;0.0000000389;0.00000003651;0.0000000378;1066025829510
20260329 000000;0.0000000378;0.00000004121;0.00000003598;0.000000036;1724301069209
20260330 000000;0.000000036;0.0000000394;0.00000003592;0.0000000365;1859864224272
20260331 000000;0.0000000365;0.00000003823;0.00000003649;0.00000003822;1641674384910
20260401 000000;0.00000003822;0.00000003823;0.00000003574;0.00000003653;1651705788866
20260402 000000;0.00000003653;0.00000003724;0.00000003645;0.00000003702;943204011888
20260403 000000;0.00000003702;0.00000003736;0.00000003701;0.00000003723;867905407349
20260404 000000;0.00000003723;0.00000003723;0.00000003308;0.000000034;409403683831
20260405 000000;0.000000034;0.000000034;0.00000003093;0.000000031;712423912845
20260406 000000;0.000000031;0.00000003215;0.00000002766;0.00000003215;761212940315
20260407 000000;0.00000003215;0.00000003328;0.00000003208;0.0000000331;1769344981703
20260408 000000;0.0000000331;0.00000003436;0.00000003303;0.00000003401;1733982876128
20260409 000000;0.00000003401;0.00000003907;0.00000003394;0.000000039;1758404581205
20260410 000000;0.000000039;0.000000039;0.00000003534;0.000000037;700749470603
20260411 000000;0.000000037;0.000000037;0.00000003286;0.00000003329;1199949143200
20260412 000000;0.00000003329;0.000000035;0.00000003291;0.000000034;1693976367510
20260413 000000;0.000000034;0.000000036;0.00000003188;0.0000000322;1532339014037
20260414 000000;0.0000000322;0.00000003402;0.000000028;0.000000033;1093707590939
20260415 000000;0.000000033;0.00000003588;0.00000003093;0.000000031;1933588959862
20260416 000000;0.000000031;0.00000003499;0.00000003099;0.00000003299;994881440375
20260417 000000;0.00000003299;0.0000000391;0.00000003099;0.0000000329;1126576040401
20260418 000000;0.0000000329;0.00000003304;0.00000003199;0.0000000329;1806458542610
20260419 000000;0.0000000329;0.000000033;0.00000003289;0.000000033;1646220416337
20260420 000000;0.000000033;0.00000003417;0.000000033;0.00000003415;1503643297444
20260421 000000;0.00000003415;0.00000003456;0.00000003414;0.00000003455;1668202250384
20260422 000000;0.00000003455;0.00000003851;0.00000003441;0.00000003612;1593274224741
20260423 000000;0.00000003612;0.00000003612;0.00000003499;0.00000003499;624232797208
20260424 000000;0.00000003499;0.000000035;0.00000002988;0.00000003246;539689836026
20260425 000000;0.00000003246;0.00000003306;0.00000003245;0.000000033;1176136596055
20260426 000000;0.000000033;0.00000003674;0.00000003293;0.0000000341;2238183731219
20260427 000000;0.0000000341;0.0000000342;0.00000003298;0.000000033;2170628279143
20260428 000000;0.000000033;0.0000000341;0.00000003273;0.000000033;1534152742239
20260429 000000;0.000000033;0.00000003326;0.00000003069;0.00000003086;276056518158
20260430 000000;0.00000003086;0.00000003212;0.00000002502;0.0000000281;1423175683801
20260501 000000;0.0000000281;0.0000000295;0.00000002809;0.0000000282;2386607983528
20260502 000000;0.0000000282;0.00000002845;0.00000002808;0.00000002828;2405362608894
20260503 000000;0.00000002828;0.00000002944;0.00000002822;0.00000002942;2172443971617
20260504 000000;0.00000002942;0.00000003495;0.00000002912;0.00000002964;2649185140426
20260505 000000;0.00000002964;0.00000003344;0.00000002952;0.0000000311;2934783600076
20260506 000000;0.0000000311;0.00000003231;0.00000003103;0.0000000311;1589406292538
20260507 000000;0.0000000311;0.00000003128;0.00000003085;0.00000003109;1524152990163
20260508 000000;0.00000003109;0.00000003109;0.00000002939;0.00000002951;1050526918703
20260509 000000;0.00000002951;0.00000003016;0.0000000292;0.00000002988;2125143021503
20260510 000000;0.00000002988;0.000000032;0.00000002923;0.00000002929;2839840489503
20260511 000000;0.00000002929;0.00000002934;0.00000002917;0.00000002934;2087328042606
20260512 000000;0.00000002934;0.0000000295;0.00000002921;0.00000002949;3292175060167
20260513 000000;0.00000002949;0.00000003042;0.00000002949;0.0000000303;3443238122466
20260514 000000;0.0000000303;0.00000003031;0.00000002929;0.0000000293;2936165281356
20260515 000000;0.0000000293;0.00000002936;0.00000002735;0.00000002735;2283494978868
20260516 000000;0.00000002735;0.00000002822;0.00000002472;0.0000000276;1627173600722
20260517 000000;0.0000000276;0.00000002764;0.00000002759;0.0000000276;3941041226732
20260518 000000;0.0000000276;0.0000000276;0.00000002459;0.0000000246;4382433546277
20260519 000000;0.0000000246;0.0000000285;0.00000002389;0.00000002641;3551756279670
20260520 000000;0.00000002641;0.00000002641;0.000000025;0.00000002555;2589196377956
20260521 000000;0.00000002555;0.0000000263;0.00000002549;0.0000000263;3519632315681
20260522 000000;0.0000000263;0.0000000289;0.00000002619;0.0000000263;3331391262115
20260523 000000;0.0000000263;0.00000002635;0.00000002619;0.0000000263;4305233779243
20260524 000000;0.0000000263;0.00000002635;0.00000002614;0.00000002634;3044419850211
20260525 000000;0.00000002634;0.00000002634;0.00000002619;0.00000002619;973113729873
20260526 000000;0.00000002619;0.0000000262;0.00000002596;0.00000002602;1502342068465
20260527 000000;0.00000002602;0.00000002602;0.00000002539;0.0000000254;2197753762710
20260528 000000;0.0000000254;0.0000000261;0.00000002499;0.00000002602;2649278951288
20260529 000000;0.00000002602;0.00000002628;0.00000002596;0.00000002602;4117731965593
20260530 000000;0.00000002602;0.00000002602;0.00000002589;0.0000000259;4272786655967
20260531 000000;0.0000000259;0.0000000259;0.0000000258;0.0000000259;3233471096573
20260601 000000;0.0000000259;0.000000026;0.00000002568;0.0000000257;4206493791851
20260602 000000;0.0000000257;0.0000000257;0.00000001999;0.00000002134;3332369334943
20260603 000000;0.00000002134;0.00000002596;0.00000002095;0.0000000228;1970264118172
20260604 000000;0.0000000228;0.0000000232;0.0000000228;0.0000000229;3415771915762
20260605 000000;0.0000000229;0.0000000232;0.00000002284;0.00000002284;4276096851744
20260606 000000;0.00000002284;0.00000002284;0.00000002283;0.00000002284;2782635234369
20260607 000000;0.00000002284;0.00000002379;0.00000002274;0.00000002293;4770138641256
20260608 000000;0.00000002293;0.00000002308;0.00000002292;0.00000002302;4904651168601
20260609 000000;0.00000002302;0.00000002322;0.00000002301;0.00000002315;4070937787259
20260610 000000;0.00000002315;0.00000002332;0.00000002307;0.00000002315;2356342488939
20260611 000000;0.00000002315;0.0000000335;0.00000002275;0.0000000228;1917575651142
20260612 000000;0.0000000228;0.00000002499;0.00000002275;0.0000000228;2472018628429
20260613 000000;0.0000000228;0.00000002284;0.00000002278;0.0000000228;2410720683126
20260614 000000;0.0000000228;0.0000000228;0.0000000209;0.000000021;1421025422541
20260615 000000;0.000000021;0.00000002184;0.00000002099;0.00000002171;1661975289682
20260616 000000;0.00000002171;0.000000025;0.0000000217;0.00000002249;993768086066
20260617 000000;0.00000002249;0.00000002249;0.00000002047;0.0000000215;1283305873753
20260618 000000;0.0000000215;0.00000002174;0.00000002145;0.0000000215;1919688304813
20260619 000000;0.0000000215;0.00000002158;0.00000002145;0.0000000215;2610335627199
20260620 000000;0.0000000215;0.0000000246;0.00000002145;0.0000000215;1134059708742
