20241021 000000;0.007;0.04438;0.007;0.03654;42671314.21
20241022 000000;0.03654;0.04399;0.02671;0.03677;22458217.17
20241023 000000;0.03677;0.06763;0.0296;0.05839;42371584
20241024 000000;0.05839;0.08028;0.04576;0.04925;48189413.85
20241025 000000;0.04925;0.07047;0.03417;0.0441;61012007.36
20241026 000000;0.0441;0.0715;0.04105;0.04785;38111462.19
20241027 000000;0.04785;0.05226;0.0294;0.02966;44937942.07
20241028 000000;0.02966;0.04241;0.02222;0.02329;75875338.1
20241029 000000;0.02329;0.038;0.0207;0.02723;90379688.53
20241030 000000;0.02723;0.02737;0.01978;0.02354;74269648.38
20241031 000000;0.02354;0.032;0.02128;0.0254;63108872.25
20241101 000000;0.0254;0.03828;0.02327;0.03451;46469702.83
20241102 000000;0.03451;0.04099;0.02259;0.02464;45491883.12
20241103 000000;0.02464;0.03749;0.02032;0.03398;58166108.79
20241104 000000;0.03398;0.0452;0.03018;0.04418;37487127.12
20241105 000000;0.04418;0.06308;0.03621;0.05981;44803071.32
20241106 000000;0.05981;0.07108;0.04619;0.06215;47758311.1
20241107 000000;0.06215;0.098;0.05417;0.08475;36705451.79
20241108 000000;0.08475;0.09798;0.07099;0.07747;27207523.86
20241109 000000;0.07747;0.11445;0.07306;0.106;26938585.36
20241110 000000;0.106;0.14788;0.09899;0.1388;28228761.21
20241111 000000;0.1388;0.16724;0.10736;0.137;23362291.83
20241112 000000;0.137;0.18355;0.10418;0.1515;27234200.47
20241113 000000;0.1515;0.19992;0.13233;0.18553;19961904.04
20241114 000000;0.18553;0.27037;0.16883;0.19031;21004563.58
20241115 000000;0.19031;0.30491;0.17399;0.248;17341934.22
20241116 000000;0.248;0.33338;0.23555;0.30701;11512737.81
20241117 000000;0.30701;0.385;0.28536;0.34552;14035496.71
20241118 000000;0.34552;0.398;0.27927;0.32478;13305576.04
20241119 000000;0.32478;0.35924;0.24396;0.27078;17076557.2
20241120 000000;0.27078;0.32;0.205;0.29784;19803055.78
20241121 000000;0.29784;0.44894;0.26;0.39674;13665048.86
20241122 000000;0.39674;0.41045;0.32101;0.32546;7636620.47
20241123 000000;0.32546;0.36;0.2533;0.31047;11435919.57
20241124 000000;0.31047;0.39375;0.28907;0.3744;8268553.4
20241125 000000;0.3744;0.38876;0.2786;0.30583;9186935.75
20241126 000000;0.30583;0.37;0.271;0.3427;8926388.45
20241127 000000;0.3427;0.42;0.32102;0.36062;6005641.47
20241128 000000;0.36062;0.36657;0.31301;0.3352;4768385.51
20241129 000000;0.3352;0.38384;0.32504;0.34924;5667077.86
20241130 000000;0.34924;0.35181;0.251;0.26536;9602263.34
20241201 000000;0.26536;0.27345;0.2125;0.21522;12758857.18
20241202 000000;0.21522;0.22852;0.16065;0.19444;25283326.18
20241203 000000;0.19444;0.22333;0.1461;0.1856;21655746.17
20241204 000000;0.1856;0.24;0.16206;0.16791;14475344.45
20241205 000000;0.16791;0.22065;0.1512;0.20529;13551658.33
20241206 000000;0.20529;0.27704;0.19996;0.22427;8904984.57
20241207 000000;0.22427;0.23198;0.17375;0.2022;13710787.87
20241208 000000;0.2022;0.34394;0.193;0.3108;12613270.94
20241209 000000;0.3108;0.388;0.2636;0.33952;12078679.44
20241210 000000;0.33952;0.41225;0.26555;0.37967;10797539.81
20241211 000000;0.37967;0.6;0.37634;0.53468;11480365.48
20241212 000000;0.53468;0.6157;0.46794;0.61;5409237.32
20241213 000000;0.61;0.77;0.57808;0.69135;7291541.17
20241214 000000;0.69135;0.775;0.55134;0.6492;6143993.18
20241215 000000;0.6492;0.86937;0.56168;0.81925;5459436.11
20241216 000000;0.81925;0.92339;0.745;0.788;4878796.88
20241217 000000;0.788;0.92291;0.7;0.8157;4312268.36
20241218 000000;0.8157;1.02;0.73501;0.80344;8273533.38
20241219 000000;0.80344;1.26199;0.70221;1.0974;14152994.97
20241220 000000;1.0974;1.3;0.907;1.05327;17559676.24
20241221 000000;1.05327;1.09316;0.75296;0.79753;13835961.38
20241222 000000;0.79753;0.83837;0.6897;0.6984;5587737.75
20241223 000000;0.6984;0.88294;0.57581;0.80263;15268441.87
20241224 000000;0.80263;1.28688;0.72037;1.21329;10639099.8
20241225 000000;1.21329;1.29913;1.10825;1.18796;7550474.61
20241226 000000;1.18796;1.18979;0.88;0.97987;6122933.22
20241227 000000;0.97987;1.13735;0.86507;0.87641;4778424.23
20241228 000000;0.87641;1.045;0.82982;0.98481;3974202.89
20241229 000000;0.98481;1.03;0.80117;0.86582;3463027.09
20241230 000000;0.86582;0.97984;0.74898;0.87924;4282431.71
20241231 000000;0.87924;1.08908;0.81333;0.93503;4447614.55
