20240615 000000;0.000000065;0.0000001776;0.000000065;0.0000000986;4220504735398
20240616 000000;0.0000000986;0.0000001789;0.0000000735;0.0000001594;10502096859356
20240617 000000;0.0000001594;0.0000001695;0.0000000974;0.000000102;6898634018614
20240618 000000;0.000000102;0.0000001242;0.0000000864;0.0000000959;6169914744490
20240619 000000;0.0000000959;0.0000001407;0.0000000911;0.000000111;5766911163838
20240620 000000;0.000000111;0.0000001186;0.000000088;0.0000000989;4611436466227
20240621 000000;0.0000000989;0.0000001156;0.000000089;0.0000001068;4530891401264
20240622 000000;0.0000001068;0.00000012;0.0000000945;0.000000105;4114645914498
20240623 000000;0.000000105;0.000000132;0.000000095;0.0000000966;4281496020944
20240624 000000;0.0000000966;0.0000001038;0.000000075;0.0000000866;8281050694279
20240625 000000;0.0000000866;0.000000099;0.0000000781;0.0000000803;6427723573305
20240626 000000;0.0000000803;0.000000084;0.0000000523;0.0000000696;9729314576774
20240627 000000;0.0000000696;0.0000000774;0.0000000524;0.0000000532;5261534599026
20240628 000000;0.0000000532;0.0000001093;0.0000000458;0.0000000998;12284887409253
20240629 000000;0.0000000998;0.000000209;0.0000000962;0.0000001547;18871894821443
20240630 000000;0.0000001547;0.00000026;0.0000001394;0.0000002488;15969261649991
20240701 000000;0.0000002488;0.000000296;0.0000002018;0.0000002259;12413522930812
20240702 000000;0.0000002259;0.0000002503;0.0000002021;0.0000002128;6816637133861
20240703 000000;0.0000002128;0.000000215;0.0000001682;0.0000001716;11460599849649
20240704 000000;0.0000001716;0.0000002578;0.0000001697;0.000000229;17255198387581
20240705 000000;0.000000229;0.0000002432;0.0000001712;0.000000192;14072727363460
20240706 000000;0.000000192;0.0000002043;0.0000001691;0.0000001993;10397748589249
20240707 000000;0.0000001993;0.0000002421;0.00000018;0.0000001858;10933347167158
20240708 000000;0.0000001858;0.000000222;0.0000001707;0.0000002065;8370697294998
20240709 000000;0.0000002065;0.000000275;0.0000001934;0.0000002648;13187361643553
20240710 000000;0.0000002648;0.00000035;0.0000002501;0.0000003265;18256992886195
20240711 000000;0.0000003265;0.000000398;0.0000002937;0.0000003207;11830040698781
20240712 000000;0.0000003207;0.000000344;0.0000002977;0.000000309;8714607758977
20240713 000000;0.000000309;0.0000003188;0.0000002458;0.0000002643;9691713510471
20240714 000000;0.0000002643;0.0000003112;0.0000002449;0.0000002659;6802468098226
20240715 000000;0.0000002659;0.0000003023;0.000000252;0.0000002878;9935951670831
20240716 000000;0.0000002878;0.0000003131;0.0000002621;0.0000002861;9491481883555
20240717 000000;0.0000002861;0.000000369;0.0000002819;0.0000003425;11544657508522
20240718 000000;0.0000003425;0.0000003873;0.000000337;0.0000003719;9370365980941
20240719 000000;0.0000003719;0.0000003972;0.0000003266;0.0000003812;7447955437007
20240720 000000;0.0000003812;0.0000003829;0.0000003376;0.0000003475;5726816136671
20240721 000000;0.0000003475;0.0000003781;0.0000003257;0.0000003436;5775957447535
20240722 000000;0.0000003436;0.0000003552;0.0000002815;0.0000002999;6297307318399
20240723 000000;0.0000002999;0.0000003233;0.0000002816;0.0000003221;6419409640396
20240724 000000;0.0000003221;0.000000345;0.0000002926;0.0000003366;5195538193121
20240725 000000;0.0000003366;0.0000003377;0.0000002965;0.0000003191;6047333886693
20240726 000000;0.0000003191;0.0000003553;0.000000318;0.0000003306;4761337443058
20240727 000000;0.0000003306;0.0000003306;0.0000002799;0.0000002829;4194083254410
20240728 000000;0.0000002829;0.0000002868;0.000000238;0.0000002547;5105174932781
20240729 000000;0.0000002547;0.0000002867;0.0000002435;0.0000002537;4948130557256
20240730 000000;0.0000002537;0.000000293;0.0000002484;0.0000002585;4169209178233
20240731 000000;0.0000002585;0.0000002744;0.0000002074;0.00000021;6270067576036
20240801 000000;0.00000021;0.0000002244;0.0000001844;0.0000002194;8051260392471
20240802 000000;0.0000002194;0.0000002285;0.0000001777;0.0000001831;5180150817359
20240803 000000;0.0000001831;0.0000001939;0.0000001565;0.0000001622;4185462174001
20240804 000000;0.0000001622;0.0000001719;0.0000001375;0.000000156;7841657451591
20240805 000000;0.000000156;0.000000203;0.000000108;0.0000001799;17863706288249
20240806 000000;0.0000001799;0.0000002118;0.000000175;0.0000001776;7240837913421
20240807 000000;0.0000001776;0.0000002061;0.000000153;0.0000001541;8743712999365
20240808 000000;0.0000001541;0.0000001845;0.0000001511;0.0000001795;5885492758590
20240809 000000;0.0000001795;0.0000001795;0.0000001519;0.0000001622;4453958835769
20240810 000000;0.0000001622;0.0000001622;0.0000001472;0.000000158;3774190366889
20240811 000000;0.000000158;0.000000175;0.0000001461;0.0000001472;5038599419496
20240812 000000;0.0000001472;0.0000001623;0.0000001397;0.0000001507;4799861614710
20240813 000000;0.0000001507;0.0000001511;0.0000001373;0.0000001447;4546891303247
20240814 000000;0.0000001447;0.0000001474;0.000000132;0.000000133;4846824706672
20240815 000000;0.000000133;0.0000001581;0.00000012;0.0000001234;7645970034744
20240816 000000;0.0000001234;0.0000001297;0.0000001136;0.0000001248;8574124349746
20240817 000000;0.0000001248;0.0000001599;0.0000001229;0.0000001527;5475867883578
20240818 000000;0.0000001527;0.000000154;0.0000001399;0.0000001453;5535073339384
20240819 000000;0.0000001453;0.0000001506;0.0000001321;0.0000001393;5073761943385
20240820 000000;0.0000001393;0.000000154;0.0000001328;0.000000134;4838450282678
20240821 000000;0.000000134;0.0000001359;0.000000126;0.0000001286;4371384445027
20240822 000000;0.0000001286;0.0000001388;0.0000001253;0.0000001312;3695518275580
20240823 000000;0.0000001312;0.0000001495;0.0000001216;0.0000001416;7707070742928
20240824 000000;0.0000001416;0.0000001759;0.0000001361;0.0000001683;9108154385998
20240825 000000;0.0000001683;0.000000179;0.0000001512;0.000000159;6581130857724
20240826 000000;0.000000159;0.0000001642;0.0000001385;0.0000001401;4733344952967
20240827 000000;0.0000001401;0.0000001439;0.0000001244;0.0000001297;2733253813812
20240828 000000;0.0000001297;0.0000001376;0.0000001225;0.0000001287;3002602509803
20240829 000000;0.0000001287;0.0000001471;0.0000001269;0.0000001292;2813963744713
20240830 000000;0.0000001292;0.0000001342;0.0000001158;0.0000001225;4917759353148
20240831 000000;0.0000001225;0.0000001263;0.0000001207;0.0000001239;1774968345836
20240901 000000;0.0000001239;0.0000001244;0.0000001086;0.0000001095;3260786133182
20240902 000000;0.0000001095;0.000000132;0.0000001088;0.0000001175;3485556616341
20240903 000000;0.0000001175;0.0000001196;0.000000105;0.0000001063;2230158335125
20240904 000000;0.0000001063;0.00000012;0.0000000989;0.0000001145;3129408224676
20240905 000000;0.0000001145;0.0000001155;0.0000001073;0.0000001085;4307721280480
20240906 000000;0.0000001085;0.0000001157;0.0000000964;0.0000000987;5676871628589
20240907 000000;0.0000000987;0.0000001201;0.000000096;0.0000001107;4604356970142
20240908 000000;0.0000001107;0.0000001383;0.0000001104;0.00000012208;5726454954982
20240909 000000;0.00000012208;0.00000013492;0.00000011898;0.00000012673;3860774062664
20240910 000000;0.00000012673;0.0000001288;0.00000012017;0.0000001235;4162198455688
20240911 000000;0.0000001235;0.00000012365;0.00000010579;0.00000011092;4704247745212
20240912 000000;0.00000011092;0.00000011475;0.00000010993;0.00000011185;3792819389072
20240913 000000;0.00000011185;0.0000001194;0.00000010981;0.00000011754;3453028282919
20240914 000000;0.00000011754;0.00000012305;0.00000011139;0.00000011767;2797919609304
20240915 000000;0.00000011767;0.00000012055;0.00000010571;0.00000010674;3464762010465
20240916 000000;0.00000010674;0.00000010681;0.0000001;0.00000010477;4411656220785
20240917 000000;0.00000010477;0.00000012;0.00000010322;0.00000011057;4455446263406
20240918 000000;0.00000011057;0.00000011773;0.00000010442;0.00000011659;4652634211403
20240919 000000;0.00000011659;0.0000001769;0.00000011123;0.00000014663;11728601963965
20240920 000000;0.00000014663;0.0000001834;0.00000014235;0.000000166;12254403968689
20240921 000000;0.000000166;0.000000166;0.00000014721;0.00000015958;4158681761817
20240922 000000;0.00000015958;0.00000016;0.00000014079;0.00000014913;2996250261127
20240923 000000;0.00000014913;0.00000017084;0.00000014443;0.00000015385;3683330382822
20240924 000000;0.00000015385;0.00000016731;0.0000001456;0.00000016442;4054256088281
20240925 000000;0.00000016442;0.00000017;0.00000015186;0.00000015331;2947105578278
20240926 000000;0.00000015331;0.00000020471;0.0000001497;0.00000019386;8336109911898
20240927 000000;0.00000019386;0.00000022772;0.00000019386;0.000000207;6462560949101
20240928 000000;0.000000207;0.00000021445;0.0000001896;0.00000019874;3337284110452
20240929 000000;0.00000019874;0.00000021264;0.00000018648;0.00000018975;4447560802437
20240930 000000;0.00000018975;0.00000021132;0.00000017772;0.00000018016;4052469123800
20241001 000000;0.00000018016;0.00000020672;0.00000015526;0.00000016488;5941971907672
20241002 000000;0.00000016488;0.000000195;0.00000015461;0.00000015709;4068978149341
20241003 000000;0.00000015709;0.000000166;0.00000014612;0.00000015624;2363967115071
20241004 000000;0.00000015624;0.00000018323;0.00000015526;0.00000017513;2709239113487
20241005 000000;0.00000017513;0.00000018245;0.00000016492;0.00000016944;1990741109294
20241006 000000;0.00000016944;0.0000001811;0.00000016322;0.00000016961;3522397715153
20241007 000000;0.00000016961;0.00000018698;0.000000165;0.00000016549;5534582222272
20241008 000000;0.00000016549;0.00000016803;0.0000001471;0.00000015147;4835775900200
20241009 000000;0.00000015147;0.0000001538;0.00000012964;0.00000013205;4947548922126
20241010 000000;0.00000013205;0.00000014171;0.000000125;0.0000001325;2218510373817
20241011 000000;0.0000001325;0.00000015168;0.00000012993;0.00000013925;2918059061217
20241012 000000;0.00000013925;0.00000016001;0.00000013882;0.00000015277;3535429523138
20241013 000000;0.00000015277;0.000000155;0.000000138;0.00000014601;3181707608396
20241014 000000;0.00000014601;0.00000017637;0.00000014287;0.000000172;5039836645888
20241015 000000;0.000000172;0.0000001789;0.0000001535;0.00000016113;3553479406857
20241016 000000;0.00000016113;0.00000017858;0.000000155;0.00000016127;3270570668252
20241017 000000;0.00000016127;0.000000163;0.000000145;0.00000015081;2488097009635
20241018 000000;0.00000015081;0.0000001634;0.00000014882;0.0000001586;2597370713008
20241019 000000;0.0000001586;0.00000016092;0.00000014681;0.00000014973;2499523976433
20241020 000000;0.00000014973;0.00000015609;0.0000001463;0.00000015503;1725956325113
20241021 000000;0.00000015503;0.00000015773;0.0000001394;0.00000014097;2484045799231
20241022 000000;0.00000014097;0.00000014362;0.0000001304;0.00000013657;2126405414053
20241023 000000;0.00000013657;0.00000013733;0.00000012445;0.00000013334;1889893440598
20241024 000000;0.00000013334;0.00000013781;0.00000012851;0.00000013336;1817289923286
20241025 000000;0.00000013336;0.00000013358;0.0000001108;0.00000011635;3214399656624
20241026 000000;0.00000011635;0.00000012534;0.00000011481;0.00000012218;1979724141292
20241027 000000;0.00000012218;0.00000013039;0.0000001195;0.00000012803;1688070443170
20241028 000000;0.00000012803;0.00000013098;0.00000011796;0.00000012372;2988335454048
20241029 000000;0.00000012372;0.0000001416;0.00000012316;0.00000012667;3046922471088
20241030 000000;0.00000012667;0.00000013349;0.0000001226;0.00000012548;1895706709619
20241031 000000;0.00000012548;0.0000001256;0.00000011123;0.00000011334;2592989642782
20241101 000000;0.00000011334;0.00000011495;0.00000010522;0.00000010967;3317407098289
20241102 000000;0.00000010967;0.00000011057;0.00000010378;0.00000010736;2014767786442
20241103 000000;0.00000010736;0.0000001099;0.0000000979;0.00000010609;3084160545273
20241104 000000;0.00000010609;0.0000001086;0.00000009715;0.0000001007;2135035799802
20241105 000000;0.0000001007;0.00000011182;0.00000010065;0.00000010599;2508030436358
20241106 000000;0.00000010599;0.000000128;0.00000010599;0.0000001266;4435286559497
20241107 000000;0.0000001266;0.00000013498;0.00000010372;0.00000011167;8393595565662
20241108 000000;0.00000011167;0.00000011558;0.00000010645;0.00000010814;4204894327722
20241109 000000;0.00000010814;0.00000012;0.00000010626;0.00000011903;3822044429009
20241110 000000;0.00000011903;0.0000001379;0.00000011405;0.00000012782;7943568838171
20241111 000000;0.00000012782;0.0000001748;0.00000012542;0.00000015568;13835415939507
20241112 000000;0.00000015568;0.00000015658;0.000000125;0.00000013845;9591710731651
20241113 000000;0.00000013845;0.0000001666;0.00000011701;0.00000014037;14571286136113
20241114 000000;0.00000014037;0.00000016151;0.00000013175;0.00000013568;12345139074153
20241115 000000;0.00000013568;0.0000001386;0.00000012323;0.00000013409;7273697291185
20241116 000000;0.00000013409;0.000000155;0.00000013167;0.00000014093;5491493671876
20241117 000000;0.00000014093;0.00000014513;0.0000001285;0.00000013178;4473381031704
20241118 000000;0.00000013178;0.0000001363;0.00000011214;0.0000001212;5251263228587
20241119 000000;0.0000001212;0.000000129;0.00000011619;0.00000012296;4821028255293
20241120 000000;0.00000012296;0.00000012474;0.000000106;0.00000011432;5251376899678
20241121 000000;0.00000011432;0.00000013776;0.00000010708;0.00000013327;7846161731969
20241122 000000;0.00000013327;0.000000166;0.00000012777;0.00000015595;9136982346416
20241123 000000;0.00000015595;0.00000016506;0.00000013594;0.00000015009;7225627228773
20241124 000000;0.00000015009;0.00000016;0.000000133;0.00000014507;4611422589810
20241125 000000;0.00000014507;0.00000016;0.00000013034;0.00000013402;4619166334965
20241126 000000;0.00000013402;0.00000014064;0.00000011223;0.00000012283;11564773383608
20241127 000000;0.00000012283;0.000000133;0.00000012029;0.00000013151;4278185437247
20241128 000000;0.00000013151;0.000000133;0.00000012061;0.00000012585;3090847306531
20241129 000000;0.00000012585;0.00000012898;0.00000011748;0.00000012168;4327897693374
20241130 000000;0.00000012168;0.0000001323;0.00000011919;0.00000012897;4155377945323
20241201 000000;0.00000012897;0.00000014758;0.00000012454;0.0000001307;4994122759280
20241202 000000;0.0000001307;0.00000013378;0.00000011602;0.00000012027;4471787249330
20241203 000000;0.00000012027;0.00000012831;0.00000010884;0.00000012353;4782599551458
20241204 000000;0.00000012353;0.00000012746;0.00000011621;0.00000012363;4927119140155
20241205 000000;0.00000012363;0.00000013457;0.00000011661;0.00000012342;6020025748720
20241206 000000;0.00000012342;0.00000017;0.00000012265;0.00000016147;7112944958241
20241207 000000;0.00000016147;0.00000021421;0.0000001541;0.00000019355;11604806367047
20241208 000000;0.00000019355;0.000000227;0.0000001845;0.00000020879;7840795624892
20241209 000000;0.00000020879;0.00000023;0.00000015304;0.0000001711;13365856202566
20241210 000000;0.0000001711;0.00000017869;0.00000013979;0.00000015886;8118112140291
20241211 000000;0.00000015886;0.0000001705;0.00000015122;0.00000016315;4024327942472
20241212 000000;0.00000016315;0.000000185;0.00000015401;0.00000015574;4219025872145
20241213 000000;0.00000015574;0.00000016169;0.00000014144;0.00000015028;3858872921178
20241214 000000;0.00000015028;0.00000015852;0.00000013928;0.00000014399;2443094832017
20241215 000000;0.00000014399;0.000000156;0.00000014036;0.00000014709;2609572009387
20241216 000000;0.00000014709;0.0000001525;0.00000013558;0.00000014338;2897677178798
20241217 000000;0.00000014338;0.00000014685;0.00000012662;0.00000012929;2934980912374
20241218 000000;0.00000012929;0.0000001334;0.000000112;0.00000011986;3303270444946
20241219 000000;0.00000011986;0.00000012277;0.00000010401;0.00000011202;3923640426024
20241220 000000;0.00000011202;0.00000012117;0.000000094;0.00000011763;5986523078238
20241221 000000;0.00000011763;0.000000126;0.00000010236;0.00000010617;3221491031444
20241222 000000;0.00000010617;0.00000011517;0.00000010296;0.0000001082;2959062922372
20241223 000000;0.0000001082;0.00000011893;0.00000010333;0.00000011563;3078025551835
20241224 000000;0.00000011563;0.0000001194;0.0000001087;0.00000011502;2833228429721
20241225 000000;0.00000011502;0.00000011749;0.00000011053;0.00000011295;1702527214305
20241226 000000;0.00000011295;0.000000114;0.00000010351;0.00000010633;3187165376317
20241227 000000;0.00000010633;0.00000011352;0.0000001055;0.00000010736;1866266072391
20241228 000000;0.00000010736;0.00000011;0.000000105;0.00000010933;1604005213788
20241229 000000;0.00000010933;0.00000011011;0.00000009602;0.00000009903;2424305762007
20241230 000000;0.00000009903;0.00000010496;0.00000009268;0.00000009604;3097386219362
20241231 000000;0.00000009604;0.00000010087;0.00000009283;0.00000009466;2963694205343
