20250101 000000;0.00000009466;0.00000009661;0.00000009001;0.00000009422;2742860940654
20250102 000000;0.00000009422;0.00000010336;0.00000009387;0.0000001001;4028057020842
20250103 000000;0.0000001001;0.00000010662;0.00000009391;0.00000010423;3763159732887
20250104 000000;0.00000010423;0.00000010954;0.00000010149;0.00000010567;2703080821608
20250105 000000;0.00000010567;0.00000010751;0.00000009905;0.00000010155;2194834776486
20250106 000000;0.00000010155;0.00000010629;0.00000009598;0.00000010032;3303771926181
20250107 000000;0.00000010032;0.00000010272;0.00000008753;0.00000008827;3608330519453
20250108 000000;0.00000008827;0.00000008881;0.00000007166;0.00000007766;5033843818914
20250109 000000;0.00000007766;0.00000007877;0.00000006908;0.00000007206;3498531999166
20250110 000000;0.00000007206;0.00000009001;0.00000007202;0.00000008676;3020798054545
20250111 000000;0.00000008676;0.000000087;0.00000008239;0.00000008426;1170892357157
20250112 000000;0.00000008426;0.0000000866;0.00000007981;0.00000008186;1565755456901
20250113 000000;0.00000008186;0.00000008575;0.00000006961;0.00000007747;3229368641366
20250114 000000;0.00000007747;0.00000008416;0.0000000766;0.00000008208;2347164551072
20250115 000000;0.00000008208;0.00000008542;0.000000077;0.00000008345;2794678489301
20250116 000000;0.00000008345;0.00000008354;0.00000007311;0.00000007626;3027684726644
20250117 000000;0.00000007626;0.0000000909;0.0000000756;0.00000008789;3063910083868
20250118 000000;0.00000008789;0.00000009078;0.00000006577;0.00000006861;5464630805568
20250119 000000;0.00000006861;0.00000007216;0.00000005584;0.00000005731;8699919432781
20250120 000000;0.00000005731;0.0000000625;0.00000005076;0.0000000549;6835302128400
20250121 000000;0.0000000549;0.00000006625;0.00000005283;0.00000005738;6375611195318
20250122 000000;0.00000005738;0.00000006266;0.00000005543;0.00000005567;3406302697389
20250123 000000;0.00000005567;0.00000005636;0.00000005124;0.00000005452;4405765348227
20250124 000000;0.00000005452;0.00000005981;0.00000005211;0.00000005238;3532921765608
20250125 000000;0.00000005238;0.00000005749;0.0000000515;0.00000005502;3334185802561
20250126 000000;0.00000005502;0.00000005616;0.00000005218;0.0000000535;3561873942856
20250127 000000;0.0000000535;0.000000058;0.00000004272;0.00000005176;7873314084044
20250128 000000;0.00000005176;0.0000000629;0.00000004758;0.00000004845;8185899646248
20250129 000000;0.00000004845;0.00000005395;0.00000004608;0.0000000476;5302143247810
20250130 000000;0.0000000476;0.00000005338;0.00000004667;0.00000005138;4236938697925
20250131 000000;0.00000005138;0.00000005373;0.00000004886;0.00000004919;4695649532567
20250201 000000;0.00000004919;0.00000005219;0.00000004199;0.0000000421;5000007428249
20250202 000000;0.0000000421;0.0000000421;0.00000003206;0.00000003381;8012306114944
20250203 000000;0.00000003381;0.00000004379;0.00000002501;0.00000004252;13423839598389
20250204 000000;0.00000004252;0.0000000432;0.00000003361;0.00000003545;6939344379099
20250205 000000;0.00000003545;0.0000000361;0.00000003282;0.00000003325;3457628524770
20250206 000000;0.00000003325;0.00000003448;0.00000002937;0.00000002963;4837734420719
20250207 000000;0.00000002963;0.00000003314;0.00000002768;0.00000002851;5168866893462
20250208 000000;0.00000002851;0.00000002987;0.00000002698;0.00000002916;5253191380447
20250209 000000;0.00000002916;0.00000003688;0.00000002749;0.00000002865;7988713771321
20250210 000000;0.00000002865;0.00000003254;0.00000002865;0.00000003055;5612059952684
20250211 000000;0.00000003055;0.00000003404;0.00000003016;0.0000000314;5587264887785
20250212 000000;0.0000000314;0.0000000376;0.00000003063;0.00000003669;8228853929875
20250213 000000;0.00000003669;0.00000003763;0.0000000324;0.00000003353;7884024816181
20250214 000000;0.00000003353;0.00000003831;0.00000003333;0.0000000367;6019550931845
20250215 000000;0.0000000367;0.00000003949;0.0000000349;0.00000003504;4895385356846
20250216 000000;0.00000003504;0.00000003747;0.00000003362;0.0000000357;4022943187522
20250217 000000;0.0000000357;0.00000004063;0.000000035;0.00000004021;4972891245835
20250218 000000;0.00000004021;0.00000004075;0.00000003605;0.0000000372;6477820949858
20250219 000000;0.0000000372;0.0000000389;0.00000003391;0.00000003705;4770541609521
20250220 000000;0.00000003705;0.00000003812;0.0000000347;0.00000003698;3896884157357
20250221 000000;0.00000003698;0.00000004407;0.00000003576;0.00000003806;5079346376262
20250222 000000;0.00000003806;0.00000004277;0.00000003769;0.00000003898;3590918481083
20250223 000000;0.00000003898;0.00000004168;0.00000003773;0.00000003936;2947251441541
20250224 000000;0.00000003936;0.00000003993;0.00000003332;0.00000003395;3350936080851
20250225 000000;0.00000003395;0.00000003613;0.00000003144;0.0000000355;4749427271286
20250226 000000;0.0000000355;0.00000003584;0.00000003057;0.00000003239;4575211902366
20250227 000000;0.00000003239;0.00000003444;0.0000000286;0.00000003024;6586898567055
20250228 000000;0.00000003024;0.00000003131;0.00000002739;0.00000003124;5552510916189
20250301 000000;0.00000003124;0.00000003208;0.00000002781;0.00000002878;3904441395150
20250302 000000;0.00000002878;0.00000003385;0.00000002791;0.00000003215;4271196579402
20250303 000000;0.00000003215;0.00000003224;0.00000002811;0.00000002855;4198898880939
20250304 000000;0.00000002855;0.00000002876;0.00000002567;0.00000002811;4641085797998
20250305 000000;0.00000002811;0.00000002997;0.00000002688;0.00000002843;3032829013190
20250306 000000;0.00000002843;0.00000002996;0.00000002765;0.00000002822;3395523815038
20250307 000000;0.00000002822;0.00000002923;0.00000002592;0.00000002633;3373892451788
20250308 000000;0.00000002633;0.00000002673;0.00000002508;0.0000000258;3239881206386
20250309 000000;0.0000000258;0.00000002597;0.00000002139;0.00000002202;5039542709745
20250310 000000;0.00000002202;0.00000002392;0.00000002;0.00000002128;5203178423271
20250311 000000;0.00000002128;0.00000002284;0.00000002049;0.00000002239;5345340022865
20250312 000000;0.00000002239;0.00000002296;0.00000002119;0.00000002226;4148573806304
20250313 000000;0.00000002226;0.00000002268;0.00000002132;0.00000002214;3344610493376
20250314 000000;0.00000002214;0.0000000243;0.0000000221;0.00000002414;3344393718739
20250315 000000;0.00000002414;0.00000003018;0.000000024;0.00000002809;9200522769230
20250316 000000;0.00000002809;0.00000002855;0.00000002608;0.00000002678;6079850322074
20250317 000000;0.00000002678;0.00000002858;0.00000002462;0.00000002725;8731156032430
20250318 000000;0.00000002725;0.00000002811;0.00000002575;0.00000002791;7836816365282
20250319 000000;0.00000002791;0.00000003047;0.00000002743;0.0000000303;7793734127823
20250320 000000;0.0000000303;0.0000000306;0.00000002776;0.00000002906;5293864280100
20250321 000000;0.00000002906;0.0000000392;0.00000002901;0.00000003736;10766054011209
20250322 000000;0.00000003736;0.00000004311;0.000000034;0.00000003961;8035572535916
20250323 000000;0.00000003961;0.00000004212;0.0000000367;0.00000003909;5429165590534
20250324 000000;0.00000003909;0.00000004278;0.00000003753;0.00000003824;3533839896016
20250325 000000;0.00000003824;0.00000004016;0.00000003701;0.00000004011;2805027278006
20250326 000000;0.00000004011;0.00000004845;0.00000003936;0.00000004274;3692842938835
20250327 000000;0.00000004274;0.00000004498;0.00000004001;0.00000004354;1852056042033
20250328 000000;0.00000004354;0.000000047;0.0000000351;0.00000003854;2854866963004
20250329 000000;0.00000003854;0.00000004378;0.00000003759;0.00000004183;2617742953681
20250330 000000;0.00000004183;0.00000004348;0.0000000385;0.00000003913;2021159658213
20250331 000000;0.00000003913;0.00000004034;0.00000003638;0.00000003905;2477120214910
20250401 000000;0.00000003905;0.00000003989;0.00000003658;0.00000003713;1674109088838
20250402 000000;0.00000003713;0.00000003713;0.00000003034;0.0000000313;3059006042878
20250403 000000;0.0000000313;0.000000035;0.00000003066;0.00000003459;2033538427723
20250404 000000;0.00000003459;0.00000003459;0.00000003094;0.00000003325;1938303343094
20250405 000000;0.00000003325;0.00000003599;0.00000003245;0.00000003536;1091498325785
20250406 000000;0.00000003536;0.00000003539;0.00000002891;0.00000003027;1312227855517
20250407 000000;0.00000003027;0.00000003296;0.00000002636;0.00000003073;2190839206265
20250408 000000;0.00000003073;0.00000003169;0.00000002806;0.00000002844;1080568168114
20250409 000000;0.00000002844;0.000000035;0.00000002726;0.0000000325;2073025438447
20250410 000000;0.0000000325;0.00000003419;0.00000003005;0.00000003311;1671734620226
20250411 000000;0.00000003311;0.00000003997;0.00000003311;0.00000003853;2116831337424
20250412 000000;0.00000003853;0.00000004007;0.000000036;0.00000003913;1338763444368
20250413 000000;0.00000003913;0.00000003956;0.0000000334;0.00000003404;1720185319984
20250414 000000;0.00000003404;0.00000003789;0.0000000339;0.00000003408;1629495012815
20250415 000000;0.00000003408;0.00000003493;0.00000003145;0.00000003261;1412670970942
20250416 000000;0.00000003261;0.00000003632;0.00000003223;0.00000003602;1082456037757
20250417 000000;0.00000003602;0.00000004;0.00000003446;0.00000003803;2284823282948
20250418 000000;0.00000003803;0.00000003891;0.00000003666;0.00000003709;766740791045
20250419 000000;0.00000003709;0.00000004203;0.00000003663;0.00000004042;1470178070726
20250420 000000;0.00000004042;0.00000004243;0.00000003787;0.00000003981;1301740017530
20250421 000000;0.00000003981;0.00000004199;0.00000003912;0.00000004028;1649559280359
20250422 000000;0.00000004028;0.00000004312;0.00000003867;0.0000000414;2372340826440
20250423 000000;0.0000000414;0.00000004583;0.00000004081;0.00000004453;1844813985519
20250424 000000;0.00000004453;0.00000004519;0.00000004124;0.00000004198;1296390228316
20250425 000000;0.00000004198;0.00000004561;0.0000000408;0.00000004222;1750390533084
20250426 000000;0.00000004222;0.00000004308;0.00000003538;0.00000003886;2401403683942
20250427 000000;0.00000003886;0.00000003966;0.00000003706;0.00000003731;1805652942557
20250428 000000;0.00000003731;0.00000003988;0.00000003627;0.00000003815;1614107190806
20250429 000000;0.00000003815;0.00000003899;0.00000003472;0.00000003499;1858494639006
20250430 000000;0.00000003499;0.00000003663;0.00000003418;0.00000003622;1073113164196
20250501 000000;0.00000003622;0.0000000408;0.00000003616;0.00000003819;1886974958625
20250502 000000;0.00000003819;0.000000041;0.00000003588;0.00000003847;1293375103168
20250503 000000;0.00000003847;0.00000003852;0.00000003489;0.00000003499;733479339031
20250504 000000;0.00000003499;0.00000003726;0.00000003405;0.00000003592;1384875040064
20250505 000000;0.00000003592;0.00000004176;0.00000003388;0.00000003975;1492914665824
20250506 000000;0.00000003975;0.00000004556;0.00000003835;0.00000004482;2444253646505
20250507 000000;0.00000004482;0.00000004556;0.00000003953;0.00000004151;1453897395145
20250508 000000;0.00000004151;0.00000005;0.00000004135;0.00000004741;3425973068404
20250509 000000;0.00000004741;0.00000006499;0.0000000468;0.00000006282;5768842987320
20250510 000000;0.00000006282;0.00000006689;0.0000000552;0.00000006605;3817618004589
20250511 000000;0.00000006605;0.00000006701;0.00000005761;0.00000005993;2606383760613
20250512 000000;0.00000005993;0.00000006837;0.00000005591;0.00000006549;5651065228575
20250513 000000;0.00000006549;0.00000007186;0.00000006302;0.00000006435;3757204642509
20250514 000000;0.00000006435;0.0000000667;0.00000006034;0.00000006263;1750092562290
20250515 000000;0.00000006263;0.00000006395;0.00000004849;0.000000053;2737247773935
20250516 000000;0.000000053;0.00000005643;0.00000005079;0.00000005093;1201999813159
20250517 000000;0.00000005093;0.00000005207;0.00000004845;0.00000004871;1290698378452
20250518 000000;0.00000004871;0.00000005343;0.00000004801;0.00000005154;1339365311416
20250519 000000;0.00000005154;0.00000005175;0.00000004809;0.00000005153;987738105666
20250520 000000;0.00000005153;0.00000005243;0.000000048;0.00000005099;772144192938
20250521 000000;0.00000005099;0.0000000524;0.00000004933;0.00000005179;809587146075
20250522 000000;0.00000005179;0.00000005566;0.00000005131;0.00000005396;1364821112779
20250523 000000;0.00000005396;0.00000005595;0.00000004533;0.00000004577;1266545540943
20250524 000000;0.00000004577;0.00000004894;0.00000004577;0.00000004708;546133335161
20250525 000000;0.00000004708;0.0000000493;0.00000004568;0.00000004901;644050179618
20250526 000000;0.00000004901;0.00000005249;0.00000004806;0.0000000503;1313962630105
20250527 000000;0.0000000503;0.00000005238;0.00000004715;0.00000004849;1203332977280
20250528 000000;0.00000004849;0.00000004849;0.0000000443;0.00000004564;1252102746892
20250529 000000;0.00000004564;0.00000004848;0.00000004246;0.00000004253;1229777666455
20250530 000000;0.00000004253;0.00000004306;0.00000003775;0.00000003792;1453128509744
20250531 000000;0.00000003792;0.00000003967;0.00000003662;0.00000003885;1015714070965
20250601 000000;0.00000003885;0.00000004105;0.00000003748;0.00000003918;1463060347830
20250602 000000;0.00000003918;0.00000004027;0.00000003732;0.00000003937;692489517203
20250603 000000;0.00000003937;0.00000004353;0.00000003937;0.00000003974;1861644070985
20250604 000000;0.00000003974;0.00000004087;0.00000003867;0.00000003893;1071365060013
20250605 000000;0.00000003893;0.00000003956;0.00000003303;0.00000003398;1154231377373
20250606 000000;0.00000003398;0.0000000404;0.0000000331;0.00000003483;1231061902790
20250607 000000;0.00000003483;0.00000003675;0.00000003385;0.00000003495;1688514763381
20250608 000000;0.00000003495;0.00000003604;0.00000003403;0.00000003514;498551125651
20250609 000000;0.00000003514;0.00000003871;0.00000003448;0.00000003871;1388155907344
20250610 000000;0.00000003871;0.0000000404;0.00000003703;0.00000003993;1313666331316
20250611 000000;0.00000003993;0.0000000412;0.00000003656;0.00000003717;1504798172883
20250612 000000;0.00000003717;0.0000000374;0.00000003336;0.00000003336;1750311429285
20250613 000000;0.00000003336;0.00000003336;0.00000003019;0.00000003191;1986716274443
20250614 000000;0.00000003191;0.00000003206;0.00000003066;0.00000003155;1413097667673
20250615 000000;0.00000003155;0.00000003173;0.00000003065;0.00000003141;622979478953
20250616 000000;0.00000003141;0.00000003389;0.00000003105;0.00000003139;871812568009
20250617 000000;0.00000003139;0.00000003194;0.00000002853;0.00000002953;1236512181162
20250618 000000;0.00000002953;0.00000003009;0.00000002717;0.0000000284;1015456498549
20250619 000000;0.0000000284;0.00000003075;0.0000000278;0.0000000281;1254979430047
20250620 000000;0.0000000281;0.000000031;0.00000002711;0.00000002846;1147617518353
20250621 000000;0.00000002846;0.00000002905;0.00000002543;0.00000002589;1033527335896
20250622 000000;0.00000002589;0.00000002716;0.00000002372;0.00000002504;2646368699359
20250623 000000;0.00000002504;0.00000002928;0.00000002504;0.00000002858;1376368857006
20250624 000000;0.00000002858;0.00000003032;0.000000028;0.00000002999;1506742706166
20250625 000000;0.00000002999;0.0000000309;0.00000002903;0.00000002938;995598367745
20250626 000000;0.00000002938;0.00000003033;0.00000002824;0.00000002832;689946359975
20250627 000000;0.00000002832;0.00000002965;0.0000000282;0.00000002871;626558494838
20250628 000000;0.00000002871;0.0000000306;0.00000002845;0.00000002969;568996139495
20250629 000000;0.00000002969;0.00000003151;0.000000029;0.00000003124;742641379206
20250630 000000;0.00000003124;0.0000000315;0.00000002907;0.00000003002;1101717794303
20250701 000000;0.00000003002;0.00000003002;0.00000002841;0.00000002907;788347228244
20250702 000000;0.00000002907;0.00000003318;0.00000002886;0.00000003161;877380941052
20250703 000000;0.00000003161;0.00000003301;0.00000002958;0.00000003061;1703746365245
20250704 000000;0.00000003061;0.0000000309;0.00000002855;0.00000002971;892495626136
20250705 000000;0.00000002971;0.0000000302;0.00000002861;0.00000002897;721064898955
20250706 000000;0.00000002897;0.00000003054;0.00000002897;0.00000002976;678225690257
20250707 000000;0.00000002976;0.00000003076;0.00000002837;0.00000002883;841003912819
20250708 000000;0.00000002883;0.00000002984;0.0000000282;0.00000002919;788076745517
20250709 000000;0.00000002919;0.0000000334;0.0000000288;0.00000003284;1602081139434
20250710 000000;0.00000003284;0.000000038;0.00000003174;0.00000003773;2183442139988
20250711 000000;0.00000003773;0.00000004131;0.00000003601;0.00000003889;3621906911824
20250712 000000;0.00000003889;0.00000003946;0.00000003501;0.000000037;1753004156893
20250713 000000;0.000000037;0.00000004332;0.00000003636;0.00000004164;2233054788575
20250714 000000;0.00000004164;0.00000004589;0.00000003935;0.00000004093;2826240805666
20250715 000000;0.00000004093;0.00000004132;0.00000003686;0.00000004115;1885099395883
20250716 000000;0.00000004115;0.00000004278;0.00000003699;0.00000003967;4997212276374
20250717 000000;0.00000003967;0.00000004875;0.00000003812;0.00000004816;4031425652472
20250718 000000;0.00000004816;0.00000005376;0.00000004504;0.00000004647;4904516093941
20250719 000000;0.00000004647;0.00000004946;0.00000004476;0.0000000481;1948790585868
20250720 000000;0.0000000481;0.00000005351;0.00000004749;0.00000005017;2014403386455
20250721 000000;0.00000005017;0.000000054;0.00000004786;0.00000004922;2849889184454
20250722 000000;0.00000004922;0.0000000533;0.00000004493;0.00000005227;3449517903948
20250723 000000;0.00000005227;0.00000005666;0.000000045;0.00000004604;3275161347188
20250724 000000;0.00000004604;0.00000004755;0.00000004173;0.00000004587;2367099308686
20250725 000000;0.00000004587;0.00000004597;0.00000004049;0.00000004271;1677740908946
20250726 000000;0.00000004271;0.00000004847;0.000000042;0.0000000461;2529754076537
20250727 000000;0.0000000461;0.00000004674;0.00000004459;0.00000004585;1770259714303
20250728 000000;0.00000004585;0.00000004683;0.00000004167;0.00000004182;1706185471349
20250729 000000;0.00000004182;0.000000043;0.00000003922;0.0000000401;1531266254846
20250730 000000;0.0000000401;0.00000004082;0.00000003663;0.00000003781;2084601069064
20250731 000000;0.00000003781;0.00000004321;0.00000003763;0.00000004;1639409610849
20250801 000000;0.00000004;0.00000004016;0.000000035;0.00000003578;2010232854176
20250802 000000;0.00000003578;0.00000003699;0.000000035;0.00000003556;1014853569332
20250803 000000;0.00000003556;0.00000003758;0.00000003528;0.00000003698;960727307812
20250804 000000;0.00000003698;0.00000004227;0.00000003679;0.00000004098;1825426663164
20250805 000000;0.00000004098;0.00000004098;0.0000000354;0.0000000362;2196693492256
20250806 000000;0.0000000362;0.00000003789;0.00000003565;0.00000003767;1355963746037
20250807 000000;0.00000003767;0.00000003911;0.00000003626;0.00000003715;1792965015238
20250808 000000;0.00000003715;0.00000003883;0.0000000355;0.00000003802;1623762382668
20250809 000000;0.00000003802;0.00000004572;0.00000003767;0.0000000447;2632524120061
20250810 000000;0.0000000447;0.00000004531;0.00000003982;0.00000004123;1716241900126
20250811 000000;0.00000004123;0.000000043;0.00000003849;0.00000003879;1675546512932
20250812 000000;0.00000003879;0.00000004275;0.00000003796;0.0000000424;1209370742767
20250813 000000;0.0000000424;0.00000004546;0.00000004013;0.00000004298;2218542967072
20250814 000000;0.00000004298;0.000000048;0.00000003946;0.00000004024;3931994014773
20250815 000000;0.00000004024;0.00000004125;0.00000003711;0.00000003771;2116728321758
20250816 000000;0.00000003771;0.00000003916;0.0000000373;0.00000003857;1814392121108
20250817 000000;0.00000003857;0.00000004144;0.00000003773;0.0000000411;844557132509
20250818 000000;0.0000000411;0.0000000411;0.00000003731;0.00000003895;1427689927010
20250819 000000;0.00000003895;0.00000003966;0.00000003583;0.00000003608;1385131487018
20250820 000000;0.00000003608;0.00000003817;0.000000036;0.0000000375;1489634151572
20250821 000000;0.0000000375;0.00000003764;0.00000003468;0.0000000349;1117013868715
20250822 000000;0.0000000349;0.00000003982;0.0000000344;0.00000003948;1565193192795
20250823 000000;0.00000003948;0.00000003953;0.00000003731;0.00000003795;908580569288
20250824 000000;0.00000003795;0.000000041;0.00000003608;0.00000003731;1574425637832
20250825 000000;0.00000003731;0.00000003781;0.00000003382;0.00000003404;1119897845416
20250826 000000;0.00000003404;0.00000003702;0.00000003404;0.00000003637;1499005002906
20250827 000000;0.00000003637;0.00000003715;0.00000003523;0.00000003542;2426042287623
20250828 000000;0.00000003542;0.00000003659;0.00000003435;0.00000003568;1190497999953
20250829 000000;0.00000003568;0.00000003598;0.00000003302;0.00000003373;1201575929866
20250830 000000;0.00000003373;0.00000003456;0.00000003299;0.00000003403;953777473719
20250831 000000;0.00000003403;0.0000000348;0.00000003;0.00000003318;2189634811440
20250901 000000;0.00000003318;0.00000003637;0.00000003223;0.00000003439;2107430464688
20250902 000000;0.00000003439;0.00000003481;0.00000003277;0.00000003325;1361720154723
20250903 000000;0.00000003325;0.0000000341;0.00000003275;0.00000003379;882621606043
20250904 000000;0.00000003379;0.00000003411;0.00000003171;0.00000003223;960650782958
20250905 000000;0.00000003223;0.00000003239;0.00000002922;0.00000003075;2689821789685
20250906 000000;0.00000003075;0.00000003084;0.00000003;0.00000003069;684475948918
20250907 000000;0.00000003069;0.00000003166;0.00000003044;0.00000003125;977026451977
20250908 000000;0.00000003125;0.00000003216;0.00000003013;0.00000003079;1024055082666
20250909 000000;0.00000003079;0.00000003244;0.00000003071;0.00000003194;1279506646948
20250910 000000;0.00000003194;0.00000003412;0.00000003185;0.00000003384;1469259013748
20250911 000000;0.00000003384;0.00000003518;0.0000000334;0.00000003498;1048231779166
20250912 000000;0.00000003498;0.00000003987;0.000000034;0.00000003754;1334243255355
20250913 000000;0.00000003754;0.00000003882;0.00000003669;0.00000003814;1382587914527
20250914 000000;0.00000003814;0.00000003887;0.00000003478;0.00000003554;1505209999825
20250915 000000;0.00000003554;0.00000003784;0.00000003396;0.00000003528;1485935050916
20250916 000000;0.00000003528;0.00000003747;0.00000003491;0.00000003694;1260732048079
20250917 000000;0.00000003694;0.00000003987;0.00000003624;0.00000003814;2184702289786
20250918 000000;0.00000003814;0.0000000403;0.00000003763;0.00000003984;1956663619581
20250919 000000;0.00000003984;0.00000004049;0.00000003683;0.00000003726;1300536146347
20250920 000000;0.00000003726;0.00000003789;0.00000003674;0.00000003765;580619201216
20250921 000000;0.00000003765;0.00000003789;0.00000003658;0.00000003686;762920104105
20250922 000000;0.00000003686;0.00000003691;0.0000000323;0.00000003242;1367344045600
20250923 000000;0.00000003242;0.00000003383;0.000000032;0.0000000331;817497321287
20250924 000000;0.0000000331;0.00000003506;0.0000000326;0.00000003478;1108138959479
20250925 000000;0.00000003478;0.00000003501;0.00000002944;0.00000003075;1876148555621
20250926 000000;0.00000003075;0.00000003352;0.0000000304;0.00000003299;894453683454
20250927 000000;0.00000003299;0.00000003299;0.00000003124;0.00000003195;1266156387951
20250928 000000;0.00000003195;0.00000003361;0.0000000315;0.00000003346;1075032408135
20250929 000000;0.00000003346;0.0000000339;0.00000003164;0.00000003243;1350275271397
20250930 000000;0.00000003243;0.00000003255;0.00000003008;0.00000003101;1319432505627
20251001 000000;0.00000003101;0.00000003226;0.00000002973;0.00000003119;1351944964038
20251002 000000;0.00000003119;0.00000003339;0.00000003119;0.00000003219;1657643804066
20251003 000000;0.00000003219;0.00000003305;0.00000003104;0.00000003211;1849658703463
20251004 000000;0.00000003211;0.00000003211;0.00000003083;0.00000003129;756107106932
20251005 000000;0.00000003129;0.00000003249;0.00000003105;0.00000003141;947708806116
20251006 000000;0.00000003141;0.00000003353;0.00000003119;0.00000003233;1034712617960
20251007 000000;0.00000003233;0.000000041;0.00000003122;0.00000003432;7151894081881
20251008 000000;0.00000003432;0.0000000355;0.0000000334;0.00000003524;1684984039412
20251009 000000;0.00000003524;0.0000000355;0.00000003185;0.00000003232;1812869548335
20251010 000000;0.00000003232;0.00000003279;0.00000002015;0.00000002306;6229593297278
20251011 000000;0.00000002306;0.00000002543;0.00000002242;0.00000002395;3007594354882
20251012 000000;0.00000002395;0.00000002999;0.00000002384;0.00000002822;4453921047143
20251013 000000;0.00000002822;0.0000000299;0.00000002715;0.00000002949;2036597317426
20251014 000000;0.00000002949;0.0000000295;0.00000002579;0.00000002791;2290306241703
20251015 000000;0.00000002791;0.00000002859;0.00000002593;0.00000002666;2136072353900
20251016 000000;0.00000002666;0.00000002745;0.00000002451;0.00000002498;1988591982652
20251017 000000;0.00000002498;0.00000002568;0.00000002284;0.00000002382;1797119335018
20251018 000000;0.00000002382;0.0000000244;0.00000002332;0.00000002388;656570633936
20251019 000000;0.00000002388;0.0000000246;0.00000002273;0.00000002388;1769323906184
20251020 000000;0.00000002388;0.00000002498;0.000000023;0.00000002454;876930965699
20251021 000000;0.00000002454;0.00000002568;0.00000002284;0.0000000231;1204811024773
20251022 000000;0.0000000231;0.000000024;0.00000002136;0.00000002258;1021565953948
20251023 000000;0.00000002258;0.00000002275;0.0000000132;0.00000001536;6651654943923
20251024 000000;0.00000001536;0.00000001784;0.0000000152;0.00000001712;2620748567779
20251025 000000;0.00000001712;0.00000001722;0.00000001482;0.00000001584;2285322381911
20251026 000000;0.00000001584;0.00000001679;0.00000001382;0.00000001485;1811115536551
20251027 000000;0.00000001485;0.00000001979;0.0000000139;0.00000001448;3617106653327
20251028 000000;0.00000001448;0.00000001582;0.00000001428;0.00000001467;1160704566715
20251029 000000;0.00000001467;0.00000001572;0.0000000132;0.00000001408;1858624951641
20251030 000000;0.00000001408;0.00000001452;0.0000000125;0.00000001315;2204655122453
20251031 000000;0.00000001315;0.00000001428;0.0000000119;0.00000001271;2463058447462
20251101 000000;0.00000001271;0.00000001394;0.00000001255;0.00000001329;1980839659275
20251102 000000;0.00000001329;0.00000001362;0.00000001301;0.00000001336;630637935934
20251103 000000;0.00000001336;0.00000001344;0.00000001155;0.0000000116;1601171001718
20251104 000000;0.0000000116;0.00000001312;0.00000001032;0.0000000112;2041611798611
20251105 000000;0.0000000112;0.00000001266;0.00000001093;0.00000001189;1577482306284
20251106 000000;0.00000001189;0.00000001827;0.00000001127;0.00000001129;2540708860555
20251107 000000;0.00000001129;0.00000001313;0.00000001129;0.00000001269;1793127221081
20251108 000000;0.00000001269;0.00000001377;0.000000012;0.00000001245;1080224188164
20251109 000000;0.00000001245;0.00000001311;0.000000012;0.00000001261;1108562764104
20251110 000000;0.00000001261;0.00000001315;0.00000001244;0.00000001273;1502671121120
20251111 000000;0.00000001273;0.000000013;0.00000001159;0.00000001161;1522063102243
20251112 000000;0.00000001161;0.00000001309;0.00000001155;0.00000001202;1672887524020
20251113 000000;0.00000001202;0.00000001249;0.00000001036;0.00000001129;2895921987138
20251114 000000;0.00000001129;0.00000001199;0.00000001056;0.00000001069;1982027020303
20251115 000000;0.00000001069;0.00000001137;0.00000001001;0.00000001009;2053917975523
20251116 000000;0.00000001009;0.00000001075;0.00000000982;0.00000001013;1482267157549
20251117 000000;0.00000001013;0.00000001069;0.00000000934;0.00000000956;1287503306986
20251118 000000;0.00000000956;0.0000000105;0.00000000953;0.00000001036;1318100065587
20251119 000000;0.00000001036;0.00000001094;0.00000000932;0.00000001019;1681242007665
20251120 000000;0.00000001019;0.0000000104;0.00000000928;0.00000000967;1219644092590
20251121 000000;0.00000000967;0.00000000988;0.00000000899;0.0000000092;1700078251178
20251122 000000;0.0000000092;0.00000000976;0.00000000911;0.00000000961;818329435376
20251123 000000;0.00000000961;0.00000001015;0.00000000935;0.00000000997;1404357944909
20251124 000000;0.00000000997;0.000000012;0.00000000971;0.00000001075;2295032114752
20251125 000000;0.00000001075;0.00000001087;0.00000000998;0.00000001055;1374848107106
20251126 000000;0.00000001055;0.00000001184;0.00000000996;0.00000001135;1410156400741
20251127 000000;0.00000001135;0.00000001294;0.00000001112;0.00000001195;1713116944939
20251128 000000;0.00000001195;0.00000001299;0.00000001162;0.00000001207;1147840632885
20251129 000000;0.00000001207;0.00000001236;0.00000001126;0.00000001172;1165054999045
20251130 000000;0.00000001172;0.00000001245;0.00000001104;0.0000000117;1061950415216
20251201 000000;0.0000000117;0.00000001171;0.00000001001;0.00000001102;1265313287695
20251202 000000;0.00000001102;0.00000001335;0.00000001083;0.00000001241;1060794892898
20251203 000000;0.00000001241;0.00000001249;0.00000001167;0.00000001249;941164194327
20251204 000000;0.00000001249;0.00000001375;0.0000000118;0.00000001268;1554493462710
20251205 000000;0.00000001268;0.00000001313;0.00000001138;0.00000001146;800946625798
20251206 000000;0.00000001146;0.00000001249;0.00000001114;0.00000001225;747450971517
20251207 000000;0.00000001225;0.0000000125;0.00000001153;0.00000001208;792531293527
20251208 000000;0.00000001208;0.00000001287;0.00000001136;0.00000001199;984508182632
20251209 000000;0.00000001199;0.0000000128;0.00000001131;0.00000001197;987894397074
20251210 000000;0.00000001197;0.00000001451;0.00000001151;0.00000001232;1582597412438
20251211 000000;0.00000001232;0.00000001244;0.00000001135;0.00000001201;901752221266
20251212 000000;0.00000001201;0.00000001288;0.00000001129;0.00000001173;1354351123233
20251213 000000;0.00000001173;0.0000000123;0.00000001118;0.00000001209;510039269021
20251214 000000;0.00000001209;0.00000001224;0.00000001119;0.00000001158;573675629043
20251215 000000;0.00000001158;0.00000001225;0.00000001031;0.00000001037;815670701208
20251216 000000;0.00000001037;0.00000001216;0.00000001013;0.0000000106;1148847129177
20251217 000000;0.0000000106;0.0000000115;0.00000001037;0.00000001064;611626614175
20251218 000000;0.00000001064;0.0000000111;0.00000001019;0.00000001051;710273235962
20251219 000000;0.00000001051;0.00000001122;0.0000000103;0.00000001092;395593855467
20251220 000000;0.00000001092;0.00000001106;0.00000001068;0.00000001083;560794129658
20251221 000000;0.00000001083;0.00000001319;0.00000001065;0.00000001236;1215399335688
20251222 000000;0.00000001236;0.000000013;0.00000001205;0.00000001238;673893131916
20251223 000000;0.00000001238;0.00000001271;0.00000001147;0.00000001229;769481798783
20251224 000000;0.00000001229;0.0000000125;0.00000001182;0.00000001185;315386909681
20251225 000000;0.00000001185;0.00000001244;0.0000000116;0.00000001194;535772758540
20251226 000000;0.00000001194;0.0000000126;0.00000001173;0.00000001233;463550845916
20251227 000000;0.00000001233;0.00000001233;0.00000001175;0.00000001198;412949164762
20251228 000000;0.00000001198;0.00000001253;0.00000001154;0.00000001193;468586323091
20251229 000000;0.00000001193;0.00000001228;0.00000001133;0.00000001211;659863973260
20251230 000000;0.00000001211;0.00000001221;0.00000001163;0.0000000118;556518799382
20251231 000000;0.0000000118;0.00000001228;0.00000001121;0.00000001172;703305562082
