20250101 000000;0.9904;1.0291;0.9722;1.0215;150613.81
20250102 000000;1.0215;1.0528;1.0159;1.0409;104186.59
20250103 000000;1.0409;1.0718;1.0191;1.0718;131440.38
20250104 000000;1.0718;1.0989;1.0509;1.0752;113691.13
20250105 000000;1.0752;1.0757;1.0428;1.0594;97743.65
20250106 000000;1.0594;1.0751;1.0319;1.0605;118526.13
20250107 000000;1.0605;1.1335;1.0161;1.0187;634600.23
20250108 000000;1.0187;1.0192;0.9222;0.9728;487328.32
20250109 000000;0.9728;0.9836;0.9185;0.9428;358326.42
20250110 000000;0.9428;1.1264;0.9425;1.0091;559591.47
20250111 000000;1.0091;1.0327;0.9744;0.9921;64142.38
20250112 000000;0.9921;1.0117;0.943;0.9548;47566.86
20250113 000000;0.9548;0.9653;0.857;0.9076;77062.3
20250114 000000;0.9076;0.9655;0.9045;0.9497;55129.22
20250115 000000;0.9497;0.9985;0.9255;0.9887;85052.42
20250116 000000;0.9887;0.9928;0.9544;0.9631;54679.9
20250117 000000;0.9631;0.9904;0.9594;0.9834;2998242.5
20250118 000000;0.9834;0.9908;0.8969;0.9184;6531423.55
20250119 000000;0.9184;0.942;0.8254;0.8422;9430164.91
20250120 000000;0.8422;0.9094;0.8116;0.8458;1126784.35
20250121 000000;0.8458;0.8632;0.8045;0.8415;98572.39
20250122 000000;0.8415;0.8722;0.8199;0.8258;74938.13
20250123 000000;0.8258;0.8337;0.788;0.8181;59738.45
20250124 000000;0.8181;0.8358;0.7864;0.8015;75396.87
20250125 000000;0.8015;0.8234;0.793;0.812;48664.4
20250126 000000;0.812;0.9022;0.8114;0.8265;74306.91
20250127 000000;0.8265;0.8304;0.7457;0.798;66709.57
20250128 000000;0.798;0.8104;0.753;0.764;68820.53
20250129 000000;0.764;0.7983;0.7538;0.7718;53289.35
20250130 000000;0.7718;0.8192;0.7631;0.7994;57601.9
20250131 000000;0.7994;0.8303;0.7893;0.8017;55031.99
20250201 000000;0.8017;0.8141;0.7301;0.7356;96374.99
20250202 000000;0.7356;0.7502;0.601;0.6314;103688.48
20250203 000000;0.6314;0.6602;0.4843;0.6543;120203.14
20250204 000000;0.6543;0.659;0.588;0.6064;87428.83
20250205 000000;0.6064;0.6235;0.5689;0.5808;76633.31
20250206 000000;0.5808;0.5919;0.5392;0.5431;100051.72
20250207 000000;0.5431;0.5873;0.5323;0.544;96786.73
20250208 000000;0.544;0.6004;0.5437;0.5928;75504.29
20250209 000000;0.5928;0.5956;0.5479;0.5791;72634.33
20250210 000000;0.5791;0.5939;0.5568;0.5866;78459
20250211 000000;0.5866;0.6162;0.568;0.5796;82479.2
20250212 000000;0.5796;0.7748;0.5585;0.6908;196637.08
20250213 000000;0.6908;0.6908;0.6205;0.6252;100871.79
20250214 000000;0.6252;0.6395;0.6091;0.6198;79257.12
20250215 000000;0.6198;0.621;0.5999;0.6046;74710.84
20250216 000000;0.6046;0.6528;0.5987;0.6101;91637.12
20250217 000000;0.6101;0.6288;0.5903;0.6038;70861.37
20250218 000000;0.6038;0.6098;0.5602;0.5818;145331.2
20250219 000000;0.5818;0.604;0.5704;0.575;291910.05
20250220 000000;0.575;0.5868;0.5677;0.5848;152934
20250221 000000;0.5848;0.616;0.5193;0.5282;460118.55
20250222 000000;0.5282;0.573;0.5212;0.5573;157746.12
20250223 000000;0.5573;0.5685;0.5394;0.5497;82389.46
20250224 000000;0.5497;0.5508;0.4907;0.4938;366486.12
20250225 000000;0.4938;0.5106;0.4642;0.5015;200622.19
20250226 000000;0.5015;0.5193;0.4408;0.471;599846.34
20250227 000000;0.471;0.692;0.4647;0.5754;1032061.66
20250228 000000;0.5754;0.5877;0.5056;0.5319;447370.1
20250301 000000;0.5319;0.5373;0.4879;0.4976;183771.78
20250302 000000;0.4976;0.546;0.4889;0.5129;310089.75
20250303 000000;0.5129;0.5491;0.4681;0.471;410438.29
20250304 000000;0.471;0.485;0.4366;0.4742;168700.17
20250305 000000;0.4742;0.4868;0.4652;0.4821;186183.21
20250306 000000;0.4821;0.4899;0.4658;0.47;140288.11
20250307 000000;0.47;0.482;0.447;0.4629;106204.14
20250308 000000;0.4629;0.4674;0.4495;0.4582;89613.38
20250309 000000;0.4582;0.4615;0.3957;0.3997;98958.48
20250310 000000;0.3997;0.424;0.3713;0.3756;144992.6
20250311 000000;0.3756;0.398;0.3522;0.3915;129274.92
20250312 000000;0.3915;0.4157;0.3849;0.4118;152524.06
20250313 000000;0.4118;0.4146;0.3886;0.3991;224064.89
20250314 000000;0.3991;0.42;0.3988;0.4115;850495.32
20250315 000000;0.4115;0.4283;0.4094;0.4257;2605116.22
20250316 000000;0.4257;0.429;0.3965;0.3996;2915694.08
20250317 000000;0.3996;0.4566;0.3993;0.4415;5848849.85
20250318 000000;0.4415;0.4761;0.4184;0.4245;3995911.84
20250319 000000;0.4245;0.4285;0.4087;0.426;3311802.49
20250320 000000;0.426;0.4275;0.4073;0.4162;2554173.13
20250321 000000;0.4162;0.4267;0.4082;0.4244;2478835.8
20250322 000000;0.4244;0.4609;0.4239;0.453;3297228.59
20250323 000000;0.453;0.4829;0.4324;0.44;3923469.58
20250324 000000;0.44;0.4607;0.4364;0.4475;2450427.48
20250325 000000;0.4475;0.4621;0.443;0.4576;2261274.88
20250326 000000;0.4576;0.535;0.4552;0.4827;4527027.64
20250327 000000;0.4827;0.8709;0.4815;0.6201;17567227.99
20250328 000000;0.6201;0.6638;0.553;0.5826;13098778.02
20250329 000000;0.5826;0.5873;0.525;0.5471;3323670.03
20250330 000000;0.5471;0.5817;0.5248;0.5401;2889627.32
20250331 000000;0.5401;0.6132;0.5317;0.5694;5918977.58
20250401 000000;0.5694;0.614;0.5598;0.5843;3933905.09
20250402 000000;0.5843;0.6083;0.5182;0.5251;3853240.03
20250403 000000;0.5251;0.5753;0.4963;0.5107;2493516.57
20250404 000000;0.5107;0.5504;0.4915;0.512;2084494.65
20250405 000000;0.512;0.5153;0.4948;0.5061;730428.9
20250406 000000;0.5061;0.5337;0.4112;0.4191;1596552.62
20250407 000000;0.4191;0.4361;0.3753;0.4233;2593391.22
20250408 000000;0.4233;0.4318;0.4041;0.4087;2060237.92
20250409 000000;0.4087;0.447;0.3888;0.4399;1912886.04
20250410 000000;0.4399;0.4743;0.423;0.455;1904812.93
20250411 000000;0.455;0.4759;0.4401;0.4483;1688673.76
20250412 000000;0.4483;0.4911;0.4482;0.4675;2731150.47
20250413 000000;0.4675;0.4792;0.418;0.4314;1517975.69
20250414 000000;0.4314;0.4449;0.4279;0.4308;592115.84
20250415 000000;0.4308;0.435;0.4155;0.4159;9202.13
20250416 000000;0.4159;0.4174;0.3941;0.4033;44915.86
20250417 000000;0.4033;0.4144;0.3948;0.4124;64092.06
20250418 000000;0.4124;0.4195;0.4071;0.4113;85301.39
20250419 000000;0.4113;0.4228;0.4102;0.4214;32129.81
20250420 000000;0.4214;0.4272;0.3959;0.4129;9671.83
20250421 000000;0.4129;0.4227;0.4094;0.4157;24286.39
20250422 000000;0.4157;0.4358;0.4046;0.4339;54290.4
20250423 000000;0.4339;0.448;0.4339;0.4393;84158.58
20250424 000000;0.4393;0.4533;0.4205;0.4422;73179.02
20250425 000000;0.4422;0.4549;0.4406;0.454;36849.76
20250426 000000;0.454;0.47;0.4512;0.4641;20323.69
20250427 000000;0.4641;0.4641;0.4396;0.4406;196884.56
20250428 000000;0.4406;0.4703;0.4288;0.4534;31791.32
20250429 000000;0.4534;0.6511;0.4534;0.5637;208814.66
20250430 000000;0.5637;0.5867;0.5032;0.5118;59745.78
20250501 000000;0.5118;0.5266;0.4924;0.4975;57134.99
20250502 000000;0.4975;0.535;0.4799;0.4858;59931.85
20250503 000000;0.4858;0.5115;0.458;0.4628;114067.05
20250504 000000;0.4628;0.4717;0.4344;0.4414;125103.77
20250505 000000;0.4414;0.4571;0.4397;0.4499;127869.74
20250506 000000;0.4499;0.5521;0.4499;0.472;56394.54
20250507 000000;0.472;0.48;0.4428;0.4514;90275.21
20250508 000000;0.4514;0.5973;0.4514;0.5469;117427.31
20250509 000000;0.5469;0.5479;0.518;0.5449;91755.55
20250510 000000;0.5449;0.5888;0.5292;0.5849;117545.57
20250511 000000;0.5849;0.5946;0.5435;0.5551;86944.07
20250512 000000;0.5551;0.6062;0.5348;0.5627;95203.22
20250513 000000;0.5627;0.578;0.5231;0.5715;79195.63
20250514 000000;0.5715;0.5867;0.5444;0.555;69291.41
20250515 000000;0.555;0.5556;0.4951;0.5097;373372.22
20250516 000000;0.5097;0.5242;0.5;0.5039;22118.8
20250517 000000;0.5039;0.5039;0.4761;0.483;21087.68
20250518 000000;0.483;0.5038;0.4726;0.4986;27643.34
20250519 000000;0.4986;0.526;0.467;0.4946;88212.11
20250520 000000;0.4946;0.5039;0.4883;0.5039;29588.41
20250521 000000;0.5039;0.5165;0.4923;0.5032;13515.86
20250522 000000;0.5032;0.5343;0.5032;0.5343;17006.19
20250523 000000;0.5343;0.5999;0.517;0.5207;150889.53
20250524 000000;0.5207;0.528;0.514;0.5205;59626.29
20250525 000000;0.5205;0.5617;0.5181;0.5428;94977.77
20250526 000000;0.5428;0.5699;0.5285;0.5666;78016.58
20250527 000000;0.5666;0.5996;0.5432;0.5941;69033.3
20250528 000000;0.5941;0.6225;0.5618;0.5739;92444.49
20250529 000000;0.5739;0.6418;0.5692;0.6095;86287.35
20250530 000000;0.6095;0.76;0.5374;0.5374;303802.73
20250531 000000;0.5374;0.5684;0.5029;0.5265;166635.39
20250601 000000;0.5265;0.5455;0.5044;0.5294;131479.41
20250602 000000;0.5294;0.5294;0.4938;0.5174;90241.24
20250603 000000;0.5174;0.5329;0.5131;0.5289;78214.48
20250604 000000;0.5289;0.5393;0.5028;0.5061;104738.07
20250605 000000;0.5061;0.5061;0.4547;0.4607;59881
20250606 000000;0.4607;0.4825;0.4542;0.4623;63333.87
20250607 000000;0.4623;0.4797;0.4602;0.4731;54776.66
20250608 000000;0.4731;0.4876;0.4625;0.469;71894.75
20250609 000000;0.469;0.4931;0.4638;0.49;111334.21
20250610 000000;0.49;0.5054;0.4794;0.5014;62871.33
20250611 000000;0.5014;0.5097;0.484;0.4867;70830.21
20250612 000000;0.4867;0.4867;0.4502;0.4529;82139.18
20250613 000000;0.4529;0.4529;0.4195;0.4397;106840.66
20250614 000000;0.4397;0.4398;0.4178;0.4277;79256.77
20250615 000000;0.4277;0.4405;0.4257;0.4356;81549.59
20250616 000000;0.4356;0.4486;0.4288;0.4288;83891.96
20250617 000000;0.4288;0.4367;0.4063;0.4168;540880.87
20250618 000000;0.4168;0.4213;0.4003;0.4177;1200991.62
20250619 000000;0.4177;0.4246;0.4087;0.415;1036019.77
20250620 000000;0.415;0.4221;0.3951;0.4019;781368.4
20250621 000000;0.4019;0.4047;0.3744;0.3813;987976.05
20250622 000000;0.3813;0.3888;0.3463;0.3628;1512732
20250623 000000;0.3628;0.4002;0.3608;0.3969;1539998.76
20250624 000000;0.3969;0.4179;0.3969;0.4073;912433.96
20250625 000000;0.4073;0.4157;0.3895;0.3937;1269162.93
20250626 000000;0.3937;0.4035;0.3799;0.3883;981747.41
20250627 000000;0.3883;0.397;0.3795;0.3911;886767.33
20250628 000000;0.3911;0.4066;0.388;0.4031;733398.15
20250629 000000;0.4031;0.4242;0.3945;0.4215;986063.03
20250630 000000;0.4215;0.4288;0.3981;0.4036;1229720.73
20250701 000000;0.4036;0.4094;0.3793;0.3821;1076846.53
20250702 000000;0.3821;0.4189;0.3747;0.409;1148389.27
20250703 000000;0.409;0.4206;0.4029;0.4124;1103379.12
20250704 000000;0.4124;0.4153;0.392;0.3972;1367098.57
20250705 000000;0.3972;0.4533;0.397;0.4208;2777753.04
20250706 000000;0.4208;0.4759;0.4207;0.4426;2608892.6
20250707 000000;0.4426;0.4573;0.4179;0.4238;1351595.34
20250708 000000;0.4238;0.4308;0.4136;0.4267;1079757.76
20250709 000000;0.4267;0.4421;0.4228;0.4362;714198.65
20250710 000000;0.4362;0.4515;0.4235;0.4475;951137.1
20250711 000000;0.4475;0.4748;0.4381;0.4608;1629701.92
20250712 000000;0.4608;0.4826;0.4475;0.4773;1425075.72
20250713 000000;0.4773;0.4957;0.4655;0.4879;1044521.03
20250714 000000;0.4879;0.6478;0.4873;0.4962;3640871.23
20250715 000000;0.4962;0.5088;0.4685;0.4859;1370585.8
20250716 000000;0.4859;0.5;0.4732;0.4954;937025.65
20250717 000000;0.4954;0.4994;0.4773;0.4898;775534.1
20250718 000000;0.4898;0.5137;0.482;0.4975;1047056.57
20250719 000000;0.4975;0.505;0.4832;0.5019;816019.17
20250720 000000;0.5019;0.5263;0.4942;0.5197;1081460.8
20250721 000000;0.5197;0.5599;0.5117;0.5551;1171179.54
20250722 000000;0.5551;0.5767;0.5192;0.5407;1284964.08
20250723 000000;0.5407;0.5417;0.49;0.5003;1149845.49
20250724 000000;0.5003;0.5137;0.4699;0.4968;870274.42
20250725 000000;0.4968;0.5015;0.4704;0.5005;885770.27
20250726 000000;0.5005;0.5077;0.4932;0.4987;819015.6
20250727 000000;0.4987;0.5131;0.4919;0.5109;822017.68
20250728 000000;0.5109;0.5158;0.4726;0.4761;755203.51
20250729 000000;0.4761;0.4852;0.4583;0.4691;938596.21
20250730 000000;0.4691;0.4691;0.4413;0.4606;956828.24
20250731 000000;0.4606;0.4704;0.4293;0.4306;900294.73
20250801 000000;0.4306;0.433;0.403;0.4143;1372207.65
20250802 000000;0.4143;0.4202;0.3981;0.405;1055653.53
20250803 000000;0.405;0.4203;0.4021;0.4181;779695.75
20250804 000000;0.4181;0.4353;0.4176;0.4339;695540.75
20250805 000000;0.4339;0.4356;0.4062;0.4134;828588.08
20250806 000000;0.4134;0.4228;0.3981;0.419;1064639.14
20250807 000000;0.419;0.4462;0.416;0.4459;1185369.64
20250808 000000;0.4459;0.4667;0.4403;0.4642;1066709.27
20250809 000000;0.4642;0.4806;0.4585;0.475;1033628.34
20250810 000000;0.475;0.4767;0.4533;0.4653;924779.58
20250811 000000;0.4653;0.4766;0.4291;0.4353;1075964.69
20250812 000000;0.4353;0.4577;0.4254;0.4521;995002.79
20250813 000000;0.4521;0.4759;0.4518;0.4731;1258188.38
20250814 000000;0.4731;0.4751;0.4223;0.4308;877927.53
20250815 000000;0.4308;0.4466;0.4162;0.4302;811116.85
20250816 000000;0.4302;0.444;0.4258;0.442;799668.06
20250817 000000;0.442;0.4482;0.4356;0.438;554670.25
20250818 000000;0.438;0.44;0.4152;0.4267;837830.29
20250819 000000;0.4267;0.4317;0.4063;0.4083;897962.11
20250820 000000;0.4083;0.4288;0.4049;0.4265;834279.15
20250821 000000;0.4265;0.4288;0.4081;0.4107;649563.93
20250822 000000;0.4107;0.4487;0.3945;0.4445;866025.83
20250823 000000;0.4445;0.4537;0.4327;0.4471;565830.12
20250824 000000;0.4471;0.4563;0.4284;0.4396;816645.6
20250825 000000;0.4396;0.4456;0.3974;0.4048;925534.03
20250826 000000;0.4048;0.4298;0.4008;0.4264;813714.9
20250827 000000;0.4264;0.45;0.4214;0.4461;821789.23
20250828 000000;0.4461;0.466;0.4355;0.4609;991285.89
20250829 000000;0.4609;0.4875;0.4289;0.437;1191887.9
20250830 000000;0.437;0.4437;0.4278;0.4409;627372.42
20250831 000000;0.4409;0.4457;0.43;0.4304;701054
20250901 000000;0.4304;0.4343;0.4067;0.4173;762084.11
20250902 000000;0.4173;0.4312;0.4144;0.4262;533152.66
20250903 000000;0.4262;0.4349;0.4161;0.4298;596899.37
20250904 000000;0.4298;0.4316;0.4112;0.4137;602652.03
20250905 000000;0.4137;0.4304;0.4132;0.4253;691919.68
20250906 000000;0.4253;0.4268;0.414;0.4207;660998.41
20250907 000000;0.4207;0.4297;0.4197;0.4267;555207.73
20250908 000000;0.4267;0.4399;0.4221;0.4392;600572.32
20250909 000000;0.4392;0.4478;0.4298;0.4373;631083.47
20250910 000000;0.4373;0.4454;0.4324;0.4397;634896.32
20250911 000000;0.4397;0.4489;0.4344;0.4448;700597.36
20250912 000000;0.4448;0.4731;0.4446;0.4711;1354481.86
20250913 000000;0.4711;0.4722;0.4566;0.4639;806854.85
20250914 000000;0.4639;0.464;0.4381;0.4416;775287.37
20250915 000000;0.4416;0.449;0.4197;0.4272;884904.17
20250916 000000;0.4272;0.432;0.4187;0.4281;678716.95
20250917 000000;0.4281;0.444;0.4186;0.4422;623398.65
20250918 000000;0.4422;0.4513;0.4357;0.4422;724528.2
20250919 000000;0.4422;0.4529;0.4192;0.42;816850.17
20250920 000000;0.42;0.4479;0.4125;0.423;1404693.95
20250921 000000;0.423;0.4259;0.4146;0.4183;868471.64
20250922 000000;0.4183;0.4225;0.3769;0.3845;1078612.4
20250923 000000;0.3845;0.3921;0.3718;0.383;765043.62
20250924 000000;0.383;0.4241;0.373;0.3854;1310881.68
20250925 000000;0.3854;0.3862;0.3577;0.3627;943481.66
20250926 000000;0.3627;0.3759;0.3609;0.3743;1105526.99
20250927 000000;0.3743;0.3745;0.3663;0.3694;752059.29
20250928 000000;0.3694;0.3723;0.3574;0.3718;585357.14
20250929 000000;0.3718;0.3727;0.3543;0.3608;929140.79
20250930 000000;0.3608;0.3622;0.3471;0.3549;837833.85
20251001 000000;0.3549;0.376;0.3511;0.374;862844.17
20251002 000000;0.374;0.384;0.3708;0.3795;838490.06
20251003 000000;0.3795;0.3876;0.3724;0.381;1120323.11
20251004 000000;0.381;0.3814;0.3627;0.3706;824830.43
20251005 000000;0.3706;0.3808;0.3652;0.366;879879.4
20251006 000000;0.366;0.3849;0.3624;0.3823;776283.9
20251007 000000;0.3823;0.3909;0.3537;0.3623;1403834.38
20251008 000000;0.3623;0.3742;0.3538;0.3697;1005425.08
20251009 000000;0.3697;0.3701;0.3504;0.3586;1068527.86
20251010 000000;0.3586;0.3609;0.1927;0.2766;2642957.63
20251011 000000;0.2766;0.2886;0.261;0.2673;808838.11
20251012 000000;0.2673;0.2957;0.2576;0.2899;574111.05
20251013 000000;0.2899;0.3118;0.2876;0.3086;1012754.45
20251014 000000;0.3086;0.3102;0.2752;0.2956;1780643.8
20251015 000000;0.2956;0.299;0.271;0.2739;712775.87
20251016 000000;0.2739;0.2827;0.2622;0.2714;1025808.69
20251017 000000;0.2714;0.2751;0.2513;0.2656;1266626.65
20251018 000000;0.2656;0.2737;0.2639;0.273;346958.66
20251019 000000;0.273;0.2794;0.266;0.2751;558139.15
20251020 000000;0.2751;0.284;0.2681;0.2745;432698.82
20251021 000000;0.2745;0.2832;0.2604;0.2631;766692.21
20251022 000000;0.2631;0.2666;0.2471;0.2536;875832.8
20251023 000000;0.2536;0.2614;0.2512;0.2554;616788.99
20251024 000000;0.2554;0.26;0.2463;0.2529;608004.36
20251025 000000;0.2529;0.2551;0.2477;0.2492;702351.17
20251026 000000;0.2492;0.2688;0.2482;0.2656;1033131.83
20251027 000000;0.2656;0.2835;0.2536;0.2546;1350830.71
20251028 000000;0.2546;0.2618;0.2427;0.2471;827971.46
20251029 000000;0.2471;0.2496;0.2378;0.243;852375.1
20251030 000000;0.243;0.2455;0.2184;0.2249;503023.31
20251031 000000;0.2249;0.2339;0.2239;0.2294;1262185.92
20251101 000000;0.2294;0.2356;0.2263;0.2348;855876.56
20251102 000000;0.2348;0.2384;0.2263;0.2356;1075229.31
20251103 000000;0.2356;0.2444;0.1913;0.1954;2522474.9
20251104 000000;0.1954;0.2106;0.19;0.2048;2434118.1
20251105 000000;0.2048;0.2079;0.1921;0.206;1496516.37
20251106 000000;0.206;0.207;0.1932;0.1968;1243968.61
20251107 000000;0.1968;0.2218;0.1944;0.2179;1662197.23
20251108 000000;0.2179;0.2221;0.2088;0.214;1423498.79
20251109 000000;0.214;0.2159;0.2052;0.2129;1441792.46
20251110 000000;0.2129;0.217;0.2076;0.214;1490047.26
20251111 000000;0.214;0.2296;0.2022;0.2037;2044100.16
20251112 000000;0.2037;0.2132;0.1947;0.1982;1367922.49
20251113 000000;0.1982;0.2098;0.1762;0.1779;2115311.84
20251114 000000;0.1779;0.2338;0.1643;0.1712;4972898.73
20251115 000000;0.1712;0.1744;0.1659;0.1697;1872253.28
20251116 000000;0.1697;0.171;0.155;0.1605;1979692.73
20251117 000000;0.1605;0.1658;0.1522;0.1561;1879358.31
20251118 000000;0.1561;0.1599;0.151;0.1586;1719255.34
20251119 000000;0.1586;0.1587;0.1428;0.1523;1644811.57
20251120 000000;0.1523;0.1615;0.1455;0.1491;2077569.57
20251121 000000;0.1491;0.1529;0.1331;0.1456;2728047.18
20251122 000000;0.1456;0.1513;0.1407;0.1464;2669466.56
20251123 000000;0.1464;0.1586;0.1443;0.1542;2525255
20251124 000000;0.1542;0.1599;0.1472;0.1577;2472175.64
20251125 000000;0.1577;0.1582;0.1521;0.157;2244430.54
20251126 000000;0.157;0.1583;0.1521;0.1576;1527134.64
20251127 000000;0.1576;0.1699;0.1564;0.1635;2831564.84
20251128 000000;0.1635;0.2338;0.1573;0.1583;5992894.86
20251129 000000;0.1583;0.16;0.1484;0.151;2051982.32
20251130 000000;0.151;0.1561;0.1498;0.151;2030608.58
20251201 000000;0.151;0.1514;0.1383;0.1453;4189559.37
20251202 000000;0.1453;0.1565;0.144;0.152;3153409.18
20251203 000000;0.152;0.1581;0.1509;0.1575;1922783.7
20251204 000000;0.1575;0.1602;0.1518;0.1548;2500268.28
20251205 000000;0.1548;0.1558;0.1471;0.1508;2088062
20251206 000000;0.1508;0.164;0.1494;0.1584;2818299.04
20251207 000000;0.1584;0.1779;0.1505;0.152;2903429.89
20251208 000000;0.152;0.1562;0.1509;0.1542;2456451.53
20251209 000000;0.1542;0.1618;0.1506;0.1598;2239069.78
20251210 000000;0.1598;0.1636;0.1562;0.1568;2496085.66
20251211 000000;0.1568;0.1571;0.1493;0.153;2411729.38
20251212 000000;0.153;0.1536;0.1459;0.1518;2532644.26
20251213 000000;0.1518;0.1611;0.1513;0.1532;2320245.89
20251214 000000;0.1532;0.1534;0.1424;0.1433;1848619.52
20251215 000000;0.1433;0.1461;0.1335;0.1387;2008648.03
20251216 000000;0.1387;0.1387;0.1335;0.1354;1894403.08
20251217 000000;0.1354;0.136;0.1257;0.1267;1897207.42
20251218 000000;0.1267;0.1307;0.1189;0.1222;2635598.99
20251219 000000;0.1222;0.1344;0.1195;0.1338;2011177.9
20251220 000000;0.1338;0.1358;0.1327;0.1342;1581031.46
20251221 000000;0.1342;0.1401;0.1281;0.1348;2680241.21
20251222 000000;0.1348;0.1402;0.1313;0.135;2118171.7
20251223 000000;0.135;0.1404;0.1304;0.1335;1736951.66
20251224 000000;0.1335;0.1348;0.1293;0.1321;1065753.29
20251225 000000;0.1321;0.1478;0.1319;0.1397;2611129.72
20251226 000000;0.1397;0.1419;0.1356;0.1381;2066185.85
20251227 000000;0.1381;0.1515;0.1377;0.1404;2857502.3
20251228 000000;0.1404;0.1417;0.1372;0.1398;1226751.79
20251229 000000;0.1398;0.153;0.1391;0.1443;3197787.91
20251230 000000;0.1443;0.1461;0.139;0.1422;1488172.49
20251231 000000;0.1422;0.1443;0.1359;0.1383;1295574.93
