20260101 000000;0.0000000002235;0.0000000002285;0.00000000022;0.0000000002235;257394392879243
20260102 000000;0.0000000002235;0.0000000002347;0.0000000002215;0.0000000002338;243740968934723
20260103 000000;0.0000000002338;0.0000000002347;0.000000000222;0.0000000002261;267276818198400
20260104 000000;0.0000000002261;0.0000000002399;0.0000000002235;0.0000000002325;258196250346338
20260105 000000;0.0000000002325;0.0000000002594;0.0000000002303;0.0000000002465;249856229683540
20260106 000000;0.0000000002465;0.0000000002536;0.00000000024;0.0000000002491;239880462552914
20260107 000000;0.0000000002491;0.0000000002526;0.0000000002252;0.0000000002304;233786141223454
20260108 000000;0.0000000002304;0.0000000002466;0.0000000002255;0.0000000002306;256892299646693
20260109 000000;0.0000000002306;0.0000000002324;0.0000000002252;0.0000000002288;238514928408947
20260110 000000;0.0000000002288;0.0000000002395;0.0000000002283;0.0000000002343;230881400944390
20260111 000000;0.0000000002343;0.0000000002352;0.0000000002252;0.0000000002309;253120060281108
20260112 000000;0.0000000002309;0.0000000002492;0.0000000002281;0.0000000002323;231586750735530
20260113 000000;0.0000000002323;0.0000000002496;0.0000000002323;0.0000000002474;217594444506321
20260114 000000;0.0000000002474;0.0000000002478;0.0000000002337;0.0000000002405;236427138117970
20260115 000000;0.0000000002405;0.0000000002433;0.0000000002355;0.0000000002428;224824463349700
20260116 000000;0.0000000002428;0.0000000002433;0.000000000234;0.0000000002387;223924260953567
20260117 000000;0.0000000002387;0.0000000002596;0.0000000002357;0.0000000002554;230103659613693
20260118 000000;0.0000000002554;0.0000000002596;0.0000000002397;0.0000000002425;235094304404245
20260119 000000;0.0000000002425;0.0000000002436;0.000000000228;0.0000000002412;392909168428253
20260120 000000;0.0000000002412;0.000000000242;0.0000000002215;0.0000000002279;250732084942348
20260121 000000;0.0000000002279;0.0000000002422;0.0000000002117;0.0000000002337;254458223672686
20260122 000000;0.0000000002337;0.0000000002431;0.0000000002199;0.0000000002365;260635538481296
20260123 000000;0.0000000002365;0.0000000002387;0.0000000002255;0.0000000002305;253565945416105
20260124 000000;0.0000000002305;0.0000000002339;0.0000000002272;0.000000000231;245751396504371
20260125 000000;0.000000000231;0.0000000002314;0.000000000206;0.0000000002165;266591049522470
20260126 000000;0.0000000002165;0.0000000002228;0.000000000214;0.0000000002212;256140750448805
20260127 000000;0.0000000002212;0.000000000232;0.00000000022;0.0000000002264;246215872632632
20260128 000000;0.0000000002264;0.0000000002343;0.0000000002233;0.0000000002282;246168365042525
20260129 000000;0.0000000002282;0.0000000002288;0.0000000002039;0.0000000002168;275293457851131
20260130 000000;0.0000000002168;0.0000000002261;0.000000000207;0.0000000002195;267144759946420
20260131 000000;0.0000000002195;0.0000000002294;0.0000000001873;0.0000000002008;321024499391660
20260201 000000;0.0000000002008;0.0000000002101;0.0000000001837;0.0000000001895;317161466666648
20260202 000000;0.0000000001895;0.000000000211;0.0000000001862;0.0000000001926;308889945532144
20260203 000000;0.0000000001926;0.0000000002085;0.000000000177;0.0000000001906;299134614886888
20260204 000000;0.0000000001906;0.0000000002;0.0000000001824;0.0000000001955;301761722629163
20260205 000000;0.0000000001955;0.0000000001982;0.0000000001598;0.0000000001682;333045409734855
20260206 000000;0.0000000001682;0.000000000195;0.0000000001642;0.0000000001791;337541428571155
20260207 000000;0.0000000001791;0.000000000184;0.0000000001697;0.0000000001828;310534184410498
20260208 000000;0.0000000001828;0.0000000001916;0.000000000163;0.0000000001737;321948688675374
20260209 000000;0.0000000001737;0.000000000195;0.0000000001666;0.0000000001693;332801009379044
20260210 000000;0.0000000001693;0.0000000001724;0.0000000001611;0.0000000001648;340135357286759
20260211 000000;0.0000000001648;0.0000000001655;0.00000000015;0.0000000001515;383156222232712
20260212 000000;0.0000000001515;0.0000000001665;0.00000000015;0.0000000001511;378269723267082
20260213 000000;0.0000000001511;0.0000000001673;0.0000000001473;0.0000000001662;375309885774932
20260214 000000;0.0000000001662;0.0000000001711;0.0000000001561;0.0000000001629;337737587792985
20260215 000000;0.0000000001629;0.000000000174;0.0000000001598;0.0000000001691;331635796654862
20260216 000000;0.0000000001691;0.0000000001711;0.0000000001556;0.0000000001669;354333884355283
20260217 000000;0.0000000001669;0.0000000001689;0.0000000001615;0.000000000164;323871748439373
20260218 000000;0.000000000164;0.0000000001662;0.0000000001586;0.0000000001587;350832909237068
20260219 000000;0.0000000001587;0.0000000001642;0.0000000001464;0.0000000001504;375889284705572
20260220 000000;0.0000000001504;0.0000000001571;0.0000000001472;0.0000000001532;375519599407805
20260221 000000;0.0000000001532;0.0000000001664;0.000000000151;0.0000000001574;376724223655772
20260222 000000;0.0000000001574;0.0000000001614;0.0000000001505;0.0000000001514;341318838508881
20260223 000000;0.0000000001514;0.0000000001565;0.0000000001473;0.0000000001514;354434948178807
20260224 000000;0.0000000001514;0.0000000001538;0.0000000001405;0.0000000001426;410317962108284
20260225 000000;0.0000000001426;0.0000000001589;0.0000000001422;0.0000000001556;374396973958936
20260226 000000;0.0000000001556;0.0000000001585;0.0000000001483;0.000000000153;384515689864414
20260227 000000;0.000000000153;0.0000000001608;0.0000000001468;0.0000000001499;348362277660751
20260228 000000;0.0000000001499;0.00000000016;0.0000000001423;0.0000000001578;389638692410122
20260301 000000;0.0000000001578;0.0000000001618;0.0000000001484;0.0000000001505;366882453543014
20260302 000000;0.0000000001505;0.0000000001586;0.0000000001447;0.0000000001535;370716276134070
20260303 000000;0.0000000001535;0.000000000159;0.0000000001514;0.0000000001535;373505999718785
20260304 000000;0.0000000001535;0.0000000001618;0.0000000001525;0.0000000001609;366215090822625
20260305 000000;0.0000000001609;0.0000000001619;0.0000000001584;0.000000000161;346344232718936
20260306 000000;0.000000000161;0.0000000001619;0.0000000001583;0.0000000001589;356850622681258
20260307 000000;0.0000000001589;0.0000000001618;0.0000000001583;0.0000000001596;342660353062282
20260308 000000;0.0000000001596;0.0000000001609;0.0000000001516;0.0000000001516;346249981154951
20260309 000000;0.0000000001516;0.0000000001619;0.00000000015;0.0000000001539;349119525933468
20260310 000000;0.0000000001539;0.0000000001606;0.000000000152;0.0000000001531;347897873985730
20260311 000000;0.0000000001531;0.0000000001593;0.0000000001522;0.0000000001578;362581249553444
20260312 000000;0.0000000001578;0.0000000001636;0.0000000001535;0.0000000001564;355726490939162
20260313 000000;0.0000000001564;0.0000000001678;0.0000000001545;0.0000000001616;347049333420206
20260314 000000;0.0000000001616;0.0000000001633;0.0000000001586;0.0000000001592;355799563559206
20260315 000000;0.0000000001592;0.0000000001644;0.0000000001575;0.0000000001643;351064767178444
20260316 000000;0.0000000001643;0.0000000001708;0.0000000001614;0.0000000001643;321895638173180
20260317 000000;0.0000000001643;0.0000000001655;0.0000000001585;0.0000000001625;345348821430709
20260318 000000;0.0000000001625;0.0000000001629;0.000000000152;0.0000000001553;361593928981213
20260319 000000;0.0000000001553;0.0000000001562;0.0000000001501;0.0000000001548;361107182498144
20260320 000000;0.0000000001548;0.000000000166;0.0000000001539;0.00000000016;347260643080727
20260321 000000;0.00000000016;0.0000000001619;0.000000000156;0.000000000158;339156324076509
20260322 000000;0.000000000158;0.0000000001618;0.0000000001487;0.000000000155;367205965798935
20260323 000000;0.000000000155;0.0000000001599;0.0000000001475;0.000000000157;348468126152966
20260324 000000;0.000000000157;0.0000000001613;0.0000000001539;0.0000000001558;352096599037789
20260325 000000;0.0000000001558;0.0000000001639;0.0000000001545;0.0000000001577;337247181497474
20260326 000000;0.0000000001577;0.0000000001611;0.0000000001505;0.000000000158;339512738448393
20260327 000000;0.000000000158;0.0000000001582;0.0000000001505;0.0000000001509;385769235459789
20260328 000000;0.0000000001509;0.0000000001519;0.0000000001463;0.0000000001476;359102372765088
20260329 000000;0.0000000001476;0.0000000001517;0.0000000001458;0.0000000001483;375775283434202
20260330 000000;0.0000000001483;0.0000000001519;0.0000000001472;0.0000000001487;355019292317050
20260331 000000;0.0000000001487;0.0000000001491;0.0000000001375;0.000000000148;407582844117465
20260401 000000;0.000000000148;0.0000000001527;0.0000000001473;0.000000000151;377646027599142
20260402 000000;0.000000000151;0.0000000001518;0.0000000001385;0.0000000001394;378660187761543
20260403 000000;0.0000000001394;0.0000000001616;0.0000000001367;0.00000000015;424644593486572
20260404 000000;0.00000000015;0.0000000001537;0.0000000001436;0.0000000001478;397666223788506
20260405 000000;0.0000000001478;0.0000000001498;0.0000000001247;0.0000000001479;406237466823676
20260406 000000;0.0000000001479;0.0000000001555;0.0000000001396;0.0000000001447;379802071765766
20260407 000000;0.0000000001447;0.0000000001466;0.0000000001339;0.0000000001448;392120845993527
20260408 000000;0.0000000001448;0.0000000001491;0.0000000001395;0.0000000001433;381930995241933
20260409 000000;0.0000000001433;0.0000000001696;0.0000000001425;0.0000000001534;372725682344161
20260410 000000;0.0000000001534;0.000000000155;0.0000000001467;0.0000000001518;347267801100379
20260411 000000;0.0000000001518;0.00000000016;0.0000000001485;0.0000000001554;393138234223278
20260412 000000;0.0000000001554;0.00000000017;0.0000000001511;0.0000000001568;363031880245433
20260413 000000;0.0000000001568;0.0000000001635;0.00000000015;0.0000000001544;381391081570128
20260414 000000;0.0000000001544;0.0000000001596;0.0000000001361;0.0000000001511;392096765985191
20260415 000000;0.0000000001511;0.0000000001514;0.0000000001472;0.0000000001476;376147452004370
20260416 000000;0.0000000001476;0.0000000001606;0.0000000001437;0.0000000001502;368120287064571
20260417 000000;0.0000000001502;0.0000000001555;0.0000000001439;0.0000000001511;353828071387589
20260418 000000;0.0000000001511;0.0000000001537;0.0000000001352;0.0000000001464;398770573961538
20260419 000000;0.0000000001464;0.0000000001465;0.0000000001365;0.0000000001431;402065510627261
20260420 000000;0.0000000001431;0.0000000001445;0.0000000001393;0.0000000001435;394856767730816
20260421 000000;0.0000000001435;0.000000000146;0.0000000001406;0.0000000001426;391942478745475
20260422 000000;0.0000000001426;0.0000000001529;0.0000000001425;0.0000000001486;378002917339220
20260423 000000;0.0000000001486;0.0000000001503;0.0000000001424;0.0000000001449;372694009865217
20260424 000000;0.0000000001449;0.00000000015;0.0000000001438;0.0000000001455;375525125279811
20260425 000000;0.0000000001455;0.0000000001491;0.0000000001424;0.0000000001456;389000816963984
20260426 000000;0.0000000001456;0.00000000015;0.0000000001422;0.0000000001493;367810760333722
20260427 000000;0.0000000001493;0.0000000001499;0.0000000001407;0.0000000001426;405967015756410
20260428 000000;0.0000000001426;0.00000000015;0.0000000001378;0.0000000001406;393476435297803
20260429 000000;0.0000000001406;0.00000000016;0.0000000001359;0.0000000001495;398364725416037
20260430 000000;0.0000000001495;0.0000000001538;0.0000000001484;0.0000000001518;367481723387422
20260501 000000;0.0000000001518;0.00000000016;0.0000000001447;0.0000000001519;384170129051450
20260502 000000;0.0000000001519;0.000000000154;0.0000000001434;0.0000000001443;371629924729590
20260503 000000;0.0000000001443;0.0000000001452;0.0000000001406;0.0000000001429;398760439203593
20260504 000000;0.0000000001429;0.0000000001572;0.0000000001427;0.0000000001525;394006242142685
20260505 000000;0.0000000001525;0.0000000001591;0.00000000015;0.000000000155;363527554367938
20260506 000000;0.000000000155;0.0000000001697;0.0000000001542;0.0000000001574;365703494599381
20260507 000000;0.0000000001574;0.0000000001656;0.0000000001547;0.0000000001548;345922934680000
20260508 000000;0.0000000001548;0.0000000001676;0.0000000001456;0.0000000001603;370293530640014
20260509 000000;0.0000000001603;0.000000000168;0.0000000001591;0.0000000001636;343185681476717
20260510 000000;0.0000000001636;0.00000000017;0.0000000001603;0.0000000001652;337617144854326
20260511 000000;0.0000000001652;0.0000000001735;0.0000000001639;0.0000000001692;339350194761327
20260512 000000;0.0000000001692;0.0000000001857;0.000000000153;0.0000000001852;392219026957874
20260513 000000;0.0000000001852;0.0000000001856;0.0000000001655;0.0000000001757;320067604768166
20260514 000000;0.0000000001757;0.0000000002016;0.0000000001687;0.0000000001724;318204284361553
20260515 000000;0.0000000001724;0.0000000001821;0.0000000001654;0.0000000001705;341534273842216
20260516 000000;0.0000000001705;0.0000000002005;0.0000000001694;0.0000000001769;343995734833005
20260517 000000;0.0000000001769;0.0000000001784;0.0000000001593;0.0000000001607;340148338551797
20260518 000000;0.0000000001607;0.0000000001633;0.0000000001526;0.0000000001559;362227611988478
20260519 000000;0.0000000001559;0.0000000001572;0.0000000001412;0.0000000001496;394281645985412
20260520 000000;0.0000000001496;0.0000000001593;0.0000000001458;0.0000000001516;377456058285619
20260521 000000;0.0000000001516;0.000000000156;0.0000000001502;0.0000000001512;349204405938089
20260522 000000;0.0000000001512;0.000000000161;0.0000000001497;0.0000000001516;342247849155884
20260523 000000;0.0000000001516;0.0000000001661;0.0000000001466;0.0000000001626;371796031129778
20260524 000000;0.0000000001626;0.00000000017;0.0000000001592;0.0000000001625;346952341290416
20260525 000000;0.0000000001625;0.0000000001723;0.000000000162;0.0000000001637;339025800314542
20260526 000000;0.0000000001637;0.000000000168;0.000000000156;0.0000000001573;337979072112092
20260527 000000;0.0000000001573;0.0000000001589;0.0000000001502;0.0000000001542;374996896820734
20260528 000000;0.0000000001542;0.0000000001574;0.0000000001502;0.0000000001517;370622031690560
20260529 000000;0.0000000001517;0.0000000001565;0.0000000001502;0.0000000001527;382487048022990
20260530 000000;0.0000000001527;0.0000000001797;0.0000000001517;0.0000000001771;338175619104568
20260531 000000;0.0000000001771;0.0000000002294;0.0000000001713;0.0000000001772;352749896028579
20260601 000000;0.0000000001772;0.0000000001777;0.0000000001689;0.0000000001722;334548190358374
20260602 000000;0.0000000001722;0.0000000001745;0.0000000001555;0.0000000001582;338453931820411
20260603 000000;0.0000000001582;0.0000000001584;0.0000000001483;0.0000000001522;368593855752329
20260604 000000;0.0000000001522;0.0000000001547;0.0000000001354;0.0000000001432;388908447645421
20260605 000000;0.0000000001432;0.000000000147;0.0000000001272;0.000000000142;424145318628226
20260606 000000;0.000000000142;0.0000000001543;0.0000000001342;0.0000000001421;405928800402026
20260607 000000;0.0000000001421;0.000000000168;0.0000000001412;0.0000000001589;388134529918807
20260608 000000;0.0000000001589;0.000000000172;0.0000000001531;0.0000000001612;345093050355766
20260609 000000;0.0000000001612;0.0000000001736;0.0000000001465;0.0000000001487;360974848416042
20260610 000000;0.0000000001487;0.0000000001508;0.0000000001424;0.000000000144;374705213437489
20260611 000000;0.000000000144;0.0000000001446;0.000000000135;0.0000000001398;401743697202923
20260612 000000;0.0000000001398;0.000000000155;0.0000000001379;0.000000000143;403144265393882
20260613 000000;0.000000000143;0.0000000001513;0.0000000001391;0.0000000001474;394421812886792
20260614 000000;0.0000000001474;0.0000000001585;0.0000000001395;0.0000000001554;389107289819324
20260615 000000;0.0000000001554;0.000000000157;0.0000000001413;0.0000000001432;371906320142518
20260616 000000;0.0000000001432;0.000000000145;0.0000000001378;0.0000000001406;393917736159796
20260617 000000;0.0000000001406;0.000000000142;0.000000000136;0.0000000001387;402560251275752
20260618 000000;0.0000000001387;0.000000000142;0.000000000135;0.0000000001355;409062704774509
20260619 000000;0.0000000001355;0.0000000001397;0.0000000001345;0.0000000001374;402694355599502
20260620 000000;0.0000000001374;0.0000000001387;0.0000000001329;0.0000000001351;329987489815730
