20230622 000000;0.0000000003391;0.000000000348;0.0000000003292;0.0000000003374;255553279821915
20230623 000000;0.0000000003374;0.0000000003488;0.0000000003201;0.0000000003275;176539106105957
20230624 000000;0.0000000003275;0.0000000003391;0.0000000003212;0.0000000003332;188528569599689
20230625 000000;0.0000000003332;0.0000000003346;0.0000000003234;0.0000000003263;160564949821478
20230626 000000;0.0000000003263;0.0000000003354;0.00000000032;0.0000000003249;155291524786130
20230627 000000;0.0000000003249;0.0000000003378;0.000000000315;0.0000000003226;165951898335491
20230628 000000;0.0000000003226;0.000000000325;0.0000000003072;0.0000000003098;106384445165651
20230629 000000;0.0000000003098;0.000000000324;0.0000000003058;0.0000000003127;126772817805713
20230630 000000;0.0000000003127;0.0000000003194;0.000000000305;0.0000000003161;127581293589419
20230701 000000;0.0000000003161;0.0000000003229;0.0000000003084;0.0000000003094;126576083389393
20230702 000000;0.0000000003094;0.0000000003208;0.0000000003085;0.000000000318;141470403070123
20230703 000000;0.000000000318;0.0000000003294;0.0000000003121;0.0000000003235;139807135265876
20230704 000000;0.0000000003235;0.0000000003263;0.0000000003156;0.0000000003179;111829432710421
20230705 000000;0.0000000003179;0.0000000003233;0.0000000002757;0.000000000287;435974453508019
20230706 000000;0.000000000287;0.0000000002975;0.0000000002674;0.0000000002767;260221123908888
20230707 000000;0.0000000002767;0.0000000002793;0.0000000002694;0.0000000002764;133740161461841
20230708 000000;0.0000000002764;0.00000000028;0.0000000002601;0.0000000002755;172684897644443
20230709 000000;0.0000000002755;0.00000000028;0.0000000002632;0.0000000002719;152683570024819
20230710 000000;0.0000000002719;0.0000000002877;0.0000000002633;0.0000000002736;151787155179093
20230711 000000;0.0000000002736;0.0000000002923;0.0000000002736;0.0000000002845;129049249807185
20230712 000000;0.0000000002845;0.0000000002849;0.0000000002733;0.0000000002808;136119590614377
20230713 000000;0.0000000002808;0.0000000003058;0.000000000276;0.0000000002952;225796074293204
20230714 000000;0.0000000002952;0.0000000003061;0.0000000002838;0.0000000002905;211666116640845
20230715 000000;0.0000000002905;0.000000000294;0.000000000284;0.0000000002886;112918908500636
20230716 000000;0.0000000002886;0.000000000294;0.00000000028;0.0000000002882;115316324004580
20230717 000000;0.0000000002882;0.000000000292;0.0000000002751;0.0000000002834;137197942140900
20230718 000000;0.0000000002834;0.000000000289;0.0000000002695;0.0000000002817;112005136461482
20230719 000000;0.0000000002817;0.0000000002889;0.0000000002729;0.0000000002782;148097341565902
20230720 000000;0.0000000002782;0.0000000002829;0.0000000002733;0.0000000002776;125353198384152
20230721 000000;0.0000000002776;0.0000000003;0.0000000002769;0.0000000002844;152410097232519
20230722 000000;0.0000000002844;0.0000000002853;0.0000000002642;0.0000000002777;131954323528129
20230723 000000;0.0000000002777;0.00000000029;0.0000000002692;0.000000000274;125627752061944
20230724 000000;0.000000000274;0.0000000002889;0.0000000002606;0.0000000002667;149781022645888
20230725 000000;0.0000000002667;0.0000000002695;0.00000000025;0.000000000262;145819247607095
20230726 000000;0.000000000262;0.0000000002716;0.000000000256;0.0000000002688;160133298194234
20230727 000000;0.0000000002688;0.000000000273;0.000000000261;0.000000000263;114717265992366
20230728 000000;0.000000000263;0.0000000002696;0.0000000002617;0.0000000002638;152583014935163
20230729 000000;0.0000000002638;0.0000000002696;0.000000000262;0.0000000002674;134869682474251
20230730 000000;0.0000000002674;0.000000000278;0.000000000263;0.0000000002659;136639226753123
20230731 000000;0.0000000002659;0.0000000002725;0.00000000026;0.0000000002646;129953381819913
20230801 000000;0.0000000002646;0.0000000002659;0.0000000002542;0.0000000002633;126724622940683
20230802 000000;0.0000000002633;0.000000000267;0.0000000002515;0.0000000002612;119088191924205
20230803 000000;0.0000000002612;0.0000000002625;0.0000000002526;0.0000000002592;108254822094768
20230804 000000;0.0000000002592;0.0000000002637;0.000000000253;0.0000000002607;142414613627304
20230805 000000;0.0000000002607;0.0000000002627;0.000000000253;0.0000000002594;169295277326231
20230806 000000;0.0000000002594;0.000000000275;0.0000000002531;0.00000000027;188539686873005
20230807 000000;0.00000000027;0.0000000002749;0.0000000002661;0.0000000002675;119511592043253
20230808 000000;0.0000000002675;0.0000000002725;0.000000000261;0.0000000002636;142298836970480
20230809 000000;0.0000000002636;0.0000000002667;0.000000000257;0.0000000002637;122786322433048
20230810 000000;0.0000000002637;0.0000000002729;0.0000000002577;0.0000000002724;115181291323240
20230811 000000;0.0000000002724;0.0000000002735;0.000000000255;0.0000000002673;126277322216810
20230812 000000;0.0000000002673;0.0000000002701;0.0000000002621;0.0000000002687;97493866705118
20230813 000000;0.0000000002687;0.0000000002693;0.0000000002587;0.0000000002651;123914139257445
20230814 000000;0.0000000002651;0.0000000002654;0.00000000026;0.0000000002637;109479947858153
20230815 000000;0.0000000002637;0.000000000265;0.0000000002529;0.0000000002562;113744552582083
20230816 000000;0.0000000002562;0.0000000002648;0.0000000002372;0.000000000247;149285421247936
20230817 000000;0.000000000247;0.0000000002499;0.0000000002221;0.0000000002297;138956182298052
20230818 000000;0.0000000002297;0.0000000002411;0.0000000002193;0.0000000002385;141572916814054
20230819 000000;0.0000000002385;0.0000000002413;0.0000000002306;0.0000000002319;95029471960772
20230820 000000;0.0000000002319;0.000000000252;0.0000000002307;0.0000000002482;113222331560425
20230821 000000;0.0000000002482;0.0000000002512;0.0000000002349;0.000000000242;143283748757975
20230822 000000;0.000000000242;0.0000000002432;0.0000000002251;0.0000000002291;140161018846331
20230823 000000;0.0000000002291;0.0000000002375;0.0000000002262;0.0000000002348;120061303391663
20230824 000000;0.0000000002348;0.0000000002385;0.0000000002273;0.0000000002273;109710297421956
20230825 000000;0.0000000002273;0.0000000002357;0.0000000002205;0.0000000002279;137746515189714
20230826 000000;0.0000000002279;0.0000000002297;0.00000000022;0.00000000022;108847778611236
20230827 000000;0.00000000022;0.0000000002261;0.00000000022;0.0000000002239;113201154596610
20230828 000000;0.0000000002239;0.000000000227;0.0000000002194;0.0000000002217;121138927127127
20230829 000000;0.0000000002217;0.000000000235;0.0000000002143;0.0000000002229;160684677292313
20230830 000000;0.0000000002229;0.000000000246;0.0000000002151;0.0000000002234;165782398609055
20230831 000000;0.0000000002234;0.0000000002295;0.0000000002161;0.0000000002211;116311191480474
20230901 000000;0.0000000002211;0.0000000002241;0.0000000002122;0.0000000002165;114019123456172
20230902 000000;0.0000000002165;0.0000000002177;0.000000000205;0.0000000002138;134222347202621
20230903 000000;0.0000000002138;0.0000000002208;0.0000000002102;0.0000000002192;133254454697031
20230904 000000;0.0000000002192;0.0000000002279;0.000000000211;0.0000000002128;143525510476904
20230905 000000;0.0000000002128;0.000000000224;0.0000000002114;0.0000000002194;130783080996892
20230906 000000;0.0000000002194;0.0000000002225;0.0000000002122;0.0000000002142;112141337718828
20230907 000000;0.0000000002142;0.0000000002287;0.0000000002138;0.0000000002286;122832738599948
20230908 000000;0.0000000002286;0.00000000023;0.00000000022;0.0000000002258;114883032130900
20230909 000000;0.0000000002258;0.000000000235;0.0000000002251;0.0000000002308;119025945833867
20230910 000000;0.0000000002308;0.000000000231;0.0000000002202;0.0000000002236;107587163096023
20230911 000000;0.0000000002236;0.0000000002258;0.0000000002122;0.0000000002152;117507222974481
20230912 000000;0.0000000002152;0.0000000002273;0.0000000002086;0.0000000002188;157404961181057
20230913 000000;0.0000000002188;0.0000000002217;0.0000000002121;0.0000000002148;103409555479250
20230914 000000;0.0000000002148;0.0000000002296;0.000000000213;0.0000000002182;140097744531128
20230915 000000;0.0000000002182;0.0000000002263;0.000000000218;0.0000000002256;111071440002109
20230916 000000;0.0000000002256;0.0000000002398;0.0000000002224;0.0000000002317;158743039037002
20230917 000000;0.0000000002317;0.0000000002323;0.0000000002219;0.0000000002239;104316977197701
20230918 000000;0.0000000002239;0.0000000002465;0.0000000002225;0.0000000002325;173816985723010
20230919 000000;0.0000000002325;0.0000000002383;0.000000000227;0.0000000002294;136935688893221
20230920 000000;0.0000000002294;0.000000000236;0.0000000002253;0.0000000002296;122326190799030
20230921 000000;0.0000000002296;0.0000000002306;0.0000000002245;0.0000000002296;102440890298225
20230922 000000;0.0000000002296;0.000000000236;0.0000000002257;0.0000000002309;139155872713978
20230923 000000;0.0000000002309;0.0000000002322;0.000000000224;0.0000000002309;148067837229547
20230924 000000;0.0000000002309;0.0000000002322;0.0000000002241;0.0000000002297;135783787785496
20230925 000000;0.0000000002297;0.0000000002309;0.0000000002202;0.0000000002234;170343564998473
20230926 000000;0.0000000002234;0.0000000002346;0.0000000002218;0.0000000002282;204488975829389
20230927 000000;0.0000000002282;0.0000000002327;0.0000000002241;0.0000000002266;189250985557006
20230928 000000;0.0000000002266;0.0000000002355;0.0000000002257;0.0000000002343;151107401507202
20230929 000000;0.0000000002343;0.0000000002374;0.0000000002267;0.0000000002368;153150543237634
20230930 000000;0.0000000002368;0.0000000002396;0.000000000228;0.0000000002372;154012464990458
20231001 000000;0.0000000002372;0.0000000002469;0.0000000002341;0.0000000002435;187391296566686
20231002 000000;0.0000000002435;0.0000000002513;0.0000000002328;0.0000000002358;222773891505505
20231003 000000;0.0000000002358;0.0000000002431;0.000000000227;0.0000000002314;201850690540191
20231004 000000;0.0000000002314;0.0000000002381;0.00000000023;0.0000000002322;152647952041396
20231005 000000;0.0000000002322;0.0000000002364;0.0000000002256;0.0000000002322;153249888445927
20231006 000000;0.0000000002322;0.0000000002369;0.0000000002262;0.0000000002359;156711645900593
20231007 000000;0.0000000002359;0.0000000002365;0.000000000232;0.000000000235;152405036665154
20231008 000000;0.000000000235;0.0000000002352;0.0000000002302;0.0000000002334;130665367131206
20231009 000000;0.0000000002334;0.0000000002374;0.0000000002195;0.0000000002217;179655374465579
20231010 000000;0.0000000002217;0.0000000002427;0.000000000219;0.0000000002346;230792217479568
20231011 000000;0.0000000002346;0.0000000002351;0.000000000222;0.0000000002267;169768401284024
20231012 000000;0.0000000002267;0.0000000002276;0.000000000218;0.0000000002201;150268818682419
20231013 000000;0.0000000002201;0.0000000002291;0.0000000002167;0.0000000002236;191407252174818
20231014 000000;0.0000000002236;0.000000000236;0.0000000002192;0.0000000002308;174202865107797
20231015 000000;0.0000000002308;0.0000000002365;0.0000000002243;0.0000000002334;225962933896228
20231016 000000;0.0000000002334;0.0000000002427;0.00000000023;0.0000000002335;188662225972585
20231017 000000;0.0000000002335;0.0000000002401;0.0000000002307;0.000000000232;193351562293593
20231018 000000;0.000000000232;0.0000000002346;0.0000000002285;0.0000000002321;143937262021462
20231019 000000;0.0000000002321;0.0000000002427;0.0000000002286;0.0000000002418;171316122131896
20231020 000000;0.0000000002418;0.0000000002708;0.0000000002385;0.0000000002474;254689025254183
20231021 000000;0.0000000002474;0.0000000002647;0.0000000002407;0.0000000002583;210355362038506
20231022 000000;0.0000000002583;0.00000000029;0.000000000255;0.0000000002689;312728029423842
20231023 000000;0.0000000002689;0.0000000002895;0.0000000002561;0.0000000002743;294976914246444
20231024 000000;0.0000000002743;0.000000000304;0.0000000002671;0.000000000274;249688762268109
20231025 000000;0.000000000274;0.00000000033;0.0000000002713;0.0000000002981;395778675203398
20231026 000000;0.0000000002981;0.0000000003066;0.0000000002899;0.0000000002983;224842110163236
20231027 000000;0.0000000002983;0.0000000003177;0.0000000002807;0.000000000296;266776218058948
20231028 000000;0.000000000296;0.0000000003144;0.000000000283;0.0000000003014;236191997064107
20231029 000000;0.0000000003014;0.0000000003191;0.0000000002855;0.0000000003004;240806845710735
20231030 000000;0.0000000003004;0.0000000003056;0.0000000002753;0.0000000002871;208635989988767
20231031 000000;0.0000000002871;0.0000000003175;0.00000000028;0.0000000002881;226489897441391
20231101 000000;0.0000000002881;0.0000000003075;0.000000000281;0.0000000003021;168963689792569
20231102 000000;0.0000000003021;0.0000000003145;0.00000000028;0.0000000002956;219318888690860
20231103 000000;0.0000000002956;0.0000000003053;0.000000000282;0.0000000002958;165749373287793
20231104 000000;0.0000000002958;0.0000000003027;0.0000000002866;0.0000000002976;178390858677494
20231105 000000;0.0000000002976;0.000000000315;0.0000000002945;0.0000000003013;174447543368217
20231106 000000;0.0000000003013;0.0000000003489;0.0000000002995;0.0000000003292;399187416995758
20231107 000000;0.0000000003292;0.0000000003336;0.0000000002921;0.0000000003061;256951986087842
20231108 000000;0.0000000003061;0.000000000327;0.0000000003021;0.0000000003081;168359002561327
20231109 000000;0.0000000003081;0.0000000003607;0.0000000003071;0.0000000003448;337042756150806
20231110 000000;0.0000000003448;0.0000000003586;0.0000000003282;0.0000000003498;210213383475237
20231111 000000;0.0000000003498;0.000000000359;0.0000000003335;0.0000000003529;226246675965677
20231112 000000;0.0000000003529;0.00000000036;0.000000000339;0.0000000003594;163433121635620
20231113 000000;0.0000000003594;0.000000000363;0.000000000325;0.0000000003252;249711418126009
20231114 000000;0.0000000003252;0.0000000003438;0.000000000307;0.0000000003225;172902052935842
20231115 000000;0.0000000003225;0.0000000003372;0.0000000003083;0.0000000003338;182318444171939
20231116 000000;0.0000000003338;0.0000000003478;0.0000000003162;0.0000000003232;242400033985397
20231117 000000;0.0000000003232;0.000000000342;0.00000000029;0.0000000003283;302198552833763
20231118 000000;0.0000000003283;0.0000000003355;0.0000000003054;0.0000000003165;159248952268555
20231119 000000;0.0000000003165;0.0000000003305;0.0000000003115;0.0000000003199;178251165885597
20231120 000000;0.0000000003199;0.0000000003257;0.0000000003115;0.0000000003201;159710027344152
20231121 000000;0.0000000003201;0.000000000327;0.000000000281;0.0000000002877;206484766040503
20231122 000000;0.0000000002877;0.0000000003145;0.0000000002791;0.0000000003066;223078722230038
20231123 000000;0.0000000003066;0.0000000003223;0.0000000003037;0.0000000003059;147666582453309
20231124 000000;0.0000000003059;0.000000000339;0.0000000003;0.0000000003103;288334762634941
20231125 000000;0.0000000003103;0.0000000003167;0.0000000003025;0.0000000003116;146482872993223
20231126 000000;0.0000000003116;0.00000000032;0.0000000003001;0.0000000003052;175825276431412
20231127 000000;0.0000000003052;0.0000000003114;0.0000000002896;0.0000000002958;169979998279936
20231128 000000;0.0000000002958;0.00000000031;0.0000000002923;0.0000000003075;173808567325240
20231129 000000;0.0000000003075;0.0000000003094;0.0000000002922;0.0000000003034;159431011070994
20231130 000000;0.0000000003034;0.000000000309;0.0000000002777;0.0000000003071;202970779933191
20231201 000000;0.0000000003071;0.0000000003192;0.0000000002999;0.0000000003074;176036275547362
20231202 000000;0.0000000003074;0.000000000328;0.0000000002945;0.0000000003164;209489875128653
20231203 000000;0.0000000003164;0.0000000003193;0.0000000003;0.0000000003106;188842854785974
20231204 000000;0.0000000003106;0.0000000003393;0.000000000305;0.0000000003163;292854802096527
20231205 000000;0.0000000003163;0.0000000003475;0.0000000003042;0.0000000003252;272900148351581
20231206 000000;0.0000000003252;0.0000000003422;0.00000000032;0.0000000003297;225254412282928
20231207 000000;0.0000000003297;0.0000000003435;0.0000000003082;0.0000000003252;217929541318789
20231208 000000;0.0000000003252;0.00000000037;0.0000000003198;0.0000000003597;274446124200407
20231209 000000;0.0000000003597;0.0000000003747;0.0000000003491;0.0000000003563;367012199795468
20231210 000000;0.0000000003563;0.0000000004555;0.0000000003508;0.0000000004252;812864540565218
20231211 000000;0.0000000004252;0.0000000004577;0.0000000003736;0.0000000004026;353629219023389
20231212 000000;0.0000000004026;0.0000000004199;0.0000000003915;0.0000000004084;194898645465772
20231213 000000;0.0000000004084;0.0000000004343;0.000000000389;0.0000000004162;204244069126837
20231214 000000;0.0000000004162;0.0000000004215;0.0000000004;0.000000000419;164974685151961
20231215 000000;0.000000000419;0.0000000004814;0.000000000394;0.0000000004368;411175089120425
20231216 000000;0.0000000004368;0.000000000471;0.0000000004131;0.0000000004332;472143437076955
20231217 000000;0.0000000004332;0.0000000004923;0.0000000004161;0.0000000004528;738816280849817
20231218 000000;0.0000000004528;0.0000000004669;0.0000000003967;0.0000000004272;373986867241830
20231219 000000;0.0000000004272;0.0000000004474;0.0000000004171;0.0000000004426;236102535282368
20231220 000000;0.0000000004426;0.0000000004494;0.0000000004281;0.0000000004415;214313712335907
20231221 000000;0.0000000004415;0.00000000046;0.0000000004318;0.0000000004551;248300482514133
20231222 000000;0.0000000004551;0.0000000004598;0.00000000044;0.0000000004453;207200614407414
20231223 000000;0.0000000004453;0.0000000004454;0.0000000004275;0.0000000004336;127630857842890
20231224 000000;0.0000000004336;0.0000000004473;0.00000000042;0.0000000004224;162528322378958
20231225 000000;0.0000000004224;0.0000000004474;0.0000000004051;0.0000000004265;155150855709596
20231226 000000;0.0000000004265;0.0000000005;0.0000000004183;0.0000000004575;330220678516410
20231227 000000;0.0000000004575;0.000000000495;0.0000000004425;0.0000000004913;155623058162283
20231228 000000;0.0000000004913;0.0000000004981;0.0000000004727;0.0000000004897;164550874696864
20231229 000000;0.0000000004897;0.000000000495;0.0000000004571;0.0000000004679;142468844695267
20231230 000000;0.0000000004679;0.00000000048;0.0000000004475;0.0000000004688;110984877191650
20231231 000000;0.0000000004688;0.000000000489;0.0000000004623;0.000000000467;116920958400737
