20240101 000000;0.000000000467;0.000000000478;0.00000000044;0.0000000004547;112431019238195
20240102 000000;0.0000000004547;0.0000000005068;0.0000000004537;0.0000000004927;149341250870113
20240103 000000;0.0000000004927;0.000000000513;0.000000000435;0.0000000004617;159715077379389
20240104 000000;0.0000000004617;0.0000000004821;0.0000000004402;0.0000000004796;129401182377973
20240105 000000;0.0000000004796;0.0000000004857;0.00000000045;0.0000000004617;118097790341745
20240106 000000;0.0000000004617;0.0000000004696;0.0000000004369;0.0000000004439;103291724130273
20240107 000000;0.0000000004439;0.000000000452;0.0000000004357;0.0000000004364;111874547880556
20240108 000000;0.0000000004364;0.000000000449;0.0000000004069;0.0000000004447;133607183055524
20240109 000000;0.0000000004447;0.0000000005066;0.0000000004362;0.0000000004836;228645460568170
20240110 000000;0.0000000004836;0.0000000005195;0.00000000046;0.0000000005091;188568018326122
20240111 000000;0.0000000005091;0.00000000058;0.0000000004877;0.0000000005492;353177982588208
20240112 000000;0.0000000005492;0.0000000005654;0.0000000004718;0.0000000004849;185598352663556
20240113 000000;0.0000000004849;0.0000000005247;0.0000000004603;0.000000000484;165392959959152
20240114 000000;0.000000000484;0.0000000005072;0.00000000046;0.0000000004646;122081025042577
20240115 000000;0.0000000004646;0.000000000502;0.00000000046;0.0000000004834;100356789707370
20240116 000000;0.0000000004834;0.0000000004999;0.000000000461;0.0000000004841;119165554509992
20240117 000000;0.0000000004841;0.0000000004956;0.0000000004696;0.000000000471;113294070658641
20240118 000000;0.000000000471;0.0000000004777;0.0000000004444;0.0000000004552;141711353166486
20240119 000000;0.0000000004552;0.000000000487;0.0000000004444;0.0000000004697;133260298678133
20240120 000000;0.0000000004697;0.0000000005105;0.0000000004444;0.0000000004828;161546044229060
20240121 000000;0.0000000004828;0.0000000004981;0.0000000004757;0.0000000004841;92846668563210
20240122 000000;0.0000000004841;0.0000000004843;0.0000000004499;0.0000000004501;126113526350839
20240123 000000;0.0000000004501;0.000000000466;0.0000000004225;0.0000000004598;141086012147702
20240124 000000;0.0000000004598;0.0000000004949;0.0000000004439;0.0000000004657;151631452341505
20240125 000000;0.0000000004657;0.0000000004895;0.0000000004451;0.0000000004649;136705684279158
20240126 000000;0.0000000004649;0.0000000004888;0.0000000004565;0.0000000004842;108119212880812
20240127 000000;0.0000000004842;0.000000000487;0.0000000004613;0.0000000004748;100414124812668
20240128 000000;0.0000000004748;0.000000000485;0.0000000004513;0.000000000465;105334829443189
20240129 000000;0.000000000465;0.0000000004719;0.0000000004501;0.0000000004559;93372474977423
20240130 000000;0.0000000004559;0.0000000004751;0.0000000004501;0.0000000004544;117899180776379
20240131 000000;0.0000000004544;0.0000000004695;0.0000000004375;0.000000000448;121367457179188
20240201 000000;0.000000000448;0.0000000004499;0.000000000428;0.0000000004496;114265182190608
20240202 000000;0.0000000004496;0.00000000045;0.000000000425;0.0000000004367;119671504064587
20240203 000000;0.0000000004367;0.0000000004409;0.000000000424;0.0000000004291;117373644753809
20240204 000000;0.0000000004291;0.0000000004316;0.0000000004014;0.0000000004062;110376151104704
20240205 000000;0.0000000004062;0.0000000004369;0.0000000004047;0.0000000004129;110260755347903
20240206 000000;0.0000000004129;0.0000000004348;0.0000000003852;0.0000000004291;115810007999448
20240207 000000;0.0000000004291;0.0000000004379;0.0000000004114;0.0000000004211;110168270797805
20240208 000000;0.0000000004211;0.0000000004409;0.0000000004177;0.0000000004282;115023052880156
20240209 000000;0.0000000004282;0.0000000004517;0.0000000004256;0.0000000004468;111431936180920
20240210 000000;0.0000000004468;0.0000000004681;0.0000000004364;0.0000000004434;94258127848098
20240211 000000;0.0000000004434;0.0000000004488;0.00000000043;0.0000000004329;104628286492427
20240212 000000;0.0000000004329;0.0000000004894;0.0000000004212;0.0000000004722;208401974183542
20240213 000000;0.0000000004722;0.0000000004899;0.0000000004478;0.0000000004559;103795014645796
20240214 000000;0.0000000004559;0.000000000485;0.0000000004532;0.0000000004756;144889976717548
20240215 000000;0.0000000004756;0.0000000004855;0.0000000004606;0.0000000004704;159946057445783
20240216 000000;0.0000000004704;0.000000000485;0.0000000004654;0.0000000004741;113208791803868
20240217 000000;0.0000000004741;0.0000000004829;0.0000000004548;0.0000000004702;116956317472728
20240218 000000;0.0000000004702;0.000000000489;0.000000000465;0.0000000004667;117379564187130
20240219 000000;0.0000000004667;0.0000000004845;0.000000000465;0.0000000004726;144657525503485
20240220 000000;0.0000000004726;0.0000000004795;0.0000000004557;0.0000000004729;117432641538434
20240221 000000;0.0000000004729;0.0000000004792;0.0000000004622;0.0000000004772;137033571292436
20240222 000000;0.0000000004772;0.0000000004893;0.0000000004675;0.0000000004811;143190911537214
20240223 000000;0.0000000004811;0.0000000004825;0.000000000466;0.0000000004759;114804007268504
20240224 000000;0.0000000004759;0.000000000489;0.0000000004672;0.0000000004861;140307878789103
20240225 000000;0.0000000004861;0.0000000005403;0.0000000004802;0.0000000005123;190543937915519
20240226 000000;0.0000000005123;0.0000000005428;0.0000000004881;0.0000000005311;155514063527097
20240227 000000;0.0000000005311;0.0000000005822;0.0000000005226;0.000000000557;236114805149713
20240228 000000;0.000000000557;0.00000000062;0.0000000005488;0.0000000006069;305903665263515
20240229 000000;0.0000000006069;0.00000000063;0.0000000005716;0.0000000005835;207601792741383
20240301 000000;0.0000000005835;0.0000000006397;0.0000000005735;0.0000000006393;212409752025477
20240302 000000;0.0000000006393;0.0000000007033;0.0000000006202;0.0000000006822;436290324954450
20240303 000000;0.0000000006822;0.000000000687;0.00000000061;0.0000000006663;272492227201542
20240304 000000;0.0000000006663;0.0000000009584;0.00000000065;0.00000000084;876016308210699
20240305 000000;0.00000000084;0.0000000009866;0.0000000006694;0.0000000007539;629864549402022
20240306 000000;0.0000000007539;0.0000000009233;0.0000000007432;0.0000000008617;368229454676396
20240307 000000;0.0000000008617;0.0000000011158;0.0000000007721;0.0000000009735;573498708432449
20240308 000000;0.0000000009735;0.0000000012;0.0000000009608;0.0000000011285;543056516648974
20240309 000000;0.0000000011285;0.0000000012;0.0000000010231;0.0000000010623;423764812573073
20240310 000000;0.0000000010623;0.0000000012381;0.0000000010311;0.0000000010407;387872174677356
20240311 000000;0.0000000010407;0.00000000125;0.0000000010391;0.0000000011894;317408513160163
20240312 000000;0.0000000011894;0.0000000012097;0.0000000010354;0.0000000010674;264574096832528
20240313 000000;0.0000000010674;0.00000000126;0.000000001043;0.00000000125;263270426417711
20240314 000000;0.00000000125;0.0000000015;0.0000000011885;0.0000000014226;535675087570226
20240315 000000;0.0000000014226;0.0000000014764;0.0000000010474;0.000000001389;455251839657272
20240316 000000;0.000000001389;0.00000000144;0.0000000011285;0.0000000011745;370166023565968
20240317 000000;0.0000000011745;0.00000000139;0.000000001101;0.0000000012716;265245463542676
20240318 000000;0.0000000012716;0.0000000013074;0.0000000010657;0.000000001097;271839102956176
20240319 000000;0.000000001097;0.0000000011522;0.00000000093;0.000000000977;415960467030653
20240320 000000;0.000000000977;0.0000000013689;0.00000000096;0.0000000011076;369290691209960
20240321 000000;0.0000000011076;0.00000000118;0.0000000009898;0.0000000010606;304156306008421
20240322 000000;0.0000000010606;0.000000001109;0.000000000971;0.0000000010065;202750977116621
20240323 000000;0.0000000010065;0.000000001136;0.0000000009942;0.0000000011198;168861228918486
20240324 000000;0.0000000011198;0.0000000012688;0.000000001051;0.000000001207;265955354855392
20240325 000000;0.000000001207;0.000000001282;0.0000000011451;0.000000001262;234593284335760
20240326 000000;0.000000001262;0.000000001262;0.000000001157;0.0000000011882;166834411908472
20240327 000000;0.0000000011882;0.0000000011997;0.0000000010691;0.0000000011142;150280429787089
20240328 000000;0.0000000011142;0.0000000011561;0.000000001061;0.0000000011373;155008134494913
20240329 000000;0.0000000011373;0.000000001218;0.000000001059;0.0000000011477;208034061379451
20240330 000000;0.0000000011477;0.0000000011555;0.0000000010481;0.0000000010925;115891228136263
20240331 000000;0.0000000010925;0.000000001129;0.000000001058;0.000000001062;130954047092758
20240401 000000;0.000000001062;0.000000001125;0.0000000009806;0.0000000010348;179213829154688
20240402 000000;0.0000000010348;0.0000000010576;0.0000000009391;0.0000000010304;161129837675072
20240403 000000;0.0000000010304;0.0000000010989;0.0000000009622;0.0000000009893;142511703444779
20240404 000000;0.0000000009893;0.0000000010587;0.00000000094;0.0000000009647;137855363429685
20240405 000000;0.0000000009647;0.0000000010111;0.0000000009346;0.0000000009717;114795628452385
20240406 000000;0.0000000009717;0.00000000108;0.00000000095;0.0000000010042;313468945856594
20240407 000000;0.0000000010042;0.00000000105;0.000000000959;0.0000000009841;220389272589368
20240408 000000;0.0000000009841;0.00000000104;0.0000000009681;0.0000000010176;490869944978499
20240409 000000;0.0000000010176;0.0000000010214;0.0000000009502;0.0000000009887;153248491014678
20240410 000000;0.0000000009887;0.0000000010193;0.0000000009001;0.0000000009931;119390300122132
20240411 000000;0.0000000009931;0.0000000010092;0.0000000009447;0.00000000095;93573559283140
20240412 000000;0.00000000095;0.0000000009944;0.000000000834;0.0000000008899;202970435466311
20240413 000000;0.0000000008899;0.0000000009032;0.0000000007449;0.0000000008285;255480603052766
20240414 000000;0.0000000008285;0.0000000008602;0.0000000007761;0.0000000008578;120379602018499
20240415 000000;0.0000000008578;0.0000000009679;0.000000000814;0.0000000008148;145045011410060
20240416 000000;0.0000000008148;0.0000000008714;0.0000000007668;0.0000000008649;107985404334907
20240417 000000;0.0000000008649;0.000000000894;0.0000000007686;0.0000000008041;97825259816216
20240418 000000;0.0000000008041;0.00000000085;0.0000000007854;0.0000000008368;77156954884625
20240419 000000;0.0000000008368;0.0000000008845;0.0000000007811;0.0000000007939;140177750083779
20240420 000000;0.0000000007939;0.0000000008367;0.00000000078;0.0000000008279;80873920349831
20240421 000000;0.0000000008279;0.0000000008577;0.0000000007878;0.0000000008097;69927756317225
20240422 000000;0.0000000008097;0.0000000008579;0.000000000793;0.0000000008518;101710864259791
20240423 000000;0.0000000008518;0.000000000855;0.0000000008157;0.0000000008454;110352628799766
20240424 000000;0.0000000008454;0.00000000085;0.0000000007812;0.0000000008193;113055261523213
20240425 000000;0.0000000008193;0.0000000008333;0.0000000007864;0.0000000008232;84808530528217
20240426 000000;0.0000000008232;0.0000000008317;0.0000000007802;0.0000000008041;74024964655456
20240427 000000;0.0000000008041;0.0000000008064;0.0000000007642;0.0000000007828;74816620297860
20240428 000000;0.0000000007828;0.0000000008245;0.00000000078;0.0000000008004;68839445099628
20240429 000000;0.0000000008004;0.0000000008013;0.0000000007313;0.0000000007795;87137520042964
20240430 000000;0.0000000007795;0.0000000007815;0.0000000006907;0.0000000007442;137315325031816
20240501 000000;0.0000000007442;0.00000000075;0.0000000006793;0.0000000007305;93747478283152
20240502 000000;0.0000000007305;0.0000000007515;0.0000000006586;0.0000000006971;156405645745914
20240503 000000;0.0000000006971;0.0000000007689;0.0000000006943;0.0000000007361;119406998923796
20240504 000000;0.0000000007361;0.0000000008009;0.000000000721;0.0000000007767;95492243420964
20240505 000000;0.0000000007767;0.0000000007769;0.0000000007361;0.0000000007373;74276009454097
20240506 000000;0.0000000007373;0.0000000009016;0.0000000007361;0.0000000008247;177225079426051
20240507 000000;0.0000000008247;0.000000000878;0.0000000008173;0.0000000008481;113236924469321
20240508 000000;0.0000000008481;0.0000000008695;0.0000000007929;0.0000000008154;138415761561217
20240509 000000;0.0000000008154;0.0000000008541;0.0000000007929;0.000000000848;90444805552535
20240510 000000;0.000000000848;0.0000000009199;0.000000000847;0.0000000009018;105530260934788
20240511 000000;0.0000000009018;0.00000000093;0.00000000088;0.0000000009111;127129407830913
20240512 000000;0.0000000009111;0.0000000009661;0.0000000008837;0.0000000009439;163388531766573
20240513 000000;0.0000000009439;0.00000000108;0.0000000009;0.0000000009587;443719634542952
20240514 000000;0.0000000009587;0.00000000097;0.0000000008398;0.0000000008553;197242847297731
20240515 000000;0.0000000008553;0.0000000009386;0.0000000008493;0.000000000915;124456153421105
20240516 000000;0.000000000915;0.000000000927;0.0000000007996;0.0000000008638;122876017960497
20240517 000000;0.0000000008638;0.00000000089;0.000000000845;0.0000000008487;73506563354769
20240518 000000;0.0000000008487;0.00000000089;0.000000000831;0.000000000887;102871155673107
20240519 000000;0.000000000887;0.00000000089;0.0000000008122;0.0000000008315;76983059419102
20240520 000000;0.0000000008315;0.0000000008897;0.000000000788;0.0000000008896;138144812544068
20240521 000000;0.0000000008896;0.0000000008999;0.00000000073;0.0000000007898;690373802816335
20240522 000000;0.0000000007898;0.0000000007967;0.00000000073;0.0000000007594;182622606471813
20240523 000000;0.0000000007594;0.0000000007596;0.0000000006227;0.0000000006513;354453256126838
20240524 000000;0.0000000006513;0.0000000007201;0.0000000006381;0.0000000006833;159262997612830
20240525 000000;0.0000000006833;0.000000000728;0.0000000006703;0.0000000007108;228260201074658
20240526 000000;0.0000000007108;0.000000000739;0.000000000676;0.0000000007011;166626328465485
20240527 000000;0.0000000007011;0.00000000072;0.0000000006821;0.0000000006851;193889248846023
20240528 000000;0.0000000006851;0.0000000006965;0.00000000065;0.0000000006854;176834304281425
20240529 000000;0.0000000006854;0.0000000006964;0.0000000006319;0.0000000006507;175129301484260
20240530 000000;0.0000000006507;0.0000000006557;0.0000000005962;0.0000000006094;184583511511387
20240531 000000;0.0000000006094;0.0000000006165;0.0000000005707;0.000000000587;241550686207792
20240601 000000;0.000000000587;0.0000000006317;0.0000000005799;0.0000000006267;166317428565882
20240602 000000;0.0000000006267;0.0000000006351;0.000000000586;0.0000000005964;156519292307287
20240603 000000;0.0000000005964;0.0000000006349;0.0000000005903;0.0000000006163;143724024533982
20240604 000000;0.0000000006163;0.0000000006928;0.0000000006151;0.0000000006874;165325161465938
20240605 000000;0.0000000006874;0.0000000007678;0.000000000683;0.0000000007258;209719290696361
20240606 000000;0.0000000007258;0.0000000007466;0.00000000067;0.0000000006817;135585729575733
20240607 000000;0.0000000006817;0.0000000007;0.0000000006357;0.0000000006419;126335024713713
20240608 000000;0.0000000006419;0.0000000006566;0.0000000006132;0.0000000006319;115549579044224
20240609 000000;0.0000000006319;0.0000000006461;0.0000000006135;0.0000000006395;82620167048049
20240610 000000;0.0000000006395;0.000000000644;0.000000000585;0.0000000005917;96167893593683
20240611 000000;0.0000000005917;0.0000000006317;0.0000000005739;0.0000000006075;114390676742819
20240612 000000;0.0000000006075;0.00000000065;0.0000000005939;0.0000000006228;116440006243400
20240613 000000;0.0000000006228;0.0000000006229;0.0000000005706;0.0000000005717;83050584139456
20240614 000000;0.0000000005717;0.000000000594;0.0000000005528;0.000000000585;114658606303040
20240615 000000;0.000000000585;0.0000000005913;0.0000000005629;0.0000000005866;118437130665470
20240616 000000;0.0000000005866;0.0000000005899;0.0000000005672;0.0000000005754;74738763381029
20240617 000000;0.0000000005754;0.0000000005769;0.0000000005414;0.000000000553;99271050558165
20240618 000000;0.000000000553;0.000000000553;0.00000000051;0.0000000005272;130690812764408
20240619 000000;0.0000000005272;0.0000000005407;0.0000000005225;0.0000000005272;96793878486732
20240620 000000;0.0000000005272;0.0000000005411;0.0000000005259;0.0000000005302;84029485845487
20240621 000000;0.0000000005302;0.00000000054;0.0000000005153;0.0000000005183;86737580889954
20240622 000000;0.0000000005183;0.0000000005491;0.0000000005;0.0000000005241;106963509232715
20240623 000000;0.0000000005241;0.0000000005397;0.0000000005072;0.0000000005082;78309988495938
20240624 000000;0.0000000005082;0.0000000005165;0.0000000004649;0.0000000004939;168000778845957
20240625 000000;0.0000000004939;0.0000000005271;0.0000000004921;0.0000000005002;102280971667782
20240626 000000;0.0000000005002;0.0000000005173;0.0000000004957;0.0000000004983;86859357624206
20240627 000000;0.0000000004983;0.0000000004999;0.00000000047;0.0000000004918;138672137992094
20240628 000000;0.0000000004918;0.0000000004948;0.0000000004779;0.0000000004788;87083998810397
20240629 000000;0.0000000004788;0.0000000004824;0.0000000004697;0.0000000004738;87856002812117
20240630 000000;0.0000000004738;0.0000000005;0.0000000004711;0.0000000005;91859639721451
20240701 000000;0.0000000005;0.0000000005097;0.0000000004851;0.0000000004912;78013940073606
20240702 000000;0.0000000004912;0.0000000005;0.0000000004851;0.0000000004918;69287391110496
20240703 000000;0.0000000004918;0.000000000495;0.0000000004501;0.0000000004618;112503673853639
20240704 000000;0.0000000004618;0.000000000463;0.000000000422;0.0000000004261;129778311382308
20240705 000000;0.0000000004261;0.00000000044;0.0000000003887;0.0000000004341;165685403913736
20240706 000000;0.0000000004341;0.0000000004565;0.0000000004242;0.0000000004491;110307402740712
20240707 000000;0.0000000004491;0.0000000004549;0.0000000004225;0.0000000004418;137678319356246
20240708 000000;0.0000000004418;0.0000000004458;0.0000000004187;0.0000000004326;147544620186480
20240709 000000;0.0000000004326;0.00000000047;0.0000000004291;0.0000000004581;95087281272150
20240710 000000;0.0000000004581;0.0000000004689;0.00000000044;0.0000000004499;87840416536440
20240711 000000;0.0000000004499;0.0000000004564;0.0000000004275;0.000000000437;86742976419840
20240712 000000;0.000000000437;0.0000000004458;0.0000000004306;0.000000000444;79716172129675
20240713 000000;0.000000000444;0.0000000004448;0.0000000004264;0.0000000004308;82534790157302
20240714 000000;0.0000000004308;0.0000000004399;0.000000000422;0.0000000004395;119022257557599
20240715 000000;0.0000000004395;0.0000000005152;0.0000000004395;0.0000000005127;120131906241329
20240716 000000;0.0000000005127;0.0000000005391;0.0000000004988;0.0000000005171;102546710422427
20240717 000000;0.0000000005171;0.0000000005214;0.00000000048;0.0000000004838;94335977593240
20240718 000000;0.0000000004838;0.0000000004855;0.0000000004643;0.0000000004656;99277941286585
20240719 000000;0.0000000004656;0.0000000004867;0.000000000453;0.0000000004761;101830448835469
20240720 000000;0.0000000004761;0.0000000005002;0.0000000004713;0.000000000493;109585302589470
20240721 000000;0.000000000493;0.0000000005081;0.0000000004829;0.0000000004963;93327509117373
20240722 000000;0.0000000004963;0.0000000005027;0.0000000004652;0.000000000483;141324066693416
20240723 000000;0.000000000483;0.0000000004869;0.000000000457;0.0000000004724;125620984161119
20240724 000000;0.0000000004724;0.0000000004821;0.0000000004579;0.0000000004669;127402881644829
20240725 000000;0.0000000004669;0.0000000004673;0.0000000004396;0.000000000461;116984451670376
20240726 000000;0.000000000461;0.0000000004845;0.0000000004475;0.0000000004758;110927256850173
20240727 000000;0.0000000004758;0.0000000004829;0.0000000004536;0.0000000004655;142859131781890
20240728 000000;0.0000000004655;0.0000000004699;0.0000000004482;0.0000000004553;76519919962315
20240729 000000;0.0000000004553;0.0000000004737;0.000000000443;0.0000000004493;115972364604049
20240730 000000;0.0000000004493;0.0000000004495;0.0000000004322;0.0000000004481;130191277354284
20240731 000000;0.0000000004481;0.0000000004671;0.0000000004375;0.0000000004437;88538765228100
20240801 000000;0.0000000004437;0.0000000004462;0.000000000424;0.0000000004395;95575382705849
20240802 000000;0.0000000004395;0.0000000004484;0.0000000004211;0.0000000004273;109244697066106
20240803 000000;0.0000000004273;0.000000000429;0.0000000003995;0.000000000401;107765977950939
20240804 000000;0.000000000401;0.0000000004121;0.000000000377;0.0000000003884;123261999308866
20240805 000000;0.0000000003884;0.0000000003896;0.0000000003357;0.0000000003543;204111600888532
20240806 000000;0.0000000003543;0.0000000003786;0.000000000351;0.0000000003694;124541453522644
20240807 000000;0.0000000003694;0.0000000003822;0.0000000003525;0.0000000003544;181370535454596
20240808 000000;0.0000000003544;0.0000000004179;0.000000000349;0.0000000004004;344920646009478
20240809 000000;0.0000000004004;0.0000000004043;0.0000000003891;0.000000000397;100239959853388
20240810 000000;0.000000000397;0.0000000004343;0.0000000003965;0.000000000424;115521549448978
20240811 000000;0.000000000424;0.0000000004389;0.0000000003999;0.0000000004006;107426020140656
20240812 000000;0.0000000004006;0.0000000004676;0.0000000003862;0.0000000004175;151659612814741
20240813 000000;0.0000000004175;0.0000000004395;0.0000000004168;0.0000000004283;94164793915589
20240814 000000;0.0000000004283;0.0000000004316;0.0000000003733;0.0000000003885;150373742617319
20240815 000000;0.0000000003885;0.0000000004019;0.0000000003702;0.0000000003828;140683328236529
20240816 000000;0.0000000003828;0.0000000003903;0.000000000377;0.0000000003847;91687045723181
20240817 000000;0.0000000003847;0.0000000004102;0.0000000003782;0.0000000004008;93381254441237
20240818 000000;0.0000000004008;0.0000000004021;0.0000000003765;0.0000000003797;107809202098700
20240819 000000;0.0000000003797;0.0000000003997;0.000000000377;0.0000000003977;99190438913325
20240820 000000;0.0000000003977;0.0000000004173;0.0000000003942;0.0000000004065;158361483424882
20240821 000000;0.0000000004065;0.0000000004065;0.0000000003942;0.0000000003973;98323951154034
20240822 000000;0.0000000003973;0.000000000407;0.0000000003505;0.0000000003734;116976790734393
20240823 000000;0.0000000003734;0.0000000004141;0.0000000003622;0.0000000004098;146538068318961
20240824 000000;0.0000000004098;0.00000000041;0.0000000003826;0.0000000003874;127745962349944
20240825 000000;0.0000000003874;0.0000000003895;0.0000000003302;0.0000000003572;179014017772603
20240826 000000;0.0000000003572;0.0000000003656;0.0000000003413;0.0000000003541;151979874892103
20240827 000000;0.0000000003541;0.0000000003677;0.0000000003284;0.0000000003362;185180501458965
20240828 000000;0.0000000003362;0.0000000003413;0.0000000003271;0.0000000003367;111995995601063
20240829 000000;0.0000000003367;0.0000000003368;0.0000000003144;0.0000000003225;124256451944857
20240830 000000;0.0000000003225;0.0000000003413;0.0000000003211;0.0000000003391;160487318376227
20240831 000000;0.0000000003391;0.0000000003469;0.0000000003301;0.0000000003357;104956545812067
20240901 000000;0.0000000003357;0.000000000341;0.0000000003191;0.0000000003196;126588854099768
20240902 000000;0.0000000003196;0.0000000003363;0.0000000003151;0.0000000003318;111584847404854
20240903 000000;0.0000000003318;0.0000000003354;0.000000000308;0.0000000003235;92655384721531
20240904 000000;0.0000000003235;0.0000000003313;0.0000000003058;0.0000000003236;42948061458120
20240905 000000;0.0000000003236;0.0000000003313;0.0000000003106;0.0000000003142;40716840363261
20240906 000000;0.0000000003142;0.0000000003216;0.0000000003028;0.0000000003042;50090244349129
20240907 000000;0.0000000003042;0.0000000003062;0.0000000002971;0.0000000003022;49477634613216
20240908 000000;0.0000000003022;0.0000000003217;0.0000000003009;0.0000000003206;48971533819785
20240909 000000;0.0000000003206;0.0000000003787;0.0000000003143;0.0000000003383;85812217252398
20240910 000000;0.0000000003383;0.0000000003388;0.0000000003105;0.0000000003149;48611868111561
20240911 000000;0.0000000003149;0.0000000003165;0.0000000003023;0.000000000316;68763113331012
20240912 000000;0.000000000316;0.0000000003165;0.000000000305;0.0000000003121;53071474600662
20240913 000000;0.0000000003121;0.0000000003323;0.00000000031;0.0000000003247;72723354856647
20240914 000000;0.0000000003247;0.0000000003331;0.00000000032;0.0000000003312;39197670676514
20240915 000000;0.0000000003312;0.00000000037;0.0000000003161;0.0000000003508;110232118793315
20240916 000000;0.0000000003508;0.0000000003653;0.0000000003254;0.0000000003291;133729761582621
20240917 000000;0.0000000003291;0.00000000036;0.0000000003289;0.0000000003381;104263723242768
20240918 000000;0.0000000003381;0.0000000003483;0.00000000033;0.0000000003403;50337766761111
20240919 000000;0.0000000003403;0.0000000003798;0.0000000003361;0.0000000003618;101754885844128
20240920 000000;0.0000000003618;0.0000000003715;0.0000000003371;0.0000000003563;124144066824553
20240921 000000;0.0000000003563;0.0000000003676;0.0000000003427;0.0000000003554;53025536414750
20240922 000000;0.0000000003554;0.0000000003574;0.00000000034;0.000000000351;40345637968502
20240923 000000;0.000000000351;0.000000000379;0.0000000003447;0.0000000003707;68955159435553
20240924 000000;0.0000000003707;0.000000000398;0.0000000003561;0.0000000003832;94497252422809
20240925 000000;0.0000000003832;0.0000000003983;0.00000000037;0.0000000003706;83813559366679
20240926 000000;0.0000000003706;0.0000000004192;0.0000000003702;0.000000000392;126894821118433
20240927 000000;0.000000000392;0.00000000042;0.0000000003912;0.0000000004071;64362465583334
20240928 000000;0.0000000004071;0.0000000004179;0.0000000003912;0.000000000399;51314770944947
20240929 000000;0.000000000399;0.0000000004141;0.0000000003881;0.0000000004031;81047460845645
20240930 000000;0.0000000004031;0.0000000004031;0.0000000003416;0.0000000003616;89526065813112
20241001 000000;0.0000000003616;0.0000000003675;0.000000000314;0.0000000003204;143109290098444
20241002 000000;0.0000000003204;0.0000000003343;0.0000000003165;0.0000000003297;66915900553857
20241003 000000;0.0000000003297;0.0000000003402;0.00000000032;0.0000000003338;65785067241977
20241004 000000;0.0000000003338;0.000000000375;0.0000000003322;0.0000000003563;47709538748575
20241005 000000;0.0000000003563;0.0000000003668;0.0000000003361;0.0000000003608;65404822036764
20241006 000000;0.0000000003608;0.000000000373;0.000000000347;0.0000000003489;40540120108504
20241007 000000;0.0000000003489;0.0000000004092;0.0000000003395;0.0000000003668;115670929599568
20241008 000000;0.0000000003668;0.0000000003737;0.0000000003498;0.000000000363;50268809973945
20241009 000000;0.000000000363;0.0000000003647;0.0000000003221;0.0000000003257;109611463625605
20241010 000000;0.0000000003257;0.0000000003405;0.0000000003143;0.0000000003219;75316585487503
20241011 000000;0.0000000003219;0.0000000003538;0.0000000003219;0.0000000003387;60955971715054
20241012 000000;0.0000000003387;0.0000000003648;0.0000000003347;0.0000000003443;82950281250648
20241013 000000;0.0000000003443;0.0000000003778;0.0000000003229;0.0000000003486;110575822453799
20241014 000000;0.0000000003486;0.000000000373;0.0000000003396;0.0000000003617;86325812214268
20241015 000000;0.0000000003617;0.00000000037;0.00000000032;0.0000000003458;203308299220753
20241016 000000;0.0000000003458;0.000000000369;0.0000000003389;0.0000000003604;192710571537508
20241017 000000;0.0000000003604;0.000000000361;0.000000000335;0.0000000003456;187856850934169
20241018 000000;0.0000000003456;0.0000000003621;0.0000000003446;0.0000000003513;192043570287027
20241019 000000;0.0000000003513;0.000000000365;0.0000000003412;0.0000000003467;174670520725069
20241020 000000;0.0000000003467;0.0000000003674;0.000000000341;0.0000000003553;211779891714780
20241021 000000;0.0000000003553;0.0000000003621;0.0000000003395;0.0000000003488;185833236574520
20241022 000000;0.0000000003488;0.000000000361;0.0000000003385;0.0000000003476;185783395240703
20241023 000000;0.0000000003476;0.000000000352;0.0000000003351;0.0000000003419;184700032416978
20241024 000000;0.0000000003419;0.0000000003574;0.0000000003351;0.0000000003513;176463874293298
20241025 000000;0.0000000003513;0.0000000003568;0.0000000003384;0.0000000003466;182837474877353
20241026 000000;0.0000000003466;0.0000000003467;0.0000000003356;0.0000000003424;176042486209405
20241027 000000;0.0000000003424;0.000000000352;0.000000000335;0.0000000003424;193093900154556
20241028 000000;0.0000000003424;0.0000000003429;0.0000000003192;0.0000000003283;208477463864595
20241029 000000;0.0000000003283;0.0000000003639;0.0000000003283;0.0000000003549;231879984527524
20241030 000000;0.0000000003549;0.000000000367;0.0000000003448;0.0000000003584;225911532407314
20241031 000000;0.0000000003584;0.000000000362;0.0000000003228;0.0000000003236;187288041762658
20241101 000000;0.0000000003236;0.0000000003433;0.0000000003212;0.000000000331;195836495301446
20241102 000000;0.000000000331;0.0000000003361;0.0000000002921;0.0000000003069;298984417487782
20241103 000000;0.0000000003069;0.0000000003073;0.0000000002889;0.0000000003011;256559090573778
20241104 000000;0.0000000003011;0.0000000003323;0.000000000297;0.0000000003054;215022779193221
20241105 000000;0.0000000003054;0.0000000003074;0.0000000002903;0.0000000003018;216595046640740
20241106 000000;0.0000000003018;0.0000000003388;0.0000000003005;0.0000000003369;252857934323297
20241107 000000;0.0000000003369;0.0000000003671;0.0000000003201;0.0000000003568;228489740268132
20241108 000000;0.0000000003568;0.00000000039;0.0000000003501;0.0000000003617;218010870864765
20241109 000000;0.0000000003617;0.000000000373;0.0000000003502;0.0000000003598;197913737195117
20241110 000000;0.0000000003598;0.0000000004581;0.000000000357;0.0000000003803;377512975673453
20241111 000000;0.0000000003803;0.0000000004177;0.0000000003768;0.0000000003981;254857815044747
20241112 000000;0.0000000003981;0.0000000004406;0.0000000003477;0.0000000003978;320259957094830
20241113 000000;0.0000000003978;0.0000000004219;0.0000000003556;0.0000000003839;323733057168123
20241114 000000;0.0000000003839;0.0000000004019;0.0000000003722;0.0000000003848;299995473493536
20241115 000000;0.0000000003848;0.0000000004014;0.0000000003563;0.0000000003887;349411486909572
20241116 000000;0.0000000003887;0.0000000004075;0.0000000003794;0.0000000003904;283295828493338
20241117 000000;0.0000000003904;0.000000000394;0.0000000003721;0.0000000003768;228492545758233
20241118 000000;0.0000000003768;0.0000000003891;0.0000000003504;0.0000000003826;233292098086679
20241119 000000;0.0000000003826;0.0000000003901;0.00000000035;0.0000000003605;232051654573816
20241120 000000;0.0000000003605;0.0000000003697;0.0000000003339;0.0000000003475;228776733152322
20241121 000000;0.0000000003475;0.0000000003795;0.0000000003406;0.0000000003604;250184379086123
20241122 000000;0.0000000003604;0.0000000003948;0.0000000003574;0.0000000003726;321415731634447
20241123 000000;0.0000000003726;0.0000000003845;0.0000000003616;0.0000000003665;334312668711360
20241124 000000;0.0000000003665;0.0000000003786;0.0000000003516;0.0000000003733;246031706390697
20241125 000000;0.0000000003733;0.0000000003768;0.00000000036;0.0000000003637;225982620308806
20241126 000000;0.0000000003637;0.000000000373;0.00000000034;0.0000000003564;252692374215959
20241127 000000;0.0000000003564;0.0000000003829;0.0000000003452;0.0000000003668;278111357545987
20241128 000000;0.0000000003668;0.000000000372;0.0000000003552;0.0000000003651;200934046875341
20241129 000000;0.0000000003651;0.000000000373;0.0000000003551;0.0000000003623;217816204036247
20241130 000000;0.0000000003623;0.000000000385;0.0000000003602;0.0000000003844;218898447494591
20241201 000000;0.0000000003844;0.0000000003859;0.0000000003655;0.0000000003798;243030894376287
20241202 000000;0.0000000003798;0.0000000003841;0.000000000366;0.0000000003739;237843648050980
20241203 000000;0.0000000003739;0.0000000004472;0.0000000003698;0.0000000004278;448142101230005
20241204 000000;0.0000000004278;0.0000000004998;0.0000000004;0.0000000004656;392913004574259
20241205 000000;0.0000000004656;0.00000000049;0.0000000004256;0.0000000004587;287464963103827
20241206 000000;0.0000000004587;0.000000000497;0.00000000043;0.0000000004686;259229027385456
20241207 000000;0.0000000004686;0.0000000005036;0.0000000004441;0.0000000004964;344258734731072
20241208 000000;0.0000000004964;0.000000000502;0.0000000004702;0.0000000004767;265979887336884
20241209 000000;0.0000000004767;0.000000000488;0.0000000003997;0.0000000004048;343904563948096
20241210 000000;0.0000000004048;0.0000000004268;0.00000000034;0.0000000003868;566381150860515
20241211 000000;0.0000000003868;0.0000000004488;0.000000000383;0.0000000004138;267695222137471
20241212 000000;0.0000000004138;0.00000000044;0.0000000003797;0.0000000004041;369760882620057
20241213 000000;0.0000000004041;0.0000000004125;0.0000000003725;0.0000000003967;283940313586922
20241214 000000;0.0000000003967;0.0000000004082;0.00000000037;0.0000000003879;261437365150098
20241215 000000;0.0000000003879;0.000000000411;0.0000000003821;0.0000000004013;259511641861458
20241216 000000;0.0000000004013;0.0000000004224;0.0000000003621;0.0000000003949;335935438979481
20241217 000000;0.0000000003949;0.0000000004364;0.000000000384;0.0000000004193;305030429651383
20241218 000000;0.0000000004193;0.0000000004241;0.00000000035;0.0000000003681;314788821749423
20241219 000000;0.0000000003681;0.0000000004044;0.00000000033;0.0000000003555;409896169866290
20241220 000000;0.0000000003555;0.0000000003743;0.00000000032;0.0000000003676;338259386792084
20241221 000000;0.0000000003676;0.0000000003793;0.0000000003401;0.0000000003481;201362855210565
20241222 000000;0.0000000003481;0.0000000003503;0.0000000003302;0.0000000003366;208848464029862
20241223 000000;0.0000000003366;0.0000000003799;0.0000000003362;0.0000000003759;250006727108283
20241224 000000;0.0000000003759;0.0000000003924;0.0000000003588;0.0000000003911;201961645022044
20241225 000000;0.0000000003911;0.0000000003921;0.0000000003699;0.0000000003817;191014202924787
20241226 000000;0.0000000003817;0.0000000003904;0.0000000003572;0.0000000003669;213916829869426
20241227 000000;0.0000000003669;0.0000000003716;0.0000000003596;0.0000000003626;193466827478484
20241228 000000;0.0000000003626;0.0000000003797;0.0000000003534;0.0000000003717;227610344104556
20241229 000000;0.0000000003717;0.0000000003976;0.0000000003661;0.0000000003735;211408931721017
20241230 000000;0.0000000003735;0.0000000003744;0.0000000003561;0.0000000003696;197065850102076
20241231 000000;0.0000000003696;0.0000000003789;0.0000000003525;0.0000000003726;201591232068866
