20260101 000000;0.0002602;0.0003063;0.0002601;0.0003002;5695555.17
20260102 000000;0.0003002;0.0003075;0.0002971;0.0003053;6982692.57
20260103 000000;0.0003053;0.0003511;0.0002994;0.0003376;9712264.61
20260104 000000;0.0003376;0.0003376;0.0003199;0.0003232;2486073.32
20260105 000000;0.0003232;0.0003296;0.0003232;0.0003263;3582101.1
20260106 000000;0.0003263;0.0003274;0.000318;0.0003208;3618395.18
20260107 000000;0.0003208;0.0003227;0.0003178;0.0003208;986400.34
20260108 000000;0.0003208;0.0003226;0.0003091;0.0003122;14396279.67
20260109 000000;0.0003122;0.0003152;0.0003122;0.0003124;1044423.8
20260110 000000;0.0003124;0.0003149;0.0003115;0.0003127;1314800.55
20260111 000000;0.0003127;0.0003127;0.0003092;0.000311;324132.98
20260112 000000;0.000311;0.0003161;0.0003012;0.0003064;3292636.01
20260113 000000;0.0003064;0.0003091;0.0002993;0.0002995;23627497.95
20260114 000000;0.0002995;0.0003055;0.0002995;0.0003024;1267846.91
20260115 000000;0.0003024;0.0003064;0.0002984;0.0003064;2041154.44
20260116 000000;0.0003064;0.0003155;0.0003001;0.0003001;3614844.91
20260117 000000;0.0003001;0.0003001;0.0002882;0.0002882;3648872.63
20260118 000000;0.0002882;0.0002898;0.0002861;0.0002868;849916.38
20260119 000000;0.0002868;0.00033;0.0002601;0.0002682;7573344.18
20260120 000000;0.0002682;0.0003;0.0002428;0.0002649;24099992.96
20260121 000000;0.0002649;0.0002754;0.0002106;0.000225;24343756.23
20260122 000000;0.000225;0.0003745;0.000225;0.0003071;6245386.9
20260123 000000;0.0003071;0.0003071;0.0003027;0.0003047;596695.09
20260124 000000;0.0003047;0.0003047;0.0002963;0.0002963;725321.4
20260125 000000;0.0002963;0.0002991;0.0002627;0.0002627;13480080.74
20260126 000000;0.0002627;0.0002655;0.000201;0.0002253;22726969.27
20260127 000000;0.0002253;0.0002282;0.000201;0.0002114;13574486.33
20260128 000000;0.0002114;0.0002435;0.0002051;0.0002127;10419045.3
20260129 000000;0.0002127;0.0002512;0.000201;0.0002185;15874782.35
20260130 000000;0.0002185;0.0002391;0.0002011;0.0002326;4768271.82
20260131 000000;0.0002326;0.0002437;0.000201;0.0002013;3867586.15
20260201 000000;0.0002013;0.0002437;0.0002013;0.000212;2652696.75
20260202 000000;0.000212;0.0002297;0.0002044;0.00021;3173900.38
20260203 000000;0.00021;0.0002298;0.0002034;0.0002051;5896106.44
20260204 000000;0.0002051;0.0002072;0.0002034;0.0002051;833009.82
20260205 000000;0.0002051;0.0002278;0.000202;0.0002053;2667282.74
20260206 000000;0.0002053;0.0002277;0.0002013;0.0002044;4758734.73
20260207 000000;0.0002044;0.00021;0.0002044;0.0002099;468647.96
20260208 000000;0.0002099;0.0002103;0.0002041;0.0002051;1603544.65
20260209 000000;0.0002051;0.000284;0.0002013;0.0002518;3550378.72
20260210 000000;0.0002518;0.0002544;0.0002048;0.000211;3330947.28
20260211 000000;0.000211;0.000211;0.000204;0.000206;659976.14
20260212 000000;0.000206;0.000208;0.000204;0.000208;547054.49
20260213 000000;0.000208;0.0002469;0.000204;0.0002088;20258315.71
20260214 000000;0.0002088;0.0002454;0.0002013;0.0002061;12138887.82
20260215 000000;0.0002061;0.0002072;0.0002011;0.0002022;2048016.35
20260216 000000;0.0002022;0.0002422;0.0002011;0.0002051;2359163.82
20260217 000000;0.0002051;0.000208;0.0002038;0.0002062;1045802.38
20260218 000000;0.0002062;0.000209;0.0002031;0.000209;1452969.82
20260219 000000;0.000209;0.000229;0.0002055;0.0002066;5565574.44
20260220 000000;0.0002066;0.0002401;0.000196;0.0002081;10389125.41
20260221 000000;0.0002081;0.0002115;0.0002051;0.0002099;1901615.81
20260222 000000;0.0002099;0.0002115;0.000208;0.000208;859540.96
20260223 000000;0.000208;0.0002122;0.0002041;0.000205;4678779.96
20260224 000000;0.000205;0.0002212;0.0002041;0.0002063;4092979.35
20260225 000000;0.0002063;0.0002148;0.0002063;0.0002063;1295796.99
20260226 000000;0.0002063;0.0002139;0.0002061;0.0002061;368022.85
20260227 000000;0.0002061;0.0002133;0.0002061;0.00021;2009983.97
20260228 000000;0.00021;0.0002133;0.00021;0.0002108;576196.03
20260301 000000;0.0002108;0.000215;0.0002099;0.00021;2827697.22
20260302 000000;0.00021;0.000215;0.0002099;0.0002099;1601574.55
20260303 000000;0.0002099;0.0002199;0.0002073;0.0002199;2962905.3
20260304 000000;0.0002199;0.00022;0.0002086;0.0002086;1713158.27
20260305 000000;0.0002086;0.000218;0.0002082;0.0002082;1905149.98
20260306 000000;0.0002082;0.0002198;0.0002042;0.000207;3469845.84
20260307 000000;0.000207;0.000207;0.0002039;0.000205;1638947.5
20260308 000000;0.000205;0.000205;0.0002042;0.0002049;361539.23
20260309 000000;0.0002049;0.0002049;0.0002028;0.0002028;480008.69
20260310 000000;0.0002028;0.0002039;0.0002028;0.0002031;804698.34
20260311 000000;0.0002031;0.0002031;0.0002028;0.0002028;667815.81
20260312 000000;0.0002028;0.0002028;0.0001991;0.0001991;5516644.98
20260313 000000;0.0001991;0.0002028;0.0001952;0.0001957;5336110.31
20260314 000000;0.0001957;0.0002012;0.0001957;0.0001957;1501899.35
20260315 000000;0.0001957;0.0002224;0.0001953;0.0001991;8554304.16
20260316 000000;0.0001991;0.0002208;0.0001693;0.000185;9069609.08
20260317 000000;0.000185;0.0002;0.000185;0.0002;837552.66
20260318 000000;0.0002;0.0002154;0.0001968;0.0002049;3053517.25
20260319 000000;0.0002049;0.0002049;0.0001992;0.0002;893923.57
20260320 000000;0.0002;0.000215;0.0001944;0.0001984;7160536.72
20260321 000000;0.0001984;0.0002072;0.0001984;0.0002;488246.53
20260322 000000;0.0002;0.000204;0.0001982;0.000204;798582.11
20260323 000000;0.000204;0.000204;0.0001961;0.0001961;2587555.96
20260324 000000;0.0001961;0.0001996;0.0001956;0.0001982;1452529.21
20260325 000000;0.0001982;0.0001995;0.0001961;0.0001966;3727951.8
20260326 000000;0.0001966;0.0001995;0.0001945;0.0001961;5896513.14
20260327 000000;0.0001961;0.0001979;0.000193;0.000193;2719659.33
20260328 000000;0.000193;0.0001992;0.000193;0.0001979;2596735.21
20260329 000000;0.0001979;0.0002005;0.0001963;0.0001981;1100793.2
20260330 000000;0.0001981;0.0002055;0.0001981;0.0002027;5086117.38
20260331 000000;0.0002027;0.0002106;0.0002014;0.0002106;7423429.31
20260401 000000;0.0002106;0.0002208;0.0002078;0.00022;4187012.02
20260402 000000;0.00022;0.0002252;0.0001719;0.0001973;20725531.37
20260403 000000;0.0001973;0.000229;0.0001799;0.000189;15737016.96
20260404 000000;0.000189;0.0002059;0.0001855;0.0002037;2827567.58
20260405 000000;0.0002037;0.0002042;0.000199;0.000199;2842732.01
20260406 000000;0.000199;0.0002005;0.0001872;0.0001872;2667655.15
20260407 000000;0.0001872;0.0002;0.0001863;0.00019;12370795.13
20260408 000000;0.00019;0.0001905;0.0001822;0.0001841;3266054.93
20260409 000000;0.0001841;0.0002257;0.0001764;0.0001786;10511510.07
20260410 000000;0.0001786;0.0001827;0.0001754;0.0001822;3921347.42
20260411 000000;0.0001822;0.00022;0.0001786;0.00022;8316336.86
20260412 000000;0.00022;0.0002238;0.0001669;0.0001995;7083626.84
20260413 000000;0.0001995;0.0001995;0.00018;0.0001883;4316496.45
20260414 000000;0.0001883;0.00021;0.0001742;0.000202;6492726.92
20260415 000000;0.000202;0.0002021;0.0001839;0.000185;715933.25
20260416 000000;0.000185;0.0001887;0.0001807;0.0001869;3488369.28
20260417 000000;0.0001869;0.0001869;0.0001811;0.0001838;3410217.92
20260418 000000;0.0001838;0.0002002;0.0001811;0.0001838;4531290.03
20260419 000000;0.0001838;0.0001842;0.0001807;0.0001842;5402648.05
20260420 000000;0.0001842;0.0002177;0.0001831;0.0001927;7914719.98
20260421 000000;0.0001927;0.0001938;0.0001902;0.0001907;3444957.82
20260422 000000;0.0001907;0.0002133;0.0001868;0.0001961;3787272.61
20260423 000000;0.0001961;0.0001961;0.0001803;0.0001821;7640575.74
20260424 000000;0.0001821;0.0001855;0.0001786;0.0001829;1328825.88
20260425 000000;0.0001829;0.0001856;0.0001794;0.0001829;1739892.76
20260426 000000;0.0001829;0.0001857;0.0001794;0.0001829;2425915.27
20260427 000000;0.0001829;0.0001865;0.0001793;0.0001837;3462235.81
20260428 000000;0.0001837;0.0001866;0.0001803;0.0001837;634291.16
20260429 000000;0.0001837;0.0002039;0.0001837;0.0001901;2690491.34
20260430 000000;0.0001901;0.0001939;0.0001864;0.0001901;2924723.78
20260501 000000;0.0001901;0.0001939;0.0001864;0.0001937;1278055.99
20260502 000000;0.0001937;0.0001967;0.0001868;0.0001909;18658343.17
20260503 000000;0.0001909;0.0001947;0.0001872;0.0001932;1423262.03
20260504 000000;0.0001932;0.0001932;0.0001873;0.0001909;367101.72
20260505 000000;0.0001909;0.0001918;0.0001838;0.0001873;1213063.18
20260506 000000;0.0001873;0.0001899;0.0001803;0.0001838;1366850.38
20260507 000000;0.0001838;0.0001841;0.0001707;0.0001707;523636.64
20260508 000000;0.0001707;0.0001919;0.0001707;0.0001778;22998615.42
20260509 000000;0.0001778;0.0001887;0.0001778;0.0001779;955533.79
20260510 000000;0.0001779;0.000229;0.0001771;0.0001948;24019672.1
20260511 000000;0.0001948;0.0002201;0.0001806;0.0001809;611895.66
20260512 000000;0.0001809;0.0001885;0.0001755;0.0001837;8369660.12
20260513 000000;0.0001837;0.0001902;0.0001824;0.0001902;3132141.93
20260514 000000;0.0001902;0.00021;0.0001902;0.0001999;2978248.74
20260515 000000;0.0001999;0.0002283;0.0001965;0.000228;8687478.96
20260516 000000;0.000228;0.0002282;0.0001869;0.000196;6769948.34
20260517 000000;0.000196;0.0001987;0.0001955;0.0001987;1115578.86
20260518 000000;0.0001987;0.0001987;0.0001878;0.0001879;2574167.89
20260519 000000;0.0001879;0.000188;0.0001879;0.000188;277117.48
20260520 000000;0.000188;0.000188;0.0001777;0.0001777;1399924.92
20260521 000000;0.0001777;0.0001881;0.0001777;0.0001855;1196143.83
20260522 000000;0.0001855;0.0001861;0.000184;0.000184;1192882.45
20260523 000000;0.000184;0.000186;0.000184;0.0001855;202639.6
20260524 000000;0.0001855;0.0001865;0.0001855;0.0001865;376463.08
20260525 000000;0.0001865;0.0001866;0.0001841;0.0001866;469130.42
20260526 000000;0.0001866;0.0001867;0.0001791;0.0001792;1498421.58
20260527 000000;0.0001792;0.0001829;0.000179;0.0001802;1318388.09
20260528 000000;0.0001802;0.0001802;0.0001759;0.000176;1307580.13
20260529 000000;0.000176;0.0001879;0.000176;0.000181;18128395.88
20260530 000000;0.000181;0.0001823;0.0001701;0.0001745;2661505.56
20260531 000000;0.0001745;0.0001746;0.0001715;0.0001715;538155.28
20260601 000000;0.0001715;0.0001755;0.0001713;0.0001746;32293605.44
20260602 000000;0.0001746;0.0001766;0.0001715;0.0001746;38387653.47
20260603 000000;0.0001746;0.0001766;0.0001688;0.0001755;49978690.75
20260604 000000;0.0001755;0.0001997;0.0001706;0.0001761;42644203.57
20260605 000000;0.0001761;0.0001761;0.0001699;0.000173;29200901.44
20260606 000000;0.000173;0.0001763;0.0001699;0.000175;39498941.06
20260607 000000;0.000175;0.0001763;0.0001701;0.0001732;39259981.03
20260608 000000;0.0001732;0.0001735;0.00017;0.00017;20130837.69
20260609 000000;0.00017;0.0001736;0.0001699;0.00017;35553673.89
20260610 000000;0.00017;0.0001738;0.00017;0.0001738;34598556.18
20260611 000000;0.0001738;0.0001767;0.0001707;0.000173;33310549.18
20260612 000000;0.000173;0.0001768;0.0001718;0.000173;42285871.3
20260613 000000;0.000173;0.0001744;0.0001699;0.0001722;38609420.5
20260614 000000;0.0001722;0.0001729;0.0001699;0.0001699;18788460.49
20260615 000000;0.0001699;0.0001734;0.0001697;0.000172;31930560.16
20260616 000000;0.000172;0.0001733;0.0001686;0.0001712;38250202.43
20260617 000000;0.0001712;0.0001734;0.0001696;0.0001722;40499503.87
20260618 000000;0.0001722;0.0001735;0.0001691;0.0001711;38416169.41
20260619 000000;0.0001711;0.0001719;0.0001688;0.0001704;34662098.61
20260620 000000;0.0001704;0.0001731;0.0001692;0.0001711;45741541.17
