20250101 000000;0.009437;0.009831;0.00877;0.009271;18705388.48
20250102 000000;0.009271;0.010251;0.0092;0.009872;15731089.84
20250103 000000;0.009872;0.012126;0.009548;0.012117;24097554.99
20250104 000000;0.012117;0.014809;0.011999;0.014392;30825837.48
20250105 000000;0.014392;0.0153;0.013544;0.01397;17264176.17
20250106 000000;0.01397;0.015309;0.01351;0.013614;19466926.89
20250107 000000;0.013614;0.013616;0.011127;0.011452;19988173.11
20250108 000000;0.011452;0.01176;0.00995;0.010649;16788398.69
20250109 000000;0.010649;0.010877;0.0096;0.009868;10147176.5
20250110 000000;0.009868;0.01034;0.0095;0.009761;19807619.78
20250111 000000;0.009761;0.009795;0.009272;0.009516;6006977.01
20250112 000000;0.009516;0.009557;0.009132;0.009348;5822267.79
20250113 000000;0.009348;0.009561;0.008211;0.00902;14027366.23
20250114 000000;0.00902;0.009441;0.008848;0.009112;7591757
20250115 000000;0.009112;0.011162;0.00863;0.010361;13009631.81
20250116 000000;0.010361;0.010364;0.0095;0.009558;12959651.63
20250117 000000;0.009558;0.01044;0.0095;0.010304;12179650.55
20250118 000000;0.010304;0.010402;0.00856;0.009085;20951285.52
20250119 000000;0.009085;0.009475;0.008;0.008105;39335582.85
20250120 000000;0.008105;0.0086;0.007335;0.007624;27227550.64
20250121 000000;0.007624;0.008082;0.007151;0.007769;22737542.86
20250122 000000;0.007769;0.008018;0.00754;0.00766;18467289.96
20250123 000000;0.00766;0.007723;0.00711;0.007415;13311204.2
20250124 000000;0.007415;0.007742;0.007;0.00702;13617125.75
20250125 000000;0.00702;0.007055;0.006609;0.006871;13243304.91
20250126 000000;0.006871;0.008483;0.006734;0.00772;49967930.97
20250127 000000;0.00772;0.008075;0.006375;0.00672;46027586.28
20250128 000000;0.00672;0.006891;0.005541;0.005729;23365487.84
20250129 000000;0.005729;0.006506;0.005514;0.006137;19131058.49
20250130 000000;0.006137;0.006832;0.006082;0.006502;17022887
20250131 000000;0.006502;0.007662;0.00622;0.006803;18887641.49
20250201 000000;0.006803;0.007134;0.005612;0.005694;19021709.74
20250202 000000;0.005694;0.005925;0.004501;0.004805;35191169.76
20250203 000000;0.004805;0.004847;0.003326;0.004741;46793350.35
20250204 000000;0.004741;0.004757;0.00409;0.004441;31875379.21
20250205 000000;0.004441;0.004593;0.004064;0.004111;19412863.67
20250206 000000;0.004111;0.004242;0.003639;0.003657;22049430.89
20250207 000000;0.003657;0.004071;0.003507;0.00363;23072601.67
20250208 000000;0.00363;0.004123;0.003627;0.004086;22646262.04
20250209 000000;0.004086;0.004247;0.003675;0.003908;21430530.66
20250210 000000;0.003908;0.004136;0.003761;0.003977;19576879.93
20250211 000000;0.003977;0.004251;0.003858;0.003945;21042890.56
20250212 000000;0.003945;0.00427;0.003767;0.004191;25061619.45
20250213 000000;0.004191;0.004327;0.00398;0.004058;21466737.62
20250214 000000;0.004058;0.004666;0.004054;0.004327;30935825.39
20250215 000000;0.004327;0.004423;0.004025;0.004085;17654322.49
20250216 000000;0.004085;0.004328;0.004023;0.004169;19116218
20250217 000000;0.004169;0.004349;0.00398;0.004143;21864438.84
20250218 000000;0.004143;0.004181;0.003566;0.003843;18861177.02
20250219 000000;0.003843;0.003948;0.00365;0.003815;19607947.19
20250220 000000;0.003815;0.004249;0.003768;0.004225;22946155.76
20250221 000000;0.004225;0.005608;0.004136;0.004844;59017785.17
20250222 000000;0.004844;0.005275;0.00459;0.005097;32290324.89
20250223 000000;0.005097;0.005229;0.004591;0.004773;31721833.7
20250224 000000;0.004773;0.004863;0.00393;0.004049;30591548.76
20250225 000000;0.004049;0.004293;0.003781;0.004209;22944312.33
20250226 000000;0.004209;0.004291;0.00378;0.004085;27548792.53
20250227 000000;0.004085;0.004212;0.003748;0.003897;18939341.66
20250228 000000;0.003897;0.004215;0.00361;0.004077;22131346.28
20250301 000000;0.004077;0.004108;0.003701;0.003896;17122425.42
20250302 000000;0.003896;0.005239;0.003827;0.005085;19861155
20250303 000000;0.005085;0.005398;0.00437;0.004559;21729004.66
20250304 000000;0.004559;0.004616;0.00363;0.004035;22281414.4
20250305 000000;0.004035;0.004162;0.003848;0.003999;18654575.62
20250306 000000;0.003999;0.004127;0.00367;0.003821;18444178.68
20250307 000000;0.003821;0.003894;0.0036;0.003689;16927841.33
20250308 000000;0.003689;0.003718;0.00342;0.003526;19515792.23
20250309 000000;0.003526;0.003554;0.002992;0.003042;25016138.95
20250310 000000;0.003042;0.003295;0.00274;0.002835;28001838.98
20250311 000000;0.002835;0.00317;0.002641;0.003072;23132281.91
20250312 000000;0.003072;0.003228;0.002975;0.003196;20470120.89
20250313 000000;0.003196;0.003229;0.002942;0.003056;24228447.31
20250314 000000;0.003056;0.003341;0.003038;0.003177;21166561.9
20250315 000000;0.003177;0.003327;0.00314;0.003296;19013727.62
20250316 000000;0.003296;0.003305;0.003039;0.00306;20414440.63
20250317 000000;0.00306;0.00327;0.00306;0.003216;20964656.83
20250318 000000;0.003216;0.003237;0.002901;0.003141;23781478.7
20250319 000000;0.003141;0.003353;0.003011;0.003335;23025684.45
20250320 000000;0.003335;0.003359;0.003109;0.003138;24354124.1
20250321 000000;0.003138;0.003221;0.003025;0.003155;19796426.82
20250322 000000;0.003155;0.003539;0.003147;0.003277;21858159.07
20250323 000000;0.003277;0.003371;0.0032;0.003354;25647088.38
20250324 000000;0.003354;0.003571;0.003233;0.003442;24976219.56
20250325 000000;0.003442;0.003541;0.003285;0.003489;21026908.1
20250326 000000;0.003489;0.003657;0.003318;0.003415;26254431.64
20250327 000000;0.003415;0.003523;0.003333;0.003428;17987148.16
20250328 000000;0.003428;0.003466;0.003;0.003084;25453148.16
20250329 000000;0.003084;0.003124;0.002838;0.002914;21250043.92
20250330 000000;0.002914;0.003017;0.002856;0.002923;19624902.32
20250331 000000;0.002923;0.002944;0.002761;0.002855;23901845
20250401 000000;0.002855;0.003001;0.00282;0.002894;22855269.95
20250402 000000;0.002894;0.002911;0.0026;0.002646;24253867.45
20250403 000000;0.002646;0.002713;0.002437;0.002601;28838241.78
20250404 000000;0.002601;0.002647;0.00246;0.002571;25330386.94
20250405 000000;0.002571;0.002594;0.002432;0.00252;23972806.02
20250406 000000;0.00252;0.002523;0.002;0.002051;30993824.36
20250407 000000;0.002051;0.002244;0.001837;0.00209;40172808.51
20250408 000000;0.00209;0.002164;0.001873;0.001907;29642850.75
20250409 000000;0.001907;0.002236;0.001816;0.002185;35409847.08
20250410 000000;0.002185;0.002187;0.00195;0.002031;28967813.82
20250411 000000;0.002031;0.002255;0.002012;0.002195;33354208.83
20250412 000000;0.002195;0.002628;0.002157;0.00248;31949661.43
20250413 000000;0.00248;0.002486;0.002222;0.002271;30059077.73
20250414 000000;0.002271;0.00239;0.002205;0.002272;37233855
20250415 000000;0.002272;0.002329;0.002092;0.002106;29633804.75
20250416 000000;0.002106;0.002228;0.00206;0.002161;33616914.1
20250417 000000;0.002161;0.002434;0.002135;0.002302;31262614.06
20250418 000000;0.002302;0.002379;0.00222;0.00226;26699081.65
20250419 000000;0.00226;0.002602;0.002241;0.002521;28009879.91
20250420 000000;0.002521;0.002588;0.00242;0.002546;27802836.52
20250421 000000;0.002546;0.002681;0.002466;0.00259;27731438.97
20250422 000000;0.00259;0.003075;0.002507;0.003069;29605786.14
20250423 000000;0.003069;0.003383;0.002992;0.003073;29067369.6
20250424 000000;0.003073;0.003096;0.002769;0.002962;26411644.22
20250425 000000;0.002962;0.003205;0.002949;0.003182;26889405.15
20250426 000000;0.003182;0.003366;0.003119;0.003279;27870755.5
20250427 000000;0.003279;0.003381;0.003018;0.003097;22076717.4
20250428 000000;0.003097;0.003328;0.00293;0.003144;23487331.02
20250429 000000;0.003144;0.003206;0.00288;0.002985;26305847.36
20250430 000000;0.002985;0.003033;0.002768;0.002968;25898430.14
20250501 000000;0.002968;0.003262;0.002875;0.003128;28358287.76
20250502 000000;0.003128;0.003254;0.002926;0.003114;25867866.33
20250503 000000;0.003114;0.003114;0.00285;0.002901;23207177.53
20250504 000000;0.002901;0.002939;0.002801;0.002825;23071562.84
20250505 000000;0.002825;0.002892;0.002674;0.002767;23466885.99
20250506 000000;0.002767;0.002784;0.002562;0.002689;27522003.02
20250507 000000;0.002689;0.002785;0.002601;0.002757;23913067.38
20250508 000000;0.002757;0.003507;0.002755;0.003434;32638860.74
20250509 000000;0.003434;0.004055;0.00338;0.003864;47781804.12
20250510 000000;0.003864;0.004327;0.00373;0.004282;38850612.03
20250511 000000;0.004282;0.004289;0.003773;0.003934;24089753.51
20250512 000000;0.003934;0.008803;0.003842;0.008369;134516973.39
20250513 000000;0.008369;0.008897;0.006471;0.0076;111485040.92
20250514 000000;0.0076;0.0076;0.005846;0.00602;58151743.54
20250515 000000;0.00602;0.006355;0.005177;0.005262;63012715.98
20250516 000000;0.005262;0.006063;0.005086;0.005157;30743020.19
20250517 000000;0.005157;0.005305;0.004685;0.005237;31861041.43
20250518 000000;0.005237;0.006443;0.005157;0.005861;48671884.28
20250519 000000;0.005861;0.00587;0.005249;0.005672;42541866.39
20250520 000000;0.005672;0.006563;0.005521;0.006045;52692227.45
20250521 000000;0.006045;0.006657;0.005865;0.006118;41631724.04
20250522 000000;0.006118;0.0066;0.005976;0.006382;41317548.92
20250523 000000;0.006382;0.00658;0.005312;0.005358;30367829.93
20250524 000000;0.005358;0.005663;0.005335;0.005443;15794726.6
20250525 000000;0.005443;0.005529;0.005067;0.005504;28386512.04
20250526 000000;0.005504;0.00603;0.005353;0.005616;26697430.06
20250527 000000;0.005616;0.005874;0.005483;0.005573;26392929.73
20250528 000000;0.005573;0.005696;0.005251;0.005437;20674489.73
20250529 000000;0.005437;0.005728;0.005097;0.005126;17571372.97
20250530 000000;0.005126;0.005126;0.004236;0.004249;27665617.49
20250531 000000;0.004249;0.004724;0.004053;0.004715;22439379.94
20250601 000000;0.004715;0.004911;0.004343;0.004697;24840837.03
20250602 000000;0.004697;0.004704;0.004345;0.004616;21886603.39
20250603 000000;0.004616;0.004824;0.004563;0.004592;21594552.4
20250604 000000;0.004592;0.004763;0.00438;0.004519;21895357.45
20250605 000000;0.004519;0.004687;0.003901;0.00402;28390640.44
20250606 000000;0.00402;0.004291;0.003951;0.003997;23311613.35
20250607 000000;0.003997;0.004363;0.003986;0.004356;16549436.92
20250608 000000;0.004356;0.004461;0.004181;0.004273;21454245.8
20250609 000000;0.004273;0.004819;0.004188;0.004799;22112313.12
20250610 000000;0.004799;0.004987;0.004205;0.004848;36418046.3
20250611 000000;0.004848;0.004861;0.004389;0.004428;21986032.57
20250612 000000;0.004428;0.004436;0.003962;0.004023;20775689.43
20250613 000000;0.004023;0.004057;0.003672;0.004017;25313023.4
20250614 000000;0.004017;0.004256;0.003624;0.003705;32300400.23
20250615 000000;0.003705;0.003758;0.003606;0.003679;25080447.48
20250616 000000;0.003679;0.004173;0.003605;0.003852;23202240.68
20250617 000000;0.003852;0.003956;0.003511;0.003557;24981136.88
20250618 000000;0.003557;0.003627;0.003303;0.003549;26262602.21
20250619 000000;0.003549;0.003608;0.003353;0.003436;20829305.86
20250620 000000;0.003436;0.003537;0.003123;0.003195;29895266.38
20250621 000000;0.003195;0.003276;0.002815;0.002912;28796691.83
20250622 000000;0.002912;0.002999;0.002637;0.002805;35072682.91
20250623 000000;0.002805;0.003219;0.002719;0.00317;39254238.15
20250624 000000;0.00317;0.003281;0.00311;0.003214;25845404.48
20250625 000000;0.003214;0.0033;0.002988;0.003022;26997787.23
20250626 000000;0.003022;0.003187;0.00291;0.002939;22060805.31
20250627 000000;0.002939;0.003034;0.002868;0.00294;19300953.5
20250628 000000;0.00294;0.003218;0.002925;0.003148;20808752.71
20250629 000000;0.003148;0.003406;0.00309;0.003345;21383435.22
20250630 000000;0.003345;0.003385;0.003085;0.003152;23168336.11
20250701 000000;0.003152;0.003169;0.002913;0.00294;22532429.42
20250702 000000;0.00294;0.0036;0.002898;0.003356;31320060.13
20250703 000000;0.003356;0.00371;0.00327;0.003496;30781230.16
20250704 000000;0.003496;0.003529;0.003274;0.003334;23210194.84
20250705 000000;0.003334;0.003511;0.003221;0.003337;20262975.97
20250706 000000;0.003337;0.003709;0.00329;0.003588;24907735.05
20250707 000000;0.003588;0.003705;0.00337;0.003487;22212458.37
20250708 000000;0.003487;0.003785;0.003446;0.003678;26757193.34
20250709 000000;0.003678;0.004096;0.003634;0.004081;28974333.25
20250710 000000;0.004081;0.004594;0.003953;0.004451;24580801.07
20250711 000000;0.004451;0.004733;0.004114;0.004173;25171967.71
20250712 000000;0.004173;0.00424;0.003848;0.003992;18115344.29
20250713 000000;0.003992;0.005;0.003966;0.004239;21049848.25
20250714 000000;0.004239;0.004889;0.004188;0.004486;27250037.06
20250715 000000;0.004486;0.004611;0.004137;0.00459;26294429.09
20250716 000000;0.00459;0.005;0.004355;0.004677;34299914.98
20250717 000000;0.004677;0.0065;0.004419;0.004574;28525390.99
20250718 000000;0.004574;0.00488;0.004208;0.004312;23281475.46
20250719 000000;0.004312;0.004483;0.004212;0.004346;18789529.35
20250720 000000;0.004346;0.005004;0.00419;0.004646;24261168.77
20250721 000000;0.004646;0.005067;0.00449;0.004677;21791564.01
20250722 000000;0.004677;0.005;0.004238;0.004617;22743537.23
20250723 000000;0.004617;0.004674;0.0038;0.004078;26193275.9
20250724 000000;0.004078;0.004183;0.003785;0.003966;24522859.67
20250725 000000;0.003966;0.004035;0.00366;0.003859;26423915.21
20250726 000000;0.003859;0.004039;0.00352;0.003692;28916059.5
20250727 000000;0.003692;0.0045;0.00352;0.004342;27951873.71
20250728 000000;0.004342;0.004619;0.003884;0.003923;32441123.42
20250729 000000;0.003923;0.004865;0.003726;0.003914;30388883.92
20250730 000000;0.003914;0.0043;0.003581;0.003817;28705693.37
20250731 000000;0.003817;0.004093;0.00354;0.003571;22579834.65
20250801 000000;0.003571;0.003801;0.003193;0.003504;29557776.34
20250802 000000;0.003504;0.003588;0.003051;0.003275;34981739.03
20250803 000000;0.003275;0.003505;0.003222;0.003443;24939618.71
20250804 000000;0.003443;0.003652;0.003242;0.003567;28628759.06
20250805 000000;0.003567;0.00361;0.003302;0.003434;22844979.47
20250806 000000;0.003434;0.003727;0.003221;0.003546;21280149.45
20250807 000000;0.003546;0.00375;0.003342;0.003713;21755503.69
20250808 000000;0.003713;0.003959;0.00365;0.003775;18991422.37
20250809 000000;0.003775;0.00422;0.003756;0.004112;24892280.83
20250810 000000;0.004112;0.004202;0.003853;0.003997;19447968.01
20250811 000000;0.003997;0.004235;0.003464;0.003744;25719620.64
20250812 000000;0.003744;0.004221;0.003611;0.004085;27020530.23
20250813 000000;0.004085;0.004208;0.003921;0.004071;23459584.19
20250814 000000;0.004071;0.004175;0.0035;0.003653;30156080.48
20250815 000000;0.003653;0.003887;0.003519;0.003632;23438914.03
20250816 000000;0.003632;0.003728;0.003551;0.003699;19171208.37
20250817 000000;0.003699;0.003898;0.003664;0.003727;17770695.49
20250818 000000;0.003727;0.003729;0.003446;0.00359;21985156.25
20250819 000000;0.00359;0.003637;0.003389;0.003399;17975769.28
20250820 000000;0.003399;0.003652;0.003375;0.003626;22701548.72
20250821 000000;0.003626;0.003713;0.003345;0.00344;19404698.4
20250822 000000;0.00344;0.003983;0.003326;0.003894;24676772.95
20250823 000000;0.003894;0.003908;0.003707;0.00382;20354636.68
20250824 000000;0.00382;0.003939;0.003628;0.003698;29724723.42
20250825 000000;0.003698;0.003761;0.00324;0.003304;29264349.96
20250826 000000;0.003304;0.003549;0.003;0.003521;22908445
20250827 000000;0.003521;0.003531;0.00335;0.003402;17435205.05
20250828 000000;0.003402;0.003532;0.00335;0.00348;18777740.09
20250829 000000;0.00348;0.00358;0.0031;0.003241;23407419.11
20250830 000000;0.003241;0.003343;0.003183;0.003296;17790529.65
20250831 000000;0.003296;0.003367;0.00315;0.003179;17843959.17
20250901 000000;0.003179;0.003308;0.002974;0.003065;27015546.08
20250902 000000;0.003065;0.003194;0.003007;0.003121;20503834.1
20250903 000000;0.003121;0.003248;0.003108;0.003192;19433150.88
20250904 000000;0.003192;0.003201;0.003;0.003046;23800019.07
20250905 000000;0.003046;0.003202;0.003044;0.003117;23347032.91
20250906 000000;0.003117;0.003144;0.003052;0.003103;18110739.81
20250907 000000;0.003103;0.003443;0.003103;0.003334;22974410.28
20250908 000000;0.003334;0.00346;0.00321;0.003392;20481697.03
20250909 000000;0.003392;0.003489;0.00322;0.003263;22631249.71
20250910 000000;0.003263;0.0037;0.00315;0.003321;29505275.25
20250911 000000;0.003321;0.003516;0.00285;0.003375;34262689.76
20250912 000000;0.003375;0.003736;0.003375;0.003644;42138052.37
20250913 000000;0.003644;0.003777;0.003582;0.003626;21465458.15
20250914 000000;0.003626;0.003675;0.00328;0.003544;21965127.78
20250915 000000;0.003544;0.00415;0.003252;0.003599;30795086.83
20250916 000000;0.003599;0.003681;0.003211;0.003603;23756555.02
20250917 000000;0.003603;0.003703;0.00328;0.00365;29283756.37
20250918 000000;0.00365;0.003932;0.003552;0.003746;21005068.63
20250919 000000;0.003746;0.003837;0.00342;0.003521;27654894.14
20250920 000000;0.003521;0.003602;0.003452;0.003522;19055214.11
20250921 000000;0.003522;0.003585;0.003438;0.003446;20031452.91
20250922 000000;0.003446;0.003468;0.003;0.003146;31454036.66
20250923 000000;0.003146;0.003158;0.003002;0.003045;23449909.03
20250924 000000;0.003045;0.003119;0.00296;0.003012;39834194.14
20250925 000000;0.003012;0.003024;0.002701;0.002761;34929685.89
20250926 000000;0.002761;0.002918;0.00273;0.002884;35179524.45
20250927 000000;0.002884;0.002906;0.002839;0.002872;20690950.6
20250928 000000;0.002872;0.002928;0.002793;0.002917;23626398.3
20250929 000000;0.002917;0.002922;0.002817;0.002862;23130220.86
20250930 000000;0.002862;0.002862;0.002704;0.002814;22997089.18
20251001 000000;0.002814;0.002978;0.002766;0.002969;22487008.28
20251002 000000;0.002969;0.003144;0.002855;0.003062;26140575.35
20251003 000000;0.003062;0.003084;0.002859;0.003001;23467107.14
20251004 000000;0.003001;0.003012;0.002862;0.002902;24366012.49
20251005 000000;0.002902;0.003045;0.002858;0.002878;25669117.43
20251006 000000;0.002878;0.003082;0.002842;0.00302;25415156.1
20251007 000000;0.00302;0.003063;0.002815;0.002837;24941238.89
20251008 000000;0.002837;0.002936;0.002787;0.002888;23100101.74
20251009 000000;0.002888;0.002895;0.002651;0.002722;28488347.84
20251010 000000;0.002722;0.002816;0.00095;0.001978;51389797.98
20251011 000000;0.001978;0.0021;0.001852;0.001938;41731159.37
20251012 000000;0.001938;0.00232;0.001899;0.002225;37235405.01
20251013 000000;0.002225;0.002309;0.002096;0.002281;32940902.45
20251014 000000;0.002281;0.002307;0.002011;0.002186;27901916.38
20251015 000000;0.002186;0.00229;0.002046;0.002077;31215779.28
20251016 000000;0.002077;0.002255;0.001896;0.001987;52172299.24
20251017 000000;0.001987;0.002089;0.001826;0.001954;34043309.5
20251018 000000;0.001954;0.002005;0.001874;0.001992;32121850.44
20251019 000000;0.001992;0.002094;0.001967;0.002012;32475028.79
20251020 000000;0.002012;0.00213;0.001936;0.002049;32479320.2
20251021 000000;0.002049;0.002099;0.001921;0.00196;29021328.51
20251022 000000;0.00196;0.00198;0.001752;0.00189;36439068.58
20251023 000000;0.00189;0.001981;0.001857;0.00193;31651055.23
20251024 000000;0.00193;0.002021;0.001847;0.002008;30157848.3
20251025 000000;0.002008;0.002323;0.001916;0.002164;39796673.74
20251026 000000;0.002164;0.002172;0.002064;0.002135;36733709.45
20251027 000000;0.002135;0.002201;0.002;0.002088;32466369.51
20251028 000000;0.002088;0.00234;0.001938;0.002048;49405186.35
20251029 000000;0.002048;0.002105;0.00194;0.002009;35610276.37
20251030 000000;0.002009;0.002062;0.001691;0.001847;35151436.31
20251031 000000;0.001847;0.00192;0.001779;0.00188;36297425.32
20251101 000000;0.00188;0.001943;0.001824;0.001941;30494080.01
20251102 000000;0.001941;0.001967;0.001826;0.001907;32334003.26
20251103 000000;0.001907;0.00191;0.001572;0.001655;36374183.93
20251104 000000;0.001655;0.001708;0.001442;0.001556;42943538.66
20251105 000000;0.001556;0.00166;0.001491;0.001634;47694840.81
20251106 000000;0.001634;0.001655;0.001542;0.001579;36303953.51
20251107 000000;0.001579;0.001755;0.001517;0.001717;49182234.67
20251108 000000;0.001717;0.001741;0.001645;0.001674;40851995.1
20251109 000000;0.001674;0.001759;0.001624;0.001744;44191444.83
20251110 000000;0.001744;0.001777;0.0017;0.001737;37551834.08
20251111 000000;0.001737;0.001779;0.001614;0.001617;33648292.08
20251112 000000;0.001617;0.00179;0.001588;0.001618;37699653.2
20251113 000000;0.001618;0.001689;0.001503;0.001544;35242795.33
20251114 000000;0.001544;0.001546;0.001388;0.001399;42173046.83
20251115 000000;0.001399;0.001478;0.001399;0.001423;39299755.89
20251116 000000;0.001423;0.001451;0.001318;0.001368;42383454.87
20251117 000000;0.001368;0.001418;0.001281;0.001302;43268106.95
20251118 000000;0.001302;0.001355;0.001251;0.001321;49883753.7
20251119 000000;0.001321;0.00137;0.001225;0.001316;69946766.24
20251120 000000;0.001316;0.001395;0.00123;0.001272;56769556.3
20251121 000000;0.001272;0.001311;0.001127;0.001192;74698174.84
20251122 000000;0.001192;0.001205;0.001116;0.001158;51581434.44
20251123 000000;0.001158;0.001249;0.001158;0.001207;52891334.53
20251124 000000;0.001207;0.001289;0.001185;0.001254;50385141.24
20251125 000000;0.001254;0.001281;0.001214;0.001269;45718531.32
20251126 000000;0.001269;0.001338;0.001223;0.001311;47637552.98
20251127 000000;0.001311;0.001358;0.001293;0.001336;43439959.19
20251128 000000;0.001336;0.00137;0.001298;0.001328;49245097.74
20251129 000000;0.001328;0.001335;0.001265;0.001306;47848349.01
20251130 000000;0.001306;0.001371;0.001274;0.001324;50781445.45
20251201 000000;0.001324;0.001339;0.001114;0.001178;50299657.99
20251202 000000;0.001178;0.00147;0.001169;0.001438;52758639.57
20251203 000000;0.001438;0.001494;0.001375;0.001423;42371904.03
20251204 000000;0.001423;0.001462;0.001358;0.001382;41765915.03
20251205 000000;0.001382;0.001481;0.0013;0.001353;47209204.12
20251206 000000;0.001353;0.001417;0.001334;0.001411;41523740.87
20251207 000000;0.001411;0.001548;0.001289;0.001517;49707263.17
20251208 000000;0.001517;0.001521;0.001422;0.001465;44262604.3
20251209 000000;0.001465;0.001834;0.001458;0.001647;70580911.97
20251210 000000;0.001647;0.001655;0.001559;0.001584;46587749.47
20251211 000000;0.001584;0.00161;0.001463;0.001593;48296255.42
20251212 000000;0.001593;0.001607;0.001482;0.001498;40821263.13
20251213 000000;0.001498;0.00152;0.001437;0.001492;48143790.09
20251214 000000;0.001492;0.001493;0.00139;0.001404;45770068.88
20251215 000000;0.001404;0.00148;0.001317;0.00137;46600560.2
20251216 000000;0.00137;0.001389;0.001317;0.001372;41186358.38
20251217 000000;0.001372;0.001392;0.001247;0.001262;45863000.67
20251218 000000;0.001262;0.001303;0.001153;0.001181;52480627.34
20251219 000000;0.001181;0.001286;0.001168;0.001269;48175269.31
20251220 000000;0.001269;0.001273;0.001245;0.001251;44836798.27
20251221 000000;0.001251;0.001273;0.001189;0.001218;53224409.82
20251222 000000;0.001218;0.001262;0.001199;0.001212;45209517.86
20251223 000000;0.001212;0.00122;0.001163;0.001195;49746600.95
20251224 000000;0.001195;0.001205;0.00113;0.001205;48101929.85
20251225 000000;0.001205;0.001223;0.001157;0.00116;48143032.42
20251226 000000;0.00116;0.001212;0.001154;0.001177;49029887.64
20251227 000000;0.001177;0.001191;0.001163;0.00119;46702709.7
20251228 000000;0.00119;0.0012;0.001137;0.001162;50236964.59
20251229 000000;0.001162;0.0012;0.001127;0.00113;57872638.6
20251230 000000;0.00113;0.001176;0.001122;0.00116;50773533.91
20251231 000000;0.00116;0.001191;0.001021;0.001044;53929222.43
