20240326 000000;0.008;0.027653;0.008;0.018433;6549404.77
20240327 000000;0.018433;0.022313;0.013;0.014576;6311564.47
20240328 000000;0.014576;0.028256;0.013914;0.024664;11475864.27
20240329 000000;0.024664;0.04;0.020295;0.032214;11114835.62
20240330 000000;0.032214;0.04259;0.02281;0.039952;20335330.02
20240331 000000;0.039952;0.065;0.0385;0.055998;26682571.29
20240401 000000;0.055998;0.062;0.0419;0.048157;23623888.53
20240402 000000;0.048157;0.051299;0.0345;0.037786;16075156.5
20240403 000000;0.037786;0.054854;0.033046;0.047341;17765841.33
20240404 000000;0.047341;0.0488;0.036952;0.038183;8404163.32
20240405 000000;0.038183;0.041;0.029006;0.035408;13684162.93
20240406 000000;0.035408;0.041708;0.033466;0.036213;6516641.84
20240407 000000;0.036213;0.038359;0.029601;0.036943;17967895.26
20240408 000000;0.036943;0.0475;0.0334;0.044342;14139353.21
20240409 000000;0.044342;0.044342;0.032931;0.035668;10840543.44
20240410 000000;0.035668;0.039035;0.032;0.037703;8230618.8
20240411 000000;0.037703;0.045;0.032287;0.032783;11644510.75
20240412 000000;0.032783;0.037301;0.025;0.028061;12765301.9
20240413 000000;0.028061;0.028789;0.017555;0.022798;16385563.49
20240414 000000;0.022798;0.03;0.020241;0.028344;9473988.16
20240415 000000;0.028344;0.034339;0.024;0.025878;11997821.44
20240416 000000;0.025878;0.027053;0.02121;0.026946;8860673.48
20240417 000000;0.026946;0.030174;0.024426;0.025091;12695514.82
20240418 000000;0.025091;0.033;0.023;0.028274;11193695.31
20240419 000000;0.028274;0.035372;0.024;0.033554;18879865.45
20240420 000000;0.033554;0.039;0.031361;0.036182;8549040.44
20240421 000000;0.036182;0.03867;0.032201;0.034172;8342925.83
20240422 000000;0.034172;0.036097;0.031051;0.031731;5646819.35
20240423 000000;0.031731;0.033055;0.026787;0.027463;10540860.93
20240424 000000;0.027463;0.032648;0.027421;0.028379;11455855.15
20240425 000000;0.028379;0.0305;0.0253;0.029587;5970494.73
20240426 000000;0.029587;0.02976;0.027156;0.027326;3993366.26
20240427 000000;0.027326;0.028479;0.025321;0.028093;2716636.11
20240428 000000;0.028093;0.029417;0.025873;0.027138;2720977.89
20240429 000000;0.027138;0.027691;0.022958;0.024273;5777243.87
20240430 000000;0.024273;0.0256;0.016433;0.019442;13689426.52
20240501 000000;0.019442;0.01963;0.0151;0.0174;17766134.06
20240502 000000;0.0174;0.023257;0.0156;0.018691;12789770.73
20240503 000000;0.018691;0.026105;0.018188;0.02398;16807637.61
20240504 000000;0.02398;0.025516;0.022202;0.022649;6105402.58
20240505 000000;0.022649;0.023654;0.02108;0.021401;5052492.42
20240506 000000;0.021401;0.02246;0.01888;0.019795;6752482.71
20240507 000000;0.019795;0.021482;0.0182;0.019142;6130893.93
20240508 000000;0.019142;0.01957;0.017;0.017481;5879484.92
20240509 000000;0.017481;0.0195;0.017004;0.018292;7518765.31
20240510 000000;0.018292;0.019272;0.017167;0.017357;6212785.43
20240511 000000;0.017357;0.01932;0.017244;0.018208;3707476.22
20240512 000000;0.018208;0.020994;0.018028;0.019156;4618282.93
20240513 000000;0.019156;0.020381;0.01766;0.018085;5198254.69
20240514 000000;0.018085;0.018163;0.015;0.015129;9806229.25
20240515 000000;0.015129;0.0177;0.015005;0.017251;11778626.37
20240516 000000;0.017251;0.017774;0.015237;0.01565;5362458.37
20240517 000000;0.01565;0.02;0.015;0.019028;17093586.33
20240518 000000;0.019028;0.019726;0.017703;0.017821;5952339.15
20240519 000000;0.017821;0.018511;0.01629;0.016414;10116392.14
20240520 000000;0.016414;0.019999;0.016006;0.019012;15081151.26
20240521 000000;0.019012;0.023416;0.0188;0.022415;9552150.15
20240522 000000;0.022415;0.024073;0.021071;0.021806;8078184.19
20240523 000000;0.021806;0.024953;0.02;0.021681;7202746.02
20240524 000000;0.021681;0.02344;0.01999;0.022208;5580731.1
20240525 000000;0.022208;0.0246;0.0217;0.02383;6567854.09
20240526 000000;0.02383;0.024669;0.022;0.02306;5201020.04
20240527 000000;0.02306;0.02695;0.022967;0.024943;6207160.37
20240528 000000;0.024943;0.025008;0.021;0.02199;5794866.97
20240529 000000;0.02199;0.023106;0.02;0.020401;11522920.94
20240530 000000;0.020401;0.02222;0.019967;0.020601;14323027.35
20240531 000000;0.020601;0.02282;0.020373;0.022467;14320838.98
20240601 000000;0.022467;0.026381;0.022254;0.023081;10192398.86
20240602 000000;0.023081;0.02349;0.021;0.021576;6764159.98
20240603 000000;0.021576;0.022958;0.020859;0.021468;9057765.32
20240604 000000;0.021468;0.02433;0.02102;0.023237;6810427.99
20240605 000000;0.023237;0.026145;0.022661;0.024628;8292223.12
20240606 000000;0.024628;0.02734;0.022722;0.023177;7361779.37
20240607 000000;0.023177;0.0245;0.0195;0.020049;20110417.36
20240608 000000;0.020049;0.020798;0.018285;0.018654;15895605.79
20240609 000000;0.018654;0.019073;0.018199;0.018902;11896687.64
20240610 000000;0.018902;0.019243;0.0165;0.017025;23776894.65
20240611 000000;0.017025;0.017194;0.014103;0.01491;27305034.03
20240612 000000;0.01491;0.019435;0.013229;0.015604;24927315.59
20240613 000000;0.015604;0.01622;0.0134;0.0134;13570450.91
20240614 000000;0.0134;0.01445;0.012745;0.013302;10521996.4
20240615 000000;0.013302;0.016;0.013002;0.013276;9107559.2
20240616 000000;0.013276;0.013299;0.011664;0.012434;11244528.17
20240617 000000;0.012434;0.012799;0.009501;0.009883;28083410.7
20240618 000000;0.009883;0.01;0.007194;0.00832;32063648.44
20240619 000000;0.00832;0.01195;0.00815;0.010865;20450279.19
20240620 000000;0.010865;0.0119;0.009585;0.009862;13063586.86
20240621 000000;0.009862;0.01021;0.009301;0.009496;9873217.03
20240622 000000;0.009496;0.0104;0.0088;0.009;11317616.69
20240623 000000;0.009;0.009884;0.0088;0.008955;8524443.05
20240624 000000;0.008955;0.0092;0.00811;0.008899;11673221.1
20240625 000000;0.008899;0.00975;0.008845;0.009153;7529601.03
20240626 000000;0.009153;0.0094;0.008407;0.008621;8586785.41
20240627 000000;0.008621;0.00931;0.0082;0.009065;7733369.89
20240628 000000;0.009065;0.009382;0.008111;0.008257;8187748.88
20240629 000000;0.008257;0.008628;0.0077;0.007735;8988506.57
20240630 000000;0.007735;0.008009;0.00725;0.007955;7966428.32
20240701 000000;0.007955;0.00858;0.0078;0.008049;8879500
20240702 000000;0.008049;0.00819;0.006752;0.007552;17069768.72
20240703 000000;0.007552;0.007682;0.006908;0.00704;9056650.52
20240704 000000;0.00704;0.007049;0.00611;0.006128;17410630
20240705 000000;0.006128;0.006128;0.005017;0.005575;17296118.45
20240706 000000;0.005575;0.006739;0.005432;0.006293;13115943.51
20240707 000000;0.006293;0.006812;0.0058;0.005894;12314163.93
20240708 000000;0.005894;0.006579;0.0056;0.00614;12368812.35
20240709 000000;0.00614;0.00647;0.006027;0.006384;7164382.63
20240710 000000;0.006384;0.00765;0.006283;0.006938;8202809.94
20240711 000000;0.006938;0.007003;0.006067;0.006079;7048103.51
20240712 000000;0.006079;0.006311;0.0058;0.006003;8655962.9
20240713 000000;0.006003;0.006455;0.005569;0.006075;9803590.06
20240714 000000;0.006075;0.006093;0.00572;0.005968;7898582.55
20240715 000000;0.005968;0.006698;0.0059;0.006572;10133360.43
20240716 000000;0.006572;0.006732;0.0061;0.00653;10003293.43
20240717 000000;0.00653;0.007279;0.0065;0.006882;11024245.21
20240718 000000;0.006882;0.007652;0.006785;0.007012;7210707.68
20240719 000000;0.007012;0.007055;0.006408;0.006789;8556606.03
20240720 000000;0.006789;0.007317;0.0066;0.007019;8979091.27
20240721 000000;0.007019;0.007109;0.006405;0.006952;10688335.54
20240722 000000;0.006952;0.007063;0.006411;0.006447;7355777.26
20240723 000000;0.006447;0.008564;0.006357;0.007083;20585884.93
20240724 000000;0.007083;0.008334;0.006914;0.007688;9706213.12
20240725 000000;0.007688;0.007702;0.006412;0.006615;10210361.23
20240726 000000;0.006615;0.006947;0.006224;0.006734;6614824.23
20240727 000000;0.006734;0.007;0.006282;0.006378;9668644.41
20240728 000000;0.006378;0.006394;0.005987;0.00606;6056449.38
20240729 000000;0.00606;0.006455;0.005552;0.005591;17133008.19
20240730 000000;0.005591;0.00565;0.00486;0.005009;17416650.51
20240731 000000;0.005009;0.005273;0.004512;0.004551;14686269.54
20240801 000000;0.004551;0.004944;0.004401;0.004885;15599377.25
20240802 000000;0.004885;0.004989;0.004303;0.004333;10944084.7
20240803 000000;0.004333;0.004395;0.00371;0.003868;12754255.93
20240804 000000;0.003868;0.004092;0.003024;0.003125;16417518.43
20240805 000000;0.003125;0.003254;0.002181;0.002944;34855352.44
20240806 000000;0.002944;0.003668;0.002944;0.003284;29236757.21
20240807 000000;0.003284;0.003452;0.003;0.003102;20013974.61
20240808 000000;0.003102;0.004834;0.003012;0.004672;29154362.98
20240809 000000;0.004672;0.004947;0.004107;0.004219;15999268.22
20240810 000000;0.004219;0.004393;0.004122;0.004333;10899654.63
20240811 000000;0.004333;0.005474;0.004319;0.004397;19020967.33
20240812 000000;0.004397;0.005613;0.00435;0.005446;19234603.1
20240813 000000;0.005446;0.005494;0.004836;0.004966;17094263.02
20240814 000000;0.004966;0.0051;0.004647;0.004684;15018557.15
20240815 000000;0.004684;0.005005;0.004413;0.004538;11918267.41
20240816 000000;0.004538;0.004781;0.004228;0.004301;10521729.36
20240817 000000;0.004301;0.004516;0.00428;0.004513;8534728.55
20240818 000000;0.004513;0.004521;0.004281;0.004281;10821370.38
20240819 000000;0.004281;0.004288;0.004009;0.004177;12092929.96
20240820 000000;0.004177;0.004805;0.004128;0.004436;13015706.72
20240821 000000;0.004436;0.004515;0.004231;0.004434;9341020.88
20240822 000000;0.004434;0.004549;0.004353;0.004457;9565797.67
20240823 000000;0.004457;0.005283;0.004441;0.005158;12211409.6
20240824 000000;0.005158;0.005418;0.004952;0.005026;10978084.97
20240825 000000;0.005026;0.005082;0.004692;0.004711;7910031.39
20240826 000000;0.004711;0.004767;0.004049;0.004127;13010610.67
20240827 000000;0.004127;0.004231;0.00363;0.00377;9625615.86
20240828 000000;0.00377;0.003975;0.003684;0.003853;14049293.4
20240829 000000;0.003853;0.004031;0.003712;0.00374;14259102.8
20240830 000000;0.00374;0.003775;0.00344;0.003627;12589860.97
20240831 000000;0.003627;0.003649;0.003446;0.003504;8231904.27
20240901 000000;0.003504;0.003551;0.003315;0.003362;11710503.64
20240902 000000;0.003362;0.003634;0.00335;0.003589;9173468.04
20240903 000000;0.003589;0.003636;0.0033;0.0033;6272080.17
20240904 000000;0.0033;0.003424;0.003114;0.003263;8142201.34
20240905 000000;0.003263;0.003304;0.003014;0.003036;5385298.8
20240906 000000;0.003036;0.003118;0.002648;0.002788;16596663.35
20240907 000000;0.002788;0.00308;0.002661;0.002905;4898022.47
20240908 000000;0.002905;0.003097;0.002871;0.002999;6283506.61
20240909 000000;0.002999;0.0033;0.002883;0.003163;15788946.31
20240910 000000;0.003163;0.003315;0.003116;0.003239;10289849.2
20240911 000000;0.003239;0.003242;0.002892;0.00296;15146964.03
20240912 000000;0.00296;0.003362;0.002959;0.003195;10198596.83
20240913 000000;0.003195;0.003302;0.003086;0.003299;14283510.23
20240914 000000;0.003299;0.003317;0.003185;0.003198;21665438.53
20240915 000000;0.003198;0.003281;0.002935;0.002959;11328611.9
20240916 000000;0.002959;0.003046;0.002853;0.002959;5962645.88
20240917 000000;0.002959;0.003103;0.002892;0.003;12236916.36
20240918 000000;0.003;0.003083;0.0028;0.003083;15476785.42
20240919 000000;0.003083;0.003916;0.003083;0.003693;24352487.64
20240920 000000;0.003693;0.005102;0.00366;0.004581;34289896.65
20240921 000000;0.004581;0.00489;0.004387;0.00468;8274757.09
20240922 000000;0.00468;0.004808;0.004048;0.004713;14495606.29
20240923 000000;0.004713;0.0057;0.004495;0.005274;23610191.57
20240924 000000;0.005274;0.005766;0.004937;0.005506;19707179.74
20240925 000000;0.005506;0.005555;0.004953;0.004983;22987558.48
20240926 000000;0.004983;0.005263;0.004777;0.004868;27583779.68
20240927 000000;0.004868;0.005429;0.004828;0.005052;14204042.75
20240928 000000;0.005052;0.005116;0.004604;0.004718;4485962.6
20240929 000000;0.004718;0.004818;0.004476;0.004682;3706780.36
20240930 000000;0.004682;0.004756;0.004244;0.00429;15305332.55
20241001 000000;0.00429;0.010055;0.003829;0.007898;79116975.57
20241002 000000;0.007898;0.012882;0.0074;0.00743;119684667.09
20241003 000000;0.00743;0.008365;0.006696;0.007475;42830153.17
20241004 000000;0.007475;0.00964;0.00733;0.007701;53610306.78
20241005 000000;0.007701;0.008038;0.006909;0.00725;32997646.99
20241006 000000;0.00725;0.007801;0.007148;0.007653;16454446.68
20241007 000000;0.007653;0.008809;0.007653;0.0079;29029330.81
20241008 000000;0.0079;0.0096;0.00779;0.008919;62573480.92
20241009 000000;0.008919;0.011075;0.008885;0.009593;80550521.23
20241010 000000;0.009593;0.010875;0.00919;0.009715;60951621.81
20241011 000000;0.009715;0.010397;0.009165;0.009358;36707285.85
20241012 000000;0.009358;0.010971;0.009342;0.010247;34913445.28
20241013 000000;0.010247;0.011537;0.01;0.010525;46146359.33
20241014 000000;0.010525;0.012259;0.00992;0.011494;70432616.57
20241015 000000;0.011494;0.011548;0.00902;0.009498;58445858.75
20241016 000000;0.009498;0.009871;0.008205;0.00853;57136336.62
20241017 000000;0.00853;0.008892;0.008;0.008332;25357240.7
20241018 000000;0.008332;0.009392;0.008332;0.009173;39549093.26
20241019 000000;0.009173;0.009463;0.0086;0.008968;24508640
20241020 000000;0.008968;0.009253;0.008403;0.009199;22812099.27
20241021 000000;0.009199;0.010104;0.0087;0.008761;37234774.33
20241022 000000;0.008761;0.00883;0.008243;0.008636;26355570.04
20241023 000000;0.008636;0.008695;0.0075;0.007891;19454813.79
20241024 000000;0.007891;0.008277;0.0078;0.00783;17514191.62
20241025 000000;0.00783;0.007841;0.006073;0.006466;34741619.52
20241026 000000;0.006466;0.007618;0.006395;0.007431;31732796.35
20241027 000000;0.007431;0.007769;0.007021;0.007296;34012435.02
20241028 000000;0.007296;0.007318;0.006655;0.007199;27448236.82
20241029 000000;0.007199;0.009688;0.007145;0.00891;65653097.09
20241030 000000;0.00891;0.010614;0.008612;0.01054;68364778.55
20241031 000000;0.01054;0.010667;0.008605;0.009099;34224255.21
20241101 000000;0.009099;0.009653;0.0082;0.008352;32231268.39
20241102 000000;0.008352;0.008762;0.007835;0.008014;23514137.09
20241103 000000;0.008014;0.008049;0.007212;0.007675;20332607.05
20241104 000000;0.007675;0.008743;0.007511;0.007855;25503670.45
20241105 000000;0.007855;0.008713;0.007853;0.008473;22669832.5
20241106 000000;0.008473;0.0097;0.008463;0.009094;33234881.32
20241107 000000;0.009094;0.009918;0.007318;0.0079;55721362.09
20241108 000000;0.0079;0.008441;0.007469;0.008038;33098369.34
20241109 000000;0.008038;0.008975;0.007946;0.008805;26443874.65
20241110 000000;0.008805;0.010884;0.008401;0.009373;42374508.92
20241111 000000;0.009373;0.014403;0.009316;0.012875;73675355.91
20241112 000000;0.012875;0.021316;0.012289;0.019695;91043849.15
20241113 000000;0.019695;0.02265;0.01654;0.017696;64427874.8
20241114 000000;0.017696;0.029187;0.016774;0.025336;74172112.29
20241115 000000;0.025336;0.037999;0.022559;0.026264;114159599.62
20241116 000000;0.026264;0.029111;0.02132;0.022509;33575391.66
20241117 000000;0.022509;0.0288;0.0205;0.025192;26254475.08
20241118 000000;0.025192;0.02627;0.021711;0.023184;24409401.02
20241119 000000;0.023184;0.02368;0.020031;0.02106;20310015.41
20241120 000000;0.02106;0.02124;0.016529;0.017955;25262310.86
20241121 000000;0.017955;0.023193;0.016587;0.021002;26887327.53
20241122 000000;0.021002;0.021067;0.018384;0.019528;18040671.55
20241123 000000;0.019528;0.021091;0.018573;0.019435;19455180.28
20241124 000000;0.019435;0.0206;0.01724;0.018666;16368986.45
20241125 000000;0.018666;0.019939;0.017222;0.017816;18502380.4
20241126 000000;0.017816;0.019;0.0161;0.017482;16284777.9
20241127 000000;0.017482;0.0216;0.017;0.020255;23705784.06
20241128 000000;0.020255;0.020383;0.0176;0.018614;24390579.67
20241129 000000;0.018614;0.0199;0.017818;0.018851;15604139.53
20241130 000000;0.018851;0.019579;0.018057;0.018346;15716275.93
20241201 000000;0.018346;0.019804;0.01752;0.019201;29031891.81
20241202 000000;0.019201;0.019726;0.01601;0.017411;28805888.28
20241203 000000;0.017411;0.018764;0.016134;0.017427;22402465.51
20241204 000000;0.017427;0.019105;0.017103;0.017967;18747444.3
20241205 000000;0.017967;0.019439;0.017015;0.018545;19313470.96
20241206 000000;0.018545;0.020646;0.017611;0.019104;18995909.24
20241207 000000;0.019104;0.023419;0.018501;0.02172;19159036.76
20241208 000000;0.02172;0.02286;0.0201;0.021321;16444386.86
20241209 000000;0.021321;0.021387;0.014229;0.016718;29241589.3
20241210 000000;0.016718;0.016953;0.013533;0.01508;22282327.07
20241211 000000;0.01508;0.01718;0.0144;0.016089;16734941.97
20241212 000000;0.016089;0.017111;0.015;0.015342;18120472.21
20241213 000000;0.015342;0.016064;0.015;0.015631;15103853.77
20241214 000000;0.015631;0.01631;0.014211;0.014907;11394721.82
20241215 000000;0.014907;0.015678;0.014263;0.015576;18388439.19
20241216 000000;0.015576;0.016;0.0135;0.013783;18244134.8
20241217 000000;0.013783;0.013957;0.012899;0.013334;13227483.51
20241218 000000;0.013334;0.013386;0.011423;0.011653;19040230.15
20241219 000000;0.011653;0.012161;0.01;0.011007;25026371.01
20241220 000000;0.011007;0.01146;0.009118;0.011275;18477332.22
20241221 000000;0.011275;0.011845;0.01;0.010215;13171524.81
20241222 000000;0.010215;0.01125;0.00992;0.010558;12003149.15
20241223 000000;0.010558;0.011455;0.010063;0.011254;12290385.18
20241224 000000;0.011254;0.011892;0.01063;0.011566;14578374.34
20241225 000000;0.011566;0.011672;0.01065;0.0109;11533984.18
20241226 000000;0.0109;0.011083;0.009503;0.009767;16358800.84
20241227 000000;0.009767;0.010546;0.009612;0.010149;17419388.88
20241228 000000;0.010149;0.010394;0.009597;0.010206;15181648.18
20241229 000000;0.010206;0.010233;0.009001;0.009207;14163451.97
20241230 000000;0.009207;0.01008;0.009132;0.00952;12630937.84
20241231 000000;0.00952;0.010017;0.009067;0.009437;16243455.94
