20260101 000000;0.001044;0.001112;0.001041;0.001108;52577640.71
20260102 000000;0.001108;0.001242;0.001105;0.001212;53100576.03
20260103 000000;0.001212;0.001247;0.00112;0.001237;60467782.83
20260104 000000;0.001237;0.001597;0.001231;0.00146;61827069.49
20260105 000000;0.00146;0.001507;0.001352;0.001502;46457195.84
20260106 000000;0.001502;0.001599;0.001383;0.001479;41697512.37
20260107 000000;0.001479;0.001508;0.001408;0.001423;41568122.76
20260108 000000;0.001423;0.00145;0.001336;0.00141;41377443.42
20260109 000000;0.00141;0.001526;0.001394;0.001486;44367377.87
20260110 000000;0.001486;0.001496;0.001403;0.00142;48589027.74
20260111 000000;0.00142;0.001448;0.001373;0.001395;42298338.08
20260112 000000;0.001395;0.00144;0.001315;0.001315;45024384.94
20260113 000000;0.001315;0.001489;0.001313;0.001456;46355813.48
20260114 000000;0.001456;0.001478;0.001399;0.001409;40892151.64
20260115 000000;0.001409;0.001412;0.001321;0.001329;44039165.14
20260116 000000;0.001329;0.001367;0.001285;0.001348;41469593.95
20260117 000000;0.001348;0.001359;0.001308;0.00132;41322584.82
20260118 000000;0.00132;0.001327;0.001225;0.001227;43874626.3
20260119 000000;0.001227;0.001227;0.001056;0.001179;52603511.71
20260120 000000;0.001179;0.001179;0.001076;0.001078;52853555.1
20260121 000000;0.001078;0.001169;0.001076;0.001123;54230036.14
20260122 000000;0.001123;0.001146;0.001085;0.00109;49571502
20260123 000000;0.00109;0.001124;0.001055;0.001063;66794968.68
20260124 000000;0.001063;0.00108;0.001055;0.001059;48782111.98
20260125 000000;0.001059;0.001068;0.000967;0.000988;54065936.56
20260126 000000;0.000988;0.0011;0.000983;0.001046;55836600.66
20260127 000000;0.001046;0.0010463;0.0010009;0.001042;55004682.12
20260128 000000;0.001042;0.0010519;0.0009946;0.0010097;57508434.48
20260129 000000;0.0010097;0.0010139;0.0009081;0.0009484;63528361.97
20260130 000000;0.0009484;0.0009541;0.0008923;0.0009088;67338661.46
20260131 000000;0.0009088;0.0009132;0.0007299;0.0008259;78105164.09
20260201 000000;0.0008259;0.0008443;0.00077;0.0007917;72591231.53
20260202 000000;0.0007917;0.0008499;0.0007651;0.000839;72373896.5
20260203 000000;0.000839;0.000848;0.0007536;0.0007965;69702825.32
20260204 000000;0.0007965;0.0008185;0.000754;0.0007722;71457635.75
20260205 000000;0.0007722;0.0007819;0.0006386;0.0006393;82978487.19
20260206 000000;0.0006393;0.0007632;0.0006065;0.0007423;85879135.39
20260207 000000;0.0007423;0.0007616;0.0007062;0.0007484;79038401.37
20260208 000000;0.0007484;0.0007597;0.0007112;0.0007162;79297277.92
20260209 000000;0.0007162;0.000731;0.0006763;0.0007007;78356458.53
20260210 000000;0.0007007;0.0007088;0.000656;0.0006747;83494506.1
20260211 000000;0.0006747;0.0006827;0.0006373;0.0006592;89577980.8
20260212 000000;0.0006592;0.0006978;0.0006573;0.0006751;82348597.79
20260213 000000;0.0006751;0.000755;0.0006604;0.0007354;79421111.27
20260214 000000;0.0007354;0.0008369;0.0007211;0.0008133;74943002.63
20260215 000000;0.0008133;0.000845;0.0007332;0.0007559;74411523.95
20260216 000000;0.0007559;0.0007874;0.0007418;0.0007695;69403990.68
20260217 000000;0.0007695;0.0007726;0.000715;0.0007159;73881881.27
20260218 000000;0.0007159;0.0007261;0.0006811;0.0006877;83351535.06
20260219 000000;0.0006877;0.0006977;0.0006607;0.0006757;82081007.54
20260220 000000;0.0006757;0.0007013;0.000654;0.0006913;80002903.92
20260221 000000;0.0006913;0.0006995;0.0006725;0.0006741;81027738.38
20260222 000000;0.0006741;0.0006759;0.0006422;0.0006508;79942271.84
20260223 000000;0.0006508;0.0006538;0.0006071;0.0006196;87070977.22
20260224 000000;0.0006196;0.0006366;0.0006046;0.0006244;95434257
20260225 000000;0.0006244;0.000705;0.0006235;0.0006854;86420802.83
20260226 000000;0.0006854;0.0006904;0.0006483;0.0006742;85808355.66
20260227 000000;0.0006742;0.0007385;0.0006656;0.0007029;90952331.96
20260228 000000;0.0007029;0.0007152;0.000654;0.0007019;90778460.45
20260301 000000;0.0007019;0.0007254;0.0006619;0.0006781;85176992.01
20260302 000000;0.0006781;0.0007226;0.0006661;0.0006977;81746290.23
20260303 000000;0.0006977;0.0007077;0.0006772;0.0007028;83037514.31
20260304 000000;0.0007028;0.0007616;0.0006893;0.000741;77753581.37
20260305 000000;0.000741;0.0007521;0.0007109;0.0007253;75994983.33
20260306 000000;0.0007253;0.0007359;0.0006777;0.0006944;80937594.14
20260307 000000;0.0006944;0.0007002;0.0006703;0.0006766;82804042.9
20260308 000000;0.0006766;0.000699;0.0006647;0.0006868;83080400.64
20260309 000000;0.0006868;0.0007186;0.0006816;0.0006986;77790145.7
20260310 000000;0.0006986;0.0007362;0.0006977;0.0007083;79472723.02
20260311 000000;0.0007083;0.000737;0.0006943;0.0007274;77257499.25
20260312 000000;0.0007274;0.0007412;0.0007113;0.0007361;77084855.27
20260313 000000;0.0007361;0.0007774;0.0007332;0.0007374;76187491.55
20260314 000000;0.0007374;0.0007569;0.0007249;0.0007523;76479733.51
20260315 000000;0.0007523;0.0008393;0.0007467;0.0008383;74736442.66
20260316 000000;0.0008383;0.0010083;0.000697;0.000822;80006964.79
20260317 000000;0.000822;0.0008427;0.0008015;0.0008127;68987692.35
20260318 000000;0.0008127;0.0008249;0.0007469;0.0007682;79487691.15
20260319 000000;0.0007682;0.0007761;0.0006888;0.0007402;81604691.01
20260320 000000;0.0007402;0.0007538;0.0007256;0.0007413;81570927.92
20260321 000000;0.0007413;0.0007615;0.0007178;0.0007199;74013986.98
20260322 000000;0.0007199;0.0007435;0.00069;0.0007007;76675661.69
20260323 000000;0.0007007;0.0007485;0.0006736;0.0007273;84008391.92
20260324 000000;0.0007273;0.0007335;0.0007003;0.000723;81295081.36
20260325 000000;0.000723;0.0007577;0.0007186;0.000746;73313681.67
20260326 000000;0.000746;0.0007476;0.0006819;0.0007;79273144.44
20260327 000000;0.0007;0.0007049;0.0006787;0.0006885;78773991.1
20260328 000000;0.0006885;0.0006944;0.000678;0.0006797;83343635.72
20260329 000000;0.0006797;0.0006819;0.0006539;0.000666;81779092.87
20260330 000000;0.000666;0.0006908;0.0006628;0.0006661;83310867.41
20260331 000000;0.0006661;0.0006879;0.000663;0.0006787;82494530.49
20260401 000000;0.0006787;0.0007197;0.0006739;0.0006827;88445086.85
20260402 000000;0.0006827;0.0006903;0.0006511;0.0006602;87118181.23
20260403 000000;0.0006602;0.0007047;0.0006444;0.0006599;97411270.24
20260404 000000;0.0006599;0.000674;0.0006;0.0006665;85619687.54
20260405 000000;0.0006665;0.0006696;0.0006493;0.0006644;84921304.24
20260406 000000;0.0006644;0.0006925;0.0006644;0.0006751;80697144.28
20260407 000000;0.0006751;0.0007455;0.0006557;0.0007332;80360655.03
20260408 000000;0.0007332;0.000763;0.0007264;0.0007292;74715376.88
20260409 000000;0.0007292;0.000771;0.00071;0.0007545;77031330.15
20260410 000000;0.0007545;0.0007684;0.0007381;0.0007586;75493108.1
20260411 000000;0.0007586;0.0007662;0.0007305;0.0007506;75257841.5
20260412 000000;0.0007506;0.0007517;0.0007116;0.0007243;80436959.67
20260413 000000;0.0007243;0.0007457;0.0007038;0.0007413;83164827.57
20260414 000000;0.0007413;0.0007424;0.0007134;0.0007175;75476663.89
20260415 000000;0.0007175;0.0007423;0.00068;0.0007373;81397702
20260416 000000;0.0007373;0.0007993;0.0007346;0.0007772;73904374.19
20260417 000000;0.0007772;0.0008073;0.0007643;0.0007707;73019432.72
20260418 000000;0.0007707;0.0008208;0.0007494;0.000759;76800846.88
20260419 000000;0.000759;0.0007638;0.0007087;0.000709;76731623.03
20260420 000000;0.000709;0.000741;0.0006903;0.0007303;77654981.64
20260421 000000;0.0007303;0.0007618;0.0007152;0.0007409;74691763.21
20260422 000000;0.0007409;0.000773;0.0007401;0.0007549;67563128.25
20260423 000000;0.0007549;0.0007795;0.0006265;0.0007086;79996232.86
20260424 000000;0.0007086;0.0007186;0.0006631;0.0006691;83310929.24
20260425 000000;0.0006691;0.0006699;0.0006449;0.0006551;85519954.14
20260426 000000;0.0006551;0.0006911;0.0006483;0.0006882;145555170.31
20260427 000000;0.0006882;0.0007045;0.0006548;0.000688;82585430.87
20260428 000000;0.000688;0.0007007;0.0006517;0.0006749;83014618.26
20260429 000000;0.0006749;0.0007203;0.0006658;0.0006814;83429879.89
20260430 000000;0.0006814;0.0006941;0.0006579;0.0006755;85488343.47
20260501 000000;0.0006755;0.0006875;0.0006544;0.0006626;85367196.02
20260502 000000;0.0006626;0.0006834;0.0006554;0.0006669;84858174.37
20260503 000000;0.0006669;0.000684;0.0006483;0.0006789;81121760.86
20260504 000000;0.0006789;0.000685;0.0006544;0.0006754;87595712.09
20260505 000000;0.0006754;0.0007218;0.0006739;0.0007122;80226873.34
20260506 000000;0.0007122;0.0007573;0.0007072;0.000722;82121599.49
20260507 000000;0.000722;0.0007337;0.0006916;0.0007034;76104077.36
20260508 000000;0.0007034;0.0007492;0.0006889;0.0007414;76961940.03
20260509 000000;0.0007414;0.0007492;0.0007262;0.0007314;80229952.89
20260510 000000;0.0007314;0.000769;0.0007253;0.0007656;90219045.52
20260511 000000;0.0007656;0.0008239;0.0007323;0.0007879;76669826.6
20260512 000000;0.0007879;0.0008156;0.00074;0.0007475;88058060.04
20260513 000000;0.0007475;0.0007912;0.0007223;0.0007244;78298825.26
20260514 000000;0.0007244;0.0014;0.00072;0.0010864;87401214.03
20260515 000000;0.0010864;0.0013008;0.0009199;0.0009436;61399271.32
20260516 000000;0.0009436;0.0009954;0.00086;0.000862;66905531.76
20260517 000000;0.000862;0.0013;0.0008619;0.0010158;60501635.19
20260518 000000;0.0010158;0.0010986;0.0008946;0.0009724;59599364.29
20260519 000000;0.0009724;0.0010307;0.000919;0.0009533;58245397.21
20260520 000000;0.0009533;0.0009772;0.0008905;0.0009425;61209247.84
20260521 000000;0.0009425;0.0009643;0.000902;0.0009513;62935679.53
20260522 000000;0.0009513;0.00097;0.0008895;0.0008917;63410515.69
20260523 000000;0.0008917;0.0009304;0.0008751;0.0009017;65236806.51
20260524 000000;0.0009017;0.0009389;0.0008914;0.0008986;64680648.4
20260525 000000;0.0008986;0.0009239;0.0008374;0.0008539;71182748.04
20260526 000000;0.0008539;0.0008748;0.0007989;0.0007998;69209396.04
20260527 000000;0.0007998;0.0008266;0.0007832;0.0007842;67180139.64
20260528 000000;0.0007842;0.0012;0.0007747;0.0009428;76847717.94
20260529 000000;0.0009428;0.0010439;0.000888;0.0009014;64678517.78
20260530 000000;0.0009014;0.00092;0.0008428;0.000871;68485955.94
20260531 000000;0.000871;0.0011929;0.0008492;0.0009681;124901438.55
20260601 000000;0.0009681;0.0010982;0.0008965;0.0009978;76481680.01
20260602 000000;0.0009978;0.0010395;0.0009338;0.00096;58816175.76
20260603 000000;0.00096;0.0012443;0.0009503;0.0011316;65071775.92
20260604 000000;0.0011316;0.0019401;0.0010751;0.0014642;96187782.2
20260605 000000;0.0014642;0.0016011;0.0010976;0.0011654;62585266.13
20260606 000000;0.0011654;0.0017269;0.0011569;0.0017201;61432782.68
20260607 000000;0.0017201;0.00179;0.0014764;0.0016554;45576142.8
20260608 000000;0.0016554;0.001656;0.0014269;0.0015256;42110093.02
20260609 000000;0.0015256;0.0015267;0.0013501;0.001359;42990019.91
20260610 000000;0.001359;0.0018269;0.0013384;0.0017878;52757792.41
20260611 000000;0.0017878;0.002;0.0016057;0.0016641;48964750.87
20260612 000000;0.0016641;0.0017327;0.0015501;0.0016175;43502110.26
20260613 000000;0.0016175;0.0016816;0.0015473;0.001565;37580827.48
20260614 000000;0.001565;0.0015665;0.0014004;0.0015257;45586804
20260615 000000;0.0015257;0.0016164;0.0014252;0.0014393;43065628.37
20260616 000000;0.0014393;0.0017535;0.0014222;0.0016144;53329968.65
20260617 000000;0.0016144;0.0016953;0.0015306;0.001546;37748964.8
20260618 000000;0.001546;0.0016431;0.0013839;0.0015942;48875517.56
20260619 000000;0.0015942;0.001729;0.0015719;0.0016615;40905864.77
20260620 000000;0.0016615;0.0018933;0.0016525;0.0018042;34843109.13
