20240101 000000;0.000000019076;0.000000020222;0.0000000172;0.000000019879;5416501978461.09
20240102 000000;0.000000019879;0.000000022904;0.000000019675;0.000000020617;8092989908633.82
20240103 000000;0.000000020617;0.000000021519;0.000000014;0.000000017439;15394937495523.68
20240104 000000;0.000000017439;0.000000018008;0.000000016368;0.00000001735;5723645093593.04
20240105 000000;0.00000001735;0.000000017648;0.000000016002;0.00000001737;5724529247121.09
20240106 000000;0.00000001737;0.000000017452;0.000000015241;0.000000015832;5552643275306.86
20240107 000000;0.000000015832;0.000000016444;0.000000014837;0.000000015214;3237486879358.31
20240108 000000;0.000000015214;0.000000015674;0.000000013219;0.000000015391;6360695312190.56
20240109 000000;0.000000015391;0.000000015857;0.000000013813;0.000000014536;5059650082314.12
20240110 000000;0.000000014536;0.0000000157;0.000000013309;0.000000014944;4548837116303.91
20240111 000000;0.000000014944;0.000000017688;0.000000014944;0.000000015883;6613299551426.57
20240112 000000;0.000000015883;0.000000016675;0.0000000142;0.0000000145;4350704379570.02
20240113 000000;0.0000000145;0.000000015675;0.000000014103;0.000000015394;3254888997452.26
20240114 000000;0.000000015394;0.000000015623;0.000000014526;0.000000014692;2302930672841.81
20240115 000000;0.000000014692;0.000000016274;0.000000014525;0.000000015186;4869611705089.47
20240116 000000;0.000000015186;0.0000000162;0.000000015186;0.000000016018;2411706538021.83
20240117 000000;0.000000016018;0.000000016931;0.000000015252;0.000000015547;2640151478992.76
20240118 000000;0.000000015547;0.000000016029;0.000000014271;0.000000014526;2511690025583.31
20240119 000000;0.000000014526;0.000000014842;0.000000013406;0.000000014428;2904894607658.7
20240120 000000;0.000000014428;0.00000001476;0.000000013555;0.00000001472;2256662129161.31
20240121 000000;0.00000001472;0.000000015449;0.000000014024;0.000000014196;3118786050085.22
20240122 000000;0.000000014196;0.000000014341;0.000000013303;0.00000001375;2198812531815.37
20240123 000000;0.00000001375;0.000000013904;0.000000012501;0.000000013394;2530169340694.6
20240124 000000;0.000000013394;0.000000014454;0.000000013123;0.000000014327;3461168734007.34
20240125 000000;0.000000014327;0.0000000144;0.000000013606;0.0000000138;1496046917760.2
20240126 000000;0.0000000138;0.000000014792;0.000000013627;0.000000014326;1624407374922.97
20240127 000000;0.000000014326;0.000000014985;0.000000014205;0.000000014904;1172389768896.96
20240128 000000;0.000000014904;0.000000015654;0.000000014067;0.000000014074;2161800661113.44
20240129 000000;0.000000014074;0.000000015687;0.000000014073;0.0000000147;3377574288526.52
20240130 000000;0.0000000147;0.000000015215;0.000000014152;0.000000014327;1533057766771.31
20240131 000000;0.000000014327;0.000000014402;0.000000013157;0.000000013516;2046888672341.82
20240201 000000;0.000000013516;0.000000013563;0.000000009309;0.000000009775;13419138277133.72
20240202 000000;0.000000009775;0.000000011873;0.000000008805;0.000000011475;18138699283312.25
20240203 000000;0.000000011475;0.000000012;0.0000000102;0.000000010881;5894087890816.62
20240204 000000;0.000000010881;0.00000001099;0.00000001;0.000000010337;2304611688381.97
20240205 000000;0.000000010337;0.000000010692;0.00000001001;0.000000010285;3736987818744.55
20240206 000000;0.000000010285;0.000000010499;0.000000009415;0.000000009916;4546915961505.54
20240207 000000;0.000000009916;0.000000011196;0.000000009265;0.000000011051;3783720997155.26
20240208 000000;0.000000011051;0.000000011329;0.00000001;0.000000010541;5742920342229.38
20240209 000000;0.000000010541;0.00000001122;0.000000010285;0.000000010843;3164124690594.84
20240210 000000;0.000000010843;0.0000000112;0.000000010068;0.000000010559;3765842627161.89
20240211 000000;0.000000010559;0.00000001173;0.000000010031;0.000000011051;9384054752064.1
20240212 000000;0.000000011051;0.000000012437;0.000000010958;0.000000011691;4275440525303.28
20240213 000000;0.000000011691;0.00000001234;0.000000011159;0.000000011603;3634367322786.56
20240214 000000;0.000000011603;0.000000012186;0.000000011382;0.000000012157;2746453239489.05
20240215 000000;0.000000012157;0.00000001275;0.00000001164;0.000000011968;13431103009113.95
20240216 000000;0.000000011968;0.000000013335;0.000000011776;0.000000011864;25082271536033.39
20240217 000000;0.000000011864;0.000000012524;0.000000011278;0.000000011831;22635172809599.63
20240218 000000;0.000000011831;0.0000000131;0.000000011544;0.000000012459;24868310605564.16
20240219 000000;0.000000012459;0.000000012988;0.000000011898;0.000000012627;20942548950365.78
20240220 000000;0.000000012627;0.0000000127;0.000000011;0.000000011617;31228853984624.64
20240221 000000;0.000000011617;0.000000012064;0.000000011179;0.00000001151;45475069751837.23
20240222 000000;0.00000001151;0.000000012424;0.000000011166;0.000000012262;44538281964189.79
20240223 000000;0.000000012262;0.000000012857;0.000000012061;0.00000001216;38481054217712.27
20240224 000000;0.00000001216;0.000000013551;0.000000012127;0.000000012955;39689856885970.62
20240225 000000;0.000000012955;0.000000013176;0.000000012414;0.000000012744;27857615938563.15
20240226 000000;0.000000012744;0.000000014264;0.00000001269;0.000000013579;30936799696626.81
20240227 000000;0.000000013579;0.000000015558;0.000000013545;0.000000015455;28220667557255.03
20240228 000000;0.000000015455;0.000000017976;0.000000014193;0.000000014949;38755358016707.41
20240229 000000;0.000000014949;0.000000017013;0.0000000146;0.000000014679;49785649930092.04
20240301 000000;0.000000014679;0.000000018574;0.000000014679;0.000000016661;63464893054057.19
20240302 000000;0.000000016661;0.000000024746;0.000000016628;0.000000019714;58169942135811.44
20240303 000000;0.000000019714;0.000000021058;0.000000018986;0.000000019172;97671831616472.18
20240304 000000;0.000000019172;0.000000024741;0.000000019109;0.000000020978;95051668286083.51
20240305 000000;0.000000020978;0.0000000232;0.000000016887;0.000000018498;101652649786735.01
20240306 000000;0.000000018498;0.000000023737;0.000000018311;0.000000023086;90778885267931.38
20240307 000000;0.000000023086;0.000000023099;0.000000021119;0.000000021861;111216203090847.9
20240308 000000;0.000000021861;0.00000003;0.000000021574;0.000000027622;98437131434521.87
20240309 000000;0.000000027622;0.000000030555;0.000000025006;0.000000026895;79379339514624.06
20240310 000000;0.000000026895;0.000000029;0.000000025543;0.000000026565;77756578077603.21
20240311 000000;0.000000026565;0.000000029;0.000000023468;0.000000024343;94117743240549.51
20240312 000000;0.000000024343;0.000000026148;0.000000021364;0.000000022883;77056411029078.41
20240313 000000;0.000000022883;0.000000026172;0.00000002264;0.000000025064;103219067819426.3
20240314 000000;0.000000025064;0.000000025755;0.0000000225;0.000000023661;96302222829276.99
20240315 000000;0.000000023661;0.000000023758;0.0000000201;0.000000021155;52834970743276.22
20240316 000000;0.000000021155;0.000000021308;0.000000018;0.000000018223;75561632533436.1
20240317 000000;0.000000018223;0.000000020683;0.000000017907;0.000000020001;87740526662819.66
20240318 000000;0.000000020001;0.000000020802;0.000000017122;0.000000018818;92435255394538.42
20240319 000000;0.000000018818;0.0000000204;0.000000015525;0.000000017008;69956968284334.11
20240320 000000;0.000000017008;0.000000021749;0.000000016893;0.000000021214;22682143250906.55
20240321 000000;0.000000021214;0.000000022765;0.00000001973;0.000000020895;25146817106059.65
20240322 000000;0.000000020895;0.000000027625;0.0000000195;0.000000020301;26894757942530.69
20240323 000000;0.000000020301;0.000000021841;0.000000020106;0.000000021571;20718573068935.41
20240324 000000;0.000000021571;0.000000022618;0.000000021494;0.000000022539;23314244505394.11
20240325 000000;0.000000022539;0.000000022904;0.000000020499;0.000000021679;25685781690184.77
20240326 000000;0.000000021679;0.000000027142;0.000000021514;0.000000025148;28089803544517.97
20240327 000000;0.000000025148;0.000000025175;0.0000000227;0.000000024143;16584961602838.89
20240328 000000;0.000000024143;0.000000024348;0.000000021882;0.000000022802;24154931219075.52
20240329 000000;0.000000022802;0.000000023151;0.000000022519;0.000000022568;23583208343056.4
20240330 000000;0.000000022568;0.000000024149;0.000000022401;0.000000022567;27583395060962.9
20240331 000000;0.000000022567;0.000000027;0.000000022371;0.00000002565;27119534488697.09
20240401 000000;0.00000002565;0.000000027493;0.000000022321;0.000000025669;24312565314262.5
20240402 000000;0.000000025669;0.000000025699;0.000000021291;0.000000022439;24090510930633.81
20240403 000000;0.000000022439;0.000000023358;0.000000021731;0.000000022254;27634538341700.63
20240404 000000;0.000000022254;0.000000026974;0.000000021195;0.000000024624;27402548027354.62
20240405 000000;0.000000024624;0.00000002645;0.000000022601;0.000000025163;25658348064642.76
20240406 000000;0.000000025163;0.000000025822;0.000000023912;0.000000024255;22402699142761
20240407 000000;0.000000024255;0.000000025251;0.000000024104;0.00000002475;24822593922915.78
20240408 000000;0.00000002475;0.000000027;0.000000024462;0.00000002532;24259459080411.15
20240409 000000;0.00000002532;0.00000002542;0.00000002126;0.000000022132;25425329732905.15
20240410 000000;0.000000022132;0.000000022214;0.000000019414;0.000000020514;27921891835630.28
20240411 000000;0.000000020514;0.000000020871;0.0000000196;0.000000020087;30859014554253.63
20240412 000000;0.000000020087;0.000000021668;0.000000017117;0.000000018204;30523055610780.69
20240413 000000;0.000000018204;0.000000018836;0.000000014094;0.000000015836;35272995283902.49
20240414 000000;0.000000015836;0.000000017612;0.000000015551;0.000000017049;42020160975659.97
20240415 000000;0.000000017049;0.000000018808;0.000000016932;0.000000017514;60521612167103.42
20240416 000000;0.000000017514;0.000000019799;0.000000017409;0.000000018612;57044565531244.21
20240417 000000;0.000000018612;0.000000019096;0.000000017558;0.000000018188;42126187649977.41
20240418 000000;0.000000018188;0.000000019801;0.000000018;0.000000019431;31229557924648.61
20240419 000000;0.000000019431;0.000000025883;0.000000018721;0.000000023533;29653047703720.93
20240420 000000;0.000000023533;0.000000023796;0.000000019939;0.000000023096;10522319382529.24
20240421 000000;0.000000023096;0.000000023997;0.0000000214;0.000000023304;72234689140659.71
20240422 000000;0.000000023304;0.000000026972;0.000000022827;0.00000002355;75467313723563.54
20240423 000000;0.00000002355;0.000000025647;0.000000023198;0.000000024148;103009955215926.03
20240424 000000;0.000000024148;0.000000024899;0.000000022093;0.000000022206;85882215487658.37
20240425 000000;0.000000022206;0.000000025235;0.000000021446;0.000000023817;109141198790992.13
20240426 000000;0.000000023817;0.000000025;0.00000002328;0.000000023623;17238670930145.61
20240427 000000;0.000000023623;0.000000023758;0.000000022202;0.000000022572;97929725247145.8
20240428 000000;0.000000022572;0.000000023112;0.000000022131;0.000000022195;83956379180651.66
20240429 000000;0.000000022195;0.000000022569;0.000000021734;0.000000022226;84187045085061.33
20240430 000000;0.000000022226;0.000000022293;0.000000020435;0.00000002076;92359731787637.14
20240501 000000;0.00000002076;0.000000020806;0.000000019;0.000000020506;126491125784323.27
20240502 000000;0.000000020506;0.000000021235;0.000000020294;0.000000021169;85857523581111.17
20240503 000000;0.000000021169;0.000000021357;0.000000020601;0.000000020941;82997727558673.58
20240504 000000;0.000000020941;0.000000021217;0.0000000209;0.000000021028;90311714076350.5
20240505 000000;0.000000021028;0.000000022562;0.000000020956;0.00000002256;79853424967785.75
20240506 000000;0.00000002256;0.000000022611;0.000000021188;0.000000021267;44095161271614.28
20240507 000000;0.000000021267;0.000000021297;0.000000021102;0.000000021224;50021077562201.17
20240508 000000;0.000000021224;0.000000021539;0.000000021006;0.000000021302;21956029168137.52
20240509 000000;0.000000021302;0.000000021357;0.00000002054;0.000000021086;15356638074181.47
20240510 000000;0.000000021086;0.000000021402;0.000000020089;0.000000020188;40615298287925.42
20240511 000000;0.000000020188;0.000000020427;0.000000020089;0.000000020217;3063015064062.25
20240512 000000;0.000000020217;0.000000020341;0.000000019234;0.000000019251;3663769778803.15
20240513 000000;0.000000019251;0.000000020109;0.0000000185;0.000000020041;27598873744632.27
20240514 000000;0.000000020041;0.000000024598;0.000000019935;0.000000023026;39331299184160.23
20240515 000000;0.000000023026;0.000000024151;0.0000000211;0.000000023321;41203748414942.71
20240516 000000;0.000000023321;0.000000023321;0.000000022222;0.000000022223;29201429580167.36
20240517 000000;0.000000022223;0.000000022355;0.000000021578;0.000000022001;21083737782112.09
20240518 000000;0.000000022001;0.000000022124;0.000000021814;0.0000000219;28606643076810.72
20240519 000000;0.0000000219;0.000000024504;0.000000021726;0.000000024001;7070919394302.74
20240520 000000;0.000000024001;0.000000024147;0.000000021867;0.000000024013;5806395619375.02
20240521 000000;0.000000024013;0.000000024835;0.00000002318;0.000000023334;2644082663286.42
20240522 000000;0.000000023334;0.000000026809;0.000000022761;0.000000026364;6103373337023.99
20240523 000000;0.000000026364;0.000000028199;0.000000024754;0.000000026372;58348650669182.61
20240524 000000;0.000000026372;0.000000027035;0.000000024819;0.00000002703;95952776384374.4
20240525 000000;0.00000002703;0.000000029396;0.000000025021;0.000000025584;57960226957019.66
20240526 000000;0.000000025584;0.000000027822;0.000000025372;0.000000026416;63161207593123.69
20240527 000000;0.000000026416;0.000000028913;0.000000025685;0.00000002778;43473258253662.75
20240528 000000;0.00000002778;0.000000028603;0.00000002679;0.000000028087;42509739760428.27
20240529 000000;0.000000028087;0.000000028853;0.0000000265;0.000000026664;73132333278348.38
20240530 000000;0.000000026664;0.00000002788;0.000000025673;0.000000026515;88360193528674.98
20240531 000000;0.000000026515;0.000000027196;0.000000025252;0.000000025724;72803755285230.24
20240601 000000;0.000000025724;0.000000025769;0.000000024445;0.000000024528;101051545139836.48
20240602 000000;0.000000024528;0.000000024544;0.000000023489;0.000000023753;80902075877227.36
20240603 000000;0.000000023753;0.000000024455;0.0000000234;0.000000023575;78293624194179.91
20240604 000000;0.000000023575;0.000000025767;0.000000023322;0.000000024811;106765798738338.18
20240605 000000;0.000000024811;0.000000025444;0.00000002318;0.000000024094;90993709680873.41
20240606 000000;0.000000024094;0.0000000242;0.000000023496;0.000000023496;67506178973771.62
20240607 000000;0.000000023496;0.000000023608;0.000000022064;0.000000022104;75997344138419.55
20240608 000000;0.000000022104;0.000000022104;0.000000021433;0.000000021751;104929581906983.26
20240609 000000;0.000000021751;0.000000021804;0.000000021292;0.00000002153;100747625745934.4
20240610 000000;0.00000002153;0.000000021706;0.000000021256;0.000000021431;60630293498422.73
20240611 000000;0.000000021431;0.000000021431;0.000000018001;0.000000020012;81111538414293.39
20240612 000000;0.000000020012;0.000000020755;0.0000000197;0.00000002064;100219332987175.85
20240613 000000;0.00000002064;0.000000020924;0.00000001953;0.00000001966;66889902305965.18
20240614 000000;0.00000001966;0.000000019784;0.000000018314;0.000000018488;40250439731348.05
20240615 000000;0.000000018488;0.000000019238;0.000000018321;0.000000018675;2044045005280.53
20240616 000000;0.000000018675;0.000000018823;0.00000001836;0.000000018545;1709769922971.22
20240617 000000;0.000000018545;0.000000018596;0.00000001757;0.000000017829;76261306712303.63
20240618 000000;0.000000017829;0.00000001783;0.000000016225;0.000000016409;24120957704310.15
20240619 000000;0.000000016409;0.000000017186;0.000000016384;0.000000017102;130172101218303.72
20240620 000000;0.000000017102;0.000000017146;0.000000017;0.000000017094;89600399682704.03
20240621 000000;0.000000017094;0.000000017094;0.000000016322;0.000000016791;4964543421298.18
20240622 000000;0.000000016791;0.000000016805;0.000000016597;0.000000016709;5747793807837.93
20240623 000000;0.000000016709;0.000000016733;0.000000015881;0.000000015992;42652483109535.9
20240624 000000;0.000000015992;0.000000015992;0.000000015111;0.000000015221;39437078843774.27
20240625 000000;0.000000015221;0.000000015904;0.000000015125;0.0000000155;63681527548190.68
20240626 000000;0.0000000155;0.000000015511;0.000000015229;0.000000015441;53648534246789.83
20240627 000000;0.000000015441;0.000000015474;0.000000014696;0.000000015347;42645534134603.16
20240628 000000;0.000000015347;0.000000016149;0.00000001534;0.000000016019;56881086969671.52
20240629 000000;0.000000016019;0.000000016584;0.000000015627;0.000000016567;2398197040392.1
20240630 000000;0.000000016567;0.000000016567;0.000000015518;0.00000001579;25553778808122.74
20240701 000000;0.00000001579;0.000000015936;0.000000014652;0.0000000151;42266974052564.25
20240702 000000;0.0000000151;0.000000015258;0.000000014978;0.000000015175;1073421606258.36
20240703 000000;0.000000015175;0.000000015219;0.000000014285;0.000000014564;1483835922152.95
20240704 000000;0.000000014564;0.000000014564;0.000000012659;0.000000012939;2199357000449.44
20240705 000000;0.000000012939;0.000000013263;0.000000011501;0.000000012254;2525302115644.7
20240706 000000;0.000000012254;0.000000015241;0.000000012221;0.000000013822;60398585420516.48
20240707 000000;0.000000013822;0.00000001395;0.000000013043;0.000000013141;48818389934799.79
20240708 000000;0.000000013141;0.000000013285;0.000000012898;0.000000013272;93902384572537.59
20240709 000000;0.000000013272;0.000000013501;0.000000013178;0.000000013477;86338873418905.52
20240710 000000;0.000000013477;0.000000013584;0.000000013473;0.000000013502;44370790239957.63
20240711 000000;0.000000013502;0.000000014421;0.000000013502;0.000000014141;68908894094230.53
20240712 000000;0.000000014141;0.000000014163;0.000000014134;0.000000014161;86576339398252.83
20240713 000000;0.000000014161;0.000000014163;0.000000013882;0.000000013924;83193491190011.28
20240714 000000;0.000000013924;0.000000014213;0.000000013911;0.000000014083;73846170595086.01
20240715 000000;0.000000014083;0.000000014957;0.000000014013;0.000000014736;34469325430662.14
20240716 000000;0.000000014736;0.000000015242;0.000000014524;0.000000014694;72035430252504.72
20240717 000000;0.000000014694;0.000000015088;0.000000014633;0.000000014801;68724244179335.48
20240718 000000;0.000000014801;0.000000014869;0.00000001401;0.000000014407;30685739216419.52
20240719 000000;0.000000014407;0.000000014796;0.000000013912;0.000000014777;8532203921818.57
20240720 000000;0.000000014777;0.000000016869;0.000000014452;0.00000001593;4361502004067.67
20240721 000000;0.00000001593;0.0000000164;0.000000015107;0.000000015791;44275276478824.35
20240722 000000;0.000000015791;0.000000015876;0.000000015388;0.000000015752;64644399886259.07
20240723 000000;0.000000015752;0.0000000158;0.000000014777;0.000000014823;40549147887516.99
20240724 000000;0.000000014823;0.000000015033;0.000000014433;0.000000014642;40299202502224.21
20240725 000000;0.000000014642;0.000000014733;0.000000013474;0.000000013922;3310945949406.16
20240726 000000;0.000000013922;0.000000014711;0.000000013909;0.000000014196;2473942497708.03
20240727 000000;0.000000014196;0.000000015076;0.000000014196;0.000000014732;17933776623830.14
20240728 000000;0.000000014732;0.000000015607;0.000000014284;0.000000014328;62165381927636.82
20240729 000000;0.000000014328;0.000000014418;0.000000013979;0.000000014164;60551251838189.99
20240730 000000;0.000000014164;0.000000014213;0.000000013857;0.000000013861;57462693327365.71
20240731 000000;0.000000013861;0.000000013909;0.000000013763;0.000000013791;23612472329532.36
20240801 000000;0.000000013791;0.000000013793;0.000000012235;0.000000012489;16295947445072.1
20240802 000000;0.000000012489;0.0000000127;0.000000012338;0.000000012343;43092486724997.51
20240803 000000;0.000000012343;0.000000012544;0.000000011701;0.000000011728;27097117039929.68
20240804 000000;0.000000011728;0.000000011814;0.000000011037;0.000000011264;2047957071180.46
20240805 000000;0.000000011264;0.000000011264;0.000000009703;0.000000010559;22342344987023.8
20240806 000000;0.000000010559;0.000000011412;0.000000010556;0.000000011291;25582238473927.69
20240807 000000;0.000000011291;0.000000012005;0.000000011144;0.000000011258;10447464138632.95
20240808 000000;0.000000011258;0.000000012047;0.000000011233;0.000000011994;25582478517536.41
20240809 000000;0.000000011994;0.000000012231;0.000000011391;0.000000011586;17060769112616.4
20240810 000000;0.000000011586;0.000000012069;0.000000011434;0.000000011482;22627000323742.21
20240811 000000;0.000000011482;0.000000011579;0.000000010943;0.000000011241;27160624425584.9
20240812 000000;0.000000011241;0.000000011249;0.000000011042;0.000000011209;25595425235403.08
20240813 000000;0.000000011209;0.000000011256;0.00000001094;0.000000011044;26990457647307.06
20240814 000000;0.000000011044;0.000000011076;0.000000010605;0.000000010659;27255942264674.04
20240815 000000;0.000000010659;0.000000011288;0.000000010659;0.000000011202;28062928004490.78
20240816 000000;0.000000011202;0.000000011449;0.000000010545;0.000000010667;28238211625087.4
20240817 000000;0.000000010667;0.00000001076;0.000000010456;0.000000010495;28517168341897.07
20240818 000000;0.000000010495;0.000000010646;0.00000001047;0.00000001048;28888985894351.52
20240819 000000;0.00000001048;0.000000010779;0.000000010243;0.00000001049;29442723638688.31
20240820 000000;0.00000001049;0.000000010741;0.000000010462;0.000000010669;29081632159045
20240821 000000;0.000000010669;0.000000010703;0.000000010302;0.000000010605;24318133347404.96
20240822 000000;0.000000010605;0.000000011315;0.000000010001;0.000000011182;23861984980255.89
20240823 000000;0.000000011182;0.000000011799;0.000000010177;0.000000011348;101014447583616.49
20240824 000000;0.000000011348;0.000000012177;0.000000011197;0.000000011921;86089256711801.43
20240825 000000;0.000000011921;0.000000011985;0.000000010894;0.000000011166;108492626021198.5
20240826 000000;0.000000011166;0.000000011213;0.000000010495;0.000000010632;107551937352414.75
20240827 000000;0.000000010632;0.000000010674;0.000000009925;0.000000010056;115143481855447.1
20240828 000000;0.000000010056;0.000000010899;0.000000009939;0.000000010514;109506406841334.01
20240829 000000;0.000000010514;0.0000000107;0.000000010248;0.00000001025;31594895658922.25
20240830 000000;0.00000001025;0.000000010261;0.000000009531;0.000000009954;38472062434031.44
20240831 000000;0.000000009954;0.000000009997;0.000000009408;0.000000009649;39219342217700.63
20240901 000000;0.000000009649;0.00000001;0.000000009301;0.000000009718;36039488098832.05
20240902 000000;0.000000009718;0.000000009868;0.000000009481;0.000000009777;36323365038262.87
20240903 000000;0.000000009777;0.000000010523;0.000000009454;0.000000009709;34421728270241.61
20240904 000000;0.000000009709;0.000000010315;0.000000009209;0.000000010088;35869648891105.01
20240905 000000;0.000000010088;0.000000010189;0.000000009625;0.000000009713;24108344248924.34
20240906 000000;0.000000009713;0.000000009999;0.000000009201;0.000000009354;9922043647076.35
20240907 000000;0.000000009354;0.000000010025;0.000000009273;0.000000009568;12773486021868.94
20240908 000000;0.000000009568;0.000000009885;0.000000009563;0.000000009836;12718964031535.43
20240909 000000;0.000000009836;0.000000010248;0.000000009713;0.000000010011;11105268204715.75
20240910 000000;0.000000010011;0.000000010036;0.0000000096;0.000000009916;12741696247533.57
20240911 000000;0.000000009916;0.000000010156;0.000000009074;0.000000009344;12189634235694.28
20240912 000000;0.000000009344;0.000000009473;0.000000009322;0.000000009444;12861281284206.47
20240913 000000;0.000000009444;0.000000009445;0.000000009253;0.000000009346;11023667669576.13
20240914 000000;0.000000009346;0.000000009862;0.000000009;0.000000009259;13494823178633.75
20240915 000000;0.000000009259;0.000000009285;0.000000009182;0.00000000925;11054052779399.3
20240916 000000;0.00000000925;0.000000009882;0.000000008889;0.000000009479;13549232578913.26
20240917 000000;0.000000009479;0.00000001008;0.000000008937;0.000000009949;12664876767922.75
20240918 000000;0.000000009949;0.000000010069;0.000000009317;0.000000010009;12586301321550.39
20240919 000000;0.000000010009;0.000000011227;0.000000010004;0.000000010382;12057797408740.9
20240920 000000;0.000000010382;0.000000011968;0.000000010363;0.000000011669;13058071127929.27
20240921 000000;0.000000011669;0.000000011965;0.000000010374;0.000000010598;8532620362587.33
20240922 000000;0.000000010598;0.000000010736;0.000000010004;0.000000010356;11914430742014.25
20240923 000000;0.000000010356;0.000000010598;0.000000010013;0.00000001008;11990863350263.37
20240924 000000;0.00000001008;0.000000010268;0.000000009801;0.000000010148;10384324050977.02
20240925 000000;0.000000010148;0.000000010239;0.000000009592;0.000000010003;41870172024809.88
20240926 000000;0.000000010003;0.000000011545;0.000000009911;0.000000011527;132628248466804.17
20240927 000000;0.000000011527;0.000000014775;0.000000011135;0.000000014269;114546512815813.8
20240928 000000;0.000000014269;0.000000014269;0.000000012138;0.000000013201;106561582069602.08
20240929 000000;0.000000013201;0.00000001351;0.000000012351;0.000000013004;106200007600456.48
20240930 000000;0.000000013004;0.000000013024;0.000000011343;0.000000011892;104481435559293.96
20241001 000000;0.000000011892;0.000000013298;0.000000010552;0.000000010748;115423411149588.71
20241002 000000;0.000000010748;0.000000011504;0.00000001028;0.000000011073;119867878279336.48
20241003 000000;0.000000011073;0.000000012433;0.000000010547;0.000000010675;94562046971826.18
20241004 000000;0.000000010675;0.000000010858;0.000000010621;0.000000010803;94910951165943.62
20241005 000000;0.000000010803;0.00000001106;0.000000010578;0.000000010717;53737473660192.28
20241006 000000;0.000000010717;0.000000011372;0.000000010717;0.000000011348;22977451124472.8
20241007 000000;0.000000011348;0.000000011359;0.000000010696;0.000000010912;79550762580499.22
20241008 000000;0.000000010912;0.000000010915;0.000000010662;0.000000010784;115284382095111.42
20241009 000000;0.000000010784;0.000000011016;0.000000010643;0.000000010813;121653647956420.64
20241010 000000;0.000000010813;0.000000011025;0.000000010216;0.000000010229;74837789899324.53
20241011 000000;0.000000010229;0.00000001195;0.000000010206;0.000000011873;5457736906028.17
20241012 000000;0.000000011873;0.000000013219;0.00000001027;0.000000010972;54061788613548.8
20241013 000000;0.000000010972;0.000000011582;0.000000010535;0.000000010874;50263441587992.83
20241014 000000;0.000000010874;0.000000011337;0.000000010223;0.000000011104;70681066220995.86
20241015 000000;0.000000011104;0.000000012167;0.000000010657;0.000000011214;141794986726379.55
20241016 000000;0.000000011214;0.000000012008;0.000000011049;0.000000011179;166140083943321.72
20241017 000000;0.000000011179;0.000000011344;0.0000000106;0.000000010997;137579600615214.88
20241018 000000;0.000000010997;0.000000011169;0.000000010401;0.000000011007;147148646290495.31
20241019 000000;0.000000011007;0.000000011505;0.00000001088;0.000000011427;103550584123471.91
20241020 000000;0.000000011427;0.000000012407;0.000000011104;0.00000001145;108162816618704.2
20241021 000000;0.00000001145;0.000000011666;0.000000010937;0.000000011019;99834157814587.01
20241022 000000;0.000000011019;0.0000000115;0.000000010651;0.000000011072;99292088775170.82
20241023 000000;0.000000011072;0.00000001109;0.000000010111;0.000000010379;126626754604380
20241024 000000;0.000000010379;0.0000000116;0.000000010155;0.000000011185;109040706968068.81
20241025 000000;0.000000011185;0.000000011732;0.000000010945;0.000000010999;111696489059838.26
20241026 000000;0.000000010999;0.000000011474;0.0000000102;0.000000010272;126781773595201.88
20241027 000000;0.000000010272;0.000000011519;0.000000010079;0.000000010402;118468920814537.82
20241028 000000;0.000000010402;0.000000010567;0.0000000102;0.000000010384;99005036567911.17
20241029 000000;0.000000010384;0.000000011072;0.00000001027;0.000000010623;107036999312962.74
20241030 000000;0.000000010623;0.000000010761;0.000000010252;0.000000010614;94395680056659.56
20241031 000000;0.000000010614;0.000000010701;0.000000010199;0.000000010229;96573011497473.86
20241101 000000;0.000000010229;0.000000010323;0.00000001003;0.000000010126;97803154814384.61
20241102 000000;0.000000010126;0.000000010267;0.00000000991;0.000000009954;93520042582281.92
20241103 000000;0.000000009954;0.000000010159;0.000000009803;0.000000010082;100759317490208.64
20241104 000000;0.000000010082;0.00000001016;0.000000009732;0.000000009848;98138257138927.47
20241105 000000;0.000000009848;0.00000001199;0.0000000098;0.000000010257;104021964366212.2
20241106 000000;0.000000010257;0.000000011204;0.000000010077;0.000000010634;101426121198021.01
20241107 000000;0.000000010634;0.000000011197;0.0000000106;0.000000010821;55528702108266.89
20241108 000000;0.000000010821;0.000000011543;0.000000010615;0.000000011098;68645938832962.48
20241109 000000;0.000000011098;0.000000011473;0.000000010957;0.000000011293;47026858796601.77
20241110 000000;0.000000011293;0.000000014554;0.00000001112;0.000000013049;49767409405814.98
20241111 000000;0.000000013049;0.000000014511;0.000000012264;0.000000013696;52470669008301.73
20241112 000000;0.000000013696;0.000000019458;0.000000013277;0.000000019267;62219815102924.47
20241113 000000;0.000000019267;0.000000024;0.000000015096;0.000000020239;55606348457264.18
20241114 000000;0.000000020239;0.000000025829;0.000000018842;0.000000022334;19728631765116.58
20241115 000000;0.000000022334;0.000000026794;0.000000021562;0.000000022525;19715660060017.25
20241116 000000;0.000000022525;0.000000024736;0.000000020059;0.000000021326;12754050031855.09
20241117 000000;0.000000021326;0.000000022443;0.0000000201;0.000000020167;10596324228931.59
20241118 000000;0.000000020167;0.000000021637;0.000000018501;0.000000021055;10033448165583.28
20241119 000000;0.000000021055;0.000000025397;0.000000019947;0.000000022052;11390483275549.47
20241120 000000;0.000000022052;0.000000025128;0.00000002176;0.000000025008;13910638718920.76
20241121 000000;0.000000025008;0.000000029877;0.00000002382;0.000000029119;14234513312377
20241122 000000;0.000000029119;0.000000038814;0.000000028319;0.000000037948;18782616092569.44
20241123 000000;0.000000037948;0.00000004;0.00000003407;0.000000034083;10323537637343.1
20241124 000000;0.000000034083;0.000000036014;0.000000027;0.000000033189;9781789870992.09
20241125 000000;0.000000033189;0.00000003355;0.00000002695;0.000000027764;7346133155649.37
20241126 000000;0.000000027764;0.00000003299;0.000000025643;0.000000030171;7853547734373.34
20241127 000000;0.000000030171;0.00000003798;0.000000028314;0.000000036471;8607333990220.14
20241128 000000;0.000000036471;0.000000037039;0.000000031695;0.00000003302;7125539431974.46
20241129 000000;0.00000003302;0.000000078038;0.000000031614;0.000000062608;46108385315737.53
20241130 000000;0.000000062608;0.000000069974;0.000000056659;0.000000058171;11018738163944.59
20241201 000000;0.000000058171;0.000000060746;0.0000000535;0.000000056206;6460859359118.32
20241202 000000;0.000000056206;0.000000056822;0.000000047306;0.000000049913;8249603367305.81
20241203 000000;0.000000049913;0.000000055;0.000000045966;0.000000048792;9017509667777.01
20241204 000000;0.000000048792;0.00000007;0.000000048792;0.000000064087;37501946296720.17
20241205 000000;0.000000064087;0.000000067637;0.000000059231;0.000000059885;25851277940241.54
20241206 000000;0.000000059885;0.000000075001;0.000000058172;0.000000069589;37570521242549.49
20241207 000000;0.000000069589;0.000000072984;0.000000067;0.000000069787;33169577356833.88
20241208 000000;0.000000069787;0.000000070094;0.000000062952;0.000000065431;27783357398384.02
20241209 000000;0.000000065431;0.000000067889;0.000000053823;0.000000056972;31559372517666.98
20241210 000000;0.000000056972;0.00000005797;0.000000047095;0.000000050992;30636885310351.91
20241211 000000;0.000000050992;0.000000057601;0.000000050012;0.000000055028;30125327810546.99
20241212 000000;0.000000055028;0.000000056525;0.000000051991;0.000000052282;27869424192574.93
20241213 000000;0.000000052282;0.000000054535;0.000000050852;0.000000054209;29945174643266.92
20241214 000000;0.000000054209;0.000000055123;0.000000048001;0.000000049326;32556481970251.11
20241215 000000;0.000000049326;0.000000050583;0.000000047498;0.000000048488;31277748471698
20241216 000000;0.000000048488;0.000000049499;0.000000045868;0.000000046391;33200395205239.42
20241217 000000;0.000000046391;0.000000046395;0.00000004276;0.000000043062;36873410147753.55
20241218 000000;0.000000043062;0.000000043575;0.000000037715;0.000000038172;34305255501933.12
20241219 000000;0.000000038172;0.000000044039;0.000000032074;0.000000033224;39228048659536.65
20241220 000000;0.000000033224;0.000000041642;0.000000031431;0.000000041044;37554088199799.31
20241221 000000;0.000000041044;0.000000042131;0.000000035001;0.000000035247;32970471273207.37
20241222 000000;0.000000035247;0.000000036863;0.000000034531;0.000000034794;28466649781468.51
20241223 000000;0.000000034794;0.000000038218;0.000000034508;0.000000038023;43527488018827.07
20241224 000000;0.000000038023;0.000000039249;0.000000036654;0.000000038251;39599576970902.09
20241225 000000;0.000000038251;0.000000038817;0.000000037744;0.000000038039;43843065205863.84
20241226 000000;0.000000038039;0.00000003824;0.000000036424;0.000000036711;46131003363192
20241227 000000;0.000000036711;0.00000003781;0.000000036095;0.000000037068;34577437008272.51
20241228 000000;0.000000037068;0.000000037502;0.000000035857;0.000000036585;42863847597775.82
20241229 000000;0.000000036585;0.000000036938;0.00000003469;0.000000035615;48064828199249.63
20241230 000000;0.000000035615;0.000000036288;0.000000030283;0.000000030523;47640614257453.97
20241231 000000;0.000000030523;0.00000003341;0.000000028919;0.000000029147;41733979890796.4
