20260101 000000;0.000000007544;0.000000007871;0.000000007431;0.000000007791;13275188695400.13
20260102 000000;0.000000007791;0.000000008016;0.000000007454;0.000000007868;11765658476136.22
20260103 000000;0.000000007868;0.000000008107;0.0000000077;0.000000007935;9802303687090.59
20260104 000000;0.000000007935;0.000000008933;0.00000000792;0.000000008821;13651456613064.93
20260105 000000;0.000000008821;0.000000009235;0.000000008527;0.000000008671;12384675972910.94
20260106 000000;0.000000008671;0.000000008736;0.000000008252;0.000000008323;11168202147193.3
20260107 000000;0.000000008323;0.000000008407;0.000000008;0.000000008023;9309735083391.19
20260108 000000;0.000000008023;0.000000008099;0.000000007677;0.000000007998;12223747669594.42
20260109 000000;0.000000007998;0.000000008366;0.0000000079;0.000000008226;12607239466136.1
20260110 000000;0.000000008226;0.000000008362;0.000000008099;0.000000008129;10958749360178.34
20260111 000000;0.000000008129;0.000000008291;0.000000008009;0.000000008075;10714488349019.17
20260112 000000;0.000000008075;0.00000000825;0.000000007911;0.000000007971;12572904316004.66
20260113 000000;0.000000007971;0.000000008447;0.000000007888;0.000000008435;12616735129239.02
20260114 000000;0.000000008435;0.000000008489;0.00000000811;0.0000000083;8666143614078.93
20260115 000000;0.0000000083;0.0000000085;0.000000008199;0.000000008276;11988884079477.55
20260116 000000;0.000000008276;0.000000008433;0.000000008131;0.000000008195;12791029351334.79
20260117 000000;0.000000008195;0.000000008225;0.000000007976;0.000000008013;7567234623128.67
20260118 000000;0.000000008013;0.000000008041;0.000000007611;0.000000007633;8532898534139.26
20260119 000000;0.000000007633;0.000000008088;0.000000007186;0.000000008071;12891875129216.84
20260120 000000;0.000000008071;0.000000008107;0.00000000673;0.000000006983;10401107097291.64
20260121 000000;0.000000006983;0.000000007461;0.0000000067;0.000000006818;14600026239346.31
20260122 000000;0.000000006818;0.00000000686;0.000000006483;0.000000006682;13819833377472.18
20260123 000000;0.000000006682;0.000000006935;0.000000006383;0.000000006725;14310406815396.22
20260124 000000;0.000000006725;0.00000000677;0.000000006415;0.000000006603;9165816605377.78
20260125 000000;0.000000006603;0.000000006617;0.000000005859;0.000000005963;12695289340098.8
20260126 000000;0.000000005963;0.000000006804;0.000000005841;0.000000006584;17667150913113.67
20260127 000000;0.000000006584;0.000000006924;0.00000000653;0.000000006696;10901600918384.76
20260128 000000;0.000000006696;0.000000006784;0.000000006292;0.000000006325;12676355884198.69
20260129 000000;0.000000006325;0.000000006421;0.000000006051;0.000000006284;11850627260201.12
20260130 000000;0.000000006284;0.000000006358;0.000000005969;0.000000006151;14821721736829.01
20260131 000000;0.000000006151;0.00000000624;0.000000005567;0.000000005777;17899848446866.03
20260201 000000;0.000000005777;0.000000007396;0.00000000568;0.000000006792;21389821589408.76
20260202 000000;0.000000006792;0.000000007199;0.000000006125;0.000000006381;13020008834981.41
20260203 000000;0.000000006381;0.000000006406;0.000000005846;0.000000006195;14758953498572.81
20260204 000000;0.000000006195;0.000000006256;0.000000005729;0.000000005956;11425106243883.67
20260205 000000;0.000000005956;0.000000005985;0.000000005166;0.000000005203;17010219010697.71
20260206 000000;0.000000005203;0.000000005537;0.000000005029;0.000000005527;18797535920781.39
20260207 000000;0.000000005527;0.000000005578;0.000000005243;0.000000005496;14253384950970.48
20260208 000000;0.000000005496;0.000000007047;0.0000000053;0.0000000062;13051495547839.94
20260209 000000;0.0000000062;0.000000006213;0.000000005565;0.0000000058;10770963756474.37
20260210 000000;0.0000000058;0.000000006771;0.000000005246;0.000000005739;22369905776373.14
20260211 000000;0.000000005739;0.000000005775;0.000000005458;0.000000005543;16226673936805.17
20260212 000000;0.000000005543;0.000000005758;0.000000005485;0.000000005758;16479448867208.43
20260213 000000;0.000000005758;0.000000005933;0.000000005593;0.000000005807;17868242705024.62
20260214 000000;0.000000005807;0.00000000608;0.00000000567;0.000000005959;12606356530597.82
20260215 000000;0.000000005959;0.000000006006;0.000000005503;0.000000005568;11004916571507.81
20260216 000000;0.000000005568;0.000000005674;0.000000005517;0.000000005588;14709555288649.56
20260217 000000;0.000000005588;0.000000005613;0.000000005136;0.000000005224;13872453968180.77
20260218 000000;0.000000005224;0.000000005273;0.00000000489;0.00000000504;17487697351502.7
20260219 000000;0.00000000504;0.000000005285;0.000000004893;0.00000000492;14336155905056.45
20260220 000000;0.00000000492;0.000000004992;0.000000004826;0.000000004901;15645857176325.85
20260221 000000;0.000000004901;0.00000000494;0.000000004714;0.000000004752;15723856575641.83
20260222 000000;0.000000004752;0.000000004854;0.000000004554;0.000000004846;13313947065024.45
20260223 000000;0.000000004846;0.000000004871;0.000000004351;0.000000004516;17395896160023.4
20260224 000000;0.000000004516;0.000000005343;0.000000004394;0.000000004823;23177358490057.38
20260225 000000;0.000000004823;0.000000004897;0.000000004524;0.000000004711;16769630015210.77
20260226 000000;0.000000004711;0.000000004787;0.000000004546;0.000000004577;15142638495575.2
20260227 000000;0.000000004577;0.000000004999;0.000000004384;0.000000004834;32345857143715.58
20260228 000000;0.000000004834;0.000000006177;0.000000004489;0.000000004919;142847655002876.62
20260301 000000;0.000000004919;0.000000005889;0.000000004692;0.000000004952;64063162179079.01
20260302 000000;0.000000004952;0.000000005341;0.000000004821;0.000000004921;23897769201774.97
20260303 000000;0.000000004921;0.000000005451;0.00000000481;0.000000004872;23869153023028.91
20260304 000000;0.000000004872;0.000000004937;0.000000004784;0.00000000489;20307813437112.52
20260305 000000;0.00000000489;0.000000004909;0.000000004813;0.000000004817;10564454312090.2
20260306 000000;0.000000004817;0.000000005093;0.000000004734;0.000000004771;15169269490162.89
20260307 000000;0.000000004771;0.000000004783;0.000000004607;0.000000004617;12580809779376.17
20260308 000000;0.000000004617;0.000000005003;0.000000004603;0.000000004617;18541686054365.94
20260309 000000;0.000000004617;0.000000004796;0.000000004479;0.000000004522;20559033873728.04
20260310 000000;0.000000004522;0.000000004943;0.000000004467;0.000000004523;22442056820496.99
20260311 000000;0.000000004523;0.000000004999;0.000000004233;0.000000004316;30489341812988.44
20260312 000000;0.000000004316;0.000000004355;0.000000004224;0.000000004274;15174552783021.79
20260313 000000;0.000000004274;0.000000004652;0.000000004136;0.000000004238;30477400794331.3
20260314 000000;0.000000004238;0.000000004299;0.000000004191;0.000000004193;16696720918860.37
20260315 000000;0.000000004193;0.000000004466;0.000000004176;0.00000000427;26903835781704.28
20260316 000000;0.00000000427;0.000000004387;0.000000004237;0.000000004375;26138710761805.62
20260317 000000;0.000000004375;0.000000004585;0.000000004221;0.000000004304;26674710434270.74
20260318 000000;0.000000004304;0.000000004421;0.000000004013;0.000000004037;35009776421677.47
20260319 000000;0.000000004037;0.000000004125;0.000000004;0.000000004024;23533983506694.01
20260320 000000;0.000000004024;0.000000004105;0.000000004011;0.000000004017;26089789354705.57
20260321 000000;0.000000004017;0.000000004084;0.000000004011;0.000000004048;23083001491677.98
20260322 000000;0.000000004048;0.000000004048;0.000000003884;0.000000003903;26921688187948.23
20260323 000000;0.000000003903;0.000000004014;0.000000003877;0.000000003944;26148707859284.29
20260324 000000;0.000000003944;0.000000004064;0.000000003812;0.000000003885;22091540230789.43
20260325 000000;0.000000003885;0.000000003977;0.00000000387;0.000000003956;22939318756187.78
20260326 000000;0.000000003956;0.000000004027;0.000000003817;0.000000003936;17230499242848.83
20260327 000000;0.000000003936;0.000000004021;0.000000003699;0.000000003725;84110088087541.44
20260328 000000;0.000000003725;0.000000003798;0.000000003546;0.000000003701;63670223465977.1
20260329 000000;0.000000003701;0.000000004093;0.000000003599;0.000000003877;51040139174255.38
20260330 000000;0.000000003877;0.000000004041;0.000000003651;0.000000003993;30855496370873.43
20260331 000000;0.000000003993;0.000000004032;0.000000003688;0.000000003696;18147700671239.36
20260401 000000;0.000000003696;0.000000003803;0.000000003626;0.000000003697;19974268414948.26
20260402 000000;0.000000003697;0.00000000374;0.000000003595;0.000000003645;22314784085986.57
20260403 000000;0.000000003645;0.000000003732;0.000000003639;0.000000003663;20366081350137.26
20260404 000000;0.000000003663;0.000000003942;0.00000000364;0.000000003921;17695229295734.7
20260405 000000;0.000000003921;0.000000004552;0.000000003802;0.000000003854;20150329488228.33
20260406 000000;0.000000003854;0.000000004114;0.000000003845;0.000000003948;15880764008365.11
20260407 000000;0.000000003948;0.000000003949;0.000000003815;0.000000003931;16887129634639.72
20260408 000000;0.000000003931;0.000000004188;0.000000003878;0.000000004045;15969153470875.19
20260409 000000;0.000000004045;0.000000004057;0.000000003823;0.00000000387;17700426414353.33
20260410 000000;0.00000000387;0.000000004078;0.000000003807;0.000000004024;18901462021264.31
20260411 000000;0.000000004024;0.000000004032;0.000000003793;0.000000003883;21965730259718.39
20260412 000000;0.000000003883;0.000000003989;0.000000003788;0.000000003839;17632321648975.8
20260413 000000;0.000000003839;0.000000003902;0.00000000383;0.000000003898;31154546634864
20260414 000000;0.000000003898;0.000000004023;0.000000003879;0.000000003896;21244592056452.76
20260415 000000;0.000000003896;0.00000000397;0.000000003887;0.000000003938;16995086390923.78
20260416 000000;0.000000003938;0.000000004093;0.000000003901;0.000000004043;21546824738823.94
20260417 000000;0.000000004043;0.000000004081;0.000000003924;0.000000003939;20394722081291.95
20260418 000000;0.000000003939;0.000000003968;0.000000003737;0.00000000376;22550383866705.03
20260419 000000;0.00000000376;0.000000003912;0.000000003741;0.000000003814;23600521346502.31
20260420 000000;0.000000003814;0.000000003833;0.000000003663;0.000000003747;22766298116794.44
20260421 000000;0.000000003747;0.000000003864;0.000000003718;0.000000003729;21432416586655.55
20260422 000000;0.000000003729;0.000000003885;0.000000003718;0.000000003883;20421086314077.51
20260423 000000;0.000000003883;0.000000003931;0.000000003745;0.000000003898;19642758276360.38
20260424 000000;0.000000003898;0.000000003931;0.000000003759;0.000000003812;20894178432445.82
20260425 000000;0.000000003812;0.000000004079;0.000000003811;0.000000003932;19934990537567.52
20260426 000000;0.000000003932;0.000000004029;0.000000003907;0.000000003914;22338016704392.1
20260427 000000;0.000000003914;0.000000004024;0.00000000384;0.000000003846;19825875159490.15
20260428 000000;0.000000003846;0.000000003878;0.000000002117;0.000000002687;44010248577507.81
20260429 000000;0.000000002687;0.000000002884;0.000000002229;0.000000002364;35545566658202.01
20260430 000000;0.000000002364;0.000000002868;0.00000000218;0.000000002276;38286066910565.67
20260501 000000;0.000000002276;0.000000002799;0.000000002183;0.000000002337;47025285505717.21
20260502 000000;0.000000002337;0.000000002391;0.000000002276;0.000000002302;35585987362788.81
20260503 000000;0.000000002302;0.000000002354;0.00000000222;0.000000002328;26185212415708.48
20260504 000000;0.000000002328;0.00000000235;0.000000001708;0.000000001795;37787792527748.12
20260505 000000;0.000000001795;0.000000002034;0.000000001517;0.000000001608;40963351623299.09
20260506 000000;0.000000001608;0.00000000181;0.000000001489;0.000000001636;55046935443475.71
20260507 000000;0.000000001636;0.000000001651;0.00000000158;0.000000001633;58653685857309.58
20260508 000000;0.000000001633;0.000000001721;0.00000000161;0.000000001693;43271143192615.31
20260509 000000;0.000000001693;0.000000001946;0.00000000166;0.00000000186;49179650413183.4
20260510 000000;0.00000000186;0.000000002012;0.000000001813;0.00000000187;57432282661289.98
20260511 000000;0.00000000187;0.000000001885;0.000000001809;0.000000001855;49203611006126.98
20260512 000000;0.000000001855;0.000000001947;0.000000001823;0.000000001837;49337259723723.32
20260513 000000;0.000000001837;0.000000001859;0.000000001684;0.00000000177;49751813912720.38
20260514 000000;0.00000000177;0.000000001884;0.00000000174;0.000000001813;39308239343415.2
20260515 000000;0.000000001813;0.000000001882;0.000000001759;0.000000001838;43305699516497.71
20260516 000000;0.000000001838;0.000000001877;0.000000001685;0.000000001733;56828660166892.62
20260517 000000;0.000000001733;0.000000001737;0.000000001633;0.00000000166;58456712980208.87
20260518 000000;0.00000000166;0.000000001758;0.000000001604;0.000000001625;47841241296762.9
20260519 000000;0.000000001625;0.000000001635;0.000000001538;0.000000001552;56029360718683.9
20260520 000000;0.000000001552;0.00000000159;0.000000001502;0.000000001579;45711410777401.8
20260521 000000;0.000000001579;0.000000001763;0.000000001567;0.000000001699;51804079323680.56
20260522 000000;0.000000001699;0.000000001749;0.000000001521;0.000000001576;46833763302889.19
20260523 000000;0.000000001576;0.00000000158;0.000000001404;0.000000001463;39559984646910.02
20260524 000000;0.000000001463;0.000000001478;0.000000001329;0.000000001356;47534185912782.3
20260525 000000;0.000000001356;0.000000001394;0.000000001277;0.000000001381;53526517199525.31
20260526 000000;0.000000001381;0.000000001419;0.00000000135;0.00000000139;46963675421697.74
20260527 000000;0.00000000139;0.000000001786;0.000000001349;0.000000001403;51895579770623.94
20260528 000000;0.000000001403;0.00000000143;0.000000001344;0.000000001402;47980006010250.51
20260529 000000;0.000000001402;0.000000001404;0.000000001281;0.00000000131;49123503350373.86
20260530 000000;0.00000000131;0.000000001421;0.000000001304;0.000000001351;46407670273239.32
20260531 000000;0.000000001351;0.000000001365;0.000000001261;0.000000001304;64961395623454.84
20260601 000000;0.000000001304;0.000000001384;0.000000001295;0.000000001311;48539040974282.15
20260602 000000;0.000000001311;0.0000000016;0.000000001204;0.00000000133;60838973219756.21
20260603 000000;0.00000000133;0.000000001463;0.00000000116;0.00000000124;63072044807089.61
20260604 000000;0.00000000124;0.00000000128;0.0000000012;0.000000001234;57173963614750.84
20260605 000000;0.000000001234;0.000000001269;0.000000000991;0.000000001125;70361558017575.23
20260606 000000;0.000000001125;0.000000001136;0.000000001025;0.000000001063;69887867994109.2
20260607 000000;0.000000001063;0.000000001189;0.000000001058;0.000000001123;63461312192438.17
20260608 000000;0.000000001123;0.000000001143;0.000000001019;0.000000001095;59580522756750.35
20260609 000000;0.000000001095;0.000000001131;0.000000001046;0.000000001097;57438934455390.36
20260610 000000;0.000000001097;0.000000001104;0.00000000103;0.000000001036;80578760949997.91
20260611 000000;0.000000001036;0.00000000107;0.000000000987;0.000000001058;78662068362027.85
20260612 000000;0.000000001058;0.000000001214;0.000000001055;0.000000001074;85085250226511.78
20260613 000000;0.000000001074;0.000000001088;0.000000001023;0.000000001037;80738927889581.21
20260614 000000;0.000000001037;0.000000001159;0.000000001014;0.000000001076;61974121126822.88
20260615 000000;0.000000001076;0.00000000127;0.000000001051;0.000000001168;78680340193168
20260616 000000;0.000000001168;0.00000000135;0.000000001158;0.000000001312;61866750945159.2
20260617 000000;0.000000001312;0.000000001321;0.000000001243;0.000000001245;58250574734693.46
20260618 000000;0.000000001245;0.000000001248;0.000000001067;0.000000001091;73921889459978.21
20260619 000000;0.000000001091;0.000000001105;0.000000001018;0.000000001032;90758717530794.67
20260620 000000;0.000000001032;0.000000001067;0.00000000102;0.000000001053;44647307680507.99
