20250101 000000;0.00016384;0.00017618;0.0001469;0.00016519;364297235.46
20250102 000000;0.00016519;0.00018865;0.00015719;0.00017414;324785768.01
20250103 000000;0.00017414;0.0002;0.00015923;0.00017966;372864340.77
20250104 000000;0.00017966;0.000197;0.00017425;0.00018399;337391171.7
20250105 000000;0.00018399;0.0001995;0.00017487;0.00018452;334282556.33
20250106 000000;0.00018452;0.0006;0.00017801;0.00034938;515761526.76
20250107 000000;0.00034938;0.0005858;0.00031987;0.00039893;216377581.35
20250108 000000;0.00039893;0.00052184;0.00033886;0.00039139;80948656.54
20250109 000000;0.00039139;0.0004806;0.00035059;0.00042139;47543006.95
20250110 000000;0.00042139;0.00049476;0.00039643;0.00041972;36136466.23
20250111 000000;0.00041972;0.00042879;0.00035003;0.00042564;30260890.11
20250112 000000;0.00042564;0.00044676;0.00038562;0.00041416;21976766.05
20250113 000000;0.00041416;0.0004188;0.00036001;0.00039979;26112794.21
20250114 000000;0.00039979;0.00044483;0.0003619;0.00042432;26313999.61
20250115 000000;0.00042432;0.00046191;0.00041733;0.00044864;30650878.77
20250116 000000;0.00044864;0.00057859;0.00043882;0.00057836;128337474.68
20250117 000000;0.00057836;0.00059;0.00051466;0.00054011;120184443.16
20250118 000000;0.00054011;0.00094069;0.00053357;0.00089406;173897787.05
20250119 000000;0.00089406;0.00220001;0.000745;0.00209784;646363998.21
20250120 000000;0.00209784;0.00347088;0.00143157;0.00230162;392520163.49
20250121 000000;0.00230162;0.00376508;0.0015152;0.00285;335725530.97
20250122 000000;0.00285;0.0081297;0.0026;0.00674346;352826526.49
20250123 000000;0.00674346;0.008;0.00557461;0.00623394;84033136.92
20250124 000000;0.00623394;0.00675;0.0055;0.0061317;73355466.96
20250125 000000;0.0061317;0.01288888;0.00592787;0.00963725;149625925.07
20250126 000000;0.00963725;0.0153908;0.00963725;0.01263766;91445985.84
20250127 000000;0.01263766;0.01400428;0.01012291;0.01202459;41008218.44
20250128 000000;0.01202459;0.01403595;0.01013854;0.01171002;31612506.26
20250129 000000;0.01171002;0.0125;0.0096749;0.01073275;41443313.73
20250130 000000;0.01073275;0.0116843;0.00763754;0.00789795;44992882.41
20250131 000000;0.00789795;0.01002788;0.0061;0.00635149;58916095.96
20250201 000000;0.00635149;0.01234633;0.004;0.01077582;133026907.47
20250202 000000;0.01077582;0.01174006;0.00878551;0.0098053;33108231.83
20250203 000000;0.0098053;0.01156762;0.00866439;0.00967827;25518170.5
20250204 000000;0.00967827;0.01120161;0.00917539;0.00990025;20125223.61
20250205 000000;0.00990025;0.010253;0.0096;0.00973784;13526088.1
20250206 000000;0.00973784;0.00999999;0.00852001;0.00896103;14825471.88
20250207 000000;0.00896103;0.00905812;0.00697283;0.00736028;24591445.66
20250208 000000;0.00736028;0.0083;0.00614799;0.007182;36008700.17
20250209 000000;0.007182;0.00936005;0.00677621;0.00862922;23530457.75
20250210 000000;0.00862922;0.01049994;0.00810005;0.00950477;846725064.46
20250211 000000;0.00950477;0.0138888;0.00939156;0.01052;1278498414.91
20250212 000000;0.01052;0.01185261;0.010183;0.01102539;942233120.1
20250213 000000;0.01102539;0.01148;0.01004183;0.01080885;511494836.46
20250214 000000;0.01080885;0.01130556;0.01045115;0.01111698;414131486.89
20250215 000000;0.01111698;0.01116126;0.00978708;0.01093849;589940301.53
20250216 000000;0.01093849;0.01104933;0.01067553;0.01097307;540709682.83
20250217 000000;0.01097307;0.01318417;0.01073158;0.0131589;579449983.98
20250218 000000;0.0131589;0.067;0.0063;0.01062504;176687750.35
20250219 000000;0.01062504;0.01079994;0.00905;0.00933901;356255124.61
20250220 000000;0.00933901;0.01077626;0.00906;0.01061177;1213747343.74
20250221 000000;0.01061177;0.01099496;0.01043615;0.01067559;912055592.09
20250222 000000;0.01067559;0.01089421;0.01033515;0.0104;1001336596.28
20250223 000000;0.0104;0.01043228;0.00899;0.01037704;696726565.86
20250224 000000;0.01037704;0.01038499;0.00911137;0.00965652;1126088968.58
20250225 000000;0.00965652;0.0122;0.00864622;0.0109991;1431247759.28
20250226 000000;0.0109991;0.01310278;0.01050573;0.01305916;1122214134.38
20250227 000000;0.01305916;0.01396029;0.0118;0.01358915;1078364987.64
20250228 000000;0.01358915;0.01418296;0.01151978;0.01361299;702987725.35
20250301 000000;0.01361299;0.01465096;0.013246;0.01426793;541816903.97
20250302 000000;0.01426793;0.01475511;0.01400076;0.01441079;502223302.16
20250303 000000;0.01441079;0.0152;0.01281598;0.01502836;534182460.64
20250304 000000;0.01502836;0.015309;0.01352891;0.01456955;566483419.07
20250305 000000;0.01456955;0.01467184;0.01336268;0.01371705;545111351.94
20250306 000000;0.01371705;0.01377317;0.01210505;0.01242629;700491550.24
20250307 000000;0.01242629;0.013;0.0094443;0.01201066;993950762.72
20250308 000000;0.01201066;0.013;0.01051037;0.01246863;774173612.25
20250309 000000;0.01246863;0.01347816;0.012;0.01308195;790580750.78
20250310 000000;0.01308195;0.01335233;0.01179609;0.01321359;900919587.18
20250311 000000;0.01321359;0.0172;0.01254304;0.01608628;1027168302.32
20250312 000000;0.01608628;0.01624485;0.01452282;0.01503391;898009228.8
20250313 000000;0.01503391;0.01612037;0.01495199;0.01579038;793792256.9
20250314 000000;0.01579038;0.01580569;0.01491089;0.01516921;814347748.96
20250315 000000;0.01516921;0.01618888;0.01497166;0.01529726;718332586.77
20250316 000000;0.01529726;0.01588333;0.01503498;0.01532835;783617404.53
20250317 000000;0.01532835;0.01576165;0.01465;0.01539512;759934623.87
20250318 000000;0.01539512;0.01572674;0.01512037;0.01542751;770029143.21
20250319 000000;0.01542751;0.01675147;0.01509468;0.01641076;820315764.56
20250320 000000;0.01641076;0.01649446;0.01567602;0.0161914;776640176.7
20250321 000000;0.0161914;0.0173206;0.01608764;0.01698261;700307582.47
20250322 000000;0.01698261;0.01730965;0.01693032;0.01699168;583735446.79
20250323 000000;0.01699168;0.01706937;0.01522177;0.01597978;693351013.67
20250324 000000;0.01597978;0.01736;0.01588115;0.01700693;700070091.31
20250325 000000;0.01700693;0.01702037;0.01108574;0.01400142;893768011.56
20250326 000000;0.01400142;0.01535681;0.01362453;0.01464631;798803175.78
20250327 000000;0.01464631;0.0152;0.0145479;0.01477555;444600286.11
20250328 000000;0.01477555;0.0153159;0.01464826;0.01515429;534458704.21
20250329 000000;0.01515429;0.01515437;0.01376113;0.01454934;554450636.36
20250330 000000;0.01454934;0.0152982;0.01433315;0.01498829;528469025.99
20250331 000000;0.01498829;0.015095;0.01484039;0.01504088;508904815.41
20250401 000000;0.01504088;0.015055;0.0105733;0.01164095;522944547.74
20250402 000000;0.01164095;0.011749;0.01033411;0.01046853;917048532.11
20250403 000000;0.01046853;0.011493;0.00703911;0.01060572;1228619134.25
20250404 000000;0.01060572;0.011508;0.010478;0.01145077;1080850671.56
20250405 000000;0.01145077;0.01214293;0.01140806;0.01204504;1090947734.73
20250406 000000;0.01204504;0.012086;0.011798;0.01183684;1050273072.87
20250407 000000;0.01183684;0.01261397;0.010417;0.01237822;1148899707.29
20250408 000000;0.01237822;0.01240795;0.01060103;0.01066991;1090704741.3
20250409 000000;0.01066991;0.010712;0.00886401;0.01006856;230005263.53
20250410 000000;0.01006856;0.01125291;0.00945717;0.01051666;50756732.82
20250411 000000;0.01051666;0.01422929;0.01021236;0.01414522;49384902.07
20250412 000000;0.01414522;0.01414999;0.01294507;0.01320328;158813403.6
20250413 000000;0.01320328;0.01345589;0.012101;0.01239086;295943727.07
20250414 000000;0.01239086;0.01277007;0.01152781;0.01190905;285059499.87
20250415 000000;0.01190905;0.01231006;0.01176744;0.01203292;326815281.96
20250416 000000;0.01203292;0.01230428;0.01179724;0.01202553;364863680.54
20250417 000000;0.01202553;0.01264641;0.00999001;0.01233305;382748078.49
20250418 000000;0.012333;0.012745;0.010592;0.011218;270497670.99
20250419 000000;0.011218;0.011823;0.011118;0.011354;345193620.28
20250420 000000;0.011354;0.01168;0.010665;0.010902;430232434.34
20250421 000000;0.010902;0.011389;0.01055;0.010907;375791915.83
20250422 000000;0.010907;0.011346;0.010834;0.010938;122172592.53
20250423 000000;0.010938;0.011667;0.01001;0.010151;36642412.2
20250424 000000;0.010151;0.011269;0.00804;0.010968;62947416.87
20250425 000000;0.010968;0.010994;0.010097;0.010291;18596587.75
20250426 000000;0.010291;0.011022;0.010215;0.010486;23281568.67
20250427 000000;0.010486;0.010527;0.010267;0.010271;22150327.04
20250428 000000;0.010271;0.010352;0.009883;0.010021;20627050.56
20250429 000000;0.010021;0.011044;0.009665;0.010517;29168798.4
20250430 000000;0.010517;0.011;0.009804;0.010975;21896003.33
20250501 000000;0.010975;0.011;0.010708;0.010838;20812618.41
20250502 000000;0.010838;0.011;0.007447;0.010096;67154868.18
20250503 000000;0.010096;0.010419;0.007206;0.007615;41168753.22
20250504 000000;0.007615;0.010037;0.007606;0.008567;32496038.37
20250505 000000;0.008567;0.00989;0.007863;0.007996;26197956.69
20250506 000000;0.007996;0.008109;0.007376;0.007497;23998747.48
20250507 000000;0.007497;0.007739;0.007242;0.007347;31537132.46
20250508 000000;0.007347;0.007507;0.006469;0.006883;34161494.22
20250509 000000;0.006883;0.007366;0.006682;0.007071;34831686.69
20250510 000000;0.007071;0.007415;0.006883;0.007196;31142437.1
20250511 000000;0.007196;0.007197;0.006861;0.007;22430411.71
20250512 000000;0.007;0.007277;0.006859;0.007156;21795218.45
20250513 000000;0.007156;0.007567;0.007115;0.007391;27007217.24
20250514 000000;0.007391;0.007486;0.007277;0.007363;20742277.19
20250515 000000;0.007363;0.007363;0.007007;0.007179;21018452.79
20250516 000000;0.007179;0.007407;0.007126;0.007264;22032313.99
20250517 000000;0.007264;0.007567;0.007079;0.007499;17619168.9
20250518 000000;0.007499;0.007693;0.007053;0.007323;14247944.36
20250519 000000;0.007323;0.00744;0.0065;0.007355;24022558.2
20250520 000000;0.007355;0.007359;0.006971;0.007076;13499292.62
20250521 000000;0.007076;0.007165;0.006766;0.006768;14263270.43
20250522 000000;0.006768;0.006865;0.0065;0.006555;12228166.11
20250523 000000;0.006555;0.006591;0.0054;0.005719;23505849.94
20250524 000000;0.005719;0.005823;0.004371;0.004586;31786171.18
20250525 000000;0.004586;0.01088;0.004091;0.008329;127119724.94
20250526 000000;0.008329;0.008359;0.007555;0.007661;15585862.84
20250527 000000;0.007661;0.008949;0.007574;0.008409;13533534.47
20250528 000000;0.008409;0.010063;0.008206;0.009499;13813727.11
20250529 000000;0.009499;0.009621;0.004501;0.007094;66391457.8
20250530 000000;0.007094;0.00949;0.007002;0.008559;19867725.06
20250531 000000;0.008559;0.008608;0.008118;0.008216;10573653.71
20250601 000000;0.008216;0.008297;0.008159;0.008173;8304472.24
20250602 000000;0.008173;0.008327;0.008043;0.008211;9264240.13
20250603 000000;0.008211;0.008749;0.008178;0.008569;12294219.38
20250604 000000;0.008569;0.008842;0.008417;0.008621;13602529.4
20250605 000000;0.008621;0.0087;0.008478;0.008578;10860833.63
20250606 000000;0.008578;0.008757;0.008544;0.008612;9781053.49
20250607 000000;0.008612;0.010977;0.00855;0.010848;28344254.2
20250608 000000;0.010848;0.011538;0.010033;0.011266;13823030.98
20250609 000000;0.011266;0.012282;0.010977;0.011082;17533944.9
20250610 000000;0.011082;0.011402;0.010911;0.011233;13278429.51
20250611 000000;0.011233;0.011808;0.011098;0.011572;12457200.37
20250612 000000;0.011572;0.011912;0.011201;0.011483;11861086.05
20250613 000000;0.011483;0.012823;0.011284;0.012763;14524166.81
20250614 000000;0.012763;0.015;0.012134;0.014995;11245437.54
20250615 000000;0.014995;0.0154;0.012793;0.015063;21203690.91
20250616 000000;0.015063;0.015888;0.010844;0.015782;47526966.97
20250617 000000;0.015782;0.0158;0.014072;0.015451;39873218.83
20250618 000000;0.015451;0.015888;0.0146;0.015313;80911200.66
20250619 000000;0.015313;0.015603;0.014244;0.015137;9725487.5
20250620 000000;0.015137;0.015148;0.012398;0.012532;9847100.37
20250621 000000;0.012532;0.012895;0.010478;0.010574;16219123.79
20250622 000000;0.010574;0.010575;0.01;0.010113;8385931.14
20250623 000000;0.010113;0.010298;0.009959;0.010135;8768115.32
20250624 000000;0.010135;0.010262;0.010029;0.010183;6893503.75
20250625 000000;0.010183;0.010494;0.01018;0.010252;8297755.3
20250626 000000;0.010252;0.010455;0.009544;0.009949;14116475.42
20250627 000000;0.009949;0.010172;0.008284;0.008371;16201862.59
20250628 000000;0.008371;0.008449;0.008075;0.008289;6331878.65
20250629 000000;0.008289;0.008951;0.008187;0.008743;6870720.47
20250630 000000;0.008743;0.008914;0.008489;0.00855;7805074.79
20250701 000000;0.00855;0.008597;0.008383;0.00845;8085572.64
20250702 000000;0.00845;0.008515;0.008281;0.008407;6798637.47
20250703 000000;0.008407;0.008407;0.008;0.00801;7012796.14
20250704 000000;0.00801;0.008111;0.007906;0.008069;5532766.12
20250705 000000;0.008069;0.008332;0.007956;0.008166;5350998.23
20250706 000000;0.008166;0.008244;0.00797;0.008138;5262388.1
20250707 000000;0.008138;0.00887;0.008037;0.008382;15188526.07
20250708 000000;0.008382;0.008642;0.008271;0.00852;6453212.41
20250709 000000;0.00852;0.008665;0.008443;0.008584;7321210.04
20250710 000000;0.008584;0.009171;0.008525;0.009039;7934500.24
20250711 000000;0.009039;0.009564;0.008981;0.009091;8745450.5
20250712 000000;0.009091;0.009161;0.008666;0.008777;7815504.38
20250713 000000;0.008777;0.008949;0.008619;0.008743;6488898.76
20250714 000000;0.008743;0.008821;0.008641;0.008749;7499724.73
20250715 000000;0.008749;0.008749;0.008517;0.008683;6623326.66
20250716 000000;0.008683;0.008909;0.008628;0.008899;6796177.79
20250717 000000;0.008899;0.008941;0.008549;0.00867;5756645.56
20250718 000000;0.00867;0.009062;0.008669;0.008781;7832177.24
20250719 000000;0.008781;0.00883;0.008653;0.008756;5158681.74
20250720 000000;0.008756;0.008874;0.008609;0.008821;5869416.52
20250721 000000;0.008821;0.008852;0.008613;0.008644;8326208.86
20250722 000000;0.008644;0.008701;0.008416;0.008644;7192022.01
20250723 000000;0.008644;0.008854;0.008584;0.008702;8109966.58
20250724 000000;0.008702;0.008836;0.008541;0.008718;7202677.09
20250725 000000;0.008718;0.008806;0.0086;0.008743;7853516.5
20250726 000000;0.008743;0.008909;0.00868;0.00875;7611128.58
20250727 000000;0.00875;0.008821;0.008631;0.008744;6050349.96
20250728 000000;0.008744;0.008772;0.008517;0.00852;6730384.13
20250729 000000;0.00852;0.008666;0.008402;0.008554;6811786.22
20250730 000000;0.008554;0.008666;0.008374;0.008396;7261533.21
20250731 000000;0.008396;0.008553;0.008271;0.008396;7286979.06
20250801 000000;0.008396;0.008439;0.008213;0.008335;8115013.06
20250802 000000;0.008335;0.0084;0.008144;0.008289;5800049.69
20250803 000000;0.008289;0.008313;0.008064;0.008131;6264584.34
20250804 000000;0.008131;0.008207;0.008033;0.008127;8751703.85
20250805 000000;0.008127;0.008199;0.008;0.00815;8945133.03
20250806 000000;0.00815;0.008182;0.008051;0.008092;7922428.83
20250807 000000;0.008092;0.008196;0.00805;0.00808;8716812.67
20250808 000000;0.00808;0.008248;0.00805;0.008189;10168016.39
20250809 000000;0.008189;0.008216;0.008058;0.008208;8647943.51
20250810 000000;0.008208;0.008242;0.00814;0.00815;11326562.44
20250811 000000;0.00815;0.008244;0.0081;0.008187;8970148.32
20250812 000000;0.008187;0.008201;0.00801;0.008143;9610500.03
20250813 000000;0.008143;0.008264;0.00814;0.008194;10503113.83
20250814 000000;0.008194;0.008363;0.008025;0.008317;13604771.25
20250815 000000;0.008317;0.008363;0.008226;0.008362;8045712.18
20250816 000000;0.008362;0.008698;0.008263;0.008697;6092139.15
20250817 000000;0.008697;0.009021;0.00828;0.008955;14028821.56
20250818 000000;0.008955;0.009827;0.008773;0.009598;8984269.11
20250819 000000;0.009598;0.009798;0.009448;0.009569;7611242.53
20250820 000000;0.009569;0.00972;0.009472;0.009578;8369158.41
20250821 000000;0.009578;0.009653;0.009089;0.009175;14189421.08
20250822 000000;0.009175;0.009219;0.008841;0.008887;7531447.08
20250823 000000;0.008887;0.009282;0.008887;0.009015;7870249.6
20250824 000000;0.009015;0.009051;0.008697;0.008852;14804080.35
20250825 000000;0.008852;0.009363;0.008707;0.009125;8242467.66
20250826 000000;0.009125;0.009323;0.009029;0.009203;6501776.12
20250827 000000;0.009203;0.009214;0.00867;0.009108;8365041.73
20250828 000000;0.009108;0.009223;0.009;0.009118;9507151.07
20250829 000000;0.009118;0.009193;0.009107;0.009168;9280529.31
20250830 000000;0.009168;0.009175;0.009062;0.009131;6530242.03
20250831 000000;0.009131;0.009202;0.0091;0.00912;11405247.83
20250901 000000;0.00912;0.009167;0.008728;0.008807;9219467.47
20250902 000000;0.008807;0.009008;0.008783;0.008848;12665921.81
20250903 000000;0.008848;0.0089;0.008663;0.008813;14401764.94
20250904 000000;0.008813;0.008837;0.008656;0.008742;7024786.06
20250905 000000;0.008742;0.008778;0.008531;0.008608;14830486.12
20250906 000000;0.008608;0.008644;0.00847;0.008561;21577956.15
20250907 000000;0.008561;0.008662;0.008557;0.008593;13975568.34
20250908 000000;0.008593;0.008649;0.008438;0.008517;10196642.84
20250909 000000;0.008517;0.008574;0.00833;0.008454;7845545.13
20250910 000000;0.008454;0.008455;0.008328;0.008371;7004157.88
20250911 000000;0.008371;0.008417;0.008347;0.008406;6500798.21
20250912 000000;0.008406;0.008459;0.008245;0.00839;9251682.87
20250913 000000;0.00839;0.008523;0.008332;0.00838;8744238.78
20250914 000000;0.00838;0.008454;0.008281;0.008324;8066648.77
20250915 000000;0.008324;0.008573;0.008279;0.008379;10158637.13
20250916 000000;0.008379;0.008484;0.008274;0.008435;8676877.27
20250917 000000;0.008435;0.008527;0.008345;0.00842;7648181.08
20250918 000000;0.00842;0.008504;0.0083;0.008432;7967818.01
20250919 000000;0.008432;0.008487;0.008349;0.008469;8393963.68
20250920 000000;0.008469;0.008469;0.008374;0.008465;7246847.82
20250921 000000;0.008465;0.008539;0.008378;0.00838;9017930.66
20250922 000000;0.00838;0.008487;0.008257;0.008402;9060689.9
20250923 000000;0.008402;0.008462;0.008201;0.008298;11093788.86
20250924 000000;0.008298;0.008397;0.008212;0.00831;9720698.38
20250925 000000;0.00831;0.008387;0.008221;0.008304;9937625.91
20250926 000000;0.008304;0.008353;0.008235;0.008282;8816756.63
20250927 000000;0.008282;0.008375;0.008152;0.008341;8401019.33
20250928 000000;0.008341;0.00835;0.008231;0.008276;6583564.67
20250929 000000;0.008276;0.008349;0.008235;0.008304;8755081.31
20250930 000000;0.008304;0.008345;0.00814;0.008342;8132104.25
20251001 000000;0.008342;0.008345;0.00821;0.00829;9040083.97
20251002 000000;0.00829;0.008345;0.008147;0.008286;10076388.69
20251003 000000;0.008286;0.008421;0.008192;0.008351;8960562.39
20251004 000000;0.008351;0.008381;0.00821;0.008355;8568369.14
20251005 000000;0.008355;0.008357;0.008284;0.008352;8675697.68
20251006 000000;0.008352;0.008373;0.008218;0.008297;7610592.71
20251007 000000;0.008297;0.008515;0.008269;0.008432;9951842.34
20251008 000000;0.008432;0.00846;0.008174;0.008284;9634863.26
20251009 000000;0.008284;0.008714;0.006698;0.008328;43095028.03
20251010 000000;0.008328;0.008653;0.007826;0.008;12638216.21
20251011 000000;0.008;0.008038;0.007561;0.007673;10587472.19
20251012 000000;0.007673;0.00782;0.007607;0.007752;8203550.42
20251013 000000;0.007752;0.007798;0.007567;0.007684;8592864.91
20251014 000000;0.007684;0.007698;0.007454;0.007555;7086359.08
20251015 000000;0.007555;0.007658;0.007381;0.007415;6636603.51
20251016 000000;0.007415;0.007451;0.007172;0.007173;7315170.98
20251017 000000;0.007173;0.00748;0.006966;0.007144;6937597.16
20251018 000000;0.007144;0.007153;0.007062;0.007149;6570734.26
20251019 000000;0.007149;0.007153;0.006999;0.007092;7151684.11
20251020 000000;0.007092;0.007139;0.006959;0.007032;6571902.52
20251021 000000;0.007032;0.007074;0.00688;0.00694;7151559.32
20251022 000000;0.00694;0.00694;0.006805;0.006862;6946857.56
20251023 000000;0.006862;0.007037;0.006857;0.006999;7009691.71
20251024 000000;0.006999;0.007003;0.006855;0.006945;5535822.85
20251025 000000;0.006945;0.007;0.006856;0.006876;7023050.72
20251026 000000;0.006876;0.006932;0.006851;0.006868;7039245.27
20251027 000000;0.006868;0.006932;0.006717;0.006759;6612223.16
20251028 000000;0.006759;0.006824;0.006553;0.006656;7214208.62
20251029 000000;0.006656;0.006676;0.006404;0.006447;7277551.42
20251030 000000;0.006447;0.00645;0.006275;0.006321;7264968.79
20251031 000000;0.006321;0.006384;0.006189;0.006253;7590976.53
20251101 000000;0.006253;0.006321;0.006083;0.006223;8173907.44
20251102 000000;0.006223;0.006272;0.005942;0.00596;9038776.41
20251103 000000;0.00596;0.006028;0.00558;0.005612;8106812.71
20251104 000000;0.005612;0.005652;0.005304;0.005434;8360365.42
20251105 000000;0.005434;0.005486;0.005302;0.005388;9183825.59
20251106 000000;0.005388;0.005405;0.005214;0.005341;7486386.93
20251107 000000;0.005341;0.005614;0.005293;0.005553;7501140.17
20251108 000000;0.005553;0.006209;0.005451;0.005547;13127676.44
20251109 000000;0.005547;0.005573;0.005457;0.005516;7135463.91
20251110 000000;0.005516;0.005572;0.005474;0.0055;6911952.7
20251111 000000;0.0055;0.005691;0.005434;0.005674;9010786.4
20251112 000000;0.005674;0.008875;0.005576;0.006373;39381837.52
20251113 000000;0.006373;0.008151;0.006121;0.007563;20425711.65
20251114 000000;0.007563;0.007566;0.006942;0.006999;12031390.87
20251115 000000;0.006999;0.007165;0.006765;0.006914;13062903.29
20251116 000000;0.006914;0.006989;0.006872;0.006874;12150717.23
20251117 000000;0.006874;0.006967;0.006753;0.006823;8729517.15
20251118 000000;0.006823;0.008338;0.006599;0.007978;20253361.16
20251119 000000;0.007978;0.008107;0.006247;0.00645;15414864.86
20251120 000000;0.00645;0.006654;0.006336;0.006489;7787473.47
20251121 000000;0.006489;0.006567;0.006311;0.006402;7932478.95
20251122 000000;0.006402;0.00648;0.006305;0.006358;8923706.54
20251123 000000;0.006358;0.006359;0.006166;0.006221;7405598.79
20251124 000000;0.006221;0.006296;0.006186;0.006226;8824193.47
20251125 000000;0.006226;0.006316;0.006172;0.006224;7483771.58
20251126 000000;0.006224;0.006415;0.006172;0.006326;9496504.39
20251127 000000;0.006326;0.006379;0.006287;0.006358;6671845.57
20251128 000000;0.006358;0.006415;0.006218;0.006308;8180111.64
20251129 000000;0.006308;0.006364;0.006051;0.006056;7996332.3
20251130 000000;0.006056;0.006116;0.005971;0.005974;7230633.52
20251201 000000;0.005974;0.006044;0.0051;0.005329;12371984.45
20251202 000000;0.005329;0.005363;0.004992;0.005188;9687868.63
20251203 000000;0.005188;0.005434;0.005026;0.005184;8709999.4
20251204 000000;0.005184;0.005652;0.005023;0.005357;15032350.22
20251205 000000;0.005357;0.005388;0.005251;0.005279;8279255.51
20251206 000000;0.005279;0.005356;0.005261;0.005296;8171407.63
20251207 000000;0.005296;0.005341;0.005229;0.005309;8040522.89
20251208 000000;0.005309;0.005361;0.005136;0.005136;8388934.94
20251209 000000;0.005136;0.005182;0.004487;0.004735;13782739.11
20251210 000000;0.004735;0.004771;0.004674;0.004722;8904089.04
20251211 000000;0.004722;0.00475;0.00464;0.004712;9312040.67
20251212 000000;0.004712;0.006068;0.004641;0.005283;24106862.43
20251213 000000;0.005283;0.005521;0.005197;0.005421;12932852.55
20251214 000000;0.005421;0.005463;0.005316;0.005328;9106371.35
20251215 000000;0.005328;0.005416;0.005247;0.005248;8590098.23
20251216 000000;0.005248;0.005321;0.004877;0.005051;9119282.79
20251217 000000;0.005051;0.005063;0.004911;0.004928;9600801.7
20251218 000000;0.004928;0.005054;0.004857;0.004934;9339920.96
20251219 000000;0.004934;0.005057;0.004914;0.005025;8678788.78
20251220 000000;0.005025;0.005025;0.004879;0.004991;8497616.06
20251221 000000;0.004991;0.00503;0.004922;0.004982;8651568.56
20251222 000000;0.004982;0.005033;0.00493;0.004958;9048083.71
20251223 000000;0.004958;0.005007;0.004652;0.004716;13594246.46
20251224 000000;0.004716;0.004881;0.004642;0.00471;9919483.28
20251225 000000;0.00471;0.004757;0.004604;0.00464;8833840.35
20251226 000000;0.00464;0.004719;0.00449;0.004557;10664300.24
20251227 000000;0.004557;0.004683;0.004473;0.004543;12957851.58
20251228 000000;0.004543;0.004671;0.004488;0.00456;11122292.45
20251229 000000;0.00456;0.004622;0.00446;0.004547;10375156.76
20251230 000000;0.004547;0.00458;0.004408;0.00453;11853583.6
20251231 000000;0.00453;0.004599;0.004387;0.004541;11045905.29
