20260101 000000;0.0005177;0.0005832;0.0005151;0.0005711;1057887857.24
20260102 000000;0.0005711;0.0007027;0.0005648;0.0005916;1486619233.81
20260103 000000;0.0005916;0.0006273;0.0005705;0.0006247;1250377995.15
20260104 000000;0.0006247;0.000674;0.0006235;0.0006459;1210667089.45
20260105 000000;0.0006459;0.0006551;0.0006111;0.0006315;738874121.03
20260106 000000;0.0006315;0.000655;0.0006017;0.0006368;707989873.34
20260107 000000;0.0006368;0.0006386;0.0006034;0.0006126;413639709.58
20260108 000000;0.0006126;0.0006212;0.0005827;0.0005974;323244686.09
20260109 000000;0.0005974;0.0006059;0.0005836;0.000594;371783050.51
20260110 000000;0.000594;0.000604;0.0005821;0.0005874;271711689.56
20260111 000000;0.0005874;0.0006015;0.0005718;0.0005818;280479462.19
20260112 000000;0.0005818;0.0005952;0.0005654;0.0005733;343011127.53
20260113 000000;0.0005733;0.0007411;0.0005713;0.0007052;1820155123.44
20260114 000000;0.0007052;0.0007676;0.0006525;0.0006566;3201100970.39
20260115 000000;0.0006566;0.0006672;0.0006079;0.0006244;915973594.98
20260116 000000;0.0006244;0.0006635;0.0006148;0.0006455;548202836.08
20260117 000000;0.0006455;0.0006558;0.0006209;0.0006234;451745403.18
20260118 000000;0.0006234;0.0006317;0.0005738;0.0005757;492660937.06
20260119 000000;0.0005757;0.0005757;0.0005098;0.0005515;817434302.8
20260120 000000;0.0005515;0.0005611;0.0005218;0.000527;457488755.79
20260121 000000;0.000527;0.0005627;0.0005268;0.0005483;475596592.99
20260122 000000;0.0005483;0.0005586;0.0005287;0.0005358;278742419.02
20260123 000000;0.0005358;0.0005653;0.0005355;0.0005493;445600287.69
20260124 000000;0.0005493;0.0005696;0.0005456;0.000564;326688563.8
20260125 000000;0.000564;0.0005672;0.0005108;0.0005289;494432000.07
20260126 000000;0.0005289;0.0005547;0.0005267;0.0005512;393572709.65
20260127 000000;0.0005512;0.0005578;0.000529;0.0005496;351860960.38
20260128 000000;0.0005496;0.0005521;0.0005159;0.0005218;467210566.64
20260129 000000;0.0005218;0.0005229;0.0004512;0.0004688;918894507.86
20260130 000000;0.0004688;0.0005043;0.0004521;0.0005038;868804577.43
20260131 000000;0.0005038;0.0005084;0.0003904;0.0004438;1122431241.49
20260201 000000;0.0004438;0.0004536;0.0004306;0.0004391;479578361.02
20260202 000000;0.0004391;0.0004599;0.0004287;0.0004504;500556301.38
20260203 000000;0.0004504;0.0004648;0.0004276;0.0004477;568877964.58
20260204 000000;0.0004477;0.0004648;0.0004332;0.0004431;531109433.6
20260205 000000;0.0004431;0.0004507;0.0003695;0.0003801;840376339.45
20260206 000000;0.0003801;0.0004331;0.0003332;0.0004195;806962857.41
20260207 000000;0.0004195;0.0004218;0.000398;0.0004089;404387820.89
20260208 000000;0.0004089;0.0004108;0.0003917;0.0003978;403370893.19
20260209 000000;0.0003978;0.0004065;0.0003826;0.0003966;351930298.17
20260210 000000;0.0003966;0.0003992;0.0003809;0.0003887;350568984.67
20260211 000000;0.0003887;0.000396;0.0003726;0.000384;409994496.97
20260212 000000;0.000384;0.0004059;0.000384;0.0004009;484980748.05
20260213 000000;0.0004009;0.0004159;0.0003895;0.0004088;511211852.34
20260214 000000;0.0004088;0.0004404;0.0004034;0.0004318;539848694.55
20260215 000000;0.0004318;0.0004351;0.0003977;0.0004045;711925249.95
20260216 000000;0.0004045;0.0004201;0.0003991;0.0004077;431674513.79
20260217 000000;0.0004077;0.0004087;0.0003883;0.0004002;328154718.07
20260218 000000;0.0004002;0.0004047;0.0003807;0.0003825;357220060.1
20260219 000000;0.0003825;0.0003873;0.0003685;0.0003786;409812721.37
20260220 000000;0.0003786;0.0003863;0.000366;0.0003836;365784303.29
20260221 000000;0.0003836;0.000395;0.0003809;0.0003815;314017310.3
20260222 000000;0.0003815;0.0003816;0.0003632;0.0003687;353575451.82
20260223 000000;0.0003687;0.0003816;0.0003412;0.0003627;569454695.79
20260224 000000;0.0003627;0.0003676;0.00035;0.000359;345717154.06
20260225 000000;0.000359;0.000403;0.0003569;0.0003874;538101564.49
20260226 000000;0.0003874;0.0003912;0.0003641;0.0003748;391099650.3
20260227 000000;0.0003748;0.0003887;0.000361;0.0003693;353695125.54
20260228 000000;0.0003693;0.000371;0.0003254;0.0003608;728266048.82
20260301 000000;0.0003608;0.0003754;0.0003411;0.0003482;481917010.72
20260302 000000;0.0003482;0.000379;0.0003451;0.000365;465525743.86
20260303 000000;0.000365;0.0003752;0.0003496;0.0003636;428419252.85
20260304 000000;0.0003636;0.0003905;0.0003566;0.0003791;530204117.34
20260305 000000;0.0003791;0.0003899;0.000368;0.0003759;393502220.08
20260306 000000;0.0003759;0.0003866;0.0003549;0.000363;471318435.21
20260307 000000;0.000363;0.0003717;0.0003562;0.0003585;418762105.97
20260308 000000;0.0003585;0.0003687;0.0003498;0.0003571;528603337.63
20260309 000000;0.0003571;0.0004011;0.0003556;0.0003841;1039645733.8
20260310 000000;0.0003841;0.0004028;0.0003794;0.0003817;579986883.25
20260311 000000;0.0003817;0.0004073;0.000375;0.0004033;546154015.66
20260312 000000;0.0004033;0.000428;0.0003933;0.0004226;764069524.59
20260313 000000;0.0004226;0.0004253;0.000395;0.0003955;526971845
20260314 000000;0.0003955;0.0003995;0.0003789;0.0003869;328077098.92
20260315 000000;0.0003869;0.0004096;0.0003835;0.0004034;457873325.95
20260316 000000;0.0004034;0.0004373;0.0004014;0.0004276;595498239.17
20260317 000000;0.0004276;0.0004293;0.0004062;0.0004097;361665500.96
20260318 000000;0.0004097;0.0004193;0.0003844;0.0003952;371053994.96
20260319 000000;0.0003952;0.0003954;0.0003794;0.0003904;322258471.57
20260320 000000;0.0003904;0.0004051;0.0003891;0.0003953;363454446.96
20260321 000000;0.0003953;0.0004145;0.00039;0.0003949;345429732.24
20260322 000000;0.0003949;0.0003977;0.000367;0.0003753;336727900.12
20260323 000000;0.0003753;0.0003994;0.0003681;0.0003872;448982097.52
20260324 000000;0.0003872;0.000392;0.0003778;0.0003895;378869764.97
20260325 000000;0.0003895;0.0003929;0.0003788;0.0003835;335945774.9
20260326 000000;0.0003835;0.0003849;0.0003525;0.000363;400618960.02
20260327 000000;0.000363;0.0003661;0.0003459;0.0003501;340987829.45
20260328 000000;0.0003501;0.0003611;0.0003413;0.0003475;278151995.41
20260329 000000;0.0003475;0.0003553;0.000332;0.0003397;296595442.56
20260330 000000;0.0003397;0.0003659;0.0003397;0.0003515;328451165.05
20260331 000000;0.0003515;0.0003651;0.000349;0.0003645;295714451.41
20260401 000000;0.0003645;0.0003765;0.000359;0.0003626;418961129.12
20260402 000000;0.0003626;0.0003658;0.0003428;0.0003456;344347116.87
20260403 000000;0.0003456;0.0003611;0.0003424;0.0003576;317288649.08
20260404 000000;0.0003576;0.0003633;0.0003522;0.0003581;249504875.67
20260405 000000;0.0003581;0.0003608;0.0003346;0.0003487;431515380.13
20260406 000000;0.0003487;0.0003625;0.0003426;0.0003461;433563344.9
20260407 000000;0.0003461;0.000369;0.0003369;0.0003659;472188370.7
20260408 000000;0.0003659;0.0003783;0.0003493;0.0003495;465961296.59
20260409 000000;0.0003495;0.0003667;0.0003437;0.0003566;455325784.65
20260410 000000;0.0003566;0.0003708;0.0003512;0.0003673;456264690.94
20260411 000000;0.0003673;0.0004194;0.0003566;0.0003786;1733381733.86
20260412 000000;0.0003786;0.000382;0.0003531;0.0003549;747092851.84
20260413 000000;0.0003549;0.0003813;0.0003427;0.0003797;663487480.23
20260414 000000;0.0003797;0.000383;0.0003575;0.0003626;364040603.75
20260415 000000;0.0003626;0.0004018;0.000362;0.0003965;180888562.3
20260416 000000;0.0003965;0.0004539;0.0003964;0.0004425;275855358.3
20260417 000000;0.0004425;0.000458;0.0004086;0.0004217;166042499.68
20260418 000000;0.0004217;0.0004219;0.0003895;0.0003914;171926669.75
20260419 000000;0.0003914;0.0004009;0.000373;0.0003757;174682358.1
20260420 000000;0.0003757;0.0003989;0.0003752;0.0003893;165420883.7
20260421 000000;0.0003893;0.0003952;0.0003805;0.0003949;179487968.42
20260422 000000;0.0003949;0.0004238;0.0003933;0.0003986;188483781.8
20260423 000000;0.0003986;0.0004034;0.0003886;0.0004011;158342636.9
20260424 000000;0.0004011;0.0004419;0.0003987;0.0004321;204741032.93
20260425 000000;0.0004321;0.0004337;0.000406;0.0004126;185450762.53
20260426 000000;0.0004126;0.0004565;0.0004061;0.0004198;197503032.69
20260427 000000;0.0004198;0.000666;0.0003889;0.0004051;543298978.93
20260428 000000;0.0004051;0.0004099;0.0003918;0.0004001;208053081.43
20260429 000000;0.0004001;0.0004074;0.0003723;0.0003864;236483471.64
20260430 000000;0.0003864;0.000398;0.0003792;0.0003812;221300571.76
20260501 000000;0.0003812;0.0003939;0.0003785;0.0003824;151220560.28
20260502 000000;0.0003824;0.0004065;0.0003784;0.0003969;216778975.68
20260503 000000;0.0003969;0.0004154;0.0003872;0.0004026;173709964.98
20260504 000000;0.0004026;0.0004576;0.0003975;0.0004563;281022689.83
20260505 000000;0.0004563;0.0005506;0.0004538;0.0005291;1465581270.79
20260506 000000;0.0005291;0.000652;0.0005124;0.0005475;1011052736.85
20260507 000000;0.0005475;0.0007634;0.0005391;0.0006953;2171959748.79
20260508 000000;0.0006953;0.0007676;0.0006648;0.0006776;1688639755.49
20260509 000000;0.0006776;0.0006938;0.0006098;0.0006293;431601393.48
20260510 000000;0.0006293;0.0006462;0.0005796;0.0005976;259468727.53
20260511 000000;0.0005976;0.0006027;0.0005675;0.0005847;389162175.74
20260512 000000;0.0005847;0.0005943;0.0005465;0.0005596;292948263.52
20260513 000000;0.0005596;0.0005667;0.0005238;0.0005419;199508689.76
20260514 000000;0.0005419;0.0005746;0.0005247;0.0005556;268027239.27
20260515 000000;0.0005556;0.0005611;0.0005072;0.0005218;206373396.89
20260516 000000;0.0005218;0.0005312;0.0004968;0.0005017;187025885.73
20260517 000000;0.0005017;0.000514;0.00047;0.0004861;183694737.03
20260518 000000;0.0004861;0.0005092;0.0004698;0.0005004;372501120.63
20260519 000000;0.0005004;0.0005065;0.0004801;0.0004886;264958734.38
20260520 000000;0.0004886;0.0005027;0.0004823;0.0004925;238981153.55
20260521 000000;0.0004925;0.0005008;0.0004713;0.0004965;177977893.25
20260522 000000;0.0004965;0.000497;0.0004541;0.0004575;173778804.17
20260523 000000;0.0004575;0.0004806;0.0004391;0.0004699;174773309.85
20260524 000000;0.0004699;0.0004708;0.0004385;0.0004497;162243737.43
20260525 000000;0.0004497;0.0005227;0.0004496;0.0004836;412382142.12
20260526 000000;0.0004836;0.000484;0.0004575;0.0004596;221739684.36
20260527 000000;0.0004596;0.0004703;0.0004429;0.0004495;175050124.92
20260528 000000;0.0004495;0.000453;0.0004227;0.0004426;237268076.37
20260529 000000;0.0004426;0.000452;0.000429;0.0004413;151992713.72
20260530 000000;0.0004413;0.0004556;0.0004384;0.0004447;245337664.84
20260531 000000;0.0004447;0.0004719;0.0004433;0.0004616;283150394.48
20260601 000000;0.0004616;0.0005023;0.0004574;0.0004862;371803130.14
20260602 000000;0.0004862;0.0004908;0.0004314;0.0004446;290412057.28
20260603 000000;0.0004446;0.0004904;0.0004429;0.0004687;260828448.43
20260604 000000;0.0004687;0.000475;0.0003972;0.0004112;191884683.64
20260605 000000;0.0004112;0.0004112;0.0003544;0.000373;230206785.8
20260606 000000;0.000373;0.0003803;0.0003425;0.0003715;242931173
20260607 000000;0.0003715;0.0003936;0.0003666;0.0003814;201492715.75
20260608 000000;0.0003814;0.0004;0.0003689;0.0003815;178343065.66
20260609 000000;0.0003815;0.0003821;0.000363;0.0003779;181412197.03
20260610 000000;0.0003779;0.000404;0.000367;0.000393;212498709.1
20260611 000000;0.000393;0.0004273;0.0003898;0.0004157;218105827.92
20260612 000000;0.0004157;0.0004726;0.0004076;0.0004707;252356835.17
20260613 000000;0.0004707;0.0005446;0.0004637;0.0004785;469018130.49
20260614 000000;0.0004785;0.0004993;0.0004606;0.0004821;190012803.93
20260615 000000;0.0004821;0.0004862;0.000444;0.0004509;187668861.07
20260616 000000;0.0004509;0.0004651;0.0004049;0.0004206;263497963.49
20260617 000000;0.0004206;0.0004271;0.000408;0.0004209;184268568.53
20260618 000000;0.0004209;0.0004255;0.000396;0.000403;181203986.34
20260619 000000;0.000403;0.0004143;0.0003935;0.0004067;174940484.4
20260620 000000;0.0004067;0.0004102;0.0003933;0.0004016;128963251.48
