20250101 000000;0.006303;0.00648;0.006193;0.006436;104805579.59
20250102 000000;0.006436;0.006691;0.006431;0.006573;166573446.36
20250103 000000;0.006573;0.006926;0.006468;0.006851;119188228.61
20250104 000000;0.006851;0.006916;0.006684;0.006792;87292319.32
20250105 000000;0.006792;0.006889;0.006623;0.006834;113095888.17
20250106 000000;0.006834;0.007058;0.006683;0.006838;164460549.64
20250107 000000;0.006838;0.006871;0.006079;0.006092;428541621.45
20250108 000000;0.006092;0.00614;0.005563;0.005854;461902006.75
20250109 000000;0.005854;0.005955;0.005604;0.005772;295351954.61
20250110 000000;0.005772;0.006534;0.005772;0.006526;507212880.3
20250111 000000;0.006526;0.006683;0.006312;0.006536;597825902.31
20250112 000000;0.006536;0.006573;0.006278;0.006331;212063009.8
20250113 000000;0.006331;0.006463;0.005689;0.006273;668965615.55
20250114 000000;0.006273;0.006378;0.006081;0.006275;327552980.56
20250115 000000;0.006275;0.006651;0.0061;0.006551;550539843.1
20250116 000000;0.006551;0.006594;0.006062;0.006135;585029971.78
20250117 000000;0.006135;0.006498;0.00608;0.006436;393003811.97
20250118 000000;0.006436;0.006549;0.005748;0.00591;655753944.78
20250119 000000;0.00591;0.006074;0.005159;0.005275;2019411544.65
20250120 000000;0.005275;0.00569;0.004952;0.005203;2411337372.59
20250121 000000;0.005203;0.005433;0.004959;0.005306;578985728.72
20250122 000000;0.005306;0.00538;0.005156;0.005211;313512257.64
20250123 000000;0.005211;0.005236;0.004911;0.005084;468223182.31
20250124 000000;0.005084;0.005162;0.004865;0.004898;282184322.48
20250125 000000;0.004898;0.00501;0.004753;0.004924;235098688.57
20250126 000000;0.004924;0.005191;0.004892;0.0049;184076794.04
20250127 000000;0.0049;0.0049;0.004122;0.004511;5657213013.08
20250128 000000;0.004511;0.004565;0.004039;0.004089;1276177873.52
20250129 000000;0.004089;0.004507;0.00406;0.004314;2732422230.73
20250130 000000;0.004314;0.004525;0.004263;0.004403;903678797.09
20250131 000000;0.004403;0.004718;0.004367;0.00448;1845608327.35
20250201 000000;0.00448;0.004601;0.003929;0.003966;1220318015.44
20250202 000000;0.003966;0.004089;0.002915;0.003123;6330593497.75
20250203 000000;0.003123;0.003147;0.002045;0.003046;2983188186.4
20250204 000000;0.003046;0.003073;0.002675;0.002845;3388980531.74
20250205 000000;0.002845;0.002977;0.002758;0.002811;1508629465.09
20250206 000000;0.002811;0.002846;0.002511;0.002538;1900021622.53
20250207 000000;0.002538;0.002782;0.002464;0.002567;1543155805.73
20250208 000000;0.002567;0.002835;0.002549;0.002753;1270253618.81
20250209 000000;0.002753;0.003086;0.002698;0.002858;1891720090.09
20250210 000000;0.002858;0.002937;0.002724;0.002873;1398908454
20250211 000000;0.002873;0.003057;0.002778;0.002851;3468449520.82
20250212 000000;0.002851;0.003149;0.00271;0.00312;6282765042.92
20250213 000000;0.00312;0.003762;0.003022;0.003102;19778665403.28
20250214 000000;0.003102;0.0033;0.003026;0.003136;9487748117.93
20250215 000000;0.003136;0.003151;0.002905;0.003031;3370423939.93
20250216 000000;0.003031;0.003057;0.002933;0.003035;3007448642.86
20250217 000000;0.003035;0.003099;0.002863;0.002958;3792407615.93
20250218 000000;0.002958;0.002981;0.002753;0.002955;5841497350.35
20250219 000000;0.002955;0.003044;0.002799;0.002862;4890155674.47
20250220 000000;0.002862;0.003043;0.00282;0.00302;3717271915.3
20250221 000000;0.00302;0.003098;0.0027;0.002822;7112782124.7
20250222 000000;0.002822;0.003121;0.002802;0.003094;5701241558.5
20250223 000000;0.003094;0.003121;0.002895;0.002939;4968106247.55
20250224 000000;0.002939;0.003161;0.002447;0.00249;7609157820.63
20250225 000000;0.00249;0.002629;0.002274;0.00256;8222773540.07
20250226 000000;0.00256;0.002779;0.002558;0.002729;9051775018.2
20250227 000000;0.002729;0.00279;0.002593;0.002667;6192567202.01
20250228 000000;0.002667;0.002932;0.002446;0.002859;8289582096.47
20250301 000000;0.002859;0.002965;0.002644;0.00274;5253923458.82
20250302 000000;0.00274;0.003222;0.002673;0.003198;8163566756.4
20250303 000000;0.003198;0.003198;0.00263;0.002667;6938967588.54
20250304 000000;0.002667;0.002897;0.00242;0.002778;7367428677.62
20250305 000000;0.002778;0.002796;0.002425;0.002595;7014539814.25
20250306 000000;0.002595;0.002783;0.00254;0.002575;6328106828.25
20250307 000000;0.002575;0.002598;0.002203;0.00236;9899050281.41
20250308 000000;0.00236;0.002557;0.002237;0.002332;6823548888.99
20250309 000000;0.002332;0.002333;0.001903;0.001966;9903321546.93
20250310 000000;0.001966;0.002181;0.001944;0.001967;9743672562.31
20250311 000000;0.001967;0.002132;0.001832;0.002046;12691191024.16
20250312 000000;0.002046;0.002218;0.001997;0.002171;7742170913.6
20250313 000000;0.002171;0.00218;0.001977;0.002037;7395793667.88
20250314 000000;0.002037;0.002282;0.002022;0.002148;8297167596.35
20250315 000000;0.002148;0.002677;0.001997;0.002521;28029202242.44
20250316 000000;0.002521;0.00279;0.002325;0.002354;10298360690.18
20250317 000000;0.002354;0.002442;0.002287;0.002401;3195549482.63
20250318 000000;0.002401;0.002461;0.002299;0.002434;2743963564.5
20250319 000000;0.002434;0.002484;0.002314;0.002398;2969352185.52
20250320 000000;0.002398;0.002618;0.002347;0.002505;4515754911.4
20250321 000000;0.002505;0.002606;0.002388;0.002462;2697945679.93
20250322 000000;0.002462;0.002662;0.002433;0.002526;3467848299.4
20250323 000000;0.002526;0.002593;0.002458;0.002503;1789158444.94
20250324 000000;0.002503;0.0027;0.002469;0.002623;2808448672.93
20250325 000000;0.002623;0.002686;0.002588;0.002678;1520220508.71
20250326 000000;0.002678;0.002766;0.002601;0.002668;1553939740.19
20250327 000000;0.002668;0.002769;0.002635;0.002676;2115692498.79
20250328 000000;0.002676;0.002714;0.002442;0.002477;1523828464.26
20250329 000000;0.002477;0.002492;0.0022;0.002246;1491899536.7
20250330 000000;0.002246;0.002367;0.002214;0.002284;1147652336.15
20250331 000000;0.002284;0.002345;0.002209;0.002269;1176466456.74
20250401 000000;0.002269;0.002345;0.002233;0.00227;1026309653.15
20250402 000000;0.00227;0.002291;0.002063;0.002104;1552821257.37
20250403 000000;0.002104;0.0022;0.001987;0.002075;1375222962.28
20250404 000000;0.002075;0.002112;0.001981;0.00204;780798217.66
20250405 000000;0.00204;0.00207;0.001971;0.00201;352478260.52
20250406 000000;0.00201;0.002012;0.001703;0.001748;1254862999.09
20250407 000000;0.001748;0.001888;0.001598;0.001813;3098000160.66
20250408 000000;0.001813;0.001873;0.001679;0.001691;762664034.66
20250409 000000;0.001691;0.001911;0.001623;0.001869;1453191331.36
20250410 000000;0.001869;0.00188;0.001763;0.001823;774958183.67
20250411 000000;0.001823;0.00191;0.001811;0.001885;887339442.13
20250412 000000;0.001885;0.00193;0.001829;0.001891;1643050492.88
20250413 000000;0.001891;0.001909;0.001686;0.001726;1332731868.14
20250414 000000;0.001726;0.001804;0.001675;0.001708;1237032558.57
20250415 000000;0.001708;0.001818;0.001683;0.001695;1838674167.81
20250416 000000;0.001695;0.00172;0.001595;0.001643;1759825817.23
20250417 000000;0.001643;0.00173;0.001628;0.001711;1288207411.93
20250418 000000;0.001711;0.001832;0.001689;0.001821;2357512485.08
20250419 000000;0.001821;0.001918;0.001798;0.001857;1643087412.83
20250420 000000;0.001857;0.001987;0.001842;0.001949;2853523455.7
20250421 000000;0.001949;0.002035;0.001916;0.001936;1497604464.09
20250422 000000;0.001936;0.002039;0.001909;0.002026;1430873626.9
20250423 000000;0.002026;0.002291;0.002018;0.002177;3116211924.5
20250424 000000;0.002177;0.00233;0.002084;0.002297;2358636850.92
20250425 000000;0.002297;0.002483;0.002266;0.002418;2737509817.04
20250426 000000;0.002418;0.002676;0.0024;0.002609;1884846461.58
20250427 000000;0.002609;0.002724;0.00244;0.002572;2261403480.55
20250428 000000;0.002572;0.00264;0.002476;0.002528;1598738809.97
20250429 000000;0.002528;0.002737;0.002463;0.00255;2127425505.5
20250430 000000;0.00255;0.002758;0.00253;0.002608;2315488217.41
20250501 000000;0.002608;0.002763;0.002577;0.002632;1678114556.67
20250502 000000;0.002632;0.002671;0.002384;0.002429;1747695803.19
20250503 000000;0.002429;0.00243;0.002203;0.002246;1268970304.39
20250504 000000;0.002246;0.002272;0.00217;0.002229;1119135715.85
20250505 000000;0.002229;0.00233;0.002183;0.002204;1188200232.1
20250506 000000;0.002204;0.002241;0.002099;0.002173;1069100474.31
20250507 000000;0.002173;0.002213;0.00211;0.002176;1046417375.77
20250508 000000;0.002176;0.002437;0.002166;0.002417;2219094810.24
20250509 000000;0.002417;0.002705;0.002408;0.002702;3201165483.39
20250510 000000;0.002702;0.003024;0.002646;0.003;3745151058.95
20250511 000000;0.003;0.003043;0.002781;0.002916;2123868925.1
20250512 000000;0.002916;0.003225;0.002809;0.00295;4632593603.21
20250513 000000;0.00295;0.003496;0.002706;0.003344;4166123753.6
20250514 000000;0.003344;0.003579;0.003189;0.003198;3142576071.76
20250515 000000;0.003198;0.003234;0.002769;0.002853;1966383657.02
20250516 000000;0.002853;0.002999;0.002745;0.002784;1414098853.91
20250517 000000;0.002784;0.002796;0.002591;0.002636;880299882.59
20250518 000000;0.002636;0.003144;0.002627;0.002948;1911188128.64
20250519 000000;0.002948;0.002987;0.002659;0.002826;1215539944.84
20250520 000000;0.002826;0.002896;0.002641;0.002799;1152691537.77
20250521 000000;0.002799;0.002956;0.002731;0.002841;1353597789.77
20250522 000000;0.002841;0.003046;0.002838;0.003022;1136882670.01
20250523 000000;0.003022;0.003145;0.002647;0.002668;1730187008.75
20250524 000000;0.002668;0.00273;0.002611;0.002641;808415934.38
20250525 000000;0.002641;0.002685;0.002455;0.002634;865676723.04
20250526 000000;0.002634;0.002747;0.002593;0.002619;677359190.96
20250527 000000;0.002619;0.002793;0.002545;0.00273;771270559.45
20250528 000000;0.00273;0.003227;0.00265;0.002803;4691085660.87
20250529 000000;0.002803;0.002886;0.002698;0.002717;1654405008.5
20250530 000000;0.002717;0.002729;0.002157;0.002176;2597095751.13
20250531 000000;0.002176;0.002244;0.002053;0.002209;1698883960.1
20250601 000000;0.002209;0.002282;0.002155;0.002263;1037891392.23
20250602 000000;0.002263;0.00231;0.002177;0.002279;924507550.03
20250603 000000;0.002279;0.002392;0.002241;0.002305;812671516.01
20250604 000000;0.002305;0.002359;0.00219;0.002226;691263525.12
20250605 000000;0.002226;0.002281;0.002008;0.002049;1252230886.77
20250606 000000;0.002049;0.002184;0.002039;0.002103;907742260.96
20250607 000000;0.002103;0.002242;0.002096;0.002219;446690477.76
20250608 000000;0.002219;0.002262;0.002155;0.002216;532963500.52
20250609 000000;0.002216;0.002372;0.002188;0.002369;735333496.8
20250610 000000;0.002369;0.002478;0.0023;0.002462;1436351182.55
20250611 000000;0.002462;0.002474;0.002286;0.002319;831421080.28
20250612 000000;0.002319;0.002325;0.002122;0.002135;792651227.21
20250613 000000;0.002135;0.002135;0.001939;0.002085;1317199283.66
20250614 000000;0.002085;0.00212;0.002025;0.002089;1096494913.04
20250615 000000;0.002089;0.002121;0.002038;0.00209;367376374.79
20250616 000000;0.00209;0.002204;0.002056;0.002089;1688082493.26
20250617 000000;0.002089;0.002142;0.001949;0.001981;771591361.86
20250618 000000;0.001981;0.002014;0.001882;0.002006;746368078.63
20250619 000000;0.002006;0.002031;0.001919;0.001956;430842638.69
20250620 000000;0.001956;0.001993;0.001823;0.001876;635390894.01
20250621 000000;0.001876;0.001916;0.001721;0.001769;625468262.08
20250622 000000;0.001769;0.001796;0.001601;0.001693;1556510005.25
20250623 000000;0.001693;0.001838;0.001639;0.001822;1353516380.51
20250624 000000;0.001822;0.001867;0.001791;0.001837;736334697.14
20250625 000000;0.001837;0.001861;0.001753;0.001774;819173400.94
20250626 000000;0.001774;0.001841;0.001661;0.001686;1074902485.35
20250627 000000;0.001686;0.00176;0.001664;0.00174;778441571.71
20250628 000000;0.00174;0.001832;0.00172;0.001818;455597772.53
20250629 000000;0.001818;0.00191;0.001768;0.001904;622124004.39
20250630 000000;0.001904;0.001918;0.001801;0.001829;587530067.85
20250701 000000;0.001829;0.001838;0.001683;0.001694;566476232.96
20250702 000000;0.001694;0.001936;0.001681;0.001896;884444305.52
20250703 000000;0.001896;0.001966;0.00189;0.001935;724233086.38
20250704 000000;0.001935;0.001952;0.001763;0.001794;580260854.83
20250705 000000;0.001794;0.001816;0.001718;0.001761;449496375.28
20250706 000000;0.001761;0.001862;0.001742;0.00181;1331085077.8
20250707 000000;0.00181;0.001852;0.001764;0.00179;464845168.44
20250708 000000;0.00179;0.001828;0.001748;0.00181;440301207.53
20250709 000000;0.00181;0.001989;0.001786;0.001976;808408786.2
20250710 000000;0.001976;0.002176;0.001957;0.002154;982479836.52
20250711 000000;0.002154;0.002314;0.002102;0.00213;1311847926.27
20250712 000000;0.00213;0.002164;0.002;0.002089;788140254.23
20250713 000000;0.002089;0.002181;0.002066;0.002122;635158376.78
20250714 000000;0.002122;0.002234;0.002067;0.002112;664595075.47
20250715 000000;0.002112;0.002235;0.002024;0.002233;635862487.61
20250716 000000;0.002233;0.002429;0.002163;0.002339;1263624152.46
20250717 000000;0.002339;0.002436;0.00225;0.002329;1231326987.03
20250718 000000;0.002329;0.002508;0.002228;0.002268;1348502604.13
20250719 000000;0.002268;0.002342;0.002186;0.002334;543066003.25
20250720 000000;0.002334;0.00249;0.00231;0.002397;941542122.38
20250721 000000;0.002397;0.002525;0.002332;0.002435;1226340837
20250722 000000;0.002435;0.002476;0.002237;0.002392;1606026995.63
20250723 000000;0.002392;0.002393;0.002018;0.002085;1591849605.02
20250724 000000;0.002085;0.002124;0.001902;0.001986;1217276681.99
20250725 000000;0.001986;0.0021;0.001923;0.002079;959107685.12
20250726 000000;0.002079;0.002117;0.00206;0.002063;436445836.73
20250727 000000;0.002063;0.002219;0.002059;0.002197;559668202.76
20250728 000000;0.002197;0.002273;0.00199;0.002023;979384079.4
20250729 000000;0.002023;0.00212;0.001937;0.001993;1044754006.04
20250730 000000;0.001993;0.002008;0.001835;0.001966;1277687082.76
20250731 000000;0.001966;0.002192;0.001959;0.001979;2632649357.75
20250801 000000;0.001979;0.002123;0.001951;0.002073;2131609832.86
20250802 000000;0.002073;0.002161;0.001962;0.002022;1358256908.11
20250803 000000;0.002022;0.002221;0.001986;0.002185;1211115270.77
20250804 000000;0.002185;0.002233;0.002121;0.002145;731277040.51
20250805 000000;0.002145;0.002174;0.001981;0.00203;852438738.79
20250806 000000;0.00203;0.002047;0.001941;0.002025;830441428.68
20250807 000000;0.002025;0.00214;0.002012;0.002135;699419501.2
20250808 000000;0.002135;0.002275;0.002113;0.002254;1451210653.25
20250809 000000;0.002254;0.002362;0.002241;0.002304;876624635.73
20250810 000000;0.002304;0.002347;0.002194;0.002273;920631073.36
20250811 000000;0.002273;0.002344;0.002114;0.00213;1130263793.46
20250812 000000;0.00213;0.002246;0.002098;0.002165;1498746802.03
20250813 000000;0.002165;0.002203;0.00207;0.002134;2850351750.62
20250814 000000;0.002134;0.002156;0.001854;0.001902;2449390507.85
20250815 000000;0.001902;0.001947;0.001828;0.001923;1243224928.92
20250816 000000;0.001923;0.00199;0.001912;0.001974;678541834.95
20250817 000000;0.001974;0.001995;0.001906;0.001927;829346165.73
20250818 000000;0.001927;0.001932;0.00184;0.001877;938161886
20250819 000000;0.001877;0.001909;0.001785;0.001794;904115685.73
20250820 000000;0.001794;0.001896;0.001781;0.001879;620584213.94
20250821 000000;0.001879;0.001894;0.001813;0.001839;567048481.22
20250822 000000;0.001839;0.002024;0.001775;0.002016;1503938418.48
20250823 000000;0.002016;0.002084;0.00196;0.002006;1317076636.29
20250824 000000;0.002006;0.002016;0.001872;0.001903;1425565885.49
20250825 000000;0.001903;0.001963;0.001695;0.001756;2163511958.71
20250826 000000;0.001756;0.001848;0.001742;0.001832;846679532.05
20250827 000000;0.001832;0.00186;0.001791;0.001808;926296572.84
20250828 000000;0.001808;0.00191;0.001791;0.001904;914894284.69
20250829 000000;0.001904;0.00191;0.001737;0.001772;1231883033.52
20250830 000000;0.001772;0.001807;0.00174;0.001791;496681564.62
20250831 000000;0.001791;0.00182;0.001749;0.001751;479758584.33
20250901 000000;0.001751;0.001815;0.00168;0.001732;1439457155.82
20250902 000000;0.001732;0.001813;0.001723;0.001805;692548465.76
20250903 000000;0.001805;0.001899;0.001782;0.001882;1024372430.16
20250904 000000;0.001882;0.001895;0.001789;0.001812;581265350.71
20250905 000000;0.001812;0.001962;0.001809;0.001929;1223105784.41
20250906 000000;0.001929;0.001945;0.001874;0.001917;535653192.35
20250907 000000;0.001917;0.001968;0.001912;0.00195;550120525.99
20250908 000000;0.00195;0.002024;0.001937;0.001983;1008074819.25
20250909 000000;0.001983;0.002029;0.00193;0.001987;1135385557.55
20250910 000000;0.001987;0.002024;0.00195;0.001968;862167278.5
20250911 000000;0.001968;0.002026;0.001952;0.002016;780013234.49
20250912 000000;0.002016;0.00203;0.001938;0.001978;1359484492.52
20250913 000000;0.001978;0.002058;0.001966;0.002004;1209615989.8
20250914 000000;0.002004;0.002006;0.001888;0.001908;723595302.03
20250915 000000;0.001908;0.001941;0.001829;0.001873;743778568.36
20250916 000000;0.001873;0.001901;0.001832;0.00188;442271000
20250917 000000;0.00188;0.001935;0.001834;0.001917;722185298.03
20250918 000000;0.001917;0.001956;0.001903;0.001936;584863390.03
20250919 000000;0.001936;0.001956;0.001828;0.001843;692783415.41
20250920 000000;0.001843;0.00187;0.001828;0.001855;325367438.58
20250921 000000;0.001855;0.001877;0.001805;0.001808;397729948.51
20250922 000000;0.001808;0.001816;0.001531;0.001633;2018585417.44
20250923 000000;0.001633;0.001691;0.001613;0.001652;622791538.83
20250924 000000;0.001652;0.001684;0.00161;0.001622;599467790.45
20250925 000000;0.001622;0.001632;0.001491;0.001535;1602103359.43
20250926 000000;0.001535;0.00159;0.001518;0.001566;839258570.96
20250927 000000;0.001566;0.001588;0.001554;0.001566;414496192.37
20250928 000000;0.001566;0.001593;0.001521;0.001593;590773394.38
20250929 000000;0.001593;0.001596;0.001513;0.001541;788055953.2
20250930 000000;0.001541;0.001545;0.001464;0.001533;923977116.03
20251001 000000;0.001533;0.001615;0.001519;0.00161;895264302.35
20251002 000000;0.00161;0.00165;0.001588;0.001638;1012228776.84
20251003 000000;0.001638;0.001651;0.001572;0.001635;915431206.79
20251004 000000;0.001635;0.001642;0.001563;0.001594;679698515.78
20251005 000000;0.001594;0.001655;0.001576;0.001593;821038004.45
20251006 000000;0.001593;0.00166;0.001583;0.001623;950164959.72
20251007 000000;0.001623;0.001654;0.00153;0.001549;1382005662.02
20251008 000000;0.001549;0.001645;0.001521;0.001625;1071311140.87
20251009 000000;0.001625;0.001677;0.001504;0.001558;2155271346.76
20251010 000000;0.001558;0.001598;0.000326;0.000918;5904950856.58
20251011 000000;0.000918;0.001016;0.000856;0.000889;5094350811.73
20251012 000000;0.000889;0.001004;0.000871;0.000962;3103286581.98
20251013 000000;0.000962;0.000994;0.000921;0.000984;3299543840.22
20251014 000000;0.000984;0.00099;0.0008727;0.0009488;3020858280.48
20251015 000000;0.0009488;0.0009651;0.00088;0.0008907;1993056326.99
20251016 000000;0.0008907;0.000932;0.0008417;0.0008539;1565051181.29
20251017 000000;0.0008539;0.0008756;0.000779;0.0008351;1310362095.41
20251018 000000;0.0008351;0.0008648;0.0008288;0.0008455;887962038.3
20251019 000000;0.0008455;0.0008717;0.000827;0.0008445;781247964.81
20251020 000000;0.0008445;0.0008807;0.0008249;0.000857;1211724676.03
20251021 000000;0.000857;0.00088;0.0007919;0.0007972;2011388585.3
20251022 000000;0.0007972;0.0008241;0.0007739;0.0008045;1569295932
20251023 000000;0.0008045;0.0008407;0.0007984;0.0008258;778994973.57
20251024 000000;0.0008258;0.0008436;0.0008041;0.0008277;861982434.19
20251025 000000;0.0008277;0.0008382;0.0008123;0.0008307;633653363.33
20251026 000000;0.0008307;0.0008593;0.0008161;0.0008518;668696793.94
20251027 000000;0.0008518;0.0008746;0.0008141;0.0008196;778597606.1
20251028 000000;0.0008196;0.0008428;0.0007681;0.0007855;1327840917.2
20251029 000000;0.0007855;0.0008192;0.0007631;0.0007993;1091742414.89
20251030 000000;0.0007993;0.0008091;0.0006937;0.0007259;1655824114.01
20251031 000000;0.0007259;0.0007797;0.0007247;0.00077;1260707553.62
20251101 000000;0.00077;0.000801;0.0007644;0.0007956;703860524.78
20251102 000000;0.0007956;0.0008129;0.00076;0.000802;802533359.7
20251103 000000;0.000802;0.0008042;0.0006343;0.000657;1842477813.75
20251104 000000;0.000657;0.0006941;0.0006049;0.0006601;2742238068.36
20251105 000000;0.0006601;0.0006775;0.0006224;0.000668;856597608.58
20251106 000000;0.000668;0.0006681;0.000612;0.0006512;868917192.95
20251107 000000;0.0006512;0.0008621;0.0006512;0.0008336;2427116030.27
20251108 000000;0.0008336;0.0008672;0.0007566;0.0007883;1477532881.76
20251109 000000;0.0007883;0.0007903;0.000742;0.0007622;722313080.99
20251110 000000;0.0007622;0.0007845;0.0007359;0.0007742;1105465683.65
20251111 000000;0.0007742;0.0007857;0.0006981;0.0006993;985996142.36
20251112 000000;0.0006993;0.0007502;0.0006816;0.0007147;885741550.59
20251113 000000;0.0007147;0.0007483;0.0006531;0.0006892;1399929979.36
20251114 000000;0.0006892;0.0007277;0.000655;0.0007189;1500222557.61
20251115 000000;0.0007189;0.0007553;0.0007004;0.000705;1141418391.79
20251116 000000;0.000705;0.000708;0.000643;0.0006667;755518386.28
20251117 000000;0.0006667;0.0006961;0.0006301;0.0006422;713480359.79
20251118 000000;0.0006422;0.0006773;0.0006302;0.0006568;445155385.6
20251119 000000;0.0006568;0.0006606;0.0006032;0.0006419;379014672.23
20251120 000000;0.0006419;0.0007044;0.0006191;0.0006362;806947369.21
20251121 000000;0.0006362;0.0006525;0.0005584;0.0005836;894631935.2
20251122 000000;0.0005836;0.0005938;0.0005501;0.0005577;561946987.29
20251123 000000;0.0005577;0.0005702;0.0005508;0.0005532;427207617.06
20251124 000000;0.0005532;0.0006113;0.0005466;0.0005924;631994979.38
20251125 000000;0.0005924;0.0006162;0.0005748;0.0006089;481478412.42
20251126 000000;0.0006089;0.0006298;0.0005841;0.0006204;503955311.45
20251127 000000;0.0006204;0.000644;0.0006075;0.0006304;431681358.53
20251128 000000;0.0006304;0.000649;0.0006054;0.0006068;589653648.2
20251129 000000;0.0006068;0.0006172;0.000588;0.0005992;406444354.66
20251130 000000;0.0005992;0.0006056;0.0005804;0.0005811;308357629.46
20251201 000000;0.0005811;0.0005833;0.0005095;0.0005335;805205726.27
20251202 000000;0.0005335;0.000596;0.0005256;0.0005855;659732201.64
20251203 000000;0.0005855;0.0006031;0.0005661;0.0005936;429228364.82
20251204 000000;0.0005936;0.0006031;0.0005626;0.0005714;360721776.22
20251205 000000;0.0005714;0.0005858;0.0005352;0.000552;515008812.74
20251206 000000;0.000552;0.00066;0.0005415;0.0006502;1686942157.01
20251207 000000;0.0006502;0.0007339;0.0005818;0.0005924;4166957989.54
20251208 000000;0.0005924;0.0006182;0.0005857;0.0005926;1099559395.27
20251209 000000;0.0005926;0.0006489;0.00058;0.0006154;853446868.81
20251210 000000;0.0006154;0.00064;0.0005873;0.0005933;681560398.74
20251211 000000;0.0005933;0.000595;0.0005512;0.000581;894191744.43
20251212 000000;0.000581;0.0005933;0.0005527;0.0005712;529773315.56
20251213 000000;0.0005712;0.000612;0.0005688;0.0005927;823162423.15
20251214 000000;0.0005927;0.0005985;0.00055;0.0005537;593474339.79
20251215 000000;0.0005537;0.0005837;0.0005198;0.0005413;696506838.6
20251216 000000;0.0005413;0.0005481;0.0005249;0.0005317;365172582.09
20251217 000000;0.0005317;0.0005441;0.0004938;0.0005023;463927512.03
20251218 000000;0.0005023;0.0005308;0.0004761;0.000488;920103249.16
20251219 000000;0.000488;0.0005316;0.0004807;0.0005227;475271630.3
20251220 000000;0.0005227;0.0005326;0.0005174;0.0005241;276153369.59
20251221 000000;0.0005241;0.0005263;0.0005006;0.0005126;375455354.28
20251222 000000;0.0005126;0.000532;0.000507;0.0005168;431583173.03
20251223 000000;0.0005168;0.000533;0.0004994;0.0005195;717044583.86
20251224 000000;0.0005195;0.0005204;0.0004984;0.0005178;321227962.05
20251225 000000;0.0005178;0.0005315;0.0005146;0.0005164;300192846.21
20251226 000000;0.0005164;0.0005341;0.0005139;0.0005275;358404766.47
20251227 000000;0.0005275;0.0005448;0.000524;0.0005443;279951335.7
20251228 000000;0.0005443;0.0005493;0.000527;0.0005356;258305868.09
20251229 000000;0.0005356;0.0005514;0.0005155;0.0005207;365681091.23
20251230 000000;0.0005207;0.0005217;0.000501;0.0005155;340519109.23
20251231 000000;0.0005155;0.0005242;0.0004994;0.0005177;391627725.1
