20240101 000000;0.08955;0.09208;0.08848;0.092;227954727.16
20240102 000000;0.092;0.0944;0.09045;0.09109;290648202.67
20240103 000000;0.09109;0.09213;0.08;0.08198;307670567.43
20240104 000000;0.08198;0.08458;0.08103;0.08399;353158909.25
20240105 000000;0.08399;0.08477;0.0805;0.08267;302552504.8
20240106 000000;0.08267;0.08268;0.07834;0.08058;287788005.75
20240107 000000;0.08058;0.08148;0.07706;0.07823;313407686.07
20240108 000000;0.07823;0.08174;0.07419;0.08129;361724001.15
20240109 000000;0.08129;0.08397;0.07661;0.07922;384942603.23
20240110 000000;0.07922;0.085;0.07579;0.08304;334516182.03
20240111 000000;0.08304;0.08792;0.08197;0.08457;340766360.83
20240112 000000;0.08457;0.08545;0.07783;0.08005;337287898.11
20240113 000000;0.08005;0.08137;0.0786;0.08094;210456258.38
20240114 000000;0.08094;0.08391;0.0797;0.08003;264219584.45
20240115 000000;0.08003;0.08175;0.07987;0.08107;193957071.49
20240116 000000;0.08107;0.08256;0.07986;0.08135;225806817.46
20240117 000000;0.08135;0.08159;0.07946;0.0806;188985073.83
20240118 000000;0.0806;0.08081;0.07698;0.07807;222796857.6
20240119 000000;0.07807;0.07884;0.07486;0.07855;228067759.58
20240120 000000;0.07855;0.0905;0.07821;0.0879;250200459.53
20240121 000000;0.0879;0.09035;0.08472;0.08544;381961188.85
20240122 000000;0.08544;0.08558;0.08012;0.08056;357591518.47
20240123 000000;0.08056;0.08189;0.07603;0.07822;307169406.91
20240124 000000;0.07822;0.08065;0.07762;0.07905;249129376.63
20240125 000000;0.07905;0.07924;0.07713;0.07795;202793057.33
20240126 000000;0.07795;0.08035;0.07754;0.07984;203149023.06
20240127 000000;0.07984;0.0807;0.07902;0.08014;156943688.15
20240128 000000;0.08014;0.08149;0.07819;0.07882;185579799.45
20240129 000000;0.07882;0.08302;0.0782;0.08136;278840309.16
20240130 000000;0.08136;0.08219;0.07944;0.07972;238685134.52
20240131 000000;0.07972;0.08028;0.07805;0.07876;208332590.59
20240201 000000;0.07876;0.07986;0.07729;0.07937;181372968.44
20240202 000000;0.07937;0.07996;0.07858;0.07928;155155445.87
20240203 000000;0.07928;0.07951;0.07853;0.07874;95445911.02
20240204 000000;0.07874;0.07999;0.078;0.07831;122731143.71
20240205 000000;0.07831;0.08031;0.07736;0.07835;97014177.76
20240206 000000;0.07835;0.07923;0.07775;0.07849;62212427.24
20240207 000000;0.07849;0.08031;0.07816;0.08015;52249841.38
20240208 000000;0.08015;0.08084;0.07956;0.07987;55151371.97
20240209 000000;0.07987;0.08218;0.07986;0.08155;75455639.24
20240210 000000;0.08155;0.08213;0.0803;0.08141;49186859.94
20240211 000000;0.08141;0.08358;0.08082;0.08123;52986436.68
20240212 000000;0.08123;0.08283;0.07949;0.08223;84523823.1
20240213 000000;0.08223;0.08297;0.07969;0.08105;78079845.29
20240214 000000;0.08105;0.08697;0.08048;0.0855;128154778.48
20240215 000000;0.0855;0.08816;0.08395;0.08525;118293928.74
20240216 000000;0.08525;0.08797;0.08397;0.0859;101564218.94
20240217 000000;0.0859;0.08605;0.08194;0.08355;72190610.12
20240218 000000;0.08355;0.08572;0.08284;0.08518;75289150.67
20240219 000000;0.08518;0.09081;0.08502;0.08942;125581593.41
20240220 000000;0.08942;0.0915;0.083;0.08616;105809761.31
20240221 000000;0.08616;0.08628;0.08198;0.08458;69614966.97
20240222 000000;0.08458;0.08552;0.08306;0.0841;58786800.83
20240223 000000;0.0841;0.08552;0.08285;0.08452;62019184.65
20240224 000000;0.08452;0.08636;0.08385;0.08616;78069916.22
20240225 000000;0.08616;0.08681;0.08528;0.08612;73542154.67
20240226 000000;0.08612;0.09;0.08418;0.08922;98616627.09
20240227 000000;0.08922;0.10052;0.08851;0.09759;253085769.68
20240228 000000;0.09759;0.1232;0.09438;0.11583;322559703.78
20240229 000000;0.11583;0.13498;0.11147;0.11732;321252756.61
20240301 000000;0.11732;0.14554;0.11721;0.13933;297321290.56
20240302 000000;0.13933;0.15074;0.13596;0.14192;238452218.18
20240303 000000;0.14192;0.15629;0.12145;0.1535;304986513.13
20240304 000000;0.1535;0.18516;0.14446;0.18201;373733997.25
20240305 000000;0.18201;0.2063;0.12792;0.15309;397067342.86
20240306 000000;0.15309;0.17963;0.14646;0.15785;243096713.21
20240307 000000;0.15785;0.16224;0.14641;0.15755;245986012.94
20240308 000000;0.15755;0.17592;0.1551;0.1646;253695167.16
20240309 000000;0.1646;0.18479;0.16299;0.1787;208356992.01
20240310 000000;0.1787;0.17961;0.16535;0.16992;162715422.56
20240311 000000;0.16992;0.18314;0.15988;0.18192;206597889.13
20240312 000000;0.18192;0.18341;0.15529;0.16825;198734222.93
20240313 000000;0.16825;0.17442;0.16486;0.16896;193544666.85
20240314 000000;0.16896;0.19274;0.1651;0.17711;264736543.97
20240315 000000;0.17711;0.18137;0.1512;0.16354;231747665
20240316 000000;0.16354;0.16513;0.13801;0.14252;215899143.2
20240317 000000;0.14252;0.15919;0.1367;0.1543;233126059.03
20240318 000000;0.1543;0.15432;0.14;0.14352;199429763.38
20240319 000000;0.14352;0.14518;0.12524;0.12879;271737462.03
20240320 000000;0.12879;0.15315;0.1228;0.15216;273011618.51
20240321 000000;0.15216;0.15988;0.14649;0.15536;249836268.5
20240322 000000;0.15536;0.16499;0.14536;0.15286;223174465.43
20240323 000000;0.15286;0.17483;0.1517;0.16197;234442093.81
20240324 000000;0.16197;0.17991;0.16117;0.17645;232435605.4
20240325 000000;0.17645;0.1869;0.17001;0.17526;207808088.95
20240326 000000;0.17526;0.18706;0.17413;0.18229;201751721.95
20240327 000000;0.18229;0.19178;0.17879;0.19024;215655947.18
20240328 000000;0.19024;0.22872;0.1892;0.21998;234033099.44
20240329 000000;0.21998;0.22476;0.20776;0.21296;161734987.96
20240330 000000;0.21296;0.21672;0.19659;0.1991;169704266.3
20240331 000000;0.1991;0.22429;0.19909;0.22003;167080816.24
20240401 000000;0.22003;0.22003;0.197;0.20502;177183895.72
20240402 000000;0.20502;0.20504;0.18008;0.18248;197682865.25
20240403 000000;0.18248;0.18748;0.17014;0.17529;191877339.26
20240404 000000;0.17529;0.18817;0.17193;0.17998;177809171.87
20240405 000000;0.17998;0.18076;0.1676;0.17719;165393751.75
20240406 000000;0.17719;0.1878;0.17643;0.18579;155919670.32
20240407 000000;0.18579;0.2052;0.18546;0.19892;179730796.5
20240408 000000;0.19892;0.209;0.1956;0.2026;152536876.62
20240409 000000;0.2026;0.20347;0.18567;0.18917;129249650.85
20240410 000000;0.18917;0.20217;0.18008;0.19979;133001630.13
20240411 000000;0.19979;0.20354;0.18979;0.19383;112705036.42
20240412 000000;0.19383;0.20114;0.16117;0.17403;201825032.92
20240413 000000;0.17403;0.17587;0.13;0.15257;159611878.57
20240414 000000;0.15257;0.165;0.14373;0.16217;226323013.16
20240415 000000;0.16217;0.16895;0.15029;0.16123;217795845.39
20240416 000000;0.16123;0.16245;0.14628;0.156;200627931.53
20240417 000000;0.156;0.15872;0.14433;0.14762;169898028.71
20240418 000000;0.14762;0.1538;0.14099;0.15223;169021361.68
20240419 000000;0.15223;0.15721;0.13922;0.15631;160400827.89
20240420 000000;0.15631;0.16494;0.15065;0.16262;118664116.86
20240421 000000;0.16262;0.16585;0.15507;0.15824;101388041.69
20240422 000000;0.15824;0.16339;0.15654;0.16126;103025752.06
20240423 000000;0.16126;0.16295;0.15682;0.15982;97057089.24
20240424 000000;0.15982;0.1644;0.14934;0.15132;116109080.41
20240425 000000;0.15132;0.15443;0.14748;0.15127;121717526.76
20240426 000000;0.15127;0.15178;0.14686;0.14801;67495114.01
20240427 000000;0.14801;0.14971;0.1425;0.14776;59682351.35
20240428 000000;0.14776;0.15103;0.146;0.14667;39001778.55
20240429 000000;0.14667;0.1481;0.1397;0.14341;96428970.15
20240430 000000;0.14341;0.14601;0.12929;0.13339;134177400.29
20240501 000000;0.13339;0.13393;0.12013;0.13024;195949025.54
20240502 000000;0.13024;0.13443;0.12407;0.13194;137410082.54
20240503 000000;0.13194;0.14797;0.13114;0.14605;94714311.58
20240504 000000;0.14605;0.16999;0.14572;0.16021;125610803.57
20240505 000000;0.16021;0.1635;0.15457;0.16097;98677120.95
20240506 000000;0.16097;0.1691;0.15411;0.15649;157571795.34
20240507 000000;0.15649;0.15992;0.14931;0.14999;116119392.67
20240508 000000;0.14999;0.152;0.14206;0.14322;115612971.23
20240509 000000;0.14322;0.15407;0.14311;0.15219;104310163.47
20240510 000000;0.15219;0.15385;0.14231;0.14391;72262868.4
20240511 000000;0.14391;0.14618;0.14262;0.14305;34920821.69
20240512 000000;0.14305;0.14444;0.13957;0.14123;32884217.76
20240513 000000;0.14123;0.15732;0.13582;0.14864;130299330.42
20240514 000000;0.14864;0.15514;0.14432;0.14549;121445731.71
20240515 000000;0.14549;0.15698;0.14528;0.15534;123542324.36
20240516 000000;0.15534;0.15911;0.14865;0.14972;97695201.96
20240517 000000;0.14972;0.15669;0.14934;0.15553;101113423.67
20240518 000000;0.15553;0.15687;0.15131;0.15299;43958765.74
20240519 000000;0.15299;0.15602;0.14751;0.1491;63755123.41
20240520 000000;0.1491;0.16621;0.14769;0.1657;96204935.37
20240521 000000;0.1657;0.17323;0.1607;0.17024;133125710.17
20240522 000000;0.17024;0.17457;0.16179;0.16627;98221415.11
20240523 000000;0.16627;0.16925;0.152;0.15974;100770523.58
20240524 000000;0.15974;0.17311;0.15523;0.16386;109795593.4
20240525 000000;0.16386;0.17423;0.1627;0.17404;93097716.88
20240526 000000;0.17404;0.17487;0.16552;0.1662;77412589.65
20240527 000000;0.1662;0.1735;0.16416;0.16908;103135817.02
20240528 000000;0.16908;0.16974;0.1616;0.16497;91918314.81
20240529 000000;0.16497;0.17076;0.16217;0.16385;73934554.11
20240530 000000;0.16385;0.16568;0.15642;0.15946;75905283.83
20240531 000000;0.15946;0.16254;0.1544;0.15902;17853906.1
20240601 000000;0.15902;0.1617;0.15841;0.16033;7047661.14
20240602 000000;0.16033;0.16133;0.15471;0.15716;10861214.98
20240603 000000;0.15716;0.16346;0.15587;0.15836;36857218.53
20240604 000000;0.15836;0.16186;0.15706;0.16135;31954155.19
20240605 000000;0.16135;0.16487;0.16119;0.16326;33982632.97
20240606 000000;0.16326;0.16577;0.15831;0.16015;41034925.51
20240607 000000;0.16015;0.16213;0.14103;0.14821;19196008.14
20240608 000000;0.14821;0.14875;0.14354;0.14591;10276966.06
20240609 000000;0.14591;0.14915;0.14499;0.1468;6454784.48
20240610 000000;0.1468;0.14796;0.14327;0.14475;16939169.65
20240611 000000;0.14475;0.14516;0.13371;0.13806;63669325.92
20240612 000000;0.13806;0.15066;0.13472;0.14622;70243288.35
20240613 000000;0.14622;0.1465;0.14011;0.14109;37296989.9
20240614 000000;0.14109;0.14342;0.13196;0.13499;46599460.53
20240615 000000;0.13499;0.13747;0.13418;0.13678;23531725.13
20240616 000000;0.13678;0.13767;0.13469;0.13712;19771453.41
20240617 000000;0.13712;0.13822;0.12607;0.1288;80401848.12
20240618 000000;0.1288;0.12927;0.1135;0.12224;148884362.37
20240619 000000;0.12224;0.1268;0.1214;0.12246;52603743.05
20240620 000000;0.12246;0.12861;0.12135;0.12456;61503317.54
20240621 000000;0.12456;0.12573;0.12145;0.12418;22991373.76
20240622 000000;0.12418;0.12554;0.1229;0.12376;4074008.59
20240623 000000;0.12376;0.12637;0.1209;0.12222;5677141.59
20240624 000000;0.12222;0.12396;0.11378;0.11901;117127803.61
20240625 000000;0.11901;0.12856;0.11881;0.12615;91325515.91
20240626 000000;0.12615;0.12866;0.1218;0.12277;58579230.16
20240627 000000;0.12277;0.12847;0.12061;0.12712;72411487.12
20240628 000000;0.12712;0.12851;0.1222;0.12305;70862049.15
20240629 000000;0.12305;0.1244;0.12139;0.1219;23043948.16
20240630 000000;0.1219;0.12564;0.1205;0.12448;33409676.31
20240701 000000;0.12448;0.1275;0.12322;0.12352;43267274.59
20240702 000000;0.12352;0.1254;0.12248;0.1253;31385440.63
20240703 000000;0.1253;0.12555;0.11687;0.11849;57093052.87
20240704 000000;0.11849;0.11912;0.10391;0.105;155758023.21
20240705 000000;0.105;0.10646;0.0916;0.10546;180638545.34
20240706 000000;0.10546;0.11417;0.10468;0.11341;19938060.47
20240707 000000;0.11341;0.11342;0.10361;0.10415;14911580.55
20240708 000000;0.10415;0.11136;0.09894;0.10758;143985899.33
20240709 000000;0.10758;0.10952;0.10583;0.10756;84132069.94
20240710 000000;0.10756;0.11053;0.10572;0.108;78225209.16
20240711 000000;0.108;0.11244;0.10615;0.10666;85315567.39
20240712 000000;0.10666;0.10832;0.10481;0.10766;73311052.33
20240713 000000;0.10766;0.11299;0.1073;0.11233;79860609.27
20240714 000000;0.11233;0.11692;0.1111;0.1154;97876628.96
20240715 000000;0.1154;0.12554;0.11457;0.12492;155404524.88
20240716 000000;0.12492;0.12784;0.11897;0.12477;160839571.8
20240717 000000;0.12477;0.12769;0.12037;0.12179;103242042.91
20240718 000000;0.12179;0.12385;0.11715;0.1195;141706302.37
20240719 000000;0.1195;0.126;0.1175;0.12542;154858696.28
20240720 000000;0.12542;0.13578;0.1243;0.13423;208875549.7
20240721 000000;0.13423;0.14363;0.12595;0.14027;217087660.8
20240722 000000;0.14027;0.14262;0.13592;0.13785;524619829.77
20240723 000000;0.13785;0.13921;0.1281;0.1303;165683762.83
20240724 000000;0.1303;0.13482;0.12694;0.12796;140512533.93
20240725 000000;0.12796;0.12874;0.12014;0.12528;260706930.21
20240726 000000;0.12528;0.13496;0.1252;0.1342;131347118.07
20240727 000000;0.1342;0.13874;0.13025;0.13131;258646654.06
20240728 000000;0.13131;0.13185;0.12811;0.13004;1358019538.01
20240729 000000;0.13004;0.13509;0.12767;0.12855;289730294.76
20240730 000000;0.12855;0.13058;0.12339;0.12548;115446672.92
20240731 000000;0.12548;0.12735;0.12134;0.12191;52114240.6
20240801 000000;0.12191;0.12307;0.11217;0.11899;104822667.39
20240802 000000;0.11899;0.11973;0.11029;0.11163;164885591.02
20240803 000000;0.11163;0.11475;0.10524;0.10811;61174478.93
20240804 000000;0.10811;0.10933;0.09901;0.1037;70389538.84
20240805 000000;0.1037;0.10424;0.08056;0.0942;751726167.88
20240806 000000;0.0942;0.1014;0.09412;0.09648;296627350.84
20240807 000000;0.09648;0.10205;0.09435;0.09556;317957682.15
20240808 000000;0.09556;0.10794;0.09364;0.10751;51678317.82
20240809 000000;0.10751;0.1077;0.10163;0.10386;20390560.85
20240810 000000;0.10386;0.1059;0.10297;0.10519;26750747.98
20240811 000000;0.10519;0.11098;0.10008;0.10058;32094242.14
20240812 000000;0.10058;0.10853;0.10032;0.10787;31206701.85
20240813 000000;0.10787;0.109;0.10343;0.10637;32096747.85
20240814 000000;0.10637;0.10685;0.10155;0.10243;27347570.72
20240815 000000;0.10243;0.10486;0.09794;0.10016;16815943.44
20240816 000000;0.10016;0.10205;0.09754;0.10034;9165397.44
20240817 000000;0.10034;0.10369;0.10002;0.10278;4334918.2
20240818 000000;0.10278;0.1044;0.10005;0.10005;6567638.38
20240819 000000;0.10005;0.10188;0.09862;0.10137;11067954.96
20240820 000000;0.10137;0.10564;0.10111;0.10294;21186579.11
20240821 000000;0.10294;0.10788;0.1022;0.10616;22048797.29
20240822 000000;0.10616;0.10689;0.10401;0.10525;29666546.32
20240823 000000;0.10525;0.11539;0.10522;0.1129;22583581.71
20240824 000000;0.1129;0.11498;0.11085;0.11258;22830474.97
20240825 000000;0.11258;0.11282;0.10784;0.1096;13796503.54
20240826 000000;0.1096;0.11031;0.10446;0.10521;12128667.52
20240827 000000;0.10521;0.1065;0.09642;0.09887;15713057.34
20240828 000000;0.09887;0.10186;0.09696;0.0996;16912115.91
20240829 000000;0.0996;0.10259;0.09828;0.10038;25637644.76
20240830 000000;0.10038;0.103;0.097;0.10174;8755370.39
20240831 000000;0.10174;0.10233;0.10035;0.10128;5999860.83
20240901 000000;0.10128;0.10149;0.094;0.0951;14488225.37
20240902 000000;0.0951;0.09982;0.09413;0.09913;11280796.68
20240903 000000;0.09913;0.10078;0.09662;0.09678;11802678.46
20240904 000000;0.09678;0.09951;0.092;0.098;10625952.75
20240905 000000;0.098;0.09917;0.09608;0.09842;35563771.2
20240906 000000;0.09842;0.09945;0.08894;0.09255;28153892.33
20240907 000000;0.09255;0.0957;0.09175;0.0954;26211077.52
20240908 000000;0.0954;0.09698;0.09383;0.09615;16712226.16
20240909 000000;0.09615;0.10485;0.09572;0.10375;28649294.27
20240910 000000;0.10375;0.10459;0.10155;0.10279;11322432.47
20240911 000000;0.10279;0.10306;0.09787;0.10132;16169600.18
20240912 000000;0.10132;0.10334;0.10044;0.10269;14759147.41
20240913 000000;0.10269;0.10847;0.10179;0.10696;85650034.57
20240914 000000;0.10696;0.10768;0.1043;0.10539;66816952.56
20240915 000000;0.10539;0.10642;0.10214;0.1028;49996781.82
20240916 000000;0.1028;0.10322;0.09834;0.09965;64563804.54
20240917 000000;0.09965;0.10265;0.0987;0.10112;60149820.75
20240918 000000;0.10112;0.10388;0.09932;0.10384;71029978.8
20240919 000000;0.10384;0.10713;0.10344;0.10499;79981584.72
20240920 000000;0.10499;0.10748;0.10361;0.10556;85911002.21
20240921 000000;0.10556;0.11046;0.10404;0.10994;72327242.12
20240922 000000;0.10994;0.10998;0.10378;0.10632;54162864.7
20240923 000000;0.10632;0.1092;0.10413;0.10807;133054475.93
20240924 000000;0.10807;0.1106;0.10681;0.10978;161547298.54
20240925 000000;0.10978;0.11115;0.10802;0.10849;163600431.57
20240926 000000;0.10849;0.12066;0.10698;0.11818;383136938.22
20240927 000000;0.11818;0.12871;0.117;0.1235;366098935.37
20240928 000000;0.1235;0.13204;0.12013;0.12806;387839075.88
20240929 000000;0.12806;0.13044;0.12436;0.12437;211429002.64
20240930 000000;0.12437;0.12465;0.11326;0.11421;207759255.16
20241001 000000;0.11421;0.11935;0.10261;0.10687;306195919.9
20241002 000000;0.10687;0.10952;0.10223;0.10463;115573969.43
20241003 000000;0.10463;0.10681;0.10108;0.10508;71714200.79
20241004 000000;0.10508;0.1106;0.10476;0.10925;60382087.46
20241005 000000;0.10925;0.11025;0.10747;0.10941;32317248.41
20241006 000000;0.10941;0.11289;0.10839;0.11159;39674752.18
20241007 000000;0.11159;0.11546;0.10828;0.1084;83351486.25
20241008 000000;0.1084;0.10986;0.10523;0.10711;53318287.6
20241009 000000;0.10711;0.11152;0.1061;0.10795;56700960.66
20241010 000000;0.10795;0.10865;0.10312;0.10603;52262959.1
20241011 000000;0.10603;0.1114;0.10567;0.11078;43845570.46
20241012 000000;0.11078;0.11219;0.10934;0.11138;37115323.98
20241013 000000;0.11138;0.11211;0.10865;0.1114;44997328.02
20241014 000000;0.1114;0.11771;0.10932;0.11669;104274664.5
20241015 000000;0.11669;0.11931;0.11019;0.11748;117849336.05
20241016 000000;0.11748;0.12989;0.1158;0.12572;238911387.87
20241017 000000;0.12572;0.131;0.12049;0.12966;147811061.44
20241018 000000;0.12966;0.1408;0.12952;0.13716;223271729.53
20241019 000000;0.13716;0.14694;0.13704;0.14411;164095890.79
20241020 000000;0.14411;0.14569;0.13721;0.14214;108676574.51
20241021 000000;0.14214;0.14974;0.13819;0.14368;164383359.07
20241022 000000;0.14368;0.14849;0.1365;0.1397;119900367.15
20241023 000000;0.1397;0.14101;0.13314;0.13997;113492424.14
20241024 000000;0.13997;0.14381;0.13631;0.1419;104229450.52
20241025 000000;0.1419;0.14277;0.12791;0.13162;112413770.31
20241026 000000;0.13162;0.13819;0.13071;0.13747;57548984.09
20241027 000000;0.13747;0.1463;0.13607;0.14435;78622145.62
20241028 000000;0.14435;0.1626;0.14115;0.16147;284282657.57
20241029 000000;0.16147;0.17971;0.16054;0.17585;357764057.91
20241030 000000;0.17585;0.17786;0.16449;0.16829;207131182.15
20241031 000000;0.16829;0.17364;0.15646;0.16164;184682030.32
20241101 000000;0.16164;0.169;0.15415;0.15916;214803425.2
20241102 000000;0.15916;0.16364;0.15548;0.15955;95687536.64
20241103 000000;0.15955;0.1599;0.14221;0.15139;171664893.51
20241104 000000;0.15139;0.16024;0.1482;0.1582;228328760.7
20241105 000000;0.1582;0.17944;0.15795;0.16998;302010097.49
20241106 000000;0.16998;0.21882;0.16904;0.19645;817773292.55
20241107 000000;0.19645;0.20426;0.18554;0.19323;126255312.75
20241108 000000;0.19323;0.20695;0.19051;0.20192;51610671.77
20241109 000000;0.20192;0.21999;0.19737;0.21881;65806606.53
20241110 000000;0.21881;0.29773;0.21665;0.27792;227409524.75
20241111 000000;0.27792;0.35142;0.27276;0.35134;299537931.18
20241112 000000;0.35134;0.43855;0.32736;0.38007;307309426.24
20241113 000000;0.38007;0.43285;0.35177;0.39892;191174154.79
20241114 000000;0.39892;0.416;0.3525;0.36232;81749732.48
20241115 000000;0.36232;0.3847;0.3532;0.38153;59812589.98
20241116 000000;0.38153;0.39136;0.36002;0.36402;41547677.62
20241117 000000;0.36402;0.37555;0.3401;0.36679;48481273.47
20241118 000000;0.36679;0.38057;0.35786;0.37113;54470616.47
20241119 000000;0.37113;0.4199;0.36628;0.39043;97781613.69
20241120 000000;0.39043;0.39655;0.365;0.37769;57835181.82
20241121 000000;0.37769;0.39557;0.369;0.38661;54133377.65
20241122 000000;0.38661;0.42;0.38084;0.41267;624475808.89
20241123 000000;0.41267;0.47992;0.40419;0.43015;1324309315.41
20241124 000000;0.43015;0.45336;0.3995;0.43023;951587423.34
20241125 000000;0.43023;0.43757;0.38091;0.39282;691892531.11
20241126 000000;0.39282;0.40873;0.36512;0.38704;646259767.2
20241127 000000;0.38704;0.40779;0.38029;0.40093;496478997.34
20241128 000000;0.40093;0.42874;0.39112;0.40161;429081748.75
20241129 000000;0.40161;0.43743;0.39943;0.42635;420639344.16
20241130 000000;0.42635;0.4357;0.41382;0.42157;389317020.22
20241201 000000;0.42157;0.44973;0.41643;0.44052;661441663.44
20241202 000000;0.44052;0.4633;0.40052;0.42457;877432839.48
20241203 000000;0.42457;0.42961;0.38833;0.40629;432950780.19
20241204 000000;0.40629;0.43656;0.40001;0.43286;446332508.18
20241205 000000;0.43286;0.46523;0.407;0.42686;814819343.15
20241206 000000;0.42686;0.44141;0.4198;0.43469;540443551.21
20241207 000000;0.43469;0.46619;0.4306;0.45284;696309181.32
20241208 000000;0.45284;0.48432;0.44602;0.46637;526444721.78
20241209 000000;0.46637;0.46739;0.38652;0.41408;546893437.5
20241210 000000;0.41408;0.423;0.36546;0.39388;1500469109.15
20241211 000000;0.39388;0.41906;0.37514;0.41402;861545674.56
20241212 000000;0.41402;0.4241;0.40122;0.40611;591813275.11
20241213 000000;0.40611;0.4123;0.39904;0.40902;285838716.29
20241214 000000;0.40902;0.414;0.38742;0.39815;270613033.5
20241215 000000;0.39815;0.41125;0.39249;0.40657;217276901.49
20241216 000000;0.40657;0.41498;0.39242;0.40198;272544078.47
20241217 000000;0.40198;0.4103;0.39118;0.39414;329592486.02
20241218 000000;0.39414;0.39637;0.35167;0.35824;709064792.64
20241219 000000;0.35824;0.36733;0.30016;0.31429;1527818573.26
20241220 000000;0.31429;0.32906;0.26306;0.31788;2298843380
20241221 000000;0.31788;0.35004;0.31411;0.31993;1131903390.93
20241222 000000;0.31993;0.32458;0.30511;0.31266;661063282.07
20241223 000000;0.31266;0.32876;0.30284;0.32494;662221872.36
20241224 000000;0.32494;0.3405;0.31617;0.33712;470425341.53
20241225 000000;0.33712;0.3422;0.32593;0.33438;348404211.52
20241226 000000;0.33438;0.338;0.30841;0.31273;411303200.95
20241227 000000;0.31273;0.32491;0.30881;0.31177;367622879.57
20241228 000000;0.31177;0.32744;0.31134;0.3244;191199614.4
20241229 000000;0.3244;0.32971;0.31192;0.31431;203997055.23
20241230 000000;0.31431;0.32322;0.30678;0.31393;423527424.5
20241231 000000;0.31393;0.32906;0.3093;0.316;352198486.98
