20260101 000000;0.11748;0.12747;0.11744;0.12683;406489307.91
20260102 000000;0.12683;0.14488;0.12595;0.14189;995735800.71
20260103 000000;0.14189;0.14452;0.13914;0.14313;552740226.79
20260104 000000;0.14313;0.15411;0.14274;0.14951;677299144.97
20260105 000000;0.14951;0.154;0.14584;0.15172;583563330.18
20260106 000000;0.15172;0.15658;0.14354;0.15057;602601014.84
20260107 000000;0.15057;0.154;0.14487;0.14642;367902067.5
20260108 000000;0.14642;0.14777;0.138;0.14198;417890544.18
20260109 000000;0.14198;0.14457;0.1383;0.1407;343626844.13
20260110 000000;0.1407;0.14072;0.13907;0.13967;108712644.4
20260111 000000;0.13967;0.14123;0.1359;0.138;201732263.9
20260112 000000;0.138;0.14235;0.13497;0.13663;364372060.98
20260113 000000;0.13663;0.15092;0.13626;0.14826;447256075.29
20260114 000000;0.14826;0.1513;0.14564;0.14717;438976331.07
20260115 000000;0.14717;0.14721;0.13883;0.14006;369316062.34
20260116 000000;0.14006;0.14047;0.13509;0.13812;402961841.98
20260117 000000;0.13812;0.14001;0.13681;0.1379;159624234.93
20260118 000000;0.1379;0.13834;0.13138;0.13165;197124466.94
20260119 000000;0.13165;0.13165;0.12138;0.12916;448236016.32
20260120 000000;0.12916;0.12936;0.12176;0.12337;372703020.83
20260121 000000;0.12337;0.12881;0.12032;0.12652;462138323.37
20260122 000000;0.12652;0.12797;0.12323;0.12437;196067691.96
20260123 000000;0.12437;0.12787;0.12206;0.1248;257711878.47
20260124 000000;0.1248;0.12494;0.12296;0.1242;83066595.3
20260125 000000;0.1242;0.12436;0.1177;0.11946;315629984.28
20260126 000000;0.11946;0.1238;0.11922;0.12233;353181942.33
20260127 000000;0.12233;0.12665;0.12142;0.12621;316135399.81
20260128 000000;0.12621;0.12766;0.12376;0.12501;309568559.12
20260129 000000;0.12501;0.12525;0.1145;0.11728;560550678.52
20260130 000000;0.11728;0.1187;0.11224;0.11579;551840427.05
20260131 000000;0.11579;0.11591;0.095;0.10424;1003995616.81
20260201 000000;0.10424;0.10685;0.10108;0.10427;568992401.85
20260202 000000;0.10427;0.11055;0.09959;0.10791;838606560.69
20260203 000000;0.10791;0.1105;0.10228;0.10603;845577781.45
20260204 000000;0.10603;0.10948;0.10131;0.10383;590011405.52
20260205 000000;0.10383;0.10477;0.08687;0.08848;1459400528.26
20260206 000000;0.08848;0.10209;0.08007;0.09848;1167875266.2
20260207 000000;0.09848;0.09947;0.09474;0.09823;531429747.64
20260208 000000;0.09823;0.099;0.09509;0.09664;255804967.96
20260209 000000;0.09664;0.09749;0.09243;0.09612;296062877.8
20260210 000000;0.09612;0.09656;0.0918;0.09278;209564657.23
20260211 000000;0.09278;0.0936;0.08791;0.09111;340228338.9
20260212 000000;0.09111;0.09454;0.0907;0.093;270945661.08
20260213 000000;0.093;0.09764;0.09179;0.09668;288439390.93
20260214 000000;0.09668;0.11365;0.0963;0.11105;543356585.33
20260215 000000;0.11105;0.11753;0.10155;0.10264;917022655.66
20260216 000000;0.10264;0.10358;0.09857;0.101;409656643.08
20260217 000000;0.101;0.10358;0.09841;0.10067;324999892.76
20260218 000000;0.10067;0.10228;0.0975;0.09854;226961809.48
20260219 000000;0.09854;0.0992;0.09561;0.09836;254749182.02
20260220 000000;0.09836;0.1024;0.09567;0.10011;358710259.94
20260221 000000;0.10011;0.10098;0.0984;0.09841;137409127.22
20260222 000000;0.09841;0.09855;0.09461;0.09556;163305001.62
20260223 000000;0.09556;0.09758;0.09146;0.09265;374176612.17
20260224 000000;0.09265;0.09359;0.08999;0.09137;289632149.87
20260225 000000;0.09137;0.106;0.0909;0.10095;617115591.54
20260226 000000;0.10095;0.10169;0.09542;0.09702;329169990.31
20260227 000000;0.09702;0.0991;0.092;0.09338;280278060.68
20260228 000000;0.09338;0.09496;0.08772;0.09405;502304983.42
20260301 000000;0.09405;0.09784;0.09055;0.09189;419849275.54
20260302 000000;0.09189;0.0977;0.09083;0.09357;392989586.83
20260303 000000;0.09357;0.09385;0.08852;0.08997;435062486.69
20260304 000000;0.08997;0.1043;0.0886;0.0989;911324434.53
20260305 000000;0.0989;0.0992;0.09275;0.09356;444303566.85
20260306 000000;0.09356;0.09436;0.09;0.09128;361305441.91
20260307 000000;0.09128;0.09213;0.0893;0.08991;185628644.67
20260308 000000;0.08991;0.09133;0.08676;0.08914;352817952.66
20260309 000000;0.08914;0.09283;0.089;0.09048;403930678.62
20260310 000000;0.09048;0.10044;0.09033;0.09452;753019052.24
20260311 000000;0.09452;0.09486;0.09118;0.09288;487905536.22
20260312 000000;0.09288;0.09586;0.0918;0.09474;338098055.68
20260313 000000;0.09474;0.10197;0.09453;0.09598;678440293.31
20260314 000000;0.09598;0.09644;0.094;0.09605;261054294.93
20260315 000000;0.09605;0.09806;0.09446;0.09737;329534956.46
20260316 000000;0.09737;0.10371;0.09704;0.10302;881237207.85
20260317 000000;0.10302;0.10445;0.09832;0.10015;496235064.22
20260318 000000;0.10015;0.10184;0.09331;0.09523;534805186.28
20260319 000000;0.09523;0.09609;0.0918;0.09355;302663082.09
20260320 000000;0.09355;0.0954;0.09289;0.09415;232791691.7
20260321 000000;0.09415;0.09499;0.09057;0.09136;171216409.96
20260322 000000;0.09136;0.09288;0.08917;0.09014;310128314.7
20260323 000000;0.09014;0.09575;0.08926;0.09414;427036098.92
20260324 000000;0.09414;0.09562;0.09245;0.0951;250259058.71
20260325 000000;0.0951;0.09793;0.09442;0.09619;327479740.32
20260326 000000;0.09619;0.09628;0.0906;0.09206;323954956.58
20260327 000000;0.09206;0.09272;0.08931;0.09012;216391749.31
20260328 000000;0.09012;0.09532;0.08969;0.09099;254599211.74
20260329 000000;0.09099;0.09166;0.0881;0.09047;168157078.11
20260330 000000;0.09047;0.09389;0.09027;0.09084;312047497.3
20260331 000000;0.09084;0.09283;0.0894;0.09234;285928122.2
20260401 000000;0.09234;0.0945;0.09163;0.09217;198539998.66
20260402 000000;0.09217;0.0927;0.089;0.0904;146238248.48
20260403 000000;0.0904;0.09257;0.0899;0.09155;82912951.25
20260404 000000;0.09155;0.09308;0.09074;0.09205;57728882.01
20260405 000000;0.09205;0.09243;0.08973;0.09236;103785220.8
20260406 000000;0.09236;0.0936;0.08993;0.09063;171488446.29
20260407 000000;0.09063;0.09604;0.09007;0.09492;215451169.17
20260408 000000;0.09492;0.09559;0.09216;0.0924;159837632.08
20260409 000000;0.0924;0.09497;0.09093;0.09258;154871088.16
20260410 000000;0.09258;0.09527;0.09193;0.09368;134924513.85
20260411 000000;0.09368;0.0949;0.09226;0.09308;97150923.31
20260412 000000;0.09308;0.09325;0.09031;0.09084;148609092.2
20260413 000000;0.09084;0.09435;0.0907;0.0941;172667869.62
20260414 000000;0.0941;0.09799;0.09241;0.09297;257729145.1
20260415 000000;0.09297;0.09675;0.09261;0.09488;125253672.88
20260416 000000;0.09488;0.09986;0.09451;0.09921;306868281.33
20260417 000000;0.09921;0.10217;0.09672;0.09942;265289261.41
20260418 000000;0.09942;0.09975;0.09429;0.0948;169706696.16
20260419 000000;0.0948;0.09642;0.09258;0.09305;210880361.14
20260420 000000;0.09305;0.09608;0.09293;0.0952;142243072.33
20260421 000000;0.0952;0.09594;0.09357;0.09518;115635152.34
20260422 000000;0.09518;0.09856;0.09487;0.09565;170662108.57
20260423 000000;0.09565;0.09802;0.09515;0.09713;176267500.73
20260424 000000;0.09713;0.09953;0.09682;0.09841;191601863.45
20260425 000000;0.09841;0.09908;0.09737;0.098;98419256.13
20260426 000000;0.098;0.09991;0.09747;0.09921;111063530
20260427 000000;0.09921;0.10084;0.09694;0.09894;172529188.15
20260428 000000;0.09894;0.10099;0.09807;0.09933;214640123.43
20260429 000000;0.09933;0.112;0.09924;0.10409;552778566.84
20260430 000000;0.10409;0.10843;0.10398;0.10651;288953251.23
20260501 000000;0.10651;0.11053;0.10644;0.10851;229489567.87
20260502 000000;0.10851;0.10934;0.10716;0.1085;115114885.22
20260503 000000;0.1085;0.10967;0.10716;0.1083;92577558.45
20260504 000000;0.1083;0.11372;0.1077;0.1101;303020181.37
20260505 000000;0.1101;0.11649;0.11;0.11483;203790782.06
20260506 000000;0.11483;0.117;0.11136;0.11246;269746977.48
20260507 000000;0.11246;0.11251;0.10674;0.10783;244959925.57
20260508 000000;0.10783;0.10966;0.10562;0.10954;195376805.99
20260509 000000;0.10954;0.11132;0.1081;0.10873;108768605.16
20260510 000000;0.10873;0.11285;0.10645;0.11246;211448538.85
20260511 000000;0.11246;0.11275;0.10841;0.11133;216642300.75
20260512 000000;0.11133;0.1116;0.10752;0.11009;177034592.74
20260513 000000;0.11009;0.11469;0.10965;0.11267;315630693.2
20260514 000000;0.11267;0.11859;0.11201;0.11547;483212979.59
20260515 000000;0.11547;0.11746;0.11016;0.11334;289795583.9
20260516 000000;0.11334;0.11348;0.10781;0.10936;159928875.21
20260517 000000;0.10936;0.11279;0.1071;0.109;158029554.68
20260518 000000;0.109;0.10907;0.10253;0.10475;258939856.48
20260519 000000;0.10475;0.10552;0.10266;0.103;89774742.56
20260520 000000;0.103;0.10497;0.10192;0.10371;134999408.28
20260521 000000;0.10371;0.10651;0.10368;0.10565;194965914.62
20260522 000000;0.10565;0.10674;0.102;0.10234;179543167.85
20260523 000000;0.10234;0.10506;0.09801;0.10308;280599110.41
20260524 000000;0.10308;0.10387;0.10057;0.10227;114157365.52
20260525 000000;0.10227;0.10376;0.10164;0.10215;107957720.53
20260526 000000;0.10215;0.10381;0.1003;0.10106;164739238.9
20260527 000000;0.10106;0.10334;0.09937;0.10049;176486941.76
20260528 000000;0.10049;0.10084;0.09655;0.09955;227166654.76
20260529 000000;0.09955;0.10119;0.09746;0.09969;154497564.5
20260530 000000;0.09969;0.10181;0.0995;0.10062;120544288.67
20260531 000000;0.10062;0.10142;0.09906;0.1004;109186059.05
20260601 000000;0.1004;0.10157;0.0978;0.10111;266998996.62
20260602 000000;0.10111;0.10124;0.09119;0.09274;433870490.5
20260603 000000;0.09274;0.09454;0.09063;0.09139;249295740.19
20260604 000000;0.09139;0.09188;0.0858;0.08859;444333693.76
20260605 000000;0.08859;0.0888;0.079;0.0815;750283172.36
20260606 000000;0.0815;0.08304;0.07769;0.08192;308522316.6
20260607 000000;0.08192;0.0875;0.08165;0.08627;269604126.68
20260608 000000;0.08627;0.08754;0.08436;0.08634;183454370.1
20260609 000000;0.08634;0.08674;0.0832;0.0848;228647873.99
20260610 000000;0.0848;0.08546;0.08188;0.08296;180830758.66
20260611 000000;0.08296;0.08708;0.08294;0.08608;177515902.99
20260612 000000;0.08608;0.09245;0.08509;0.08598;372381778.14
20260613 000000;0.08598;0.08882;0.08581;0.08787;145411537.98
20260614 000000;0.08787;0.08913;0.08569;0.08889;130943953.94
20260615 000000;0.08889;0.09091;0.08783;0.08814;277026094.42
20260616 000000;0.08814;0.08909;0.08622;0.08716;196367818.55
20260617 000000;0.08716;0.08811;0.0847;0.08592;139485564.9
20260618 000000;0.08592;0.08658;0.08185;0.08351;130242458.01
20260619 000000;0.08351;0.08396;0.0819;0.08357;73422631.36
20260620 000000;0.08357;0.08434;0.08264;0.08334;67368790.82
