20240101 000000;0.26615;0.27757;0.24446;0.27694;275962.492
20240102 000000;0.27694;0.28499;0.26004;0.26847;372739.992
20240103 000000;0.26847;0.27173;0.22481;0.26018;507755.798
20240104 000000;0.26018;0.285;0.23902;0.27137;363724.536
20240105 000000;0.27137;0.27718;0.24046;0.25419;259901.855
20240106 000000;0.25419;0.30002;0.24083;0.24762;384872.746
20240107 000000;0.24762;0.24996;0.22779;0.23011;177764.595
20240108 000000;0.23011;0.29498;0.2137;0.25593;350879.811
20240109 000000;0.25593;0.26439;0.2356;0.23947;236582.77
20240110 000000;0.23947;0.27499;0.22662;0.25264;316577.842
20240111 000000;0.25264;0.35;0.24934;0.32071;795212.442
20240112 000000;0.32071;0.33768;0.28439;0.29897;523767.997
20240113 000000;0.29897;0.29958;0.26249;0.27583;320801.04
20240114 000000;0.27583;0.31321;0.27129;0.27841;214144.378
20240115 000000;0.27841;0.31;0.27747;0.28183;191694.423
20240116 000000;0.28183;0.30887;0.2761;0.29243;302072.252
20240117 000000;0.29243;0.30412;0.27881;0.28517;200407.02
20240118 000000;0.28517;0.2887;0.25889;0.27442;207958.938
20240119 000000;0.27442;0.27887;0.25648;0.26539;184665.595
20240120 000000;0.26539;0.26704;0.25;0.25326;185738.553
20240121 000000;0.25326;0.27061;0.25036;0.263;170678.788
20240122 000000;0.263;0.26622;0.23248;0.23753;179867.375
20240123 000000;0.23753;0.24373;0.22248;0.23429;303841.994
20240124 000000;0.23429;0.26239;0.23397;0.23902;205654.522
20240125 000000;0.23902;0.2424;0.22963;0.23665;152490.025
20240126 000000;0.23665;0.25956;0.23329;0.25455;157491.603
20240127 000000;0.25455;0.25957;0.24162;0.25241;143367.776
20240128 000000;0.25241;0.27863;0.24152;0.24999;141842.216
20240129 000000;0.24999;0.27163;0.24374;0.24609;247800.59
20240130 000000;0.24609;0.2529;0.23102;0.23516;177205.903
20240131 000000;0.23516;0.25221;0.22734;0.232;216434.567
20240201 000000;0.232;0.23636;0.22258;0.2291;157667.279
20240202 000000;0.2291;0.24552;0.22696;0.22953;206999.627
20240203 000000;0.22953;0.255;0.22511;0.22997;226034.629
20240204 000000;0.22997;0.23776;0.222;0.22227;207545.386
20240205 000000;0.22227;0.24236;0.219;0.22814;197311.508
20240206 000000;0.22814;0.24955;0.22608;0.23572;156034.942
20240207 000000;0.23572;0.24954;0.23192;0.23659;162483.826
20240208 000000;0.23659;0.242;0.23382;0.23504;166564.053
20240209 000000;0.23504;0.25565;0.23504;0.24848;187630.445
20240210 000000;0.24848;0.26116;0.23655;0.24173;153753.691
20240211 000000;0.24173;0.26116;0.23991;0.24347;172784.575
20240212 000000;0.24347;0.26166;0.2402;0.25031;159128.778
20240213 000000;0.25031;0.26167;0.23;0.24336;234602.584
20240214 000000;0.24336;0.25099;0.23735;0.24609;218180.261
20240215 000000;0.24609;0.35999;0.245;0.30485;367707.154
20240216 000000;0.30485;0.35277;0.27057;0.28056;474442.637
20240217 000000;0.28056;0.29015;0.26163;0.27078;234494.89
20240218 000000;0.27078;0.29787;0.2583;0.27944;230580.49
20240219 000000;0.27944;0.36;0.26317;0.27617;345736.442
20240220 000000;0.27617;0.2787;0.25394;0.26461;206507.799
20240221 000000;0.26461;0.26825;0.25;0.25428;182096.18
20240222 000000;0.25428;0.27709;0.25236;0.27337;167658.864
20240223 000000;0.27337;0.28178;0.26123;0.26926;183158.59
20240224 000000;0.26926;0.28537;0.26496;0.27441;158420.223
20240225 000000;0.27441;0.28495;0.26668;0.27183;211604.145
20240226 000000;0.27183;0.30361;0.26473;0.28384;241768.429
20240227 000000;0.28384;0.29841;0.27753;0.28561;209707.118
20240228 000000;0.28561;0.33119;0.2821;0.28652;274570.104
20240229 000000;0.28652;0.31624;0.27768;0.28461;232869.578
20240301 000000;0.28461;0.31357;0.27927;0.28821;250402.761
20240302 000000;0.28821;0.3456;0.28255;0.3104;256188.477
20240303 000000;0.3104;0.3599;0.30116;0.32025;500914.87
20240304 000000;0.32025;0.34;0.29289;0.30686;218610.615
20240305 000000;0.30686;0.30748;0.26488;0.282;308447.741
20240306 000000;0.282;0.33155;0.26088;0.30393;413928.979
20240307 000000;0.30393;0.33;0.30317;0.32066;227974.659
20240308 000000;0.32066;0.32101;0.28406;0.28973;239875.583
20240309 000000;0.28973;0.319;0.28504;0.29799;261289.006
20240310 000000;0.29799;0.319;0.29252;0.30867;194995.313
20240311 000000;0.30867;0.37;0.28351;0.32306;696813.629
20240312 000000;0.32306;0.43;0.32001;0.34747;900858.162
20240313 000000;0.34747;0.59;0.34457;0.53841;2387660.183
20240314 000000;0.53841;0.65;0.45266;0.53069;834511.396
20240315 000000;0.53069;0.535;0.39924;0.46924;626566.186
20240316 000000;0.46924;0.47643;0.38;0.41192;428082.76
20240317 000000;0.41192;0.6;0.39652;0.50316;771094.894
20240318 000000;0.50316;0.52254;0.42747;0.43495;490153.511
20240319 000000;0.43495;0.43706;0.35768;0.3847;500077.91
20240320 000000;0.3847;0.44709;0.37228;0.43335;251844.391
20240321 000000;0.43335;0.44144;0.39691;0.40889;321327.828
20240322 000000;0.40889;0.41096;0.39;0.39081;173365.975
20240323 000000;0.39081;0.40665;0.38905;0.4003;136656.563
20240324 000000;0.4003;0.40655;0.385;0.39631;120594.172
20240325 000000;0.39631;0.43523;0.39407;0.41981;176615.15
20240326 000000;0.41981;0.42585;0.3999;0.40652;246926.616
20240327 000000;0.40652;0.43073;0.395;0.39629;507725.034
20240328 000000;0.39629;0.411;0.38899;0.39757;217584.495
20240329 000000;0.39757;0.39802;0.37517;0.38247;215306.502
20240330 000000;0.38247;0.38977;0.36714;0.37238;139237.251
20240331 000000;0.37238;0.41591;0.36528;0.39082;140649.648
20240401 000000;0.39082;0.39255;0.36579;0.37312;206697.926
20240402 000000;0.37312;0.37489;0.34438;0.35151;257081.901
20240403 000000;0.35151;0.37877;0.34438;0.34837;237727.661
20240404 000000;0.34837;0.36751;0.34085;0.35196;194027.467
20240405 000000;0.35196;0.35527;0.31925;0.33555;240057.282
20240406 000000;0.33555;0.34029;0.32219;0.32889;100398.953
20240407 000000;0.32889;0.35108;0.32208;0.33652;188770.106
20240408 000000;0.33652;0.35774;0.33042;0.34454;193922.9
20240409 000000;0.34454;0.35818;0.32829;0.33949;212706.053
20240410 000000;0.33949;0.34104;0.30555;0.32504;167491.968
20240411 000000;0.32504;0.3265;0.3067;0.31604;148152.565
20240412 000000;0.31604;0.31654;0.26388;0.27389;268838.74
20240413 000000;0.27389;0.28014;0.2054;0.2415;476498.85
20240414 000000;0.2415;0.27013;0.2069;0.26174;266602.466
20240415 000000;0.26174;0.30072;0.24647;0.26586;288594.358
20240416 000000;0.26586;0.29186;0.23393;0.25525;290959.449
20240417 000000;0.25525;0.2646;0.2377;0.25802;313040.836
20240418 000000;0.25802;0.26691;0.24523;0.26689;162771.718
20240419 000000;0.26689;0.28887;0.2216;0.27446;405107.773
20240420 000000;0.27446;0.3147;0.27245;0.28521;495807.851
20240421 000000;0.28521;0.30048;0.27232;0.2813;194772.472
20240422 000000;0.2813;0.28955;0.26658;0.28547;210354.975
20240423 000000;0.28547;0.28547;0.26328;0.27103;145825.052
20240424 000000;0.27103;0.27273;0.25152;0.25197;125416.281
20240425 000000;0.25197;0.28215;0.24017;0.25292;157116.384
20240426 000000;0.25292;0.27492;0.25035;0.2571;191865.594
20240427 000000;0.2571;0.2571;0.245;0.25207;174061.298
20240428 000000;0.25207;0.25945;0.24525;0.24751;182601.608
20240429 000000;0.24751;0.2565;0.23766;0.24372;215399.384
20240430 000000;0.24372;0.24803;0.22486;0.23303;201895.031
20240501 000000;0.23303;0.23544;0.20874;0.22692;223828.359
20240502 000000;0.22692;0.23335;0.21235;0.22951;201622.016
20240503 000000;0.22951;0.27888;0.228;0.27633;280878.294
20240504 000000;0.27633;0.33;0.25424;0.27137;374800.224
20240505 000000;0.27137;0.27185;0.25678;0.26066;139987.487
20240506 000000;0.26066;0.26666;0.25385;0.25697;150535.871
20240507 000000;0.25697;0.25767;0.245;0.2454;200053.025
20240508 000000;0.2454;0.24949;0.23947;0.24185;150229.59
20240509 000000;0.24185;0.24422;0.22043;0.22982;205050.833
20240510 000000;0.22982;0.23599;0.215;0.21684;210919.745
20240511 000000;0.21684;0.22514;0.21355;0.21355;149701.662
20240512 000000;0.21355;0.21653;0.21;0.21099;156830.472
20240513 000000;0.21099;0.21309;0.19739;0.20735;184986.482
20240514 000000;0.20735;0.20735;0.18889;0.19719;197787.535
20240515 000000;0.19719;0.20967;0.18;0.20048;353859.833
20240516 000000;0.20048;0.22325;0.18298;0.19387;304203.184
20240517 000000;0.19387;0.22726;0.18533;0.21525;290363.553
20240518 000000;0.21525;0.23636;0.20425;0.21364;159883.672
20240519 000000;0.21364;0.21891;0.20784;0.20904;145069.998
20240520 000000;0.20904;0.23;0.20013;0.22;282263.896
20240521 000000;0.22;0.23939;0.20443;0.20921;214071.66
20240522 000000;0.20921;0.21308;0.19843;0.20878;198011.011
20240523 000000;0.20878;0.21922;0.2;0.20523;213588.115
20240524 000000;0.20523;0.20692;0.19555;0.20527;207749.633
20240525 000000;0.20527;0.20892;0.19911;0.20461;186206.482
20240526 000000;0.20461;0.20555;0.19808;0.20037;173076.659
20240527 000000;0.20037;0.2088;0.19894;0.20302;241053.582
20240528 000000;0.20302;0.20556;0.18239;0.19525;560536.818
20240529 000000;0.19525;0.20527;0.19434;0.19588;190262.289
20240530 000000;0.19588;0.19772;0.18599;0.18873;262165.768
20240531 000000;0.18873;0.19217;0.18632;0.18886;187211.207
20240601 000000;0.18886;0.21863;0.1872;0.20282;256101.312
20240602 000000;0.20282;0.20317;0.19114;0.19419;233267.897
20240603 000000;0.19419;0.20487;0.19388;0.19917;193702.071
20240604 000000;0.19917;0.20305;0.19584;0.20131;166139.861
20240605 000000;0.20131;0.24;0.1984;0.22561;449843.915
20240606 000000;0.22561;0.293;0.22503;0.28456;487262.131
20240607 000000;0.28456;0.28799;0.225;0.23904;859752.732
20240608 000000;0.23904;0.24058;0.21656;0.22195;300000.502
20240609 000000;0.22195;0.23822;0.21409;0.23784;193161.201
20240610 000000;0.23784;0.2404;0.21993;0.22087;333130.206
20240611 000000;0.22087;0.22285;0.19535;0.20445;227954.554
20240612 000000;0.20445;0.21534;0.20432;0.20741;169703.153
20240613 000000;0.20741;0.20743;0.19484;0.19562;215330.595
20240614 000000;0.19562;0.19984;0.18887;0.19178;165109.928
20240615 000000;0.19178;0.19665;0.1892;0.19658;164466.581
20240616 000000;0.19658;0.19663;0.19098;0.19387;165580.466
20240617 000000;0.19387;0.19647;0.17233;0.17346;227945.678
20240618 000000;0.17346;0.17531;0.15794;0.16627;301428.172
20240619 000000;0.16627;0.17474;0.15588;0.156;240067.974
20240620 000000;0.156;0.15945;0.151;0.151;300074.498
20240621 000000;0.151;0.15146;0.13918;0.14204;297260.146
20240622 000000;0.14204;0.14804;0.1405;0.14604;234825.227
20240623 000000;0.14604;0.15312;0.1442;0.14448;209763.001
20240624 000000;0.14448;0.14448;0.13561;0.14134;284362.46
20240625 000000;0.14134;0.15009;0.1412;0.14513;207298.182
20240626 000000;0.14513;0.1454;0.14004;0.14033;211856.072
20240627 000000;0.14033;0.14862;0.13858;0.14846;214544.949
20240628 000000;0.14846;0.15423;0.14722;0.14775;223309.908
20240629 000000;0.14775;0.186;0.14766;0.17561;285746.493
20240630 000000;0.17561;0.1776;0.15645;0.16243;230580.712
20240701 000000;0.16243;0.16528;0.15165;0.15251;219524.36
20240702 000000;0.15251;0.15849;0.15127;0.15802;201802.328
20240703 000000;0.15802;0.15802;0.141;0.14526;216428.507
20240704 000000;0.14526;0.15526;0.12916;0.14033;369940.169
20240705 000000;0.14033;0.14069;0.12255;0.13126;374708.912
20240706 000000;0.13126;0.14615;0.13101;0.14406;235557
20240707 000000;0.14406;0.15012;0.13656;0.13675;226142.524
20240708 000000;0.13675;0.14312;0.13463;0.13782;241614.836
20240709 000000;0.13782;0.14226;0.1332;0.14214;227003.329
20240710 000000;0.14214;0.14732;0.13909;0.14249;229612.799
20240711 000000;0.14249;0.14889;0.13814;0.13936;227173.678
20240712 000000;0.13936;0.14377;0.13722;0.13943;225514.816
20240713 000000;0.13943;0.14352;0.13437;0.14321;206665.216
20240714 000000;0.14321;0.16613;0.13824;0.15687;236178.88
20240715 000000;0.15687;0.17409;0.15011;0.17246;256558.806
20240716 000000;0.17246;0.17252;0.15789;0.16277;273566.923
20240717 000000;0.16277;0.19444;0.16277;0.17874;271553.66
20240718 000000;0.17874;0.19224;0.17288;0.17536;209213.97
20240719 000000;0.17536;0.18273;0.1706;0.18238;182105.914
20240720 000000;0.18238;0.18953;0.17815;0.1839;231616.443
20240721 000000;0.1839;0.18398;0.17651;0.18194;205578.376
20240722 000000;0.18194;0.18246;0.17574;0.17575;185131.297
20240723 000000;0.17575;0.17625;0.16023;0.1658;190158.14
20240724 000000;0.1658;0.16802;0.16271;0.16503;180118.291
20240725 000000;0.16503;0.16548;0.15114;0.15387;218708.052
20240726 000000;0.15387;0.16734;0.15307;0.1672;184518.281
20240727 000000;0.1672;0.17;0.16257;0.16293;195347.682
20240728 000000;0.16293;0.16777;0.1607;0.16629;183197.242
20240729 000000;0.16629;0.17146;0.16607;0.17084;198055.308
20240730 000000;0.17084;0.17084;0.16403;0.16522;178510.835
20240731 000000;0.16522;0.16574;0.15371;0.15418;226760.628
20240801 000000;0.15418;0.15499;0.14598;0.14971;227869.039
20240802 000000;0.14971;0.15027;0.13893;0.13955;219586.91
20240803 000000;0.13955;0.141;0.13486;0.13509;232422.877
20240804 000000;0.13509;0.13664;0.12854;0.13094;236561.688
20240805 000000;0.13094;0.13099;0.107;0.12176;570032.25
20240806 000000;0.12176;0.12634;0.12118;0.12455;281403.749
20240807 000000;0.12455;0.13016;0.12024;0.12354;284121.403
20240808 000000;0.12354;0.1291;0.12241;0.1291;284301.422
20240809 000000;0.1291;0.1291;0.11907;0.11999;270181.641
20240810 000000;0.11999;0.12323;0.11729;0.12033;273663.348
20240811 000000;0.12033;0.12145;0.11333;0.1148;262151.543
20240812 000000;0.1148;0.15296;0.11373;0.13288;423256.735
20240813 000000;0.13288;0.14389;0.13233;0.13902;253325.583
20240814 000000;0.13902;0.14105;0.13548;0.13843;219798.309
20240815 000000;0.13843;0.13899;0.12479;0.12597;263314.339
20240816 000000;0.12597;0.1323;0.12585;0.12662;256714.318
20240817 000000;0.12662;0.12725;0.12491;0.12712;241847.894
20240818 000000;0.12712;0.12931;0.12607;0.1278;215911.977
20240819 000000;0.1278;0.12799;0.12503;0.12515;233937.509
20240820 000000;0.12515;0.13181;0.12504;0.12856;241133.502
20240821 000000;0.12856;0.13139;0.12552;0.13109;233915.508
20240822 000000;0.13109;0.13419;0.13035;0.1308;218321.036
20240823 000000;0.1308;0.13738;0.127;0.13669;285452.144
20240824 000000;0.13669;0.13855;0.13161;0.1341;275949.577
20240825 000000;0.1341;0.13558;0.13;0.13304;227677.63
20240826 000000;0.13304;0.13518;0.12984;0.13095;228180.589
20240827 000000;0.13095;0.13365;0.12458;0.1256;218946.843
20240828 000000;0.1256;0.1292;0.12252;0.12455;249992.652
20240829 000000;0.12455;0.12455;0.11677;0.11822;291645.532
20240830 000000;0.11822;0.11989;0.11202;0.11723;336138.354
20240831 000000;0.11723;0.1216;0.11605;0.11655;236274.025
20240901 000000;0.11655;0.11883;0.11424;0.11743;280946.518
20240902 000000;0.11743;0.11747;0.11128;0.11502;292850.426
20240903 000000;0.11502;0.11708;0.1101;0.11107;256200.239
20240904 000000;0.11107;0.11341;0.10508;0.11291;286947.49
20240905 000000;0.11291;0.11341;0.1067;0.1074;146482.407
20240906 000000;0.1074;0.10811;0.1;0.10244;140651.371
20240907 000000;0.10244;0.1309;0.10218;0.1197;286043.891
20240908 000000;0.1197;0.12011;0.10428;0.11042;220490.884
20240909 000000;0.11042;0.11446;0.10508;0.11323;230125.8
20240910 000000;0.11323;0.1151;0.10613;0.11443;126768.168
20240911 000000;0.11443;0.11487;0.10981;0.10993;64231.368
20240912 000000;0.10993;0.13037;0.10979;0.12231;141552.067
20240913 000000;0.12231;0.12525;0.11312;0.12254;107121.473
20240914 000000;0.12254;0.12364;0.1188;0.1189;87160.903
20240915 000000;0.1189;0.12252;0.11763;0.11986;91800.37
20240916 000000;0.11986;0.11998;0.10797;0.11527;194016.316
20240917 000000;0.11527;0.12047;0.11293;0.11821;92969.455
20240918 000000;0.11821;0.13376;0.11294;0.12051;246391.897
20240919 000000;0.12051;0.13518;0.11856;0.12877;145029.11
20240920 000000;0.12877;0.13134;0.12098;0.12724;128091.069
20240921 000000;0.12724;0.12811;0.12502;0.12606;58250.69
20240922 000000;0.12606;0.1326;0.11994;0.12669;169613.72
20240923 000000;0.12669;0.13972;0.12285;0.13342;141839.662
20240924 000000;0.13342;0.13999;0.12989;0.13336;234606.46
20240925 000000;0.13336;0.13444;0.12665;0.12674;181130.658
20240926 000000;0.12674;0.13831;0.12597;0.13168;356195.516
20240927 000000;0.13168;0.14574;0.12932;0.14415;327742.49
20240928 000000;0.14415;0.15049;0.13846;0.14083;175779.455
20240929 000000;0.14083;0.14934;0.13879;0.1426;266496.5
20240930 000000;0.1426;0.14831;0.13503;0.13601;167278.514
20241001 000000;0.13601;0.14907;0.12797;0.12977;305585.87
20241002 000000;0.12977;0.13523;0.12341;0.12812;153152.607
20241003 000000;0.12812;0.12871;0.1234;0.12721;119778.562
20241004 000000;0.12721;0.13834;0.12564;0.13666;137098.121
20241005 000000;0.13666;0.13734;0.12929;0.13239;160026.064
20241006 000000;0.13239;0.13862;0.13168;0.13672;100081.782
20241007 000000;0.13672;0.14334;0.13618;0.13773;142397.186
20241008 000000;0.13773;0.14034;0.13159;0.13902;93232.081
20241009 000000;0.13902;0.13981;0.13595;0.13727;124800.78
20241010 000000;0.13727;0.13831;0.12614;0.13192;101239.482
20241011 000000;0.13192;0.13412;0.12814;0.13246;98911.043
20241012 000000;0.13246;0.13904;0.13003;0.13483;82651.198
20241013 000000;0.13483;0.13587;0.1226;0.12892;185767.537
20241014 000000;0.12892;0.13793;0.12585;0.13354;82665.903
20241015 000000;0.13354;0.13463;0.121;0.12904;392526.2
20241016 000000;0.12904;0.13026;0.12021;0.12362;478674.51
20241017 000000;0.12362;0.12463;0.11814;0.12223;553498.373
20241018 000000;0.12223;0.12259;0.11452;0.12058;555591.278
20241019 000000;0.12058;0.1252;0.11732;0.11906;532031.619
20241020 000000;0.11906;0.12369;0.11523;0.12098;550628.707
20241021 000000;0.12098;0.12683;0.1172;0.1188;501198.613
20241022 000000;0.1188;0.12067;0.11105;0.11782;580686.669
20241023 000000;0.11782;0.11882;0.11106;0.11692;636529.687
20241024 000000;0.11692;0.11972;0.11555;0.11754;493489.011
20241025 000000;0.11754;0.11772;0.10732;0.10738;542314.563
20241026 000000;0.10738;0.10916;0.10296;0.10578;572843.796
20241027 000000;0.10578;0.11377;0.101;0.1067;713180.859
20241028 000000;0.1067;0.17457;0.1017;0.16099;887891.886
20241029 000000;0.16099;0.1725;0.13127;0.15952;2006509.068
20241030 000000;0.15952;0.16086;0.12926;0.13856;693541.853
20241031 000000;0.13856;0.13932;0.11642;0.11998;613736.617
20241101 000000;0.11998;0.13755;0.11954;0.12197;671481.735
20241102 000000;0.12197;0.13433;0.11515;0.12642;653114.174
20241103 000000;0.12642;0.12656;0.11774;0.12033;547894.582
20241104 000000;0.12033;0.12742;0.11408;0.11489;578539.709
20241105 000000;0.11489;0.12288;0.11266;0.12216;604872.182
20241106 000000;0.12216;0.13462;0.12216;0.12577;559404.86
20241107 000000;0.12577;0.13193;0.11989;0.12896;670596.516
20241108 000000;0.12896;0.14308;0.12647;0.13926;759794.872
20241109 000000;0.13926;0.14314;0.13124;0.14184;614091.934
20241110 000000;0.14184;0.15382;0.13767;0.14239;656166.958
20241111 000000;0.14239;0.16118;0.14;0.15509;544872.137
20241112 000000;0.15509;0.15533;0.12626;0.13966;1043353.798
20241113 000000;0.13966;0.14785;0.12506;0.13374;930364.2
20241114 000000;0.13374;0.13899;0.12727;0.13216;659617.009
20241115 000000;0.13216;0.13852;0.1254;0.1271;766899.135
20241116 000000;0.1271;0.15135;0.1271;0.14293;1128820.683
20241117 000000;0.14293;0.1559;0.13564;0.13782;916396.915
20241118 000000;0.13782;0.17276;0.13006;0.15284;1575653.58
20241119 000000;0.15284;0.17102;0.147;0.15909;964379.865
20241120 000000;0.15909;0.16058;0.13718;0.14481;659296.084
20241121 000000;0.14481;0.15808;0.133;0.14779;679978.849
20241122 000000;0.14779;0.15941;0.14486;0.15906;530890.857
20241123 000000;0.15906;0.27744;0.15671;0.25723;2516245.678
20241124 000000;0.25723;0.26441;0.1995;0.2157;3141246.691
20241125 000000;0.2157;0.23716;0.19297;0.19363;1450838.884
20241126 000000;0.19363;0.2079;0.18137;0.19206;1868101.051
20241127 000000;0.19206;0.24;0.18804;0.2142;1163494.392
20241128 000000;0.2142;0.22;0.20158;0.21304;555762.627
20241129 000000;0.21304;0.2225;0.20798;0.21654;532917.363
20241130 000000;0.21654;0.25104;0.21556;0.235;1890225.186
20241201 000000;0.235;0.24342;0.22047;0.2248;879445.003
20241202 000000;0.2248;0.23585;0.20124;0.21522;2022057.179
20241203 000000;0.21522;0.239;0.20381;0.23343;1226228.698
20241204 000000;0.23343;0.32495;0.2308;0.31133;1669797.513
20241205 000000;0.31133;0.3255;0.2455;0.2646;2091722.517
20241206 000000;0.2646;0.29844;0.26213;0.28043;909818.688
20241207 000000;0.28043;0.29331;0.27;0.28954;1254500.658
20241208 000000;0.28954;0.32;0.27166;0.28463;1107660.854
20241209 000000;0.28463;0.28692;0.22593;0.2539;971058.624
20241210 000000;0.2539;0.25449;0.20994;0.24128;820911.457
20241211 000000;0.24128;0.27817;0.23226;0.26892;1193057.747
20241212 000000;0.26892;0.2722;0.25;0.259;1332689.404
20241213 000000;0.259;0.28198;0.24921;0.2722;2206841.815
20241214 000000;0.2722;0.2817;0.25331;0.25754;1449613.77
20241215 000000;0.25754;0.26995;0.24817;0.26;2754662.737
20241216 000000;0.26;0.27099;0.23655;0.26617;1181885.568
20241217 000000;0.26617;0.34606;0.26376;0.28252;2429793.169
20241218 000000;0.28252;0.29426;0.24534;0.24897;2640313.161
20241219 000000;0.24897;0.26474;0.211;0.23108;3072846.078
20241220 000000;0.23108;0.24046;0.19341;0.22541;1490900.765
20241221 000000;0.22541;0.25013;0.21272;0.21572;478235.71
20241222 000000;0.21572;0.22401;0.20771;0.21319;1450077.039
20241223 000000;0.21319;0.23313;0.20964;0.21906;669184.233
20241224 000000;0.21906;0.25;0.2153;0.22524;2518276.476
20241225 000000;0.22524;0.24168;0.21909;0.22517;1942568.286
20241226 000000;0.22517;0.2274;0.21684;0.22135;1175212.74
20241227 000000;0.22135;0.23847;0.21941;0.22093;408720.581
20241228 000000;0.22093;0.23146;0.21319;0.22988;390824.342
20241229 000000;0.22988;0.23967;0.21486;0.22388;538898.02
20241230 000000;0.22388;0.23856;0.21432;0.21648;697292.734
20241231 000000;0.21648;0.23101;0.2;0.20667;2011305.842
