20230622 000000;0.0945;0.09548;0.0902;0.09189;844435.826
20230623 000000;0.09189;0.09439;0.09137;0.09338;842876.198
20230624 000000;0.09338;0.09703;0.09275;0.09363;874618.612
20230625 000000;0.09363;0.09503;0.09189;0.09223;810650.834
20230626 000000;0.09223;0.09936;0.09007;0.09141;874197.809
20230627 000000;0.09141;0.10256;0.09069;0.09395;967774.946
20230628 000000;0.09395;0.09514;0.085;0.08685;924218.186
20230629 000000;0.08685;0.09038;0.0851;0.08748;937513.733
20230630 000000;0.08748;0.08941;0.08311;0.08536;1554273.913
20230701 000000;0.08536;0.08805;0.0852;0.08531;1000536.151
20230702 000000;0.08531;0.09168;0.08;0.0869;1086597.324
20230703 000000;0.0869;0.08844;0.08414;0.08563;831433.499
20230704 000000;0.08563;0.08684;0.08474;0.08548;908813.548
20230705 000000;0.08548;0.0869;0.08224;0.08543;973042.212
20230706 000000;0.08543;0.09301;0.08481;0.08586;1043616.223
20230707 000000;0.08586;0.08778;0.0841;0.08532;933621.142
20230708 000000;0.08532;0.08721;0.08465;0.08661;910775.76
20230709 000000;0.08661;0.08696;0.0843;0.08517;1433759.272
20230710 000000;0.08517;0.08619;0.08283;0.08446;1197459.768
20230711 000000;0.08446;0.08565;0.08117;0.08219;919994.663
20230712 000000;0.08219;0.08536;0.08197;0.08477;942030.075
20230713 000000;0.08477;0.08769;0.08267;0.08693;1069974.483
20230714 000000;0.08693;0.08969;0.08504;0.08749;1011026.094
20230715 000000;0.08749;0.08804;0.08501;0.08668;932488.467
20230716 000000;0.08668;0.09032;0.0838;0.08554;1026845.587
20230717 000000;0.08554;0.0924;0.085;0.08666;944360.95
20230718 000000;0.08666;0.08698;0.08118;0.0815;997396.24
20230719 000000;0.0815;0.0877;0.08081;0.08167;1148144.76
20230720 000000;0.08167;0.08517;0.08135;0.08277;925026.232
20230721 000000;0.08277;0.08412;0.08001;0.08121;947842.318
20230722 000000;0.08121;0.08225;0.08;0.08174;1096869.28
20230723 000000;0.08174;0.08231;0.07854;0.07886;1002651.263
20230724 000000;0.07886;0.08031;0.07629;0.07969;1022543.143
20230725 000000;0.07969;0.07977;0.0763;0.07905;945363.657
20230726 000000;0.07905;0.0792;0.07556;0.07727;997164.472
20230727 000000;0.07727;0.07843;0.07533;0.07613;948641.203
20230728 000000;0.07613;0.07932;0.07454;0.07587;1079911.111
20230729 000000;0.07587;0.07699;0.0749;0.07549;1032765.499
20230730 000000;0.07549;0.07703;0.0735;0.07395;1104701.975
20230731 000000;0.07395;0.07635;0.07254;0.07297;1068395.279
20230801 000000;0.07297;0.07406;0.0701;0.07105;1122823.349
20230802 000000;0.07105;0.07533;0.0683;0.07107;1168337.537
20230803 000000;0.07107;0.07149;0.06708;0.06813;1232816.859
20230804 000000;0.06813;0.06976;0.06704;0.06782;1170457.951
20230805 000000;0.06782;0.07299;0.06755;0.07182;1129443.729
20230806 000000;0.07182;0.07358;0.06704;0.06805;1084049.295
20230807 000000;0.06805;0.06952;0.06653;0.06669;1200330.546
20230808 000000;0.06669;0.0708;0.06554;0.07023;1296242.237
20230809 000000;0.07023;0.0875;0.06933;0.08137;1540049.46
20230810 000000;0.08137;0.08159;0.07034;0.07356;1264796.622
20230811 000000;0.07356;0.07549;0.07124;0.07168;1129055.736
20230812 000000;0.07168;0.07168;0.068;0.07035;1134659.348
20230813 000000;0.07035;0.07165;0.06885;0.06935;1034579.946
20230814 000000;0.06935;0.07273;0.06904;0.07088;1018453.761
20230815 000000;0.07088;0.07162;0.06689;0.06762;1207166.441
20230816 000000;0.06762;0.0682;0.06533;0.06578;1124162.977
20230817 000000;0.06578;0.06669;0.06355;0.06418;1138927.253
20230818 000000;0.06418;0.06457;0.06053;0.06245;1042303.793
20230819 000000;0.06245;0.07602;0.06211;0.07548;1600111.654
20230820 000000;0.07548;0.07666;0.06124;0.06799;1630844.522
20230821 000000;0.06799;0.06828;0.06296;0.06347;1231690.15
20230822 000000;0.06347;0.064;0.0601;0.06109;1333305.546
20230823 000000;0.06109;0.06318;0.06067;0.06201;1307934.37
20230824 000000;0.06201;0.06307;0.05901;0.05956;1274324.574
20230825 000000;0.05956;0.06138;0.05842;0.05947;1379214.221
20230826 000000;0.05947;0.06046;0.0584;0.05862;1199285.044
20230827 000000;0.05862;0.05891;0.05631;0.05656;1317087.606
20230828 000000;0.05656;0.05833;0.05535;0.05605;1444326.085
20230829 000000;0.05605;0.06029;0.05588;0.05913;1526661.49
20230830 000000;0.05913;0.06046;0.05586;0.05659;1370951.384
20230831 000000;0.05659;0.05891;0.05658;0.05663;1312951.149
20230901 000000;0.05663;0.06104;0.05555;0.05686;1634383.849
20230902 000000;0.05686;0.05892;0.05636;0.05753;1381819.196
20230903 000000;0.05753;0.05757;0.05649;0.05686;1425787.699
20230904 000000;0.05686;0.05806;0.05599;0.05624;1391752.192
20230905 000000;0.05624;0.05744;0.05519;0.05598;1368257.695
20230906 000000;0.05598;0.05693;0.05533;0.05549;1444379.061
20230907 000000;0.05549;0.05649;0.05309;0.05378;1398055.024
20230908 000000;0.05378;0.05548;0.05232;0.05279;1537508.375
20230909 000000;0.05279;0.06997;0.05279;0.06483;1811267.786
20230910 000000;0.06483;0.07529;0.05506;0.05612;2397080.887
20230911 000000;0.05612;0.05634;0.05364;0.0539;1481053.299
20230912 000000;0.0539;0.05554;0.05341;0.05347;1427577.634
20230913 000000;0.05347;0.05416;0.05131;0.05331;1450969.72
20230914 000000;0.05331;0.05406;0.05193;0.05308;1353002.138
20230915 000000;0.05308;0.05506;0.05154;0.05485;1529066.442
20230916 000000;0.05485;0.05526;0.0515;0.05178;1476880.354
20230917 000000;0.05178;0.05517;0.05178;0.05368;1414060.397
20230918 000000;0.05368;0.05486;0.05019;0.05195;1607092.279
20230919 000000;0.05195;0.05372;0.05061;0.05212;1527055.009
20230920 000000;0.05212;0.05332;0.05133;0.05165;1521403.963
20230921 000000;0.05165;0.053;0.05114;0.05193;1417178.235
20230922 000000;0.05193;0.05259;0.05035;0.05137;1664132.935
20230923 000000;0.05137;0.05201;0.05066;0.05136;1681871.272
20230924 000000;0.05136;0.05186;0.05082;0.0511;1715786.715
20230925 000000;0.0511;0.05209;0.0506;0.05101;1760138.59
20230926 000000;0.05101;0.05306;0.05003;0.05088;1895303.053
20230927 000000;0.05088;0.05247;0.05033;0.05097;1684697.195
20230928 000000;0.05097;0.05244;0.05081;0.05187;1650256.797
20230929 000000;0.05187;0.05211;0.05044;0.05106;1661415.863
20230930 000000;0.05106;0.05192;0.05012;0.05047;1611940.182
20231001 000000;0.05047;0.05615;0.05015;0.05481;1630616.61
20231002 000000;0.05481;0.05482;0.05046;0.05182;1784938.14
20231003 000000;0.05182;0.05232;0.05089;0.0517;1625649.257
20231004 000000;0.0517;0.05172;0.04981;0.05015;1693514.545
20231005 000000;0.05015;0.05056;0.0492;0.04957;1687184.644
20231006 000000;0.04957;0.05228;0.0493;0.05023;1776385.094
20231007 000000;0.05023;0.05105;0.04929;0.04939;1649326.752
20231008 000000;0.04939;0.05021;0.04821;0.04915;1719436.699
20231009 000000;0.04915;0.05061;0.04861;0.0494;1796509.417
20231010 000000;0.0494;0.05114;0.0492;0.05027;1623732.039
20231011 000000;0.05027;0.05104;0.04903;0.0499;1858093.454
20231012 000000;0.0499;0.05021;0.04861;0.04896;1761455.777
20231013 000000;0.04896;0.0497;0.04819;0.0489;1740833.737
20231014 000000;0.0489;0.04946;0.04842;0.0488;1714999.432
20231015 000000;0.0488;0.04902;0.04751;0.04875;1810585.99
20231016 000000;0.04875;0.05058;0.04861;0.04953;1878476.56
20231017 000000;0.04953;0.05087;0.04869;0.04907;1638488.27
20231018 000000;0.04907;0.05022;0.04719;0.04898;1978620.747
20231019 000000;0.04898;0.04912;0.0472;0.04817;1703639.926
20231020 000000;0.04817;0.05047;0.04761;0.04772;1730987.601
20231021 000000;0.04772;0.05046;0.04769;0.0491;1851612.134
20231022 000000;0.0491;0.04957;0.0484;0.04914;1808491.858
20231023 000000;0.04914;0.05058;0.04841;0.04909;1893674.162
20231024 000000;0.04909;0.06029;0.04903;0.05056;2025615.818
20231025 000000;0.05056;0.05675;0.049;0.0541;1875829.113
20231026 000000;0.0541;0.09291;0.05367;0.0744;2415593.194
20231027 000000;0.0744;0.1527;0.06929;0.13579;5529359.178
20231028 000000;0.13579;0.137;0.09479;0.09838;1632691.285
20231029 000000;0.09838;0.12604;0.09346;0.09728;1578642.575
20231030 000000;0.09728;0.09946;0.08725;0.09546;1993690.957
20231031 000000;0.09546;0.09626;0.08144;0.09144;1410580.101
20231101 000000;0.09144;0.09147;0.08186;0.08601;1549447.722
20231102 000000;0.08601;0.08926;0.08418;0.08545;1420282.101
20231103 000000;0.08545;0.08585;0.08071;0.08317;1252182.394
20231104 000000;0.08317;0.12;0.08197;0.10585;1825791.491
20231105 000000;0.10585;0.10934;0.09394;0.09702;1191554.926
20231106 000000;0.09702;0.10083;0.0918;0.09538;1335867.901
20231107 000000;0.09538;0.10017;0.09011;0.09345;1201685.383
20231108 000000;0.09345;0.11632;0.09333;0.10335;1325521.463
20231109 000000;0.10335;0.11237;0.09863;0.10232;1155067.382
20231110 000000;0.10232;0.10673;0.09908;0.10183;995970.014
20231111 000000;0.10183;0.10326;0.09958;0.10124;920681.923
20231112 000000;0.10124;0.10157;0.09201;0.0975;984131.386
20231113 000000;0.0975;0.10177;0.08973;0.09024;1096043.157
20231114 000000;0.09024;0.0962;0.08814;0.08917;1196101.707
20231115 000000;0.08917;0.109;0.08881;0.10102;1275358.914
20231116 000000;0.10102;0.10912;0.09663;0.10629;1369406.169
20231117 000000;0.10629;0.11249;0.0986;0.10487;1079334.071
20231118 000000;0.10487;0.1054;0.09643;0.09678;988476.048
20231119 000000;0.09678;0.10322;0.09505;0.09934;1028595.043
20231120 000000;0.09934;0.114;0.09929;0.10593;1029334.743
20231121 000000;0.10593;0.11026;0.092;0.0955;1199901.913
20231122 000000;0.0955;0.10183;0.09512;0.0984;1041360.877
20231123 000000;0.0984;0.10587;0.0978;0.10205;899482.715
20231124 000000;0.10205;0.10786;0.09947;0.10506;952369.759
20231125 000000;0.10506;0.16408;0.105;0.1301;1969685.888
20231126 000000;0.1301;0.15699;0.12278;0.13607;1219116.702
20231127 000000;0.13607;0.14755;0.12689;0.13789;859538.642
20231128 000000;0.13789;0.22454;0.13;0.15457;1904211.397
20231129 000000;0.15457;0.16912;0.13925;0.14528;2217164.766
20231130 000000;0.14528;0.15676;0.13864;0.14412;764478.144
20231201 000000;0.14412;0.14711;0.13728;0.13996;781639.015
20231202 000000;0.13996;0.14998;0.13455;0.14604;945496.434
20231203 000000;0.14604;0.15709;0.13712;0.15111;888368.269
20231204 000000;0.15111;0.40016;0.15015;0.36883;3795373.62
20231205 000000;0.36883;0.72;0.34651;0.37517;3880108.143
20231206 000000;0.37517;0.49103;0.34254;0.44785;1840377.193
20231207 000000;0.44785;0.45299;0.34556;0.36732;890337.831
20231208 000000;0.36732;0.37656;0.314;0.34154;1093386.966
20231209 000000;0.34154;0.37135;0.31929;0.32136;437510.942
20231210 000000;0.32136;0.33889;0.3024;0.32249;424291.188
20231211 000000;0.32249;0.32901;0.2913;0.30627;680338.863
20231212 000000;0.30627;0.32453;0.28506;0.29817;395936.211
20231213 000000;0.29817;0.425;0.26765;0.39347;877121.877
20231214 000000;0.39347;0.39957;0.31725;0.32227;471475.764
20231215 000000;0.32227;0.34291;0.29851;0.30294;380872.863
20231216 000000;0.30294;0.31142;0.291;0.296;257833.787
20231217 000000;0.296;0.3581;0.2944;0.30527;392934.597
20231218 000000;0.30527;0.31078;0.28589;0.30192;280904.408
20231219 000000;0.30192;0.30994;0.29299;0.30134;338727.765
20231220 000000;0.30134;0.31629;0.29301;0.29966;404095.504
20231221 000000;0.29966;0.35096;0.28705;0.3079;835928.59
20231222 000000;0.3079;0.34552;0.29805;0.3014;1083905.839
20231223 000000;0.3014;0.30258;0.28355;0.29733;287762.689
20231224 000000;0.29733;0.32101;0.28267;0.28996;425733.984
20231225 000000;0.28996;0.3074;0.284;0.29708;278857.946
20231226 000000;0.29708;0.30479;0.28218;0.29004;320713.551
20231227 000000;0.29004;0.30479;0.283;0.29637;360471.918
20231228 000000;0.29637;0.35499;0.28353;0.28955;650685.967
20231229 000000;0.28955;0.30529;0.283;0.3009;347838.202
20231230 000000;0.3009;0.30429;0.28396;0.28768;247546.772
20231231 000000;0.28768;0.29278;0.26443;0.26615;214467.404
