20240101 000000;0.0000000003032;0.0000000003339;0.000000000295;0.0000000003264;213853365695857
20240102 000000;0.0000000003264;0.0000000003465;0.00000000032;0.0000000003254;155578759971588
20240103 000000;0.0000000003254;0.00000000036;0.00000000028;0.0000000002951;209913695413579
20240104 000000;0.0000000002951;0.0000000003099;0.0000000002746;0.0000000003051;170919783512879
20240105 000000;0.0000000003051;0.00000000036;0.0000000002801;0.0000000003325;388046511706186
20240106 000000;0.0000000003325;0.0000000003939;0.000000000321;0.0000000003254;255195885120038
20240107 000000;0.0000000003254;0.000000000359;0.00000000031;0.0000000003115;151077747687960
20240108 000000;0.0000000003115;0.0000000003171;0.0000000002854;0.0000000003117;153374585398208
20240109 000000;0.0000000003117;0.0000000003119;0.0000000002857;0.0000000002947;197209382480204
20240110 000000;0.0000000002947;0.0000000003234;0.0000000002862;0.0000000003119;172771358984431
20240111 000000;0.0000000003119;0.0000000003284;0.0000000003106;0.0000000003165;118133726481495
20240112 000000;0.0000000003165;0.0000000003249;0.0000000002938;0.0000000003036;143157663195144
20240113 000000;0.0000000003036;0.0000000003149;0.0000000002968;0.0000000003016;116368434223651
20240114 000000;0.0000000003016;0.0000000003102;0.0000000002939;0.0000000002969;146458793457658
20240115 000000;0.0000000002969;0.0000000003079;0.000000000295;0.0000000002995;130560042759246
20240116 000000;0.0000000002995;0.0000000003102;0.0000000002962;0.0000000003068;119418047878065
20240117 000000;0.0000000003068;0.0000000003102;0.0000000002939;0.0000000002956;131873857527631
20240118 000000;0.0000000002956;0.000000000301;0.0000000002753;0.0000000002785;129616771976062
20240119 000000;0.0000000002785;0.0000000002832;0.0000000002598;0.0000000002705;150405329166778
20240120 000000;0.0000000002705;0.00000000029;0.0000000002696;0.000000000281;153236089090574
20240121 000000;0.000000000281;0.000000000301;0.0000000002805;0.0000000002886;126299335561540
20240122 000000;0.0000000002886;0.0000000002901;0.0000000002667;0.000000000277;146101276480278
20240123 000000;0.000000000277;0.0000000002799;0.0000000002522;0.0000000002643;166858404217194
20240124 000000;0.0000000002643;0.0000000002691;0.000000000258;0.0000000002612;124277872898190
20240125 000000;0.0000000002612;0.0000000002677;0.000000000253;0.0000000002643;131280519823864
20240126 000000;0.0000000002643;0.0000000002737;0.0000000002347;0.0000000002693;195297440378704
20240127 000000;0.0000000002693;0.000000000286;0.0000000002673;0.0000000002732;148730731026314
20240128 000000;0.0000000002732;0.0000000002812;0.0000000002673;0.0000000002686;135656497158073
20240129 000000;0.0000000002686;0.0000000002777;0.0000000002674;0.0000000002748;119598738712583
20240130 000000;0.0000000002748;0.0000000002788;0.0000000002653;0.0000000002694;119091891170688
20240131 000000;0.0000000002694;0.0000000002777;0.0000000002588;0.0000000002594;119132563566818
20240201 000000;0.0000000002594;0.0000000002671;0.0000000002569;0.0000000002671;117380703450295
20240202 000000;0.0000000002671;0.000000000269;0.0000000002542;0.0000000002574;127137010997724
20240203 000000;0.0000000002574;0.0000000002679;0.0000000002535;0.0000000002559;124969608897628
20240204 000000;0.0000000002559;0.0000000002609;0.0000000002494;0.0000000002557;116781575639251
20240205 000000;0.0000000002557;0.0000000002616;0.0000000002537;0.0000000002585;123607691473079
20240206 000000;0.0000000002585;0.0000000002606;0.0000000002548;0.0000000002606;115943602209696
20240207 000000;0.0000000002606;0.0000000002663;0.0000000002552;0.0000000002624;119728676173359
20240208 000000;0.0000000002624;0.0000000002699;0.0000000002607;0.0000000002627;126165377448892
20240209 000000;0.0000000002627;0.0000000002899;0.0000000002566;0.0000000002752;155864981056498
20240210 000000;0.0000000002752;0.0000000002798;0.0000000002694;0.0000000002772;109099196732575
20240211 000000;0.0000000002772;0.0000000002798;0.0000000002706;0.0000000002711;114021157399821
20240212 000000;0.0000000002711;0.000000000288;0.0000000002687;0.0000000002844;123832758361482
20240213 000000;0.0000000002844;0.0000000002887;0.0000000002725;0.0000000002761;116151911928375
20240214 000000;0.0000000002761;0.0000000003453;0.0000000002718;0.0000000003452;227384628951939
20240215 000000;0.0000000003452;0.0000000003456;0.00000000029;0.0000000003019;211257800749155
20240216 000000;0.0000000003019;0.0000000003072;0.000000000296;0.0000000003006;161824029432925
20240217 000000;0.0000000003006;0.0000000003085;0.0000000002865;0.0000000002938;176224869462954
20240218 000000;0.0000000002938;0.0000000003136;0.0000000002936;0.0000000003054;143691673821212
20240219 000000;0.0000000003054;0.0000000003183;0.0000000003;0.0000000003123;123148055814616
20240220 000000;0.0000000003123;0.0000000003185;0.0000000002843;0.0000000003165;200067436328541
20240221 000000;0.0000000003165;0.0000000003166;0.0000000002877;0.0000000003014;132944756477619
20240222 000000;0.0000000003014;0.000000000307;0.0000000002694;0.0000000002933;202733011328316
20240223 000000;0.0000000002933;0.0000000002953;0.00000000028;0.0000000002897;161963161715674
20240224 000000;0.0000000002897;0.0000000002964;0.0000000002861;0.0000000002933;130493305428333
20240225 000000;0.0000000002933;0.000000000303;0.000000000289;0.0000000002963;155504941087443
20240226 000000;0.0000000002963;0.0000000003151;0.0000000002913;0.000000000309;185684085458973
20240227 000000;0.000000000309;0.00000000035;0.0000000003062;0.000000000325;286877678779473
20240228 000000;0.000000000325;0.000000000377;0.000000000319;0.0000000003419;305838983950904
20240229 000000;0.0000000003419;0.0000000004459;0.000000000339;0.000000000372;371597997466341
20240301 000000;0.000000000372;0.0000000004858;0.0000000003655;0.0000000004571;354557006786653
20240302 000000;0.0000000004571;0.00000000062;0.0000000004465;0.0000000005793;920972150727288
20240303 000000;0.0000000005793;0.0000000007297;0.00000000048;0.0000000006268;691318515216309
20240304 000000;0.0000000006268;0.0000000012644;0.0000000006268;0.000000001105;1477834518810501
20240305 000000;0.000000001105;0.0000000014328;0.00000000066;0.0000000008502;1211022719139607
20240306 000000;0.0000000008502;0.0000000010926;0.0000000007412;0.0000000008684;617744915014880
20240307 000000;0.0000000008684;0.00000000095;0.0000000007836;0.0000000008634;389399935342821
20240308 000000;0.0000000008634;0.0000000011151;0.0000000008034;0.0000000010441;733997848762597
20240309 000000;0.0000000010441;0.0000000012;0.0000000009581;0.0000000010212;563846944896110
20240310 000000;0.0000000010212;0.000000001056;0.0000000008977;0.0000000009472;473645413979547
20240311 000000;0.0000000009472;0.0000000011658;0.0000000008173;0.0000000010605;571121092859865
20240312 000000;0.0000000010605;0.0000000011077;0.000000000921;0.0000000009759;382455459838915
20240313 000000;0.0000000009759;0.0000000010398;0.0000000009374;0.0000000009581;241197695387120
20240314 000000;0.0000000009581;0.0000000010301;0.00000000081;0.0000000008927;332249163774842
20240315 000000;0.0000000008927;0.000000000931;0.0000000007015;0.0000000007999;481381574348931
20240316 000000;0.0000000007999;0.0000000008796;0.0000000006221;0.0000000006434;343098848272404
20240317 000000;0.0000000006434;0.000000000785;0.0000000006051;0.0000000007229;356785100807216
20240318 000000;0.0000000007229;0.0000000007402;0.0000000006035;0.0000000006518;251643301748047
20240319 000000;0.0000000006518;0.0000000006544;0.0000000005376;0.0000000005523;296588438986576
20240320 000000;0.0000000005523;0.0000000007203;0.0000000005299;0.0000000007102;438169245583208
20240321 000000;0.0000000007102;0.0000000007549;0.0000000006786;0.0000000006847;226483613097552
20240322 000000;0.0000000006847;0.0000000007189;0.0000000006054;0.0000000006607;154410379204059
20240323 000000;0.0000000006607;0.000000000696;0.0000000006542;0.000000000665;108045647121502
20240324 000000;0.000000000665;0.0000000006869;0.000000000637;0.0000000006806;143258758790452
20240325 000000;0.0000000006806;0.000000000762;0.0000000006527;0.0000000007106;214663586541902
20240326 000000;0.0000000007106;0.000000000762;0.0000000006719;0.0000000007002;155602720706895
20240327 000000;0.0000000007002;0.0000000007109;0.0000000006452;0.0000000006758;227126446713864
20240328 000000;0.0000000006758;0.00000000072;0.00000000065;0.0000000006903;188981819763928
20240329 000000;0.0000000006903;0.0000000006946;0.00000000064;0.0000000006625;146850565326713
20240330 000000;0.0000000006625;0.000000000677;0.0000000005965;0.0000000006202;174103356412984
20240331 000000;0.0000000006202;0.0000000006484;0.0000000006154;0.0000000006388;125568567647529
20240401 000000;0.0000000006388;0.0000000006399;0.0000000005655;0.0000000005877;140094891991782
20240402 000000;0.0000000005877;0.000000000591;0.0000000004637;0.0000000005234;241164763973595
20240403 000000;0.0000000005234;0.00000000058;0.000000000504;0.0000000005348;165962239005735
20240404 000000;0.0000000005348;0.0000000005749;0.0000000005;0.0000000005474;149031422292419
20240405 000000;0.0000000005474;0.0000000005497;0.0000000004971;0.0000000005215;130169401018491
20240406 000000;0.0000000005215;0.0000000005578;0.0000000005182;0.0000000005386;97120845793864
20240407 000000;0.0000000005386;0.0000000006106;0.0000000005357;0.0000000005761;179152723632370
20240408 000000;0.0000000005761;0.000000000705;0.0000000005615;0.0000000006745;286647001401916
20240409 000000;0.0000000006745;0.0000000006765;0.000000000585;0.0000000005856;192224838283302
20240410 000000;0.0000000005856;0.0000000006;0.0000000005502;0.0000000005924;181209612573928
20240411 000000;0.0000000005924;0.0000000006022;0.000000000524;0.0000000005511;165446235767355
20240412 000000;0.0000000005511;0.0000000005745;0.0000000003941;0.0000000004403;371518873152517
20240413 000000;0.0000000004403;0.0000000004598;0.00000000035;0.0000000003882;349568263106447
20240414 000000;0.0000000003882;0.0000000004459;0.0000000003806;0.0000000004397;200014167923206
20240415 000000;0.0000000004397;0.00000000049;0.0000000004096;0.0000000004333;230481037719843
20240416 000000;0.0000000004333;0.0000000004475;0.0000000004103;0.0000000004439;153472126832960
20240417 000000;0.0000000004439;0.0000000004652;0.0000000004138;0.0000000004376;187819621141129
20240418 000000;0.0000000004376;0.000000000479;0.0000000004201;0.0000000004606;161808113812128
20240419 000000;0.0000000004606;0.0000000004799;0.0000000004205;0.0000000004584;139920612168527
20240420 000000;0.0000000004584;0.0000000004909;0.000000000442;0.0000000004887;123060246479228
20240421 000000;0.0000000004887;0.0000000005048;0.0000000004623;0.0000000004754;120076730129733
20240422 000000;0.0000000004754;0.0000000004968;0.0000000004726;0.0000000004949;101285369470214
20240423 000000;0.0000000004949;0.0000000004968;0.0000000004503;0.0000000004686;130396951356493
20240424 000000;0.0000000004686;0.0000000004925;0.0000000004434;0.0000000004657;142696973629510
20240425 000000;0.0000000004657;0.0000000004989;0.0000000004414;0.0000000004741;133569231972223
20240426 000000;0.0000000004741;0.0000000004757;0.000000000427;0.000000000431;289236578583383
20240427 000000;0.000000000431;0.0000000004342;0.0000000004103;0.0000000004213;123574140166590
20240428 000000;0.0000000004213;0.0000000004483;0.0000000004101;0.0000000004196;130060117350829
20240429 000000;0.0000000004196;0.0000000004227;0.0000000003901;0.0000000004095;204438595417837
20240430 000000;0.0000000004095;0.0000000004182;0.0000000003659;0.0000000003873;177581441418018
20240501 000000;0.0000000003873;0.0000000003879;0.00000000035;0.0000000003785;197162979018379
20240502 000000;0.0000000003785;0.0000000003994;0.000000000361;0.0000000003896;139611253750375
20240503 000000;0.0000000003896;0.000000000417;0.000000000385;0.0000000004078;120468065425241
20240504 000000;0.0000000004078;0.0000000004441;0.0000000004034;0.0000000004257;119290413173780
20240505 000000;0.0000000004257;0.0000000004282;0.0000000004074;0.0000000004193;138202244447660
20240506 000000;0.0000000004193;0.0000000004299;0.0000000003828;0.0000000004129;170636053006066
20240507 000000;0.0000000004129;0.0000000004284;0.0000000004025;0.0000000004032;151030875747523
20240508 000000;0.0000000004032;0.000000000408;0.0000000003777;0.0000000003808;164029415894985
20240509 000000;0.0000000003808;0.0000000003978;0.0000000003741;0.0000000003958;143286896591269
20240510 000000;0.0000000003958;0.0000000004048;0.0000000003752;0.0000000003804;114779082716072
20240511 000000;0.0000000003804;0.0000000003923;0.0000000003763;0.0000000003861;95414074420292
20240512 000000;0.0000000003861;0.0000000003891;0.0000000003781;0.0000000003831;84071901706141
20240513 000000;0.0000000003831;0.0000000004151;0.000000000366;0.000000000393;126221498854167
20240514 000000;0.000000000393;0.0000000003965;0.0000000003702;0.0000000003772;119847506034854
20240515 000000;0.0000000003772;0.0000000004431;0.0000000003767;0.000000000431;184813441621621
20240516 000000;0.000000000431;0.00000000046;0.0000000003995;0.0000000004193;247493395904850
20240517 000000;0.0000000004193;0.0000000004642;0.0000000004049;0.0000000004384;254849388614022
20240518 000000;0.0000000004384;0.000000000448;0.0000000004244;0.0000000004342;97337576908527
20240519 000000;0.0000000004342;0.0000000004421;0.0000000004044;0.0000000004138;96342930432197
20240520 000000;0.0000000004138;0.00000000046;0.000000000398;0.00000000046;112289674003286
20240521 000000;0.00000000046;0.0000000004908;0.0000000004309;0.0000000004577;209208694208697
20240522 000000;0.0000000004577;0.0000000005365;0.0000000004577;0.0000000004946;262939445504439
20240523 000000;0.0000000004946;0.00000000055;0.0000000004503;0.0000000005382;215607647154174
20240524 000000;0.0000000005382;0.0000000007753;0.0000000005262;0.0000000006619;490323730596638
20240525 000000;0.0000000006619;0.00000000085;0.0000000006385;0.0000000006651;335768180901232
20240526 000000;0.0000000006651;0.0000000007064;0.0000000005655;0.000000000591;238734431170515
20240527 000000;0.000000000591;0.000000000754;0.0000000005662;0.0000000006538;366584396062074
20240528 000000;0.0000000006538;0.0000000007198;0.000000000623;0.0000000006916;256428382331727
20240529 000000;0.0000000006916;0.0000000007399;0.000000000635;0.0000000006495;202727856534472
20240530 000000;0.0000000006495;0.0000000006758;0.0000000005598;0.0000000005806;182959454529063
20240531 000000;0.0000000005806;0.0000000006225;0.0000000005569;0.0000000006223;141944216991126
20240601 000000;0.0000000006223;0.0000000007;0.0000000005851;0.0000000006173;158599284934266
20240602 000000;0.0000000006173;0.000000000625;0.0000000005736;0.000000000581;98624620193695
20240603 000000;0.000000000581;0.000000000623;0.0000000005621;0.0000000005788;139582097279290
20240604 000000;0.0000000005788;0.000000000619;0.00000000055;0.0000000006113;140911159971404
20240605 000000;0.0000000006113;0.0000000007399;0.000000000608;0.0000000006456;205241697768140
20240606 000000;0.0000000006456;0.0000000006858;0.0000000006194;0.0000000006635;178095301829608
20240607 000000;0.0000000006635;0.000000000673;0.0000000005453;0.0000000005667;144767881881074
20240608 000000;0.0000000005667;0.0000000005697;0.0000000005131;0.0000000005373;102926885531478
20240609 000000;0.0000000005373;0.0000000005899;0.0000000005163;0.0000000005675;131994192500525
20240610 000000;0.0000000005675;0.000000000568;0.0000000005257;0.0000000005366;93772841568873
20240611 000000;0.0000000005366;0.000000000537;0.00000000049;0.0000000005076;1118309522184497
20240612 000000;0.0000000005076;0.0000000005249;0.000000000475;0.0000000005027;135191942382067
20240613 000000;0.0000000005027;0.0000000005039;0.0000000004742;0.0000000004768;102959386131038
20240614 000000;0.0000000004768;0.0000000004852;0.000000000442;0.0000000004536;166231067903458
20240615 000000;0.0000000004536;0.0000000004746;0.0000000004511;0.0000000004663;94317945501777
20240616 000000;0.0000000004663;0.00000000048;0.0000000004586;0.0000000004745;76834176053463
20240617 000000;0.0000000004745;0.0000000004796;0.0000000004265;0.0000000004359;93607667470980
20240618 000000;0.0000000004359;0.0000000004499;0.000000000382;0.0000000004353;224975399006706
20240619 000000;0.0000000004353;0.0000000004852;0.0000000004231;0.0000000004318;155799844200096
20240620 000000;0.0000000004318;0.0000000004737;0.0000000004295;0.000000000452;131381628314285
20240621 000000;0.000000000452;0.000000000457;0.0000000004238;0.0000000004315;110048999013030
20240622 000000;0.0000000004315;0.0000000004382;0.0000000004238;0.0000000004277;98301484761330
20240623 000000;0.0000000004277;0.0000000004423;0.000000000412;0.0000000004214;102931116264688
20240624 000000;0.0000000004214;0.0000000004251;0.0000000003871;0.0000000004081;127766698859064
20240625 000000;0.0000000004081;0.00000000058;0.0000000004073;0.000000000448;257136923339304
20240626 000000;0.000000000448;0.0000000004769;0.0000000004207;0.0000000004393;182250395957451
20240627 000000;0.0000000004393;0.0000000004615;0.00000000042;0.0000000004378;106397761689643
20240628 000000;0.0000000004378;0.0000000004491;0.0000000004203;0.0000000004243;89018840589075
20240629 000000;0.0000000004243;0.0000000004432;0.0000000004201;0.0000000004322;99420757142541
20240630 000000;0.0000000004322;0.0000000004493;0.0000000004201;0.0000000004438;101694165415142
20240701 000000;0.0000000004438;0.00000000045;0.0000000004232;0.0000000004365;95214357781923
20240702 000000;0.0000000004365;0.0000000004465;0.0000000004211;0.0000000004314;85268026529045
20240703 000000;0.0000000004314;0.0000000004314;0.0000000003865;0.0000000003914;155839779306615
20240704 000000;0.0000000003914;0.0000000003922;0.0000000003511;0.0000000003531;145187542856051
20240705 000000;0.0000000003531;0.0000000003627;0.0000000003241;0.0000000003551;162546363314630
20240706 000000;0.0000000003551;0.000000000396;0.0000000003545;0.0000000003907;115342018276567
20240707 000000;0.0000000003907;0.000000000391;0.0000000003519;0.0000000003524;108029822004755
20240708 000000;0.0000000003524;0.0000000003879;0.000000000332;0.0000000003686;117378168253571
20240709 000000;0.0000000003686;0.0000000003758;0.0000000003583;0.0000000003685;96453209726977
20240710 000000;0.0000000003685;0.0000000003892;0.0000000003631;0.0000000003742;103469691166836
20240711 000000;0.0000000003742;0.0000000003867;0.0000000003629;0.0000000003639;118584526398527
20240712 000000;0.0000000003639;0.0000000003773;0.0000000003629;0.0000000003701;93335808687900
20240713 000000;0.0000000003701;0.000000000408;0.000000000363;0.0000000004022;154670757266759
20240714 000000;0.0000000004022;0.000000000408;0.0000000003863;0.0000000004004;114569288339848
20240715 000000;0.0000000004004;0.0000000004584;0.0000000003967;0.0000000004582;150989264993482
20240716 000000;0.0000000004582;0.0000000004592;0.0000000004185;0.0000000004446;166253776086493
20240717 000000;0.0000000004446;0.0000000004635;0.00000000042;0.0000000004235;116480663933807
20240718 000000;0.0000000004235;0.0000000004342;0.000000000401;0.0000000004158;123994025777046
20240719 000000;0.0000000004158;0.0000000004568;0.0000000004076;0.0000000004456;152226771883186
20240720 000000;0.0000000004456;0.0000000005009;0.0000000004338;0.0000000004774;197886836421605
20240721 000000;0.0000000004774;0.000000000498;0.0000000004398;0.0000000004813;256630344941076
20240722 000000;0.0000000004813;0.0000000004817;0.0000000004372;0.0000000004445;108488641491757
20240723 000000;0.0000000004445;0.000000000455;0.0000000004138;0.0000000004264;143826206391772
20240724 000000;0.0000000004264;0.0000000004365;0.0000000004061;0.0000000004106;96194070060385
20240725 000000;0.0000000004106;0.0000000004127;0.0000000003684;0.0000000003853;126619067116414
20240726 000000;0.0000000003853;0.0000000004091;0.0000000003843;0.0000000004005;107210082868496
20240727 000000;0.0000000004005;0.0000000004157;0.0000000003864;0.0000000003981;108480731623990
20240728 000000;0.0000000003981;0.0000000004074;0.0000000003931;0.0000000003936;81519563028227
20240729 000000;0.0000000003936;0.0000000004052;0.00000000038;0.0000000003894;162047649011032
20240730 000000;0.0000000003894;0.000000000394;0.0000000003808;0.0000000003884;96797524088282
20240731 000000;0.0000000003884;0.0000000004049;0.000000000377;0.0000000003781;142654080477161
20240801 000000;0.0000000003781;0.0000000004119;0.0000000003451;0.0000000003722;136655361381718
20240802 000000;0.0000000003722;0.0000000003736;0.0000000003436;0.0000000003475;111388237788829
20240803 000000;0.0000000003475;0.0000000003568;0.0000000003167;0.000000000325;171464376656347
20240804 000000;0.000000000325;0.0000000003427;0.0000000002974;0.0000000003078;149980498779702
20240805 000000;0.0000000003078;0.0000000003084;0.0000000002379;0.0000000002672;264483476414958
20240806 000000;0.0000000002672;0.0000000002971;0.000000000267;0.0000000002758;137236468240079
20240807 000000;0.0000000002758;0.0000000002915;0.00000000027;0.0000000002747;129336443151895
20240808 000000;0.0000000002747;0.0000000003149;0.0000000002729;0.0000000003147;160829326867339
20240809 000000;0.0000000003147;0.0000000003149;0.0000000003;0.0000000003026;108950098690489
20240810 000000;0.0000000003026;0.0000000003147;0.0000000002949;0.0000000003124;117372932101839
20240811 000000;0.0000000003124;0.0000000003236;0.000000000292;0.0000000002969;121274590983636
20240812 000000;0.0000000002969;0.0000000003145;0.0000000002964;0.000000000311;111872302940549
20240813 000000;0.000000000311;0.0000000003183;0.0000000002967;0.0000000003127;110455364025677
20240814 000000;0.0000000003127;0.0000000003189;0.0000000002931;0.0000000002954;129836468374145
20240815 000000;0.0000000002954;0.000000000304;0.0000000002831;0.000000000294;117027975947041
20240816 000000;0.000000000294;0.000000000299;0.0000000002849;0.0000000002956;113203594742182
20240817 000000;0.0000000002956;0.0000000003017;0.0000000002917;0.0000000002977;100757205421072
20240818 000000;0.0000000002977;0.0000000003053;0.000000000286;0.0000000002913;121952315150337
20240819 000000;0.0000000002913;0.0000000003006;0.0000000002844;0.0000000002991;120339537088140
20240820 000000;0.0000000002991;0.000000000306;0.0000000002854;0.0000000002921;131661933458199
20240821 000000;0.0000000002921;0.000000000306;0.0000000002831;0.0000000002988;139656741876501
20240822 000000;0.0000000002988;0.0000000003185;0.000000000295;0.0000000003042;139569773625799
20240823 000000;0.0000000003042;0.0000000003448;0.000000000304;0.0000000003322;190825696971753
20240824 000000;0.0000000003322;0.0000000003494;0.0000000003255;0.0000000003308;163520451797657
20240825 000000;0.0000000003308;0.0000000003319;0.0000000003173;0.000000000327;114592292909609
20240826 000000;0.000000000327;0.00000000033;0.0000000002993;0.0000000003039;147586912402715
20240827 000000;0.0000000003039;0.0000000003075;0.0000000002701;0.0000000002788;145130322101660
20240828 000000;0.0000000002788;0.0000000002889;0.0000000002682;0.0000000002753;172006927473601
20240829 000000;0.0000000002753;0.0000000003155;0.0000000002699;0.0000000003027;203404169272434
20240830 000000;0.0000000003027;0.0000000003063;0.0000000002721;0.0000000002904;189785119474627
20240831 000000;0.0000000002904;0.000000000295;0.0000000002853;0.0000000002924;102912172021284
20240901 000000;0.0000000002924;0.0000000002925;0.0000000002754;0.0000000002768;109845399171854
20240902 000000;0.0000000002768;0.0000000002988;0.0000000002758;0.0000000002882;120331662748297
20240903 000000;0.0000000002882;0.0000000002934;0.0000000002685;0.0000000002738;84388692891377
20240904 000000;0.0000000002738;0.0000000002952;0.0000000002599;0.0000000002918;70483541069869
20240905 000000;0.0000000002918;0.0000000002918;0.0000000002744;0.0000000002806;39821094896949
20240906 000000;0.0000000002806;0.0000000002899;0.000000000245;0.0000000002632;86211713507701
20240907 000000;0.0000000002632;0.0000000002817;0.0000000002631;0.0000000002759;57505430734182
20240908 000000;0.0000000002759;0.0000000002807;0.0000000002722;0.0000000002794;41276610145131
20240909 000000;0.0000000002794;0.0000000002987;0.000000000276;0.0000000002965;62633319392616
20240910 000000;0.0000000002965;0.0000000002966;0.0000000002856;0.0000000002909;35756692975767
20240911 000000;0.0000000002909;0.0000000002912;0.0000000002791;0.0000000002839;29245617547710
20240912 000000;0.0000000002839;0.0000000002879;0.0000000002504;0.0000000002524;99793663710253
20240913 000000;0.0000000002524;0.0000000002679;0.0000000002378;0.0000000002554;105754902913466
20240914 000000;0.0000000002554;0.0000000002622;0.0000000002461;0.0000000002556;34299963453562
20240915 000000;0.0000000002556;0.00000000026;0.0000000002395;0.0000000002411;59528599180162
20240916 000000;0.0000000002411;0.0000000002824;0.000000000239;0.0000000002589;185087629405648
20240917 000000;0.0000000002589;0.00000000028;0.00000000025;0.0000000002722;129641827327640
20240918 000000;0.0000000002722;0.0000000002847;0.000000000256;0.0000000002746;137558223610577
20240919 000000;0.0000000002746;0.0000000002963;0.0000000002703;0.0000000002796;173795552638844
20240920 000000;0.0000000002796;0.00000000033;0.0000000002741;0.0000000003;210096083851936
20240921 000000;0.0000000003;0.0000000003105;0.0000000002754;0.000000000289;215761877146269
20240922 000000;0.000000000289;0.0000000002927;0.0000000002671;0.0000000002781;108240029824176
20240923 000000;0.0000000002781;0.0000000002915;0.00000000025;0.0000000002654;95822334166953
20240924 000000;0.0000000002654;0.0000000003134;0.0000000002639;0.0000000002902;124930555494335
20240925 000000;0.0000000002902;0.0000000003195;0.000000000272;0.0000000003029;193999823547452
20240926 000000;0.0000000003029;0.0000000003871;0.000000000293;0.0000000003486;257614171279419
20240927 000000;0.0000000003486;0.0000000004166;0.0000000003438;0.0000000003753;239686763183052
20240928 000000;0.0000000003753;0.0000000003947;0.000000000356;0.0000000003687;157192314304987
20240929 000000;0.0000000003687;0.0000000004041;0.0000000003683;0.0000000003896;133095254856204
20240930 000000;0.0000000003896;0.0000000003931;0.0000000003456;0.0000000003493;110699672696069
20241001 000000;0.0000000003493;0.000000000373;0.000000000293;0.0000000003134;182689848997973
20241002 000000;0.0000000003134;0.0000000003182;0.000000000275;0.0000000002811;116374400155766
20241003 000000;0.0000000002811;0.0000000003041;0.0000000002706;0.0000000002987;118405317336144
20241004 000000;0.0000000002987;0.0000000003095;0.000000000288;0.0000000003069;120465821872337
20241005 000000;0.0000000003069;0.0000000003088;0.0000000002849;0.0000000002872;94937764284970
20241006 000000;0.0000000002872;0.0000000003103;0.0000000002863;0.000000000306;70385684541276
20241007 000000;0.000000000306;0.0000000003212;0.000000000295;0.0000000003041;103855244937542
20241008 000000;0.0000000003041;0.0000000003217;0.0000000002895;0.0000000003098;148440367375788
20241009 000000;0.0000000003098;0.0000000003283;0.0000000002913;0.0000000002974;201025535378747
20241010 000000;0.0000000002974;0.0000000003074;0.0000000002852;0.0000000002956;52848388254279
20241011 000000;0.0000000002956;0.0000000003141;0.0000000002924;0.0000000003114;66328939215685
20241012 000000;0.0000000003114;0.0000000003888;0.000000000306;0.0000000003587;287147429176863
20241013 000000;0.0000000003587;0.0000000003589;0.0000000003111;0.0000000003207;147745317041169
20241014 000000;0.0000000003207;0.0000000003638;0.0000000003189;0.0000000003507;222994823720802
20241015 000000;0.0000000003507;0.000000000363;0.0000000003292;0.0000000003462;209142593008362
20241016 000000;0.0000000003462;0.0000000003556;0.0000000003301;0.0000000003434;244273916151326
20241017 000000;0.0000000003434;0.0000000003469;0.0000000003212;0.000000000329;212683391799410
20241018 000000;0.000000000329;0.0000000003595;0.0000000003241;0.0000000003461;234604405431588
20241019 000000;0.0000000003461;0.0000000003557;0.00000000033;0.0000000003417;221514627364699
20241020 000000;0.0000000003417;0.00000000037;0.0000000003371;0.000000000361;241064060278740
20241021 000000;0.000000000361;0.0000000003895;0.0000000003387;0.0000000003529;235905819936485
20241022 000000;0.0000000003529;0.0000000003554;0.000000000325;0.0000000003372;234489663997821
20241023 000000;0.0000000003372;0.0000000003404;0.0000000003103;0.0000000003184;245848483342568
20241024 000000;0.0000000003184;0.00000000033;0.0000000003176;0.0000000003256;199946464696687
20241025 000000;0.0000000003256;0.0000000003293;0.0000000002915;0.000000000293;225842234198014
20241026 000000;0.000000000293;0.0000000003081;0.0000000002835;0.0000000002964;256429721429934
20241027 000000;0.0000000002964;0.0000000003036;0.0000000002888;0.000000000296;213700837009692
20241028 000000;0.000000000296;0.0000000003081;0.0000000002866;0.0000000003033;237460265486015
20241029 000000;0.0000000003033;0.000000000327;0.0000000003032;0.0000000003267;258001875395962
20241030 000000;0.0000000003267;0.000000000327;0.0000000003015;0.0000000003171;257706769431334
20241031 000000;0.0000000003171;0.0000000003224;0.0000000002851;0.0000000002997;295861298598267
20241101 000000;0.0000000002997;0.0000000003127;0.0000000002844;0.0000000003123;271420461092188
20241102 000000;0.0000000003123;0.0000000003123;0.0000000002777;0.0000000002832;213053484438230
20241103 000000;0.0000000002832;0.0000000002876;0.0000000002555;0.0000000002702;251134023979848
20241104 000000;0.0000000002702;0.0000000002826;0.000000000261;0.0000000002668;249899205698133
20241105 000000;0.0000000002668;0.0000000002886;0.00000000026;0.0000000002829;255421159937414
20241106 000000;0.0000000002829;0.0000000003126;0.0000000002823;0.0000000003082;264517827067096
20241107 000000;0.0000000003082;0.000000000351;0.0000000003003;0.0000000003324;342217225520788
20241108 000000;0.0000000003324;0.000000000352;0.0000000003071;0.0000000003485;302064350966070
20241109 000000;0.0000000003485;0.0000000003588;0.000000000303;0.0000000003369;285754718084502
20241110 000000;0.0000000003369;0.00000000059;0.000000000336;0.0000000004537;835482652924785
20241111 000000;0.0000000004537;0.0000000007069;0.0000000004331;0.000000000601;806093890892401
20241112 000000;0.000000000601;0.0000000006512;0.0000000004516;0.0000000005134;670994399348534
20241113 000000;0.0000000005134;0.0000000005458;0.0000000004407;0.0000000005012;478089567504220
20241114 000000;0.0000000005012;0.0000000005405;0.0000000004462;0.0000000004645;387227007164460
20241115 000000;0.0000000004645;0.0000000004861;0.0000000004298;0.0000000004738;313854359957507
20241116 000000;0.0000000004738;0.0000000004851;0.0000000004354;0.0000000004616;385252306046193
20241117 000000;0.0000000004616;0.0000000005243;0.0000000004196;0.0000000004553;488435614736408
20241118 000000;0.0000000004553;0.0000000005619;0.0000000004521;0.0000000004791;482000865315124
20241119 000000;0.0000000004791;0.0000000004876;0.0000000004466;0.0000000004531;276858464616811
20241120 000000;0.0000000004531;0.0000000004836;0.0000000004168;0.0000000004334;231111410958868
20241121 000000;0.0000000004334;0.0000000004746;0.0000000004;0.0000000004553;311354531727860
20241122 000000;0.0000000004553;0.000000000463;0.0000000004175;0.0000000004406;254670463601703
20241123 000000;0.0000000004406;0.0000000004851;0.0000000004309;0.000000000452;340330693947752
20241124 000000;0.000000000452;0.0000000004631;0.0000000004176;0.0000000004399;226857808026773
20241125 000000;0.0000000004399;0.0000000004764;0.0000000004176;0.0000000004274;209493799020230
20241126 000000;0.0000000004274;0.0000000004407;0.000000000383;0.0000000003974;222931607353086
20241127 000000;0.0000000003974;0.0000000004352;0.0000000003938;0.000000000431;209265231557466
20241128 000000;0.000000000431;0.0000000004749;0.000000000401;0.0000000004137;204295310949623
20241129 000000;0.0000000004137;0.0000000004499;0.0000000004033;0.0000000004393;227030533794711
20241130 000000;0.0000000004393;0.000000000446;0.0000000004089;0.0000000004279;269940934211810
20241201 000000;0.0000000004279;0.0000000005541;0.000000000421;0.0000000004989;404168358521451
20241202 000000;0.0000000004989;0.0000000005337;0.000000000438;0.000000000457;319275518937943
20241203 000000;0.000000000457;0.0000000004807;0.0000000004324;0.00000000047;310309589071865
20241204 000000;0.00000000047;0.000000000522;0.0000000004469;0.0000000004922;409105841494040
20241205 000000;0.0000000004922;0.000000000589;0.0000000004657;0.0000000004985;361812009576132
20241206 000000;0.0000000004985;0.0000000005562;0.000000000473;0.0000000005136;333417794897995
20241207 000000;0.0000000005136;0.0000000007661;0.0000000005082;0.0000000006882;717708612666563
20241208 000000;0.0000000006882;0.00000000072;0.00000000062;0.0000000006567;268150823027688
20241209 000000;0.0000000006567;0.0000000006598;0.0000000005;0.0000000005455;328724566028329
20241210 000000;0.0000000005455;0.0000000005576;0.0000000004801;0.000000000524;257052257558843
20241211 000000;0.000000000524;0.0000000005734;0.0000000005071;0.000000000568;223059536540489
20241212 000000;0.000000000568;0.0000000006317;0.0000000005323;0.0000000005419;277627804882857
20241213 000000;0.0000000005419;0.0000000005733;0.0000000005152;0.0000000005471;227618097736469
20241214 000000;0.0000000005471;0.0000000005532;0.0000000005;0.0000000005075;212679647665254
20241215 000000;0.0000000005075;0.0000000005442;0.0000000005058;0.0000000005298;199883018934469
20241216 000000;0.0000000005298;0.0000000005757;0.0000000005069;0.0000000005488;178756826606542
20241217 000000;0.0000000005488;0.00000000055;0.00000000048;0.0000000004943;228933678173659
20241218 000000;0.0000000004943;0.0000000005016;0.000000000394;0.0000000004238;314119780305048
20241219 000000;0.0000000004238;0.0000000004499;0.0000000003673;0.0000000003813;356192820789651
20241220 000000;0.0000000003813;0.0000000004144;0.0000000003402;0.0000000004143;270988532533991
20241221 000000;0.0000000004143;0.0000000004378;0.0000000003797;0.0000000004078;257490959340777
20241222 000000;0.0000000004078;0.0000000004198;0.0000000003806;0.0000000003951;195134050825487
20241223 000000;0.0000000003951;0.0000000004215;0.000000000386;0.0000000004204;181101444491624
20241224 000000;0.0000000004204;0.0000000004403;0.0000000004002;0.0000000004207;177768831985124
20241225 000000;0.0000000004207;0.0000000004288;0.0000000004076;0.0000000004113;168406866282583
20241226 000000;0.0000000004113;0.0000000004279;0.0000000003681;0.0000000004037;240906973058477
20241227 000000;0.0000000004037;0.0000000004185;0.0000000003635;0.0000000003948;327054534922614
20241228 000000;0.0000000003948;0.000000000407;0.0000000003911;0.0000000004048;149679285451613
20241229 000000;0.0000000004048;0.0000000004049;0.0000000003812;0.0000000003868;178570807629805
20241230 000000;0.0000000003868;0.0000000004189;0.0000000003664;0.0000000003823;216323128282522
20241231 000000;0.0000000003823;0.000000000408;0.0000000003687;0.0000000003777;178429799780442
