20260101 000000;0.00000000003913;0.000000000041;0.0000000000365;0.00000000003897;1655493736268185
20260102 000000;0.00000000003897;0.00000000004266;0.00000000003878;0.00000000004127;1427430560563923
20260103 000000;0.00000000004127;0.00000000004184;0.00000000004044;0.00000000004139;1330013205239367
20260104 000000;0.00000000004139;0.00000000004497;0.000000000039;0.00000000004117;1398073173822594
20260105 000000;0.00000000004117;0.00000000004215;0.0000000000406;0.00000000004136;1328676071545751
20260106 000000;0.00000000004136;0.00000000004355;0.000000000041;0.0000000000428;1351007765647811
20260107 000000;0.0000000000428;0.00000000004354;0.00000000004038;0.00000000004097;1338206967836855
20260108 000000;0.00000000004097;0.00000000004109;0.0000000000381;0.00000000003887;1473578864554868
20260109 000000;0.00000000003887;0.00000000003923;0.0000000000372;0.00000000003917;1470555183282450
20260110 000000;0.00000000003917;0.00000000004035;0.00000000003893;0.00000000003924;1401688716940591
20260111 000000;0.00000000003924;0.00000000004175;0.00000000003824;0.00000000003854;1399892198251414
20260112 000000;0.00000000003854;0.00000000003947;0.00000000003841;0.00000000003874;1373804775264371
20260113 000000;0.00000000003874;0.000000000042;0.0000000000387;0.0000000000416;1419019215734154
20260114 000000;0.0000000000416;0.00000000004558;0.00000000003994;0.0000000000424;1442769812012580
20260115 000000;0.0000000000424;0.00000000004845;0.00000000003905;0.00000000004058;1475247646320655
20260116 000000;0.00000000004058;0.00000000004129;0.00000000003936;0.00000000004044;1307986988545465
20260117 000000;0.00000000004044;0.00000000004175;0.00000000003996;0.0000000000414;1280308824538024
20260118 000000;0.0000000000414;0.00000000004176;0.0000000000387;0.00000000003873;1429944797763531
20260119 000000;0.00000000003873;0.0000000000403;0.00000000003543;0.00000000003828;1499420997567345
20260120 000000;0.00000000003828;0.00000000003849;0.0000000000353;0.00000000003533;1480202082720816
20260121 000000;0.00000000003533;0.00000000003648;0.0000000000352;0.00000000003564;1572359174481788
20260122 000000;0.00000000003564;0.00000000003602;0.00000000003521;0.00000000003588;1483662734855197
20260123 000000;0.00000000003588;0.00000000003599;0.00000000003002;0.00000000003494;1631873071048723
20260124 000000;0.00000000003494;0.00000000003603;0.00000000003468;0.00000000003572;1466871286352642
20260125 000000;0.00000000003572;0.00000000003574;0.00000000003144;0.00000000003202;1716918646295751
20260126 000000;0.00000000003202;0.00000000003704;0.00000000003188;0.0000000000356;1593534648438069
20260127 000000;0.0000000000356;0.00000000003742;0.00000000003454;0.0000000000369;1434869671379512
20260128 000000;0.0000000000369;0.00000000003868;0.00000000003561;0.00000000003676;1586963072660143
20260129 000000;0.00000000003676;0.00000000003676;0.00000000003353;0.00000000003596;1500848659174382
20260130 000000;0.00000000003596;0.00000000003622;0.00000000003161;0.00000000003194;1717282712429289
20260131 000000;0.00000000003194;0.00000000003623;0.00000000002451;0.00000000002976;1905324140377894
20260201 000000;0.00000000002976;0.00000000003161;0.0000000000287;0.00000000002899;1950773014631180
20260202 000000;0.00000000002899;0.000000000029;0.00000000002611;0.00000000002826;2038452370060738
20260203 000000;0.00000000002826;0.00000000002933;0.00000000002263;0.00000000002769;2200772167690123
20260204 000000;0.00000000002769;0.00000000003531;0.00000000002728;0.00000000002833;1920374523262579
20260205 000000;0.00000000002833;0.00000000002858;0.00000000002189;0.00000000002405;2240273779927228
20260206 000000;0.00000000002405;0.00000000003999;0.00000000002291;0.00000000002591;2558573943374995
20260207 000000;0.00000000002591;0.00000000002612;0.00000000002292;0.00000000002547;2503599047174971
20260208 000000;0.00000000002547;0.00000000002674;0.00000000002326;0.00000000002558;2138721916111700
20260209 000000;0.00000000002558;0.0000000000273;0.00000000002449;0.00000000002617;2117043489986971
20260210 000000;0.00000000002617;0.00000000002622;0.00000000002263;0.00000000002496;2185312007975669
20260211 000000;0.00000000002496;0.00000000002577;0.00000000002371;0.00000000002408;2227409410595183
20260212 000000;0.00000000002408;0.0000000000251;0.00000000002395;0.00000000002428;2287197491107644
20260213 000000;0.00000000002428;0.00000000002621;0.00000000002402;0.00000000002581;2228283335969212
20260214 000000;0.00000000002581;0.00000000002708;0.00000000002542;0.00000000002676;2105382108636049
20260215 000000;0.00000000002676;0.00000000003126;0.00000000002454;0.00000000002536;2075135071359809
20260216 000000;0.00000000002536;0.00000000002631;0.000000000024;0.00000000002501;2267345878329793
20260217 000000;0.00000000002501;0.00000000002665;0.00000000002258;0.00000000002489;2344667294067751
20260218 000000;0.00000000002489;0.000000000026;0.00000000002337;0.00000000002492;2260490905873340
20260219 000000;0.00000000002492;0.00000000002559;0.00000000002401;0.00000000002495;2333654436206122
20260220 000000;0.00000000002495;0.00000000002613;0.00000000002442;0.00000000002512;2168338916327415
20260221 000000;0.00000000002512;0.00000000002585;0.00000000002478;0.00000000002513;2078852776301866
20260222 000000;0.00000000002513;0.0000000000256;0.00000000002468;0.00000000002483;2246546892630316
20260223 000000;0.00000000002483;0.00000000002528;0.00000000002324;0.00000000002403;2380816898930438
20260224 000000;0.00000000002403;0.00000000002442;0.000000000023;0.00000000002431;2275985943576949
20260225 000000;0.00000000002431;0.000000000027;0.00000000002417;0.00000000002573;2379401424313940
20260226 000000;0.00000000002573;0.00000000002651;0.00000000002468;0.00000000002593;2167350830337438
20260227 000000;0.00000000002593;0.00000000002942;0.00000000002472;0.00000000002512;2243407096811743
20260228 000000;0.00000000002512;0.00000000003333;0.000000000023;0.00000000002675;2765538623512742
20260301 000000;0.00000000002675;0.00000000004;0.00000000002504;0.00000000002554;2578490874621563
20260302 000000;0.00000000002554;0.00000000002944;0.0000000000244;0.00000000002723;2367725415009482
20260303 000000;0.00000000002723;0.00000000002725;0.00000000002381;0.00000000002505;2244789719219207
20260304 000000;0.00000000002505;0.00000000002713;0.00000000002444;0.00000000002608;2143342131232511
20260305 000000;0.00000000002608;0.00000000002611;0.0000000000249;0.00000000002553;2202167635682739
20260306 000000;0.00000000002553;0.00000000002586;0.00000000002475;0.00000000002479;2098842778712078
20260307 000000;0.00000000002479;0.00000000002499;0.0000000000242;0.00000000002459;2202379648202055
20260308 000000;0.00000000002459;0.0000000000255;0.0000000000242;0.00000000002439;2301644142635737
20260309 000000;0.00000000002439;0.00000000002545;0.0000000000237;0.00000000002419;2208265657090755
20260310 000000;0.00000000002419;0.00000000002611;0.00000000002401;0.0000000000252;2223954752715110
20260311 000000;0.0000000000252;0.00000000002606;0.00000000002462;0.00000000002526;2212321591850868
20260312 000000;0.00000000002526;0.0000000000259;0.00000000002499;0.00000000002561;2091000074222681
20260313 000000;0.00000000002561;0.00000000002716;0.00000000002511;0.00000000002554;2150162833419248
20260314 000000;0.00000000002554;0.0000000000319;0.00000000002513;0.00000000002771;2293814078762027
20260315 000000;0.00000000002771;0.0000000000395;0.00000000002743;0.0000000000336;2108439696843586
20260316 000000;0.0000000000336;0.00000000003387;0.000000000029;0.00000000003253;1806696738832787
20260317 000000;0.00000000003253;0.000000000039;0.00000000003174;0.0000000000332;1677385776289939
20260318 000000;0.0000000000332;0.00000000003524;0.00000000002899;0.00000000003315;1861222222228427
20260319 000000;0.00000000003315;0.00000000003383;0.00000000002946;0.00000000003038;1768391326754678
20260320 000000;0.00000000003038;0.00000000003127;0.00000000002898;0.0000000000299;1915923612306521
20260321 000000;0.0000000000299;0.00000000003112;0.00000000002904;0.00000000003101;1923171852346870
20260322 000000;0.00000000003101;0.00000000003368;0.00000000002781;0.00000000002847;2015217626196863
20260323 000000;0.00000000002847;0.00000000003198;0.00000000002752;0.00000000003066;1923304362402651
20260324 000000;0.00000000003066;0.00000000003197;0.00000000002975;0.00000000003099;1833009701720190
20260325 000000;0.00000000003099;0.00000000003975;0.00000000002893;0.0000000000309;1907259599340246
20260326 000000;0.0000000000309;0.00000000003681;0.00000000002899;0.00000000003143;2213686567811863
20260327 000000;0.00000000003143;0.00000000003144;0.00000000002839;0.00000000002895;1829938002705492
20260328 000000;0.00000000002895;0.00000000002963;0.00000000002605;0.0000000000274;2015328173849133
20260329 000000;0.0000000000274;0.0000000000287;0.0000000000273;0.00000000002822;1957238354344228
20260330 000000;0.00000000002822;0.00000000003069;0.00000000002803;0.00000000002836;1961889441823641
20260331 000000;0.00000000002836;0.00000000003068;0.00000000002836;0.00000000003;1986366509845610
20260401 000000;0.00000000003;0.00000000003082;0.00000000002827;0.00000000003018;1835939441425245
20260402 000000;0.00000000003018;0.00000000003062;0.0000000000272;0.00000000002808;1953426913774664
20260403 000000;0.00000000002808;0.00000000003119;0.000000000028;0.0000000000306;2120140232005034
20260404 000000;0.0000000000306;0.00000000003241;0.00000000002938;0.00000000002995;1892975753008620
20260405 000000;0.00000000002995;0.0000000000313;0.00000000002792;0.00000000002904;1868598313874794
20260406 000000;0.00000000002904;0.00000000003099;0.00000000002871;0.00000000003009;1849524752377744
20260407 000000;0.00000000003009;0.00000000003044;0.00000000002724;0.00000000003037;1934623444725148
20260408 000000;0.00000000003037;0.00000000003311;0.00000000002993;0.00000000003231;1776029094418833
20260409 000000;0.00000000003231;0.00000000003236;0.00000000003009;0.00000000003104;1805137385415418
20260410 000000;0.00000000003104;0.0000000000335;0.00000000003023;0.00000000003305;1812322031764202
20260411 000000;0.00000000003305;0.00000000003346;0.00000000003136;0.00000000003213;1702485078215691
20260412 000000;0.00000000003213;0.0000000000325;0.0000000000291;0.00000000002946;1779895102798578
20260413 000000;0.00000000002946;0.00000000003416;0.00000000002879;0.00000000003388;1791482894295969
20260414 000000;0.00000000003388;0.00000000003457;0.00000000003267;0.00000000003377;1689848044608276
20260415 000000;0.00000000003377;0.00000000004557;0.00000000003204;0.00000000004288;1722247000868020
20260416 000000;0.00000000004288;0.00000000004801;0.00000000003746;0.0000000000436;1560776902005031
20260417 000000;0.0000000000436;0.00000000004371;0.00000000003823;0.00000000004047;1502951898960145
20260418 000000;0.00000000004047;0.00000000004211;0.00000000003904;0.00000000004189;1452971485619597
20260419 000000;0.00000000004189;0.000000000052;0.00000000004014;0.00000000004503;1361503367051860
20260420 000000;0.00000000004503;0.00000000004748;0.0000000000422;0.00000000004715;1298039711129352
20260421 000000;0.00000000004715;0.00000000004749;0.00000000004403;0.00000000004431;1185144916524190
20260422 000000;0.00000000004431;0.00000000005939;0.000000000044;0.00000000005251;1435962654402984
20260423 000000;0.00000000005251;0.000000000095;0.00000000004869;0.00000000007839;1708421411524926
20260424 000000;0.00000000007839;0.00000000009879;0.00000000007495;0.00000000008441;1275272800595853
20260425 000000;0.00000000008441;0.00000000009156;0.00000000007838;0.00000000008272;811503469629141
20260426 000000;0.00000000008272;0.000000000098;0.00000000008157;0.00000000008616;774148682486946
20260427 000000;0.00000000008616;0.000000000095;0.000000000078;0.00000000008781;862126985154153
20260428 000000;0.00000000008781;0.000000000091;0.00000000008222;0.00000000008812;778884924006871
20260429 000000;0.00000000008812;0.00000000009054;0.00000000008053;0.00000000008407;783613999946366
20260430 000000;0.00000000008407;0.00000000008549;0.00000000008053;0.00000000008156;702935182604079
20260501 000000;0.00000000008156;0.00000000008413;0.00000000007196;0.00000000007837;914595307313211
20260502 000000;0.00000000007837;0.000000000091;0.00000000007722;0.00000000009078;783124139048356
20260503 000000;0.00000000009078;0.00000000011284;0.00000000008031;0.000000000107;889169312100940
20260504 000000;0.000000000107;0.000000000145;0.00000000010427;0.00000000011733;756936139501694
20260505 000000;0.00000000011733;0.00000000014;0.000000000102;0.00000000010498;727137493649911
20260506 000000;0.00000000010498;0.00000000011316;0.00000000010292;0.00000000010416;603252623130831
20260507 000000;0.00000000010416;0.00000000010536;0.00000000009412;0.00000000009531;675598164296556
20260508 000000;0.00000000009531;0.00000000012049;0.00000000009416;0.00000000010418;636733288770134
20260509 000000;0.00000000010418;0.0000000001282;0.00000000009858;0.00000000012051;740738109857693
20260510 000000;0.00000000012051;0.000000000234;0.00000000011804;0.00000000018499;883189180956964
20260511 000000;0.00000000018499;0.00000000025999;0.00000000016638;0.0000000002271;899398294067638
20260512 000000;0.0000000002271;0.000000000255;0.0000000001952;0.00000000020598;577731914190476
20260513 000000;0.00000000020598;0.000000000329;0.0000000001952;0.00000000028876;720098206160100
20260514 000000;0.00000000028876;0.00000000039;0.00000000023599;0.00000000036223;1159282378546349
20260515 000000;0.00000000036223;0.00000000042693;0.0000000003;0.00000000030001;606412500717309
20260516 000000;0.00000000030001;0.00000000033499;0.00000000023;0.00000000028942;690169414905862
20260517 000000;0.00000000028942;0.00000000032;0.000000000186;0.00000000020949;810202703713720
20260518 000000;0.00000000020949;0.00000000031;0.0000000001881;0.00000000024302;1395391334906644
20260519 000000;0.00000000024302;0.00000000024713;0.0000000002175;0.00000000021786;401028930790638
20260520 000000;0.00000000021786;0.00000000027226;0.0000000002001;0.00000000023622;569353647406204
20260521 000000;0.00000000023622;0.00000000024445;0.00000000021001;0.00000000022231;347832650561413
20260522 000000;0.00000000022231;0.00000000023042;0.00000000018;0.00000000019034;410952105939289
20260523 000000;0.00000000019034;0.00000000022657;0.00000000017271;0.00000000020794;540831322778357
20260524 000000;0.00000000020794;0.00000000020814;0.00000000018;0.00000000018488;410441370529917
20260525 000000;0.00000000018488;0.00000000018958;0.0000000001635;0.00000000018121;415457001768996
20260526 000000;0.00000000018121;0.00000000018536;0.00000000016186;0.00000000016194;467844827249917
20260527 000000;0.00000000016194;0.00000000016607;0.00000000014374;0.00000000014677;538240836809590
20260528 000000;0.00000000014677;0.00000000016794;0.00000000013586;0.00000000015603;570481306221506
20260529 000000;0.00000000015603;0.0000000002345;0.00000000014871;0.00000000018946;736292819861514
20260530 000000;0.00000000018946;0.00000000022;0.00000000018531;0.00000000020637;503494073588699
20260531 000000;0.00000000020637;0.00000000021412;0.00000000018008;0.00000000018663;476091451827642
20260601 000000;0.00000000018663;0.0000000001889;0.0000000001657;0.00000000017172;472706831056849
20260602 000000;0.00000000017172;0.00000000017666;0.00000000015011;0.00000000015804;451615411030834
20260603 000000;0.00000000015804;0.00000000016353;0.00000000014955;0.00000000015109;410081798646407
20260604 000000;0.00000000015109;0.00000000017;0.00000000014202;0.00000000014889;478741051722873
20260605 000000;0.00000000014889;0.00000000014927;0.00000000012;0.00000000012432;564599356574468
20260606 000000;0.00000000012432;0.00000000012432;0.000000000106;0.00000000012145;704537553020986
20260607 000000;0.00000000012145;0.00000000015;0.00000000011901;0.00000000013717;625931961052706
20260608 000000;0.00000000013717;0.00000000014591;0.00000000013509;0.00000000014036;459628946323104
20260609 000000;0.00000000014036;0.00000000014462;0.00000000012772;0.00000000013361;457984169869099
20260610 000000;0.00000000013361;0.0000000001345;0.00000000011863;0.00000000012036;527389884977744
20260611 000000;0.00000000012036;0.00000000013003;0.00000000011878;0.00000000012511;479792728630724
20260612 000000;0.00000000012511;0.00000000012989;0.00000000012223;0.00000000012704;462121728078351
20260613 000000;0.00000000012704;0.00000000013256;0.00000000012089;0.00000000012727;476954107198101
20260614 000000;0.00000000012727;0.00000000015322;0.00000000011401;0.0000000001523;739662122105578
20260615 000000;0.0000000001523;0.00000000017999;0.0000000001441;0.00000000016723;682700757126594
20260616 000000;0.00000000016723;0.0000000001722;0.00000000015444;0.00000000015446;419691455657395
20260617 000000;0.00000000015446;0.00000000015678;0.00000000014112;0.00000000014807;433051902463187
20260618 000000;0.00000000014807;0.00000000015219;0.00000000013814;0.000000000148;439347908352627
20260619 000000;0.000000000148;0.00000000014901;0.000000000124;0.00000000013747;452860159636807
20260620 000000;0.00000000013747;0.00000000014998;0.00000000013413;0.0000000001454;362651786682541
