20260101 000000;0.00583;0.006182;0.005701;0.005827;14846745.75
20260102 000000;0.005827;0.00631;0.005714;0.005998;12166935.95
20260103 000000;0.005998;0.006599;0.00572;0.005943;14654237.8
20260104 000000;0.005943;0.006424;0.00586;0.006084;14585270.13
20260105 000000;0.006084;0.006422;0.005868;0.006083;15586346.87
20260106 000000;0.006083;0.006729;0.005941;0.006251;20918229.37
20260107 000000;0.006251;0.00638;0.005881;0.006031;21631379.85
20260108 000000;0.006031;0.006139;0.005901;0.006138;18675895.43
20260109 000000;0.006138;0.006361;0.005896;0.006083;21400615.75
20260110 000000;0.006083;0.006154;0.0059;0.005984;21417687.85
20260111 000000;0.005984;0.006176;0.005924;0.006064;20985575.75
20260112 000000;0.006064;0.006177;0.005714;0.006;20968631.17
20260113 000000;0.006;0.006428;0.005801;0.006277;21442461.24
20260114 000000;0.006277;0.006287;0.005722;0.006064;19508997.31
20260115 000000;0.006064;0.006149;0.0055;0.005804;23686635.52
20260116 000000;0.005804;0.006039;0.005503;0.005806;22838056.63
20260117 000000;0.005806;0.007586;0.005708;0.006427;20432250.18
20260118 000000;0.006427;0.006439;0.005837;0.005941;18608849.3
20260119 000000;0.005941;0.005952;0.0056;0.005605;20572764.18
20260120 000000;0.005605;0.005936;0.005496;0.005501;22268097.67
20260121 000000;0.005501;0.005914;0.005345;0.005454;19440399.37
20260122 000000;0.005454;0.005692;0.005415;0.005649;20909444.65
20260123 000000;0.005649;0.005996;0.005406;0.005543;20986044.52
20260124 000000;0.005543;0.005571;0.005;0.005327;15937508.66
20260125 000000;0.005327;0.005476;0.005156;0.005413;20311876.21
20260126 000000;0.005413;0.0058;0.005238;0.005538;21513527.31
20260127 000000;0.005538;0.005876;0.00509;0.005445;19535519.48
20260128 000000;0.005445;0.006014;0.005184;0.00538;17343484.46
20260129 000000;0.00538;0.005928;0.005212;0.005517;16504848.69
20260130 000000;0.005517;0.006064;0.00538;0.005684;13347273.08
20260131 000000;0.005684;0.006559;0.005651;0.005765;13165429.38
20260201 000000;0.005765;0.005826;0.005251;0.005475;13342605.02
20260202 000000;0.005475;0.005956;0.0052;0.005227;10417852.25
20260203 000000;0.005227;0.005795;0.004991;0.005379;16032855.05
20260204 000000;0.005379;0.005494;0.005063;0.00519;15111112.75
20260205 000000;0.00519;0.005491;0.0045;0.004775;15842306.97
20260206 000000;0.004775;0.005598;0.004525;0.005393;17038418.21
20260207 000000;0.005393;0.006089;0.005159;0.005578;15009679.17
20260208 000000;0.005578;0.008368;0.005491;0.007875;12013171.48
20260209 000000;0.007875;0.008368;0.005516;0.006899;10230560.91
20260210 000000;0.006899;0.006963;0.005898;0.006157;13130805.66
20260211 000000;0.006157;0.006231;0.005832;0.005834;12934942.05
20260212 000000;0.005834;0.006015;0.005496;0.005773;13455599.29
20260213 000000;0.005773;0.008595;0.005769;0.006281;11563584.62
20260214 000000;0.006281;0.006464;0.006;0.006159;12624198.2
20260215 000000;0.006159;0.006242;0.0052;0.005594;13871542.64
20260216 000000;0.005594;0.005711;0.00512;0.005551;13911317.12
20260217 000000;0.005551;0.006078;0.005417;0.005925;14587170.46
20260218 000000;0.005925;0.0065;0.00571;0.00639;13103355.9
20260219 000000;0.00639;0.007198;0.0058;0.00595;13183758.26
20260220 000000;0.00595;0.007879;0.005798;0.006549;14248520.48
20260221 000000;0.006549;0.007233;0.00643;0.00677;11116407.05
20260222 000000;0.00677;0.006799;0.0055;0.006434;13218493.72
20260223 000000;0.006434;0.006439;0.005707;0.005938;13649417.74
20260224 000000;0.005938;0.00629;0.005721;0.006251;13393921.44
20260225 000000;0.006251;0.007162;0.0062;0.006675;12466621.53
20260226 000000;0.006675;0.00669;0.004672;0.005168;15531625.86
20260227 000000;0.005168;0.005999;0.005016;0.005253;16174143.85
20260228 000000;0.005253;0.005479;0.0048;0.005262;16582987.11
20260301 000000;0.005262;0.005263;0.00485;0.004868;15743434.11
20260302 000000;0.004868;0.005018;0.004509;0.004751;16301779.7
20260303 000000;0.004751;0.005068;0.004468;0.005003;17244482.23
20260304 000000;0.005003;0.00522;0.004684;0.005191;16511306.26
20260305 000000;0.005191;0.005195;0.0041;0.004386;17497886.96
20260306 000000;0.004386;0.004562;0.004218;0.004534;17543761.43
20260307 000000;0.004534;0.0047;0.00433;0.00458;16967810.7
20260308 000000;0.00458;0.004674;0.004221;0.004321;18204936.44
20260309 000000;0.004321;0.00448;0.003831;0.00447;19876357.39
20260310 000000;0.00447;0.004494;0.004246;0.004482;16788611.39
20260311 000000;0.004482;0.004493;0.004243;0.004387;17959951.79
20260312 000000;0.004387;0.004487;0.004243;0.0043;18295245.05
20260313 000000;0.0043;0.005122;0.004291;0.005109;12621028.41
20260314 000000;0.005109;0.005118;0.00469;0.004963;18391243.36
20260315 000000;0.004963;0.004965;0.004929;0.004954;16280784.16
20260316 000000;0.004954;0.0055;0.004942;0.005367;12401403.34
20260317 000000;0.005367;0.005723;0.005076;0.005665;16110211.93
20260318 000000;0.005665;0.006199;0.005155;0.005296;15223739.28
20260319 000000;0.005296;0.005568;0.004815;0.005166;15411367.21
20260320 000000;0.005166;0.005658;0.004307;0.004664;5141353.37
20260321 000000;0.004664;0.0051;0.004468;0.00477;4458069.79
20260322 000000;0.00477;0.005262;0.004762;0.005054;4020049.37
20260323 000000;0.005054;0.005272;0.004578;0.004747;4448310.13
20260324 000000;0.004747;0.004951;0.004721;0.004813;4324124.53
20260325 000000;0.004813;0.005149;0.00458;0.005083;3731250.3
20260326 000000;0.005083;0.00522;0.004766;0.004998;23651836.18
20260327 000000;0.004998;0.005146;0.004771;0.004955;15609661.7
20260328 000000;0.004955;0.004955;0.004622;0.004923;12372899.62
20260329 000000;0.004923;0.004931;0.004634;0.00475;16006167.8
20260330 000000;0.00475;0.004898;0.004659;0.004822;9730906.28
20260331 000000;0.004822;0.004861;0.004669;0.004726;16169679.78
20260401 000000;0.004726;0.006196;0.004722;0.005184;11163300.61
20260402 000000;0.005184;0.005455;0.004364;0.004616;8906023.71
20260403 000000;0.004616;0.004731;0.004526;0.004728;7897423.55
20260404 000000;0.004728;0.0056;0.004717;0.005128;3849805.94
20260405 000000;0.005128;0.005454;0.004753;0.005004;6720785.32
20260406 000000;0.005004;0.005969;0.0048;0.005039;7018299.29
20260407 000000;0.005039;0.005956;0.00502;0.005653;7063289.95
20260408 000000;0.005653;0.006162;0.004997;0.005098;6678657.29
20260409 000000;0.005098;0.006199;0.00482;0.004839;6856796.29
20260410 000000;0.004839;0.005348;0.00478;0.005007;6495385.6
20260411 000000;0.005007;0.005605;0.004914;0.005147;7891579.72
20260412 000000;0.005147;0.005307;0.004872;0.005122;7154841.08
20260413 000000;0.005122;0.005238;0.004851;0.004983;6314056.56
20260414 000000;0.004983;0.004987;0.004829;0.004848;8059634.92
20260415 000000;0.004848;0.005999;0.00479;0.00492;5437663.1
20260416 000000;0.00492;0.00559;0.004513;0.00467;14326862.02
20260417 000000;0.00467;0.004945;0.004477;0.004659;11718071.56
20260418 000000;0.004659;0.004925;0.004551;0.004894;7690394.16
20260419 000000;0.004894;0.00549;0.004592;0.004968;6375005.75
20260420 000000;0.004968;0.005099;0.004702;0.004921;5795843.65
20260421 000000;0.004921;0.005048;0.004281;0.004582;6755826.31
20260422 000000;0.004582;0.004853;0.004401;0.004827;5996816.93
20260423 000000;0.004827;0.006755;0.004455;0.006074;5084946.59
20260424 000000;0.006074;0.006241;0.005507;0.006217;4209290.78
20260425 000000;0.006217;0.006348;0.005509;0.006342;4149007.13
20260426 000000;0.006342;0.00951;0.006;0.007923;4025709.79
20260427 000000;0.007923;0.009199;0.007163;0.007164;3309067.29
20260428 000000;0.007164;0.007522;0.005006;0.005754;11424613.97
20260429 000000;0.005754;0.012903;0.005607;0.008051;3734998.16
20260430 000000;0.008051;0.011055;0.007986;0.009983;3229720.18
20260501 000000;0.009983;0.0125;0.009502;0.011273;2834735.71
20260502 000000;0.011273;0.012196;0.009523;0.012042;2143606.81
20260503 000000;0.012042;0.0125;0.010634;0.012009;1490900.47
20260504 000000;0.012009;0.0125;0.010667;0.01196;2357531.48
20260505 000000;0.01196;0.0125;0.00912;0.011503;2413630.54
20260506 000000;0.011503;0.0125;0.01063;0.011582;1714693.48
20260507 000000;0.011582;0.012407;0.010221;0.01229;1624734.26
20260508 000000;0.01229;0.0175;0.011053;0.014572;2552798.71
20260509 000000;0.014572;0.017949;0.014571;0.016407;1209362.7
20260510 000000;0.016407;0.017998;0.0141;0.016383;1421032.7
20260511 000000;0.016383;0.0183;0.015545;0.017127;1420649.25
20260512 000000;0.017127;0.017745;0.0145;0.015262;1685332.63
20260513 000000;0.015262;0.015267;0.014301;0.014565;2146756.21
20260514 000000;0.014565;0.015265;0.009951;0.011919;2698051.38
20260515 000000;0.011919;0.01281;0.009233;0.010085;3377238.74
20260516 000000;0.010085;0.01072;0.009529;0.010125;3759240.14
20260517 000000;0.010125;0.01211;0.009909;0.011564;2829191.65
20260518 000000;0.011564;0.01449;0.010122;0.012693;2868882.12
20260519 000000;0.012693;0.015265;0.012091;0.012586;2229189.59
20260520 000000;0.012586;0.014625;0.012096;0.012267;1437590.65
20260521 000000;0.012267;0.013063;0.012083;0.012193;2040980.81
20260522 000000;0.012193;0.012779;0.0117;0.011807;2333966.28
20260523 000000;0.011807;0.012093;0.01046;0.010604;2244287.8
20260524 000000;0.010604;0.014999;0.01012;0.010175;2502928.58
20260525 000000;0.010175;0.011;0.008501;0.009442;1569039.1
20260526 000000;0.009442;0.012098;0.009359;0.010396;2053289.65
20260527 000000;0.010396;0.012066;0.009909;0.011004;1932802.06
20260528 000000;0.011004;0.011788;0.010109;0.010928;1173525.07
20260529 000000;0.010928;0.013686;0.010232;0.0114;1327830.48
20260530 000000;0.0114;0.013361;0.009333;0.010122;1860545.33
20260531 000000;0.010122;0.011366;0.00952;0.010287;1998891.05
20260601 000000;0.010287;0.010503;0.008505;0.009274;980884.04
20260602 000000;0.009274;0.009657;0.00805;0.008455;1113922.9
20260603 000000;0.008455;0.008988;0.0082;0.00839;1398151.48
20260604 000000;0.00839;0.009995;0.008131;0.008921;1724982.7
20260605 000000;0.008921;0.01;0.008282;0.009556;1908533.58
20260606 000000;0.009556;0.0115;0.00825;0.008969;2028586.85
20260607 000000;0.008969;0.009146;0.008509;0.008852;1753053.77
20260608 000000;0.008852;0.0095;0.008536;0.008911;1835708.37
20260609 000000;0.008911;0.009132;0.008578;0.008723;1767849.6
20260610 000000;0.008723;0.008876;0.008544;0.008672;1633510.27
20260611 000000;0.008672;0.008683;0.00822;0.008224;1736315.69
20260612 000000;0.008224;0.008826;0.008223;0.00863;1702320.64
20260613 000000;0.00863;0.008878;0.005104;0.008744;2080104.45
20260614 000000;0.008744;0.008759;0.007973;0.008156;1761615.3
20260615 000000;0.008156;0.009274;0.00754;0.008694;2011398.46
20260616 000000;0.008694;0.009276;0.007111;0.008669;1993467.44
20260617 000000;0.008669;0.008916;0.008;0.008292;2274364.76
20260618 000000;0.008292;0.009911;0.007502;0.008761;1711699.49
20260619 000000;0.008761;0.008788;0.007813;0.007935;1516767.1
20260620 000000;0.007935;0.00909;0.007729;0.007927;1610201.58
