20250101 000000;0.02288;0.02379;0.02204;0.02368;444551.97
20250102 000000;0.02368;0.031;0.02109;0.02785;2686949.79
20250103 000000;0.02785;0.039;0.02777;0.03478;1080676.94
20250104 000000;0.03478;0.03733;0.03237;0.03497;358062.7
20250105 000000;0.03497;0.05312;0.03106;0.03308;654600.74
20250106 000000;0.03308;0.04483;0.02601;0.02869;510100.16
20250107 000000;0.02869;0.02874;0.023;0.02402;601662.8
20250108 000000;0.02402;0.02452;0.0221;0.02417;673665.12
20250109 000000;0.02417;0.02418;0.0208;0.02193;867192.18
20250110 000000;0.02193;0.0221;0.02048;0.0206;560122.32
20250111 000000;0.0206;0.022;0.01832;0.02104;1150909.16
20250112 000000;0.02104;0.02629;0.01925;0.01948;1025095.37
20250113 000000;0.01948;0.022;0.01876;0.02018;1114044.82
20250114 000000;0.02018;0.0227;0.01905;0.02059;822678.47
20250115 000000;0.02059;0.0237;0.02055;0.02186;984224.8
20250116 000000;0.02186;0.02188;0.02044;0.02056;514210.03
20250117 000000;0.02056;0.02399;0.02045;0.02148;7359014.24
20250118 000000;0.02148;0.02148;0.0163;0.02008;1498414.64
20250119 000000;0.02008;0.021;0.017;0.01705;4123666.4
20250120 000000;0.01705;0.02089;0.01544;0.01868;1017298.47
20250121 000000;0.01868;0.02024;0.01684;0.01921;5039856.77
20250122 000000;0.01921;0.02341;0.01762;0.01889;1268070.73
20250123 000000;0.01889;0.02109;0.01714;0.01738;2006535.32
20250124 000000;0.01738;0.01909;0.01674;0.01708;521182.83
20250125 000000;0.01708;0.02194;0.01618;0.01922;2788170.7
20250126 000000;0.01922;0.0204;0.01668;0.01696;868275.84
20250127 000000;0.01696;0.01799;0.01506;0.01701;677078.06
20250128 000000;0.01701;0.0174;0.01511;0.01524;699833.1
20250129 000000;0.01524;0.01734;0.014;0.01544;986787.89
20250130 000000;0.01544;0.01708;0.01444;0.01602;7331239.99
20250131 000000;0.01602;0.01759;0.01494;0.01569;15974944.9
20250201 000000;0.01569;0.0157;0.01329;0.01467;941865.19
20250202 000000;0.01467;0.01467;0.01215;0.01248;1584467.38
20250203 000000;0.01248;0.01535;0.01157;0.01407;1210722.3
20250204 000000;0.01407;0.01553;0.01254;0.01386;998006.31
20250205 000000;0.01386;0.01412;0.01254;0.01262;5782333.59
20250206 000000;0.01262;0.013;0.01138;0.01224;10577721.66
20250207 000000;0.01224;0.01278;0.01119;0.01199;922110.8
20250208 000000;0.01199;0.01208;0.01146;0.01167;765163.94
20250209 000000;0.01167;0.01275;0.01165;0.01205;1198273.21
20250210 000000;0.01205;0.01307;0.01197;0.01221;6521976.67
20250211 000000;0.01221;0.01377;0.0115;0.01177;14038604.16
20250212 000000;0.01177;0.01338;0.01177;0.01338;954849.82
20250213 000000;0.01338;0.01358;0.01196;0.01241;1272469.88
20250214 000000;0.01241;0.01677;0.01196;0.01317;6938368.29
20250215 000000;0.01317;0.01338;0.01181;0.01207;1252404.5
20250216 000000;0.01207;0.01208;0.01157;0.01167;1425788.3
20250217 000000;0.01167;0.01287;0.00998;0.01087;1724489.02
20250218 000000;0.01087;0.01137;0.00956;0.01133;5607099.68
20250219 000000;0.01133;0.01178;0.01072;0.01124;1320217.21
20250220 000000;0.01124;0.01199;0.01005;0.01007;1571810.56
20250221 000000;0.01007;0.01084;0.00887;0.00949;1981673.54
20250222 000000;0.00949;0.01037;0.00948;0.01037;1340089.83
20250223 000000;0.01037;0.01078;0.0099;0.01017;1949247.3
20250224 000000;0.01017;0.01043;0.00915;0.00935;11948492.44
20250225 000000;0.00935;0.01048;0.00829;0.01031;8354476.12
20250226 000000;0.01031;0.01088;0.00925;0.00928;1549045.95
20250227 000000;0.00928;0.01011;0.00903;0.00949;1961098.69
20250228 000000;0.00949;0.00964;0.00848;0.00917;8410119.26
20250301 000000;0.00917;0.00979;0.00871;0.00963;1718502.4
20250302 000000;0.00963;0.01112;0.00883;0.01108;7397960.61
20250303 000000;0.01108;0.01138;0.00897;0.00903;1804931.24
20250304 000000;0.00903;0.00948;0.00778;0.00942;1931688.12
20250305 000000;0.00942;0.00995;0.00854;0.00897;4799127.68
20250306 000000;0.00897;0.00923;0.00808;0.00888;10742690.2
20250307 000000;0.00888;0.00899;0.0076;0.00856;2684506.25
20250308 000000;0.00856;0.0088;0.00849;0.00869;1798429.58
20250309 000000;0.00869;0.00908;0.00792;0.00819;1771589.59
20250310 000000;0.00819;0.00825;0.00703;0.00759;9691787.44
20250311 000000;0.00759;0.00819;0.0075;0.00817;2102405.37
20250312 000000;0.00817;0.00836;0.0075;0.00819;2215307.28
20250313 000000;0.00819;0.00905;0.00783;0.00806;1886001.36
20250314 000000;0.00806;0.00898;0.00794;0.00809;1946642.39
20250315 000000;0.00809;0.0081;0.00768;0.00779;2042348.07
20250316 000000;0.00779;0.00797;0.00722;0.00759;2132598.28
20250317 000000;0.00759;0.0077;0.00674;0.00744;3137764.77
20250318 000000;0.00744;0.00808;0.00714;0.00766;8803021.78
20250319 000000;0.00766;0.00839;0.00741;0.00817;8274694.68
20250320 000000;0.00817;0.00837;0.00787;0.00809;4456648.12
20250321 000000;0.00809;0.00833;0.00705;0.00797;1987518.3
20250322 000000;0.00797;0.00831;0.00794;0.00805;1273597.88
20250323 000000;0.00805;0.00831;0.00764;0.00815;1506698.82
20250324 000000;0.00815;0.00871;0.00794;0.00859;1169999.86
20250325 000000;0.00859;0.00859;0.00783;0.00858;1363625.82
20250326 000000;0.00858;0.00858;0.00758;0.00799;1402054.99
20250327 000000;0.00799;0.00859;0.0076;0.00829;1424632.03
20250328 000000;0.00829;0.00845;0.00784;0.00799;1363943.81
20250329 000000;0.00799;0.00799;0.00742;0.00759;1315580.71
20250330 000000;0.00759;0.00789;0.0071;0.00757;1661420.08
20250331 000000;0.00757;0.00789;0.00635;0.00699;12727655.86
20250401 000000;0.00699;0.00753;0.00613;0.00669;6170869.7
20250402 000000;0.00669;0.00703;0.0056;0.00597;11729488.27
20250403 000000;0.00597;0.0066;0.005;0.00643;5019315.7
20250404 000000;0.00643;0.00689;0.00633;0.00679;131271.87
20250405 000000;0.00679;0.007;0.0062;0.00645;2721359.99
20250406 000000;0.00645;0.00648;0.00499;0.00573;4014685.38
20250407 000000;0.00573;0.00666;0.0051;0.006576;3696427.46
20250408 000000;0.006576;0.006576;0.005;0.005882;5510872.6
20250409 000000;0.005882;0.006666;0.005478;0.006269;5291536.47
20250410 000000;0.006269;0.006278;0.005614;0.00578;5565339.99
20250411 000000;0.00578;0.006166;0.00501;0.005992;6485097.75
20250412 000000;0.005992;0.006121;0.005562;0.006087;5088965.99
20250413 000000;0.006087;0.006346;0.006066;0.006127;5100831.48
20250414 000000;0.006127;0.006301;0.006127;0.006187;4779485.36
20250415 000000;0.006187;0.006437;0.005905;0.006225;4061960.82
20250416 000000;0.006225;0.00636;0.006011;0.006038;4064086.86
20250417 000000;0.006038;0.006367;0.0058;0.006001;5566442.79
20250418 000000;0.006001;0.006149;0.005992;0.00612;6144611.5
20250419 000000;0.00612;0.006349;0.00608;0.006227;7562467.19
20250420 000000;0.006227;0.006495;0.006183;0.006447;8693378.76
20250421 000000;0.006447;0.006902;0.006445;0.006724;6315369.4
20250422 000000;0.006724;0.00743;0.006146;0.007208;8343082.84
20250423 000000;0.007208;0.0098;0.007204;0.009022;5692905.27
20250424 000000;0.009022;0.009263;0.0085;0.009228;4525746.57
20250425 000000;0.009228;0.016259;0.00921;0.013552;1132398.16
20250426 000000;0.013552;0.0145;0.01087;0.011273;1156559.26
20250427 000000;0.011273;0.012694;0.010563;0.011006;6053590.46
20250428 000000;0.011006;0.011123;0.009431;0.009821;4744161.92
20250429 000000;0.009821;0.010078;0.009025;0.009671;3598073.81
20250430 000000;0.009671;0.009683;0.00802;0.008353;5933131.88
20250501 000000;0.008353;0.00963;0.008025;0.009335;5578347.16
20250502 000000;0.009335;0.00972;0.009082;0.009083;4873877.46
20250503 000000;0.009083;0.00911;0.008125;0.008424;6153636.04
20250504 000000;0.008424;0.008436;0.007584;0.007778;7093040.43
20250505 000000;0.007778;0.007782;0.006669;0.006826;6033065.23
20250506 000000;0.006826;0.007106;0.006494;0.007047;5573122.01
20250507 000000;0.007047;0.007255;0.007046;0.007254;6923435.56
20250508 000000;0.007254;0.016;0.007115;0.009896;9153495.84
20250509 000000;0.009896;0.012525;0.009577;0.010068;3147786.27
20250510 000000;0.010068;0.01287;0.009865;0.012585;4573174.92
20250511 000000;0.012585;0.0152;0.01227;0.013786;5631784.04
20250512 000000;0.013786;0.01706;0.012963;0.01632;3445408.21
20250513 000000;0.01632;0.016999;0.013858;0.015016;4703234.14
20250514 000000;0.015016;0.016797;0.010792;0.011608;6133270.49
20250515 000000;0.011608;0.012666;0.010093;0.010987;6038679.64
20250516 000000;0.010987;0.011328;0.009941;0.009962;4352666.91
20250517 000000;0.009962;0.009968;0.008475;0.009536;9594082.2
20250518 000000;0.009536;0.010337;0.009536;0.00959;6819596.28
20250519 000000;0.00959;0.009708;0.0082;0.008816;5508375.16
20250520 000000;0.008816;0.00882;0.00812;0.008172;5595851.64
20250521 000000;0.008172;0.010681;0.008167;0.009519;4905281.8
20250522 000000;0.009519;0.0137;0.009222;0.012114;13524557.11
20250523 000000;0.012114;0.012142;0.010256;0.010454;24083977.58
20250524 000000;0.010454;0.010747;0.0093;0.009384;6435547.84
20250525 000000;0.009384;0.009878;0.008591;0.009871;6194792.49
20250526 000000;0.009871;0.00995;0.0088;0.009384;9069292.34
20250527 000000;0.009384;0.009757;0.009382;0.009751;6036826.33
20250528 000000;0.009751;0.010726;0.007862;0.009172;7636712.13
20250529 000000;0.009172;0.009324;0.007961;0.008861;3389983.84
20250530 000000;0.008861;0.009781;0.008091;0.009149;5967974.59
20250531 000000;0.009149;0.009533;0.008188;0.009061;7545576.55
20250601 000000;0.009061;0.009099;0.0083;0.009015;5916434.63
20250602 000000;0.009015;0.009015;0.0084;0.008464;5439244.34
20250603 000000;0.008464;0.00904;0.008052;0.008745;4004057.11
20250604 000000;0.008745;0.009808;0.008143;0.009005;5997832.71
20250605 000000;0.009005;0.009015;0.0063;0.006991;11026392.89
20250606 000000;0.006991;0.008385;0.006991;0.007872;7565643.02
20250607 000000;0.007872;0.008525;0.007781;0.008525;8447062.53
20250608 000000;0.008525;0.008525;0.0073;0.007773;8276675.87
20250609 000000;0.007773;0.00798;0.006791;0.007479;1887608.07
20250610 000000;0.007479;0.008071;0.007287;0.00789;1727083.78
20250611 000000;0.00789;0.008161;0.0072;0.007534;1586062.45
20250612 000000;0.007534;0.007664;0.006916;0.006964;2102805.93
20250613 000000;0.006964;0.00765;0.006431;0.006961;1769163.88
20250614 000000;0.006961;0.007351;0.006394;0.006858;2128994.21
20250615 000000;0.006858;0.007126;0.006543;0.006817;1522036.33
20250616 000000;0.006817;0.007666;0.006817;0.007324;2121459.99
20250617 000000;0.007324;0.0076;0.006611;0.006959;2458080.08
20250618 000000;0.006959;0.0076;0.006702;0.007065;2056710.44
20250619 000000;0.007065;0.007424;0.00706;0.007322;1300485.18
20250620 000000;0.007322;0.007324;0.0063;0.006819;2469183.37
20250621 000000;0.006819;0.00718;0.006422;0.00655;1573292.1
20250622 000000;0.00655;0.006912;0.006202;0.006451;1941537.43
20250623 000000;0.006451;0.007341;0.005952;0.006402;5131470.6
20250624 000000;0.006402;0.007566;0.006402;0.007377;5144997.79
20250625 000000;0.007377;0.007383;0.006472;0.007119;3431468.6
20250626 000000;0.007119;0.007416;0.006724;0.006768;3528708.05
20250627 000000;0.006768;0.007462;0.006768;0.007324;6730716.38
20250628 000000;0.007324;0.007387;0.006723;0.006843;4624966.11
20250629 000000;0.006843;0.00759;0.006725;0.007295;5628389.38
20250630 000000;0.007295;0.008473;0.006947;0.00809;4252970.18
20250701 000000;0.00809;0.008097;0.00727;0.008075;3760980.83
20250702 000000;0.008075;0.0083;0.0075;0.008263;3829579.3
20250703 000000;0.008263;0.008359;0.007066;0.008106;3537307.46
20250704 000000;0.008106;0.008358;0.007549;0.007562;3590042.32
20250705 000000;0.007562;0.00893;0.007562;0.008669;2723007
20250706 000000;0.008669;0.010899;0.008667;0.010899;2714840.49
20250707 000000;0.010899;0.010899;0.00901;0.009741;2382700.14
20250708 000000;0.009741;0.010279;0.009541;0.010279;3952207.47
20250709 000000;0.010279;0.01088;0.009773;0.01055;4952451.75
20250710 000000;0.01055;0.011071;0.00974;0.010504;3585654.46
20250711 000000;0.010504;0.012034;0.010504;0.010584;3454991.09
20250712 000000;0.010584;0.014456;0.009946;0.00998;3724839.68
20250713 000000;0.00998;0.011136;0.009625;0.009977;3414874.97
20250714 000000;0.009977;0.011226;0.008166;0.010315;4235771.64
20250715 000000;0.010315;0.010391;0.008992;0.009449;5511068.62
20250716 000000;0.009449;0.010591;0.009006;0.01058;2204082.53
20250717 000000;0.01058;0.01093;0.0094;0.00966;1473420.62
20250718 000000;0.00966;0.011361;0.009;0.009213;3610335.44
20250719 000000;0.009213;0.009537;0.008776;0.009046;2140796.27
20250720 000000;0.009046;0.009651;0.008911;0.009076;7788368.34
20250721 000000;0.009076;0.009605;0.008784;0.009167;7684885.65
20250722 000000;0.009167;0.009425;0.0085;0.009243;2931723.85
20250723 000000;0.009243;0.009625;0.008016;0.008571;3713033.68
20250724 000000;0.008571;0.009426;0.008176;0.008222;3465168.42
20250725 000000;0.008222;0.009;0.008015;0.00867;2372956.38
20250726 000000;0.00867;0.008751;0.0082;0.008726;1138816.52
20250727 000000;0.008726;0.010021;0.008407;0.009888;1311550.88
20250728 000000;0.009888;0.009897;0.008812;0.009077;5764346.95
20250729 000000;0.009077;0.009571;0.008677;0.009219;1441870.81
20250730 000000;0.009219;0.009436;0.008746;0.008809;1904272.46
20250731 000000;0.008809;0.009486;0.008703;0.008873;1158902.4
20250801 000000;0.008873;0.008875;0.008067;0.008357;5509258.27
20250802 000000;0.008357;0.008806;0.008067;0.008671;1485093.64
20250803 000000;0.008671;0.011029;0.008542;0.009803;1881244.54
20250804 000000;0.009803;0.010472;0.009353;0.01021;1627234.56
20250805 000000;0.01021;0.010213;0.009083;0.009211;1371876.91
20250806 000000;0.009211;0.009319;0.008501;0.009236;1332937.35
20250807 000000;0.009236;0.009803;0.008819;0.009179;1284511.15
20250808 000000;0.009179;0.010703;0.0086;0.010573;1472933.19
20250809 000000;0.010573;0.011099;0.009496;0.010569;1339993.66
20250810 000000;0.010569;0.010579;0.009539;0.010021;1160947.22
20250811 000000;0.010021;0.010478;0.0095;0.010397;1201729.45
20250812 000000;0.010397;0.010658;0.009944;0.010065;1225417.83
20250813 000000;0.010065;0.011704;0.01;0.011106;1151010.18
20250814 000000;0.011106;0.01112;0.010169;0.010262;1340883.26
20250815 000000;0.010262;0.011198;0.010206;0.010754;1036033.99
20250816 000000;0.010754;0.010759;0.010529;0.010574;918912.87
20250817 000000;0.010574;0.011242;0.01;0.010436;2829229.19
20250818 000000;0.010436;0.011108;0.009584;0.010845;1448039.75
20250819 000000;0.010845;0.010849;0.01;0.010088;1009673.23
20250820 000000;0.010088;0.010121;0.009113;0.009814;1109206.99
20250821 000000;0.009814;0.010253;0.009224;0.009489;1736967.36
20250822 000000;0.009489;0.011558;0.00901;0.011338;1516344.85
20250823 000000;0.011338;0.011468;0.01;0.01017;2024842.79
20250824 000000;0.01017;0.010928;0.009224;0.009898;1337381.21
20250825 000000;0.009898;0.010613;0.008324;0.008544;2364667.13
20250826 000000;0.008544;0.009128;0.008169;0.008616;4521529.57
20250827 000000;0.008616;0.010838;0.0084;0.008462;1740536.34
20250828 000000;0.008462;0.008796;0.008199;0.008287;8585378.25
20250829 000000;0.008287;0.008329;0.0075;0.00771;1970771.43
20250830 000000;0.00771;0.008501;0.007499;0.008297;9138411.37
20250831 000000;0.008297;0.008816;0.008293;0.008548;1854752
20250901 000000;0.008548;0.008772;0.00752;0.008195;1318336.51
20250902 000000;0.008195;0.008769;0.00802;0.008139;10119565.18
20250903 000000;0.008139;0.008232;0.008058;0.008147;1220413.96
20250904 000000;0.008147;0.008547;0.006448;0.007508;1781020.98
20250905 000000;0.007508;0.008256;0.0065;0.007815;2339933.29
20250906 000000;0.007815;0.008345;0.007002;0.00744;1627996.74
20250907 000000;0.00744;0.0079;0.007003;0.007812;1775896.27
20250908 000000;0.007812;0.008301;0.007722;0.007959;1280311.72
20250909 000000;0.007959;0.008076;0.007137;0.007431;1285080.15
20250910 000000;0.007431;0.009168;0.007;0.009019;2318051.91
20250911 000000;0.009019;0.009032;0.007482;0.007623;1376369.31
20250912 000000;0.007623;0.00845;0.007622;0.007946;1411856.64
20250913 000000;0.007946;0.008796;0.007858;0.00853;1258603.6
20250914 000000;0.00853;0.008706;0.008127;0.008217;8645486.13
20250915 000000;0.008217;0.008301;0.00741;0.007544;3041840.16
20250916 000000;0.007544;0.007828;0.007539;0.007788;6665354.85
20250917 000000;0.007788;0.007793;0.00725;0.007397;4107703.28
20250918 000000;0.007397;0.007579;0.007337;0.007538;4208337.34
20250919 000000;0.007538;0.007662;0.007292;0.00735;4282436.84
20250920 000000;0.00735;0.009832;0.0072;0.009725;4581036.5
20250921 000000;0.009725;0.009739;0.00855;0.009354;3332277.45
20250922 000000;0.009354;0.009364;0.007802;0.007802;3823123.51
20250923 000000;0.007802;0.009343;0.007227;0.008254;4690393.8
20250924 000000;0.008254;0.008786;0.007248;0.007328;6634986.42
20250925 000000;0.007328;0.008549;0.007247;0.007297;5139514.72
20250926 000000;0.007297;0.008549;0.007231;0.00755;4952323.04
20250927 000000;0.00755;0.007705;0.007437;0.007636;3943061.94
20250928 000000;0.007636;0.008469;0.007337;0.008031;4041359.35
20250929 000000;0.008031;0.008976;0.007967;0.008522;15245600.11
20250930 000000;0.008522;0.008752;0.007563;0.007791;4129911.29
20251001 000000;0.007791;0.008301;0.007608;0.008026;4536705.15
20251002 000000;0.008026;0.008767;0.007061;0.008646;4737527.63
20251003 000000;0.008646;0.008707;0.008103;0.008519;4419359.76
20251004 000000;0.008519;0.010417;0.007877;0.010237;9452914.46
20251005 000000;0.010237;0.01095;0.009582;0.009922;8739858.41
20251006 000000;0.009922;0.010161;0.009197;0.010151;3297105.6
20251007 000000;0.010151;0.012276;0.0088;0.010456;4424506.1
20251008 000000;0.010456;0.010925;0.010141;0.010293;3187264.47
20251009 000000;0.010293;0.010791;0.01;0.010223;3237018.42
20251010 000000;0.010223;0.010699;0.00874;0.00885;4788368.11
20251011 000000;0.00885;0.009328;0.007779;0.008734;10357898.18
20251012 000000;0.008734;0.009329;0.008497;0.009275;15106684
20251013 000000;0.009275;0.009683;0.008887;0.009225;10292399.64
20251014 000000;0.009225;0.009257;0.0085;0.008524;3432685.38
20251015 000000;0.008524;0.011111;0.0079;0.009517;5427534.9
20251016 000000;0.009517;0.009737;0.0085;0.008708;5016973.38
20251017 000000;0.008708;0.008831;0.0079;0.008361;4691461.55
20251018 000000;0.008361;0.009735;0.008;0.008288;5547006.37
20251019 000000;0.008288;0.009598;0.008269;0.008814;5924715.88
20251020 000000;0.008814;0.009696;0.008402;0.008547;5075439.56
20251021 000000;0.008547;0.009765;0.008406;0.009164;4396529.32
20251022 000000;0.009164;0.009299;0.008188;0.008335;9707402
20251023 000000;0.008335;0.011099;0.007924;0.009149;4997779.8
20251024 000000;0.009149;0.009893;0.008353;0.009009;3599250.85
20251025 000000;0.009009;0.0099;0.00815;0.009093;3835871.22
20251026 000000;0.009093;0.009102;0.00805;0.008692;3009867.82
20251027 000000;0.008692;0.009533;0.008218;0.009029;3475904.31
20251028 000000;0.009029;0.009488;0.009016;0.009459;3496041
20251029 000000;0.009459;0.010943;0.009298;0.010499;3898591.15
20251030 000000;0.010499;0.012123;0.010109;0.010944;3152758.13
20251031 000000;0.010944;0.014;0.009398;0.012217;4168642.17
20251101 000000;0.012217;0.013102;0.011205;0.013102;2933218.93
20251102 000000;0.013102;0.018199;0.01166;0.012345;8461170.2
20251103 000000;0.012345;0.012994;0.0095;0.010011;6580864.81
20251104 000000;0.010011;0.01034;0.0071;0.008704;8420185.78
20251105 000000;0.008704;0.010118;0.007967;0.00984;9001204.16
20251106 000000;0.00984;0.009843;0.008506;0.008964;7878729.11
20251107 000000;0.008964;0.00979;0.008346;0.009591;8666117.2
20251108 000000;0.009591;0.009703;0.008626;0.00893;8287139.65
20251109 000000;0.00893;0.009011;0.008093;0.008536;9585663.65
20251110 000000;0.008536;0.009;0.008093;0.008593;4986647.05
20251111 000000;0.008593;0.009636;0.007832;0.007941;7723682.19
20251112 000000;0.007941;0.008096;0.00733;0.007793;6115806.49
20251113 000000;0.007793;0.008409;0.00724;0.007582;11570186.03
20251114 000000;0.007582;0.007812;0.007069;0.007264;10745546.54
20251115 000000;0.007264;0.008678;0.006836;0.007866;11926653.63
20251116 000000;0.007866;0.007882;0.006914;0.007205;10483255.86
20251117 000000;0.007205;0.008313;0.007187;0.007339;10625236.61
20251118 000000;0.007339;0.007518;0.006769;0.007075;10885071.83
20251119 000000;0.007075;0.007567;0.006758;0.006762;11967084.92
20251120 000000;0.006762;0.007057;0.0064;0.006825;12490246.12
20251121 000000;0.006825;0.006903;0.005981;0.006418;14202480.69
20251122 000000;0.006418;0.006882;0.005875;0.00688;13413995.58
20251123 000000;0.00688;0.007038;0.006626;0.006979;12311491.09
20251124 000000;0.006979;0.007227;0.006623;0.007115;12159646.24
20251125 000000;0.007115;0.007132;0.006507;0.007119;12543104.66
20251126 000000;0.007119;0.008;0.006833;0.007295;12333496.63
20251127 000000;0.007295;0.00808;0.006622;0.0071;12800297.78
20251128 000000;0.0071;0.007679;0.006316;0.006519;13337835.87
20251129 000000;0.006519;0.006957;0.0064;0.006566;13908081.85
20251130 000000;0.006566;0.00678;0.006428;0.00664;13206523.98
20251201 000000;0.00664;0.00766;0.006225;0.006958;13564340.27
20251202 000000;0.006958;0.007058;0.006278;0.006991;13270008.61
20251203 000000;0.006991;0.009999;0.006762;0.008078;13897744.83
20251204 000000;0.008078;0.008231;0.007042;0.007729;10433200.77
20251205 000000;0.007729;0.007794;0.006189;0.006917;12228834.39
20251206 000000;0.006917;0.0073;0.005934;0.006865;12561104.94
20251207 000000;0.006865;0.008069;0.006151;0.006575;11651524.35
20251208 000000;0.006575;0.006894;0.006;0.006412;12546215.6
20251209 000000;0.006412;0.008361;0.006057;0.007255;9152236.84
20251210 000000;0.007255;0.008554;0.007108;0.007315;10027832.81
20251211 000000;0.007315;0.008153;0.006971;0.007183;10428811.14
20251212 000000;0.007183;0.007795;0.006421;0.006757;9343350.24
20251213 000000;0.006757;0.006876;0.006004;0.006573;6423621.97
20251214 000000;0.006573;0.006641;0.005753;0.00625;13441944.91
20251215 000000;0.00625;0.006368;0.005816;0.005982;13484752.63
20251216 000000;0.005982;0.00686;0.005977;0.006344;13727092.71
20251217 000000;0.006344;0.007254;0.00605;0.006254;14412604.85
20251218 000000;0.006254;0.006572;0.005599;0.006217;14098606.34
20251219 000000;0.006217;0.006799;0.006197;0.006796;13628748.54
20251220 000000;0.006796;0.006943;0.00621;0.006521;14042456.86
20251221 000000;0.006521;0.006856;0.005887;0.006427;13529367.5
20251222 000000;0.006427;0.006428;0.006096;0.006157;13505760.97
20251223 000000;0.006157;0.006512;0.005791;0.006007;12714220.72
20251224 000000;0.006007;0.006108;0.0054;0.005803;17289292.21
20251225 000000;0.005803;0.008756;0.005793;0.006888;14867704.06
20251226 000000;0.006888;0.007236;0.0062;0.006222;12925397.32
20251227 000000;0.006222;0.006397;0.00595;0.006105;16873631.67
20251228 000000;0.006105;0.006105;0.005679;0.005916;23020620.94
20251229 000000;0.005916;0.006339;0.005801;0.006012;20218227.97
20251230 000000;0.006012;0.006185;0.005678;0.005766;23460440.68
20251231 000000;0.005766;0.006183;0.005537;0.00583;17758063.34
