20241001 000000;0.003;0.00948;0.003;0.006999;182737457.56
20241002 000000;0.006999;0.01413;0.006567;0.012688;1542276749.39
20241003 000000;0.012688;0.0144;0.00878;0.010322;1110256335.87
20241004 000000;0.010322;0.013731;0.009632;0.012192;504701577.48
20241005 000000;0.012192;0.013603;0.010392;0.011784;1607094030.58
20241006 000000;0.011784;0.019456;0.0107;0.014899;1472054024
20241007 000000;0.014899;0.018409;0.014;0.016189;1258681078.4
20241008 000000;0.016189;0.016698;0.0137;0.016071;1109261324.91
20241009 000000;0.016071;0.0167;0.011681;0.013327;671890941.7
20241010 000000;0.013327;0.01595;0.012222;0.01408;712340984.74
20241011 000000;0.01408;0.015;0.013321;0.014597;461218917.25
20241012 000000;0.014597;0.0147;0.0127;0.013553;553316280.95
20241013 000000;0.013553;0.013617;0.0119;0.01213;610229937.14
20241014 000000;0.01213;0.012452;0.011155;0.011565;687764144.9
20241015 000000;0.011565;0.011899;0.010428;0.01111;765442646.35
20241016 000000;0.01111;0.01208;0.0089;0.011026;789536815.65
20241017 000000;0.011026;0.012817;0.010339;0.010601;734610216.94
20241018 000000;0.010601;0.011524;0.010465;0.010727;753491289.7
20241019 000000;0.010727;0.010801;0.010444;0.010581;846719882.25
20241020 000000;0.010581;0.013499;0.010517;0.011844;1042174200.9
20241021 000000;0.011844;0.011868;0.010309;0.010574;746010660.88
20241022 000000;0.010574;0.010778;0.01;0.010115;776008971.97
20241023 000000;0.010115;0.010135;0.008863;0.009308;850841444.23
20241024 000000;0.009308;0.009745;0.008334;0.008893;874567025.57
20241025 000000;0.008893;0.008941;0.007269;0.007809;953560585.49
20241026 000000;0.007809;0.008613;0.00769;0.008281;982880629.47
20241027 000000;0.008281;0.00852;0.007868;0.00822;969725831.56
20241028 000000;0.00822;0.008334;0.007648;0.008333;1002528606.44
20241029 000000;0.008333;0.009157;0.008059;0.008682;936795384.68
20241030 000000;0.008682;0.00885;0.007499;0.007987;973074000.17
20241031 000000;0.007987;0.008002;0.00685;0.006979;1082463996.38
20241101 000000;0.006979;0.007905;0.006828;0.006882;1112627631.09
20241102 000000;0.006882;0.006996;0.006323;0.006414;1201138692.61
20241103 000000;0.006414;0.006444;0.005624;0.005833;1320441170.89
20241104 000000;0.005833;0.005926;0.004724;0.004942;1452743943.07
20241105 000000;0.004942;0.006026;0.004892;0.005853;1532599724.44
20241106 000000;0.005853;0.0072;0.005827;0.006567;1239421460.83
20241107 000000;0.006567;0.007143;0.006231;0.007031;1206694487.6
20241108 000000;0.007031;0.00886;0.007021;0.00772;1032717366.14
20241109 000000;0.00772;0.009276;0.00765;0.00834;959011129.98
20241110 000000;0.00834;0.0111;0.008025;0.010699;865216982.43
20241111 000000;0.010699;0.01344;0.009626;0.012253;791378696.69
20241112 000000;0.012253;0.014998;0.011037;0.014495;719526119.64
20241113 000000;0.014495;0.026975;0.010392;0.021027;1670205872.07
20241114 000000;0.021027;0.025;0.01624;0.0198;836145190.57
20241115 000000;0.0198;0.0285;0.018026;0.025262;643648607.04
20241116 000000;0.025262;0.029999;0.023169;0.027541;409874261.76
20241117 000000;0.027541;0.028169;0.022;0.024631;313005198.09
20241118 000000;0.024631;0.0265;0.020832;0.021359;334419482.66
20241119 000000;0.021359;0.021885;0.019269;0.019822;380194760.43
20241120 000000;0.019822;0.020664;0.0163;0.01685;423881282.38
20241121 000000;0.01685;0.018697;0.014685;0.017388;496930129.49
20241122 000000;0.017388;0.017427;0.014367;0.015412;505613720.74
20241123 000000;0.015412;0.017094;0.014709;0.016288;495352527.34
20241124 000000;0.016288;0.017243;0.014783;0.016984;511523774.51
20241125 000000;0.016984;0.018446;0.01457;0.015308;486193402.28
20241126 000000;0.015308;0.015979;0.014433;0.01582;525161757.25
20241127 000000;0.01582;0.016847;0.015;0.016547;509178612.6
20241128 000000;0.016547;0.017236;0.015155;0.016587;498224451.04
20241129 000000;0.016587;0.018769;0.016298;0.017695;467139886.88
20241130 000000;0.017695;0.0185;0.016687;0.017451;460511960.61
20241201 000000;0.017451;0.019728;0.016541;0.01829;455486256.1
20241202 000000;0.01829;0.019117;0.014573;0.016257;503328053.74
20241203 000000;0.016257;0.016607;0.0125;0.014973;526774336.38
20241204 000000;0.014973;0.017509;0.014602;0.015688;521758788.73
20241205 000000;0.015688;0.0174;0.014693;0.015984;507009608.07
20241206 000000;0.015984;0.017199;0.0153;0.016401;496125102.18
20241207 000000;0.016401;0.018;0.015993;0.016955;468615405.59
20241208 000000;0.016955;0.017448;0.015255;0.016006;489437931.8
20241209 000000;0.016006;0.016006;0.00986;0.012173;581049789.09
20241210 000000;0.012173;0.012185;0.00977;0.010902;733291035.03
20241211 000000;0.010902;0.013785;0.010337;0.012697;683038101.39
20241212 000000;0.012697;0.0142;0.012402;0.013291;604358565.84
20241213 000000;0.013291;0.014;0.012928;0.013883;595137944.36
20241214 000000;0.013883;0.014;0.0116;0.012358;635217775.19
20241215 000000;0.012358;0.014193;0.012036;0.012907;627409837.32
20241216 000000;0.012907;0.013318;0.01189;0.012243;645948078.12
20241217 000000;0.012243;0.012773;0.011802;0.011887;659133405.03
20241218 000000;0.011887;0.012687;0.011355;0.011931;671429240.67
20241219 000000;0.011931;0.012794;0.009276;0.009387;730895107.84
20241220 000000;0.009387;0.012133;0.008407;0.012004;799345502.24
20241221 000000;0.012004;0.013251;0.009827;0.009911;776569714.86
20241222 000000;0.009911;0.011194;0.009855;0.010416;772396242.74
20241223 000000;0.010416;0.0111;0.01;0.010791;735386238.64
20241224 000000;0.010791;0.010943;0.009626;0.010013;779019384.96
20241225 000000;0.010013;0.010419;0.009594;0.009939;793944806.68
20241226 000000;0.009939;0.010202;0.009;0.009133;857777936.64
20241227 000000;0.009133;0.01044;0.009007;0.009711;811222259.03
20241228 000000;0.009711;0.010441;0.009634;0.010329;523559208.15
20241229 000000;0.010329;0.010336;0.009598;0.009713;308913966.86
20241230 000000;0.009713;0.010194;0.009341;0.009665;380089529.18
20241231 000000;0.009665;0.009673;0.009019;0.009216;421417300.83
