20260101 000000;0.003553;0.003903;0.003373;0.003884;100230197.97
20260102 000000;0.003884;0.004213;0.003873;0.004016;164684492.21
20260103 000000;0.004016;0.004314;0.004002;0.004156;67024003.81
20260104 000000;0.004156;0.004285;0.004084;0.004193;64646198.43
20260105 000000;0.004193;0.004779;0.004113;0.004379;175921303.65
20260106 000000;0.004379;0.004537;0.00421;0.00446;89830176.77
20260107 000000;0.00446;0.004477;0.004142;0.004194;48383587.74
20260108 000000;0.004194;0.004261;0.003947;0.004135;43520894.52
20260109 000000;0.004135;0.004199;0.004007;0.004042;34029890.85
20260110 000000;0.004042;0.00407;0.003965;0.003985;32925669.4
20260111 000000;0.003985;0.004069;0.003864;0.003948;26918586.54
20260112 000000;0.003948;0.004039;0.003796;0.003875;40069599.64
20260113 000000;0.003875;0.004354;0.003858;0.004309;102544549.7
20260114 000000;0.004309;0.004423;0.004244;0.004276;52248065.63
20260115 000000;0.004276;0.004309;0.003967;0.004017;52587034.14
20260116 000000;0.004017;0.004141;0.003934;0.004128;30980990.73
20260117 000000;0.004128;0.00462;0.004084;0.004308;90853957.62
20260118 000000;0.004308;0.004354;0.003978;0.003978;52186302.43
20260119 000000;0.003978;0.003982;0.003558;0.003662;82299285.58
20260120 000000;0.003662;0.003691;0.003431;0.003461;65508187.84
20260121 000000;0.003461;0.003684;0.003461;0.003608;47104141.34
20260122 000000;0.003608;0.00368;0.003532;0.003628;37457241.21
20260123 000000;0.003628;0.003729;0.003577;0.003615;34732100.45
20260124 000000;0.003615;0.003687;0.003582;0.003615;34267893.1
20260125 000000;0.003615;0.003671;0.003345;0.003404;52646944.48
20260126 000000;0.003404;0.003612;0.003391;0.003549;44856637.31
20260127 000000;0.003549;0.003619;0.003427;0.003585;31131374.94
20260128 000000;0.003585;0.003607;0.003429;0.003516;32476241.51
20260129 000000;0.003516;0.003526;0.003079;0.003174;58310747.96
20260130 000000;0.003174;0.003213;0.003058;0.003159;67240629.82
20260131 000000;0.003159;0.003159;0.002567;0.002913;88677836.16
20260201 000000;0.002913;0.002992;0.002778;0.002847;57611303.65
20260202 000000;0.002847;0.003028;0.002766;0.002982;59539734.53
20260203 000000;0.002982;0.003078;0.002826;0.002942;58988302.95
20260204 000000;0.002942;0.002999;0.002795;0.002871;66041216.42
20260205 000000;0.002871;0.002905;0.002382;0.002458;96738477.41
20260206 000000;0.002458;0.00278;0.002174;0.002714;74061938.58
20260207 000000;0.002714;0.002723;0.002555;0.002633;57769460.91
20260208 000000;0.002633;0.00264;0.002512;0.002548;53186935.69
20260209 000000;0.002548;0.002592;0.002423;0.002535;50349352.11
20260210 000000;0.002535;0.002549;0.002419;0.002465;55673443.14
20260211 000000;0.002465;0.00252;0.00236;0.002397;74111999.5
20260212 000000;0.002397;0.00259;0.002396;0.002477;51989775.1
20260213 000000;0.002477;0.00257;0.002416;0.002542;37852021.46
20260214 000000;0.002542;0.002757;0.00252;0.002692;48619691.43
20260215 000000;0.002692;0.002738;0.002505;0.002545;45161591.91
20260216 000000;0.002545;0.00271;0.00253;0.002671;39793476.59
20260217 000000;0.002671;0.002691;0.002558;0.002568;37363111.33
20260218 000000;0.002568;0.002646;0.002431;0.002447;37151227.51
20260219 000000;0.002447;0.002474;0.002359;0.002455;47751675.74
20260220 000000;0.002455;0.002533;0.002402;0.002519;37740031.92
20260221 000000;0.002519;0.00255;0.002449;0.002458;39468507.49
20260222 000000;0.002458;0.002458;0.002354;0.002404;43365132.6
20260223 000000;0.002404;0.002407;0.00224;0.002306;49717996.28
20260224 000000;0.002306;0.002329;0.002221;0.002271;46332526.93
20260225 000000;0.002271;0.002688;0.002269;0.002509;86010849.92
20260226 000000;0.002509;0.002531;0.002378;0.002447;57013684.01
20260227 000000;0.002447;0.002532;0.002299;0.002354;48450500.98
20260228 000000;0.002354;0.002388;0.00215;0.002348;63876929.5
20260301 000000;0.002348;0.002408;0.00217;0.00225;53745878.61
20260302 000000;0.00225;0.002392;0.002236;0.002315;49723723.03
20260303 000000;0.002315;0.002353;0.002225;0.002307;45708146.07
20260304 000000;0.002307;0.002463;0.002272;0.002395;45474007.47
20260305 000000;0.002395;0.002593;0.002367;0.002435;88101825.77
20260306 000000;0.002435;0.002489;0.002369;0.002406;35146255.58
20260307 000000;0.002406;0.002423;0.002289;0.002311;36658754.17
20260308 000000;0.002311;0.002405;0.002276;0.00231;45585650.8
20260309 000000;0.00231;0.00245;0.002299;0.002395;39589262.93
20260310 000000;0.002395;0.002578;0.00239;0.002402;51228683.01
20260311 000000;0.002402;0.002488;0.002282;0.002432;62268103.59
20260312 000000;0.002432;0.002453;0.002316;0.002379;48585154.98
20260313 000000;0.002379;0.002551;0.002373;0.002434;51544822.96
20260314 000000;0.002434;0.002451;0.002347;0.002391;39603314.2
20260315 000000;0.002391;0.002489;0.002361;0.002486;46574116.81
20260316 000000;0.002486;0.00265;0.002462;0.002627;79929187.87
20260317 000000;0.002627;0.002853;0.002522;0.002631;154740091.94
20260318 000000;0.002631;0.002661;0.002399;0.002475;70916654.93
20260319 000000;0.002475;0.002494;0.002371;0.002409;46301182.66
20260320 000000;0.002409;0.002459;0.002337;0.002417;46127100.97
20260321 000000;0.002417;0.00242;0.002246;0.002261;47801849.24
20260322 000000;0.002261;0.002313;0.002157;0.002213;73079187.47
20260323 000000;0.002213;0.002286;0.002111;0.002226;75167624.51
20260324 000000;0.002226;0.002312;0.002173;0.002247;72977075.93
20260325 000000;0.002247;0.002294;0.002212;0.002252;53036307.86
20260326 000000;0.002252;0.002277;0.002129;0.002234;57703188.63
20260327 000000;0.002234;0.002329;0.002121;0.002124;74689946.61
20260328 000000;0.002124;0.002191;0.002076;0.002106;46077298.21
20260329 000000;0.002106;0.002119;0.001986;0.002051;51916650.04
20260330 000000;0.002051;0.002167;0.002044;0.002074;47384803.08
20260331 000000;0.002074;0.002167;0.002048;0.002103;47004504.16
20260401 000000;0.002103;0.00221;0.00208;0.002105;45124536.41
20260402 000000;0.002105;0.002258;0.002006;0.002221;100257416.79
20260403 000000;0.002221;0.002395;0.002184;0.002267;182328232.49
20260404 000000;0.002267;0.002321;0.002177;0.002225;61846764.2
20260405 000000;0.002225;0.002238;0.002129;0.002184;62512703.24
20260406 000000;0.002184;0.002313;0.002157;0.002195;69703440.8
20260407 000000;0.002195;0.002266;0.002082;0.002237;133116776.09
20260408 000000;0.002237;0.002266;0.00215;0.002164;65653924.46
20260409 000000;0.002164;0.002217;0.002125;0.002146;50432746.71
20260410 000000;0.002146;0.002199;0.002135;0.002155;46689375.01
20260411 000000;0.002155;0.002159;0.002099;0.002118;55670827.54
20260412 000000;0.002118;0.002119;0.002027;0.00205;64929561.26
20260413 000000;0.00205;0.002134;0.002017;0.002122;53827627
20260414 000000;0.002122;0.002131;0.00207;0.002086;36963343.17
20260415 000000;0.002086;0.002179;0.002069;0.002148;28308090.9
20260416 000000;0.002148;0.0023;0.002136;0.002298;30532877.99
20260417 000000;0.002298;0.002514;0.002208;0.002364;33957779.17
20260418 000000;0.002364;0.002483;0.002275;0.00229;28527614.67
20260419 000000;0.00229;0.0023;0.002156;0.002157;26766449.46
20260420 000000;0.002157;0.002405;0.002156;0.002309;23758111.24
20260421 000000;0.002309;0.002328;0.002229;0.002289;27321179.56
20260422 000000;0.002289;0.002318;0.00222;0.002224;24612685.45
20260423 000000;0.002224;0.002237;0.00216;0.002231;23907429.64
20260424 000000;0.002231;0.002394;0.0022;0.002322;24061373.65
20260425 000000;0.002322;0.002379;0.002225;0.002262;26095390.31
20260426 000000;0.002262;0.002312;0.002223;0.002289;22913665.95
20260427 000000;0.002289;0.002319;0.002172;0.002232;24045808.12
20260428 000000;0.002232;0.002316;0.00221;0.002283;26014181.77
20260429 000000;0.002283;0.002419;0.002282;0.002326;31093299.08
20260430 000000;0.002326;0.002364;0.00225;0.002256;28801844.55
20260501 000000;0.002256;0.002367;0.002253;0.002274;25285991.63
20260502 000000;0.002274;0.002341;0.002238;0.00231;28112669.99
20260503 000000;0.00231;0.002317;0.002218;0.002227;29964291.73
20260504 000000;0.002227;0.00231;0.002204;0.002244;27176302.39
20260505 000000;0.002244;0.002416;0.002235;0.002339;27004719.08
20260506 000000;0.002339;0.002432;0.00233;0.002394;24481697.25
20260507 000000;0.002394;0.002446;0.002314;0.002429;29280896.36
20260508 000000;0.002429;0.002543;0.002375;0.002531;44206409.73
20260509 000000;0.002531;0.002688;0.002465;0.002469;28163106.21
20260510 000000;0.002469;0.002646;0.002435;0.002591;25237381.27
20260511 000000;0.002591;0.002604;0.002481;0.002542;20823492.83
20260512 000000;0.002542;0.002548;0.002415;0.002433;22863510.11
20260513 000000;0.002433;0.002524;0.0023;0.002316;25501771.8
20260514 000000;0.002316;0.002393;0.002266;0.002309;27948188.82
20260515 000000;0.002309;0.002354;0.002155;0.002204;27586511.6
20260516 000000;0.002204;0.002228;0.00208;0.002102;25080894.2
20260517 000000;0.002102;0.002154;0.002021;0.002055;25064752.39
20260518 000000;0.002055;0.002089;0.002011;0.002074;29375528.87
20260519 000000;0.002074;0.002093;0.001986;0.002012;31217206.13
20260520 000000;0.002012;0.002039;0.001935;0.002006;31928263.24
20260521 000000;0.002006;0.00209;0.002003;0.002067;23649888.25
20260522 000000;0.002067;0.002081;0.001929;0.001944;24330112.29
20260523 000000;0.001944;0.002031;0.001872;0.002002;50856509.48
20260524 000000;0.002002;0.002011;0.001864;0.001908;28757421.14
20260525 000000;0.001908;0.001995;0.001891;0.00194;27867696.16
20260526 000000;0.00194;0.001965;0.001867;0.001876;31699600.76
20260527 000000;0.001876;0.001919;0.001794;0.001845;28503166.78
20260528 000000;0.001845;0.001845;0.001745;0.001805;34293585.43
20260529 000000;0.001805;0.001857;0.001747;0.001803;33775845.15
20260530 000000;0.001803;0.001867;0.001801;0.001827;30843376.11
20260531 000000;0.001827;0.001909;0.001819;0.001903;33706934.12
20260601 000000;0.001903;0.002062;0.001903;0.001994;41995982.07
20260602 000000;0.001994;0.001999;0.001765;0.001789;50974786.8
20260603 000000;0.001789;0.001888;0.001757;0.001809;50959435.85
20260604 000000;0.001809;0.001822;0.001601;0.00166;50854767.22
20260605 000000;0.00166;0.00167;0.00144;0.001511;118954834.31
20260606 000000;0.001511;0.00156;0.001415;0.001512;80670491.06
20260607 000000;0.001512;0.001584;0.001467;0.001545;44450399.55
20260608 000000;0.001545;0.00157;0.001503;0.001518;34634192.29
20260609 000000;0.001518;0.001519;0.001424;0.001458;34896262.91
20260610 000000;0.001458;0.001489;0.001409;0.001444;38127870.78
20260611 000000;0.001444;0.001521;0.001444;0.001487;40387441.68
20260612 000000;0.001487;0.001527;0.001461;0.001485;37481866.6
20260613 000000;0.001485;0.001514;0.001474;0.001494;35359851.52
20260614 000000;0.001494;0.001546;0.001457;0.001541;36547997.68
20260615 000000;0.001541;0.001602;0.001511;0.001522;42933468.2
20260616 000000;0.001522;0.001547;0.00148;0.001507;36910415.21
20260617 000000;0.001507;0.001574;0.001469;0.001495;37774458.68
20260618 000000;0.001495;0.001503;0.00139;0.001426;36625494.64
20260619 000000;0.001426;0.001482;0.00139;0.001408;34851078.59
20260620 000000;0.001408;0.001468;0.001378;0.001455;33026834.77
