20230622 000000;0.3146;0.35;0.3041;0.3253;5823303.47
20230623 000000;0.3253;0.4244;0.3251;0.367;5359458.13
20230624 000000;0.367;0.4071;0.3582;0.3636;5105301.02
20230625 000000;0.3636;0.4999;0.3562;0.4342;4695948.91
20230626 000000;0.4342;0.4528;0.4007;0.421;4433003.31
20230627 000000;0.421;0.5;0.4201;0.4774;4269618.35
20230628 000000;0.4774;0.4948;0.4054;0.4063;4212178.98
20230629 000000;0.4063;0.4477;0.3984;0.4159;4553833.1
20230630 000000;0.4159;0.4678;0.4065;0.417;4449890.06
20230701 000000;0.417;0.4444;0.4063;0.4431;4486621.04
20230702 000000;0.4431;0.4564;0.4186;0.4353;4289681.93
20230703 000000;0.4353;0.4853;0.4342;0.4695;4175988
20230704 000000;0.4695;0.5789;0.4688;0.5256;5055863.03
20230705 000000;0.5256;0.58;0.4535;0.5132;3701810.99
20230706 000000;0.5132;0.5595;0.4888;0.501;3595724.5
20230707 000000;0.501;0.5141;0.4798;0.4842;3974385.22
20230708 000000;0.4842;0.489;0.4413;0.447;4032901.18
20230709 000000;0.447;0.47;0.426;0.4585;4453990.04
20230710 000000;0.4585;0.4995;0.4435;0.4913;4330298.71
20230711 000000;0.4913;0.5595;0.4802;0.5066;3988462.43
20230712 000000;0.5066;0.5162;0.4737;0.4827;4014312.64
20230713 000000;0.4827;0.5336;0.4642;0.4963;4062242.48
20230714 000000;0.4963;0.5066;0.4349;0.456;4214854.27
20230715 000000;0.456;0.47;0.445;0.4485;4417420.23
20230716 000000;0.4485;0.4633;0.4131;0.4168;4318169.31
20230717 000000;0.4168;0.4296;0.3872;0.4124;4864730.38
20230718 000000;0.4124;0.4197;0.3802;0.3858;4990240.98
20230719 000000;0.3858;0.4424;0.3831;0.4225;5693639.54
20230720 000000;0.4225;0.455;0.4208;0.4417;12547040.36
20230721 000000;0.4417;0.452;0.401;0.4239;5327101.94
20230722 000000;0.4239;0.4281;0.4077;0.4127;4723942.62
20230723 000000;0.4127;0.444;0.4005;0.4331;4915322.13
20230724 000000;0.4331;0.4348;0.3985;0.4056;4759969.73
20230725 000000;0.4056;0.415;0.3989;0.4055;4907502.31
20230726 000000;0.4055;0.4294;0.3835;0.4101;5052775.62
20230727 000000;0.4101;0.4228;0.3992;0.4061;4886835.56
20230728 000000;0.4061;0.4198;0.3931;0.3989;4970586.11
20230729 000000;0.3989;0.4285;0.3989;0.4115;4946688.27
20230730 000000;0.4115;0.45;0.4115;0.4264;4665436.06
20230731 000000;0.4264;0.4743;0.4255;0.4667;4637310.99
20230801 000000;0.4667;0.4746;0.44;0.4563;4489346.12
20230802 000000;0.4563;0.605;0.4554;0.4962;3993969.85
20230803 000000;0.4962;0.537;0.4814;0.491;3993558.81
20230804 000000;0.491;0.4985;0.4601;0.4739;4162573.82
20230805 000000;0.4739;0.4949;0.4551;0.4913;4290014.62
20230806 000000;0.4913;0.5205;0.486;0.4919;4029604.73
20230807 000000;0.4919;0.4961;0.4739;0.4961;4068251.93
20230808 000000;0.4961;0.5;0.4818;0.4943;4062347.38
20230809 000000;0.4943;0.4977;0.4509;0.4589;577133.21
20230810 000000;0.4589;0.4949;0.4545;0.4673;4941672.23
20230811 000000;0.4673;0.4704;0.4323;0.4387;1211219.72
20230812 000000;0.4387;0.467;0.4272;0.4616;8392364.11
20230813 000000;0.4616;0.4808;0.4499;0.4555;6564271.33
20230814 000000;0.4555;0.509;0.4511;0.4841;6503391.03
20230815 000000;0.4841;0.51;0.4614;0.4846;6227884.78
20230816 000000;0.4846;0.4916;0.4495;0.4505;6405044.1
20230817 000000;0.4505;0.4598;0.41;0.4258;355266.87
20230818 000000;0.4258;0.4293;0.3988;0.4065;7949953.95
20230819 000000;0.4065;0.45;0.4053;0.4478;6994288.09
20230820 000000;0.4478;0.4599;0.4283;0.4378;6828298.62
20230821 000000;0.4378;0.4423;0.4157;0.4263;7068732.62
20230822 000000;0.4263;0.43;0.404;0.4154;7157988.67
20230823 000000;0.4154;0.4627;0.4089;0.4224;7180162.25
20230824 000000;0.4224;0.4258;0.4031;0.41;7279433.16
20230825 000000;0.41;0.4203;0.4046;0.4178;7353977.24
20230826 000000;0.4178;0.4253;0.4077;0.4127;7250804.36
20230827 000000;0.4127;0.4285;0.4069;0.4099;7246413.27
20230828 000000;0.4099;0.435;0.4;0.4007;7235678.96
20230829 000000;0.4007;0.415;0.3837;0.412;7448400.36
20230830 000000;0.412;0.4131;0.3835;0.3881;7441439.89
20230831 000000;0.3881;0.3984;0.3609;0.3662;7755104.89
20230901 000000;0.3662;0.415;0.3653;0.3841;4065484.72
20230902 000000;0.3841;0.408;0.3781;0.3887;8601089.28
20230903 000000;0.3887;0.4741;0.384;0.4617;7785280.66
20230904 000000;0.4617;0.4799;0.4327;0.4577;6773522.75
20230905 000000;0.4577;0.465;0.43;0.4305;6702477.45
20230906 000000;0.4305;0.455;0.4138;0.4369;7087392.46
20230907 000000;0.4369;0.4762;0.435;0.4584;6707220.73
20230908 000000;0.4584;0.47;0.4373;0.4397;6760555.09
20230909 000000;0.4397;0.4698;0.4381;0.4425;6794414.65
20230910 000000;0.4425;0.4534;0.4221;0.4263;6776492.28
20230911 000000;0.4263;0.44;0.415;0.4252;7109939.76
20230912 000000;0.4252;0.4689;0.4251;0.4384;6736400.19
20230913 000000;0.4384;0.515;0.4381;0.4969;1915389.58
20230914 000000;0.4969;0.58;0.4824;0.4836;6634358.65
20230915 000000;0.4836;0.4919;0.463;0.4837;6327399.51
20230916 000000;0.4837;0.53;0.4774;0.5119;6144608.68
20230917 000000;0.5119;0.575;0.506;0.5682;5599301.48
20230918 000000;0.5682;0.65;0.5549;0.5634;5164321.15
20230919 000000;0.5634;0.6049;0.5551;0.5711;5184625.48
20230920 000000;0.5711;0.6188;0.5206;0.5957;5262499.81
20230921 000000;0.5957;0.615;0.5715;0.5843;5071661.19
20230922 000000;0.5843;0.5998;0.5459;0.56;5243886.2
20230923 000000;0.56;0.5678;0.5203;0.5389;5572422.97
20230924 000000;0.5389;0.559;0.5126;0.5334;5642040.83
20230925 000000;0.5334;0.5938;0.5149;0.5649;5389715.46
20230926 000000;0.5649;0.58;0.5521;0.5626;5314936.19
20230927 000000;0.5626;0.6005;0.5514;0.5826;5279743.69
20230928 000000;0.5826;0.6232;0.58;0.6063;4993853.91
20230929 000000;0.6063;0.6899;0.6055;0.6653;4658365.58
20230930 000000;0.6653;0.7;0.6314;0.6836;4479293.56
20231001 000000;0.6836;0.787;0.6809;0.7272;4133616.27
20231002 000000;0.7272;0.816;0.6834;0.6909;4117319.63
20231003 000000;0.6909;0.7848;0.6729;0.7179;4210009.08
20231004 000000;0.7179;0.77;0.7037;0.7334;4127253.46
20231005 000000;0.7334;0.734;0.6413;0.6842;4353720.61
20231006 000000;0.6842;0.7469;0.684;0.6978;4290822.02
20231007 000000;0.6978;0.745;0.6962;0.7065;3758151.96
20231008 000000;0.7065;0.743;0.7011;0.7287;4074628.69
20231009 000000;0.7287;0.7381;0.646;0.6468;3622928.54
20231010 000000;0.6468;0.7189;0.6147;0.6221;3367631.22
20231011 000000;0.6221;0.6699;0.606;0.6404;4563521.97
20231012 000000;0.6404;0.645;0.5978;0.616;4631441.56
20231013 000000;0.616;0.6439;0.6044;0.624;4952382.52
20231014 000000;0.624;0.64;0.6019;0.6165;4817943.29
20231015 000000;0.6165;0.64;0.605;0.6314;4723676.97
20231016 000000;0.6314;0.738;0.6297;0.6921;4911063.81
20231017 000000;0.6921;0.72;0.6571;0.6698;4934441.35
20231018 000000;0.6698;0.6992;0.664;0.666;4921717.72
20231019 000000;0.666;0.7524;0.6629;0.6907;5010095.01
20231020 000000;0.6907;0.77;0.6814;0.7407;4533426.5
20231021 000000;0.7407;0.875;0.7225;0.7236;4732651.47
20231022 000000;0.7236;0.765;0.7019;0.7527;4551603.84
20231023 000000;0.7527;0.7906;0.7312;0.7775;4573036.04
20231024 000000;0.7775;0.8733;0.7643;0.814;4315349.59
20231025 000000;0.814;0.91;0.8096;0.8819;3750221.79
20231026 000000;0.8819;0.9951;0.8734;0.9305;3039500.51
20231027 000000;0.9305;0.97;0.825;0.8884;2978012.51
20231028 000000;0.8884;0.9485;0.885;0.9271;2974608.29
20231029 000000;0.9271;0.9485;0.8999;0.9233;3102016.94
20231030 000000;0.9233;0.9647;0.9031;0.9256;3030698.36
20231031 000000;0.9256;0.9595;0.8393;0.9202;3114590.13
20231101 000000;0.9202;1.0139;0.8964;1.0097;3145054.9
20231102 000000;1.0097;1.0177;0.8991;0.9463;3172174.37
20231103 000000;0.9463;0.9791;0.8829;0.969;3065321.13
20231104 000000;0.969;1;0.9;0.9845;3207534.47
20231105 000000;0.9845;1.18;0.9832;1.1459;7052907.38
20231106 000000;1.1459;1.39;1.0906;1.2746;2703621.98
20231107 000000;1.2746;1.4265;1.155;1.3192;4857110.89
20231108 000000;1.3192;1.5278;1.3173;1.3472;4225069.26
20231109 000000;1.3472;1.48;1.2732;1.3757;3149406.18
20231110 000000;1.3757;1.3999;1.2531;1.3449;3238929.76
20231111 000000;1.3449;1.3999;1.2501;1.2935;3293820.02
20231112 000000;1.2935;1.3742;1.262;1.2775;1736258.71
20231113 000000;1.2775;1.3326;1.1299;1.2121;1335327.52
20231114 000000;1.2121;1.3241;1.1359;1.2382;1733326.21
20231115 000000;1.2382;1.4;1.2284;1.3909;2055210.95
20231116 000000;1.3909;1.65;1.24;1.278;2020881.28
20231117 000000;1.278;1.5;1.2401;1.3156;2164011.01
20231118 000000;1.3156;1.41;1.2515;1.3068;2163234.13
20231119 000000;1.3068;1.4299;1.2617;1.3926;2096680.73
20231120 000000;1.3926;1.44;1.29;1.2994;2000966.83
20231121 000000;1.2994;1.3799;1.2;1.2265;2014049.48
20231122 000000;1.2265;1.44;1.2228;1.3567;2024838.36
20231123 000000;1.3567;1.4949;1.3193;1.3307;1883650.52
20231124 000000;1.3307;1.438;1.3089;1.3698;2012145.12
20231125 000000;1.3698;1.6391;1.3455;1.5697;2038814.5
20231126 000000;1.5697;1.8185;1.525;1.8115;1912072.24
20231127 000000;1.8115;1.9479;1.62;1.7514;1819605.03
20231128 000000;1.7514;2.195;1.7291;1.9557;1554719.32
20231129 000000;1.9557;2.12;1.7987;1.8124;1055019.88
20231130 000000;1.8124;1.96;1.7889;1.8794;2090080.29
20231201 000000;1.8794;2.085;1.8285;1.9982;3591081.93
20231202 000000;1.9982;2.2;1.9959;2.161;3309527.62
20231203 000000;2.161;2.222;2.021;2.1181;1520810.6
20231204 000000;2.1181;2.25;2.0014;2.053;1297956.54
20231205 000000;2.053;2.0979;1.81;2.0165;1384343.61
20231206 000000;2.0165;2.0378;1.7799;1.8506;1306075.83
20231207 000000;1.8506;1.991;1.81;1.9905;1212990.58
20231208 000000;1.9905;2.09;1.9;1.9028;1245496.83
20231209 000000;1.9028;2.13;1.8829;1.9153;1304305.41
20231210 000000;1.9153;1.9613;1.8;1.8682;1390451.85
20231211 000000;1.8682;1.9096;1.657;1.7336;1472833.83
20231212 000000;1.7336;1.9174;1.67;1.7191;1413565.57
20231213 000000;1.7191;2.0228;1.65;1.9604;1528998.66
20231214 000000;1.9604;1.9805;1.7591;1.8307;1449935.74
20231215 000000;1.8307;1.91;1.7079;1.7964;1418502.69
20231216 000000;1.7964;1.95;1.7164;1.7751;1457331.52
20231217 000000;1.7751;1.88;1.7;1.754;1444242.91
20231218 000000;1.754;1.8001;1.625;1.7387;1496683.01
20231219 000000;1.7387;1.8164;1.568;1.6247;1526736.52
20231220 000000;1.6247;1.83;1.5966;1.7826;1562081.72
20231221 000000;1.7826;1.7999;1.6713;1.7107;1497798.95
20231222 000000;1.7107;1.8;1.5;1.6664;1571003.12
20231223 000000;1.6664;1.701;1.567;1.6631;1550527.52
20231224 000000;1.6631;1.68;1.57;1.58;1564088.14
20231225 000000;1.58;1.75;1.55;1.6148;1761980.34
20231226 000000;1.6148;1.7518;1.6;1.657;1588489.27
20231227 000000;1.657;1.7348;1.5809;1.6755;1634376.92
20231228 000000;1.6755;1.98;1.6607;1.8312;1622267.09
20231229 000000;1.8312;1.982;1.7016;1.7529;1441978.59
20231230 000000;1.7529;1.96;1.6935;1.7717;1424227.55
20231231 000000;1.7717;1.825;1.705;1.7208;1420998.61
