20260101 000000;0.06761;0.06879;0.06738;0.06876;1809364.5
20260102 000000;0.06876;0.07015;0.06744;0.07007;1884067.52
20260103 000000;0.07007;0.0712;0.06858;0.07077;1941355.64
20260104 000000;0.07077;0.0756;0.07073;0.07362;2859151.93
20260105 000000;0.07362;0.07893;0.07328;0.07632;1920058.69
20260106 000000;0.07632;0.07907;0.07544;0.07778;1754171.66
20260107 000000;0.07778;0.08444;0.07236;0.07308;5229599.3
20260108 000000;0.07308;0.07851;0.07301;0.07839;1533009.3
20260109 000000;0.07839;0.0876;0.07737;0.08595;1866881.47
20260110 000000;0.08595;0.139;0.08319;0.1324;2927003.9
20260111 000000;0.1324;0.13772;0.11313;0.11706;2260628.89
20260112 000000;0.11706;0.11736;0.09791;0.10106;1343993.12
20260113 000000;0.10106;0.10669;0.09601;0.09939;1112809.41
20260114 000000;0.09939;0.10506;0.09482;0.09776;1158197.35
20260115 000000;0.09776;0.1055;0.08714;0.09286;1333632.56
20260116 000000;0.09286;0.10112;0.0869;0.09586;1016753.72
20260117 000000;0.09586;0.13693;0.0933;0.11666;1766377.14
20260118 000000;0.11666;0.1495;0.10383;0.10643;1904925.12
20260119 000000;0.10643;0.13;0.1015;0.12828;1281063.08
20260120 000000;0.12828;0.145;0.11474;0.12054;1295134.47
20260121 000000;0.12054;0.12133;0.109;0.10911;951070.1
20260122 000000;0.10911;0.13247;0.108;0.11474;1083178
20260123 000000;0.11474;0.12097;0.10871;0.11648;955883.73
20260124 000000;0.11648;0.1182;0.09802;0.09995;935630.12
20260125 000000;0.09995;0.10738;0.09275;0.09399;956551.59
20260126 000000;0.09399;0.10144;0.09332;0.1011;809723.84
20260127 000000;0.1011;0.11;0.09167;0.09346;951898.89
20260128 000000;0.09346;0.09623;0.091;0.09207;743836.54
20260129 000000;0.09207;0.09321;0.083;0.08508;935433.73
20260130 000000;0.08508;0.08671;0.07961;0.08605;889256.72
20260131 000000;0.08605;0.0904;0.07377;0.07739;1187813.52
20260201 000000;0.07739;0.08027;0.06982;0.073;925552.19
20260202 000000;0.073;0.07524;0.06819;0.07343;1019148.82
20260203 000000;0.07343;0.0755;0.06698;0.0713;1301341.5
20260204 000000;0.0713;0.08478;0.07113;0.07288;1212780.82
20260205 000000;0.07288;0.077;0.06851;0.0721;1053979.42
20260206 000000;0.0721;0.07735;0.0685;0.07685;993899.62
20260207 000000;0.07685;0.07776;0.0709;0.07268;847548.57
20260208 000000;0.07268;0.07408;0.0687;0.07391;976588.13
20260209 000000;0.07391;0.07396;0.0679;0.06883;989326.92
20260210 000000;0.06883;0.0759;0.06855;0.07016;832222.26
20260211 000000;0.07016;0.07152;0.06751;0.07002;934042.91
20260212 000000;0.07002;0.07121;0.06806;0.06848;843842.12
20260213 000000;0.06848;0.07367;0.06713;0.0736;924052.87
20260214 000000;0.0736;0.07884;0.07156;0.07862;903408.42
20260215 000000;0.07862;0.07916;0.07202;0.07421;849903.11
20260216 000000;0.07421;0.07635;0.07116;0.07294;798118.93
20260217 000000;0.07294;0.07737;0.06899;0.07305;964379.84
20260218 000000;0.07305;0.09398;0.07148;0.07529;1306842.55
20260219 000000;0.07529;0.08423;0.07349;0.07381;860869.98
20260220 000000;0.07381;0.07741;0.07316;0.07722;812438.33
20260221 000000;0.07722;0.08104;0.07715;0.07895;833065.78
20260222 000000;0.07895;0.07922;0.07328;0.07386;828641.09
20260223 000000;0.07386;0.0758;0.061;0.06775;1035436.98
20260224 000000;0.06775;0.06783;0.06235;0.06502;860186.93
20260225 000000;0.06502;0.07249;0.06336;0.06718;892463.5
20260226 000000;0.06718;0.06923;0.06278;0.06497;1016766.2
20260227 000000;0.06497;0.06877;0.06345;0.06353;944850.51
20260228 000000;0.06353;0.06495;0.0601;0.06376;1052683.38
20260301 000000;0.06376;0.06488;0.06022;0.06032;945265.89
20260302 000000;0.06032;0.06361;0.05987;0.06203;960938.65
20260303 000000;0.06203;0.06551;0.06169;0.06321;926666.12
20260304 000000;0.06321;0.06525;0.06026;0.06341;898282.33
20260305 000000;0.06341;0.06606;0.06224;0.0629;845507.04
20260306 000000;0.0629;0.06364;0.05844;0.06136;988609.12
20260307 000000;0.06136;0.06311;0.05842;0.0595;1129934.35
20260308 000000;0.0595;0.06152;0.052;0.05968;940347.1
20260309 000000;0.05968;0.06065;0.05848;0.06048;857988.21
20260310 000000;0.06048;0.06151;0.05852;0.06027;797253.1
20260311 000000;0.06027;0.06252;0.05876;0.05934;835627.46
20260312 000000;0.05934;0.06199;0.05871;0.06003;775781.48
20260313 000000;0.06003;0.06357;0.059;0.05951;937825.85
20260314 000000;0.05951;0.0613;0.05866;0.05946;815980.87
20260315 000000;0.05946;0.064;0.05815;0.0619;924753.91
20260316 000000;0.0619;0.07228;0.06081;0.06571;1212914.03
20260317 000000;0.06571;0.07551;0.0647;0.06501;956442.11
20260318 000000;0.06501;0.06523;0.05701;0.06217;1029261.11
20260319 000000;0.06217;0.06233;0.06004;0.06091;865647.43
20260320 000000;0.06091;0.06114;0.05968;0.06043;799402.25
20260321 000000;0.06043;0.0607;0.05955;0.0599;718682.61
20260322 000000;0.0599;0.05992;0.05736;0.05814;756838.42
20260323 000000;0.05814;0.06175;0.05766;0.05889;893043.82
20260324 000000;0.05889;0.05978;0.05797;0.05892;790056.87
20260325 000000;0.05892;0.06053;0.05875;0.0597;844258.68
20260326 000000;0.0597;0.06089;0.05873;0.06017;837612.32
20260327 000000;0.06017;0.06058;0.05892;0.0593;767607.76
20260328 000000;0.0593;0.05999;0.05903;0.05954;708780.39
20260329 000000;0.05954;0.05974;0.058;0.05856;907915.14
20260330 000000;0.05856;0.0599;0.05828;0.05867;761958.32
20260331 000000;0.05867;0.05974;0.0584;0.05924;835832.01
20260401 000000;0.05924;0.0603;0.05892;0.05916;1359556.36
20260402 000000;0.05916;0.05927;0.05807;0.05856;1513373.1
20260403 000000;0.05856;0.05873;0.05807;0.05837;1454984.43
20260404 000000;0.05837;0.05887;0.05789;0.05848;1530791.36
20260405 000000;0.05848;0.05905;0.05833;0.05859;1469305.44
20260406 000000;0.05859;0.05899;0.05816;0.05852;1510122.79
20260407 000000;0.05852;0.0587;0.05775;0.05847;1473197.69
20260408 000000;0.05847;0.05929;0.05786;0.05791;1578356.19
20260409 000000;0.05791;0.05881;0.05784;0.05836;1518815.34
20260410 000000;0.05836;0.05896;0.05764;0.05827;1707351.27
20260411 000000;0.05827;0.05903;0.05764;0.05853;1559615.26
20260412 000000;0.05853;0.05863;0.05793;0.05805;1523619.77
20260413 000000;0.05805;0.05879;0.05774;0.05856;1638873.57
20260414 000000;0.05856;0.05889;0.05708;0.05713;1605034.39
20260415 000000;0.05713;0.0576;0.05692;0.05713;1599406.47
20260416 000000;0.05713;0.05772;0.05687;0.05744;1648794.27
20260417 000000;0.05744;0.05779;0.05685;0.05738;1684136.44
20260418 000000;0.05738;0.05773;0.05676;0.05707;1664527.1
20260419 000000;0.05707;0.05713;0.05453;0.0547;1738629.41
20260420 000000;0.0547;0.05483;0.052;0.05373;2185679.34
20260421 000000;0.05373;0.05398;0.05294;0.05314;1738355.33
20260422 000000;0.05314;0.05325;0.05239;0.05294;1746441.43
20260423 000000;0.05294;0.05328;0.05249;0.05306;1658775.31
20260424 000000;0.05306;0.05311;0.05225;0.05277;1821627.88
20260425 000000;0.05277;0.05332;0.05223;0.05328;1767206.28
20260426 000000;0.05328;0.05353;0.05214;0.05335;1852909.32
20260427 000000;0.05335;0.05352;0.05269;0.05295;1762001.34
20260428 000000;0.05295;0.053;0.05218;0.05242;1756528.4
20260429 000000;0.05242;0.05282;0.05208;0.05253;1654887.93
20260430 000000;0.05253;0.05354;0.05201;0.05282;1760084.62
20260501 000000;0.05282;0.05337;0.05265;0.05286;1834510.7
20260502 000000;0.05286;0.0534;0.05235;0.05279;1706921.68
20260503 000000;0.05279;0.05517;0.05249;0.05509;1930655.05
20260504 000000;0.05509;0.05737;0.05477;0.05657;1904268.36
20260505 000000;0.05657;0.05673;0.05578;0.05643;1578621.53
20260506 000000;0.05643;0.0572;0.0562;0.05702;1604780
20260507 000000;0.05702;0.05785;0.05668;0.05687;1733445.12
20260508 000000;0.05687;0.05797;0.0558;0.05591;1736986.11
20260509 000000;0.05591;0.05617;0.05451;0.05566;1784797.42
20260510 000000;0.05566;0.05681;0.05509;0.05524;1978625.74
20260511 000000;0.05524;0.05586;0.05507;0.05555;1654811.59
20260512 000000;0.05555;0.05656;0.05551;0.05585;1617407.15
20260513 000000;0.05585;0.05616;0.05452;0.05557;1948485.93
20260514 000000;0.05557;0.05661;0.048;0.05631;1885752.95
20260515 000000;0.05631;0.05676;0.05531;0.05562;1729643.53
20260516 000000;0.05562;0.05564;0.0545;0.05482;1543024.06
20260517 000000;0.05482;0.05508;0.05343;0.05349;1672974.07
20260518 000000;0.05349;0.05369;0.05246;0.05267;1655155.62
20260519 000000;0.05267;0.05292;0.05064;0.05113;1782137.3
20260520 000000;0.05113;0.05169;0.0506;0.05114;1641462.44
20260521 000000;0.05114;0.05169;0.05089;0.0512;1630391.48
20260522 000000;0.0512;0.0514;0.04917;0.04954;1712884.83
20260523 000000;0.04954;0.04954;0.04775;0.04813;1667225.23
20260524 000000;0.04813;0.04882;0.04784;0.0487;1632810.9
20260525 000000;0.0487;0.04899;0.04818;0.04865;1544648.69
20260526 000000;0.04865;0.04985;0.04843;0.0494;1705324.08
20260527 000000;0.0494;0.04974;0.04841;0.04873;1539284.55
20260528 000000;0.04873;0.04896;0.04801;0.04835;1600025.45
20260529 000000;0.04835;0.04898;0.04804;0.04895;1566585.57
20260530 000000;0.04895;0.05;0.04837;0.04855;2495082.44
20260531 000000;0.04855;0.04936;0.04834;0.04879;1547736.47
20260601 000000;0.04879;0.0522;0.04827;0.04923;1664817.41
20260602 000000;0.04923;0.05012;0.04898;0.04924;1605446.16
20260603 000000;0.04924;0.04969;0.04881;0.0492;1508465.42
20260604 000000;0.0492;0.04935;0.04827;0.04897;1651641.06
20260605 000000;0.04897;0.04918;0.046;0.04827;1946115.82
20260606 000000;0.04827;0.04833;0.04701;0.04714;1921187
20260607 000000;0.04714;0.04755;0.04653;0.04682;1902548.98
20260608 000000;0.04682;0.04693;0.0398;0.04024;2914320.36
20260609 000000;0.04024;0.04042;0.0397;0.04027;2272937.27
20260610 000000;0.04027;0.04033;0.0324;0.03645;2637914.77
20260611 000000;0.03645;0.03991;0.03634;0.03987;2343525.61
20260612 000000;0.03987;0.04021;0.03849;0.03861;2277295.44
20260613 000000;0.03861;0.03883;0.03767;0.03776;2279746.73
20260614 000000;0.03776;0.03833;0.03736;0.03815;2201966.7
20260615 000000;0.03815;0.03853;0.03774;0.03785;2194570.3
20260616 000000;0.03785;0.0379;0.03752;0.03761;2129547.15
20260617 000000;0.03761;0.03766;0.03568;0.03581;2415370.3
20260618 000000;0.03581;0.03586;0.03372;0.03381;2908868.75
20260619 000000;0.03381;0.0339;0.03328;0.03335;2708735.52
20260620 000000;0.03335;0.0337;0.03329;0.03342;2006345.78
