20240101 000000;0.00041;0.0005148;0.00041;0.0004616;29091778.62
20240102 000000;0.0004616;0.0004617;0.00041;0.00042;27819797.04
20240103 000000;0.00042;0.0004579;0.0003698;0.0004398;78596002.14
20240104 000000;0.0004398;0.0004398;0.0003273;0.000397;66973492.86
20240105 000000;0.000397;0.0005149;0.000346;0.0004479;65549176.5
20240106 000000;0.0004479;0.0004479;0.0003491;0.0004447;64825484.31
20240107 000000;0.0004447;0.0004447;0.0003701;0.000399;102132499.21
20240108 000000;0.000399;0.000399;0.0003515;0.00039;639666.96
20240109 000000;0.00039;0.0004199;0.0003515;0.000355;874615.8
20240110 000000;0.000355;0.00036;0.0003154;0.0003399;143461240.31
20240111 000000;0.0003399;0.0004399;0.0003399;0.0003648;24422613.17
20240112 000000;0.0003648;0.0004379;0.0003631;0.0004;30951174.52
20240113 000000;0.0004;0.0004278;0.0003757;0.000385;46608997.98
20240114 000000;0.000385;0.0004259;0.000385;0.000392;49675171.49
20240115 000000;0.000392;0.0004264;0.0003403;0.0004233;92663056.76
20240116 000000;0.0004233;0.0004233;0.0003516;0.0003522;45775558.43
20240117 000000;0.0003522;0.00041;0.0003522;0.0003679;50516025.4
20240118 000000;0.0003679;0.00041;0.0003523;0.000353;19197655.11
20240119 000000;0.000353;0.0004039;0.000353;0.00038;15832634.09
20240120 000000;0.00038;0.0004039;0.0003739;0.000383;158592767.48
20240121 000000;0.000383;0.000383;0.0003572;0.0003592;2511525.16
20240122 000000;0.0003592;0.00042;0.0003521;0.00042;83565430.68
20240123 000000;0.00042;0.0004374;0.0003407;0.0003412;31983476.81
20240124 000000;0.0003412;0.0003984;0.0003311;0.000345;79874131.5
20240125 000000;0.000345;0.0003679;0.0002619;0.000274;141695914.03
20240126 000000;0.000274;0.0003598;0.000274;0.0003598;120885828.15
20240127 000000;0.0003598;0.000366;0.0003102;0.00034;25805239.43
20240128 000000;0.00034;0.000398;0.00034;0.0003435;48344469.05
20240129 000000;0.0003435;0.0003949;0.0003404;0.0003419;36633028.13
20240130 000000;0.0003419;0.0003734;0.0003419;0.0003691;21355735.43
20240131 000000;0.0003691;0.0003691;0.0003407;0.0003427;54931404.89
20240201 000000;0.0003427;0.0003668;0.0003427;0.000347;55713284.7
20240202 000000;0.000347;0.00039;0.0003281;0.00035;57656631.83
20240203 000000;0.00035;0.0003549;0.00033;0.0003549;36402562.29
20240204 000000;0.0003549;0.000388;0.0003296;0.0003397;104370193.46
20240205 000000;0.0003397;0.0003898;0.0003397;0.0003898;72335428.5
20240206 000000;0.0003898;0.00039;0.00038;0.00038;62891280.4
20240207 000000;0.00038;0.00038;0.0003507;0.0003548;246844606.41
20240208 000000;0.0003548;0.000371;0.0003548;0.000371;39626096.65
20240209 000000;0.000371;0.00039;0.000371;0.00039;860903.75
20240210 000000;0.00039;0.0004;0.00039;0.0004;546672.96
20240211 000000;0.0004;0.0004;0.0003111;0.0003111;742486.97
20240212 000000;0.0003111;0.000399;0.0003111;0.000399;702696.37
20240213 000000;0.000399;0.000399;0.0003356;0.0003356;38783.43
20240214 000000;0.0003356;0.0004375;0.0003356;0.0004327;62056221.59
20240215 000000;0.0004327;0.0004327;0.0003536;0.0003546;59915949.98
20240216 000000;0.0003546;0.0004222;0.0003546;0.0003754;57884946.06
20240217 000000;0.0003754;0.000422;0.0003258;0.0003258;61888292.45
20240218 000000;0.0003258;0.0003693;0.0003258;0.00034;306773.46
20240219 000000;0.00034;0.0003839;0.00034;0.0003839;2923207.01
20240220 000000;0.0003839;0.0003839;0.0003415;0.0003415;172278.76
20240221 000000;0.0003415;0.000378;0.0003273;0.0003757;13868800.74
20240222 000000;0.0003757;0.0004095;0.0003362;0.0003436;20024915.52
20240223 000000;0.0003436;0.00041;0.0003383;0.0003896;17630222.85
20240224 000000;0.0003896;0.0003896;0.0003125;0.0003687;77992204.3
20240225 000000;0.0003687;0.0003687;0.0003368;0.0003679;858583.38
20240226 000000;0.0003679;0.0003679;0.0003381;0.0003585;554939.13
20240227 000000;0.0003585;0.0003799;0.0003409;0.0003426;786208.49
20240228 000000;0.0003426;0.0003784;0.00032;0.0003494;50618231.18
20240229 000000;0.0003494;0.0003496;0.00032;0.0003214;1250581.58
20240301 000000;0.0003214;0.000322;0.0003214;0.000322;792044.63
20240302 000000;0.000322;0.000352;0.000322;0.0003259;277409.66
20240303 000000;0.0003259;0.00037;0.0003259;0.00037;994429.6
20240304 000000;0.00037;0.00037;0.0003354;0.00036;3359331.67
20240305 000000;0.00036;0.00036;0.0003368;0.00036;58658867.25
20240306 000000;0.00036;0.00036;0.0003271;0.0003278;38837926.18
20240307 000000;0.0003278;0.0003558;0.0003201;0.0003384;30161532.25
20240308 000000;0.0003384;0.0003524;0.0003207;0.0003496;22823702.57
20240309 000000;0.0003496;0.00039;0.0002712;0.0002955;23566081.7
20240310 000000;0.0002955;0.000389;0.0002955;0.0003872;16289099.43
20240311 000000;0.0003872;0.0003872;0.0003425;0.000343;54120727.97
20240312 000000;0.000343;0.0003881;0.0003366;0.000382;90124726.38
20240313 000000;0.000382;0.000389;0.0003367;0.0003453;78401829.07
20240314 000000;0.0003453;0.0003699;0.0003453;0.0003453;88713782.89
20240315 000000;0.0003453;0.0003672;0.0003101;0.00033;21083552.19
20240316 000000;0.00033;0.0003641;0.0003154;0.0003154;2504295.66
20240317 000000;0.0003154;0.0003333;0.0003085;0.0003094;1085926.25
20240318 000000;0.0003094;0.000332;0.0003094;0.0003298;5604288.33
20240319 000000;0.0003298;0.0003298;0.0002506;0.0002506;1901540.14
20240320 000000;0.0002506;0.00031;0.0002506;0.0003088;956394.98
20240321 000000;0.0003088;0.00033;0.00029;0.0003221;14419331.51
20240322 000000;0.0003221;0.00033;0.00028;0.00029;210296050.86
20240323 000000;0.00029;0.00035;0.0002614;0.000285;29773334.21
20240324 000000;0.000285;0.00032;0.000285;0.0003049;359842.72
20240325 000000;0.0003049;0.0003049;0.00028;0.00029;63651442.92
20240326 000000;0.00029;0.0003191;0.00029;0.0003172;23939648.72
20240327 000000;0.0003172;0.0003288;0.0002935;0.0003288;5545441.26
20240328 000000;0.0003288;0.0003295;0.0003104;0.0003135;11883045.71
20240329 000000;0.0003135;0.0003439;0.0003026;0.0003203;111846100.72
20240330 000000;0.0003203;0.0003438;0.0003203;0.0003438;918351.27
20240331 000000;0.0003438;0.0003438;0.0003106;0.0003106;5729111.76
20240401 000000;0.0003106;0.0003364;0.0002835;0.0002836;6485951.51
20240402 000000;0.0002836;0.000311;0.000255;0.000255;18063687.57
20240403 000000;0.000255;0.000278;0.000255;0.000256;40946821.8
20240404 000000;0.000256;0.0002894;0.000256;0.000273;122498739.69
20240405 000000;0.000273;0.000329;0.0002572;0.0002577;1479402.93
20240406 000000;0.0002577;0.0003135;0.0002577;0.000273;38793956.15
20240407 000000;0.000273;0.0002976;0.000273;0.0002731;27185522.84
20240408 000000;0.0002731;0.000274;0.0002705;0.0002705;8087721.83
20240409 000000;0.0002705;0.0002923;0.000258;0.000258;5054766.89
20240410 000000;0.000258;0.0003139;0.000258;0.0002582;14257600.88
20240411 000000;0.0002582;0.000277;0.0002582;0.000277;48579643.14
20240412 000000;0.000277;0.0002982;0.0002582;0.000277;19657662.27
20240413 000000;0.000277;0.0002992;0.0002701;0.000273;2209549.62
20240414 000000;0.000273;0.000277;0.0002411;0.000277;31329874.01
20240415 000000;0.000277;0.0003165;0.0002557;0.0002557;2363913.31
20240416 000000;0.0002557;0.0003139;0.0002133;0.0002133;7813069.55
20240417 000000;0.0002133;0.0002601;0.0002133;0.000245;26939992.92
20240418 000000;0.000245;0.000245;0.000245;0.000245;87799058.49
20240419 000000;0.000245;0.0002796;0.0002212;0.0002777;2123712.63
20240420 000000;0.0002777;0.0002777;0.0002254;0.0002718;5969547.31
20240421 000000;0.0002718;0.0002718;0.0002263;0.0002602;77851462.53
20240422 000000;0.0002602;0.000298;0.0002404;0.00028;2355469.34
20240423 000000;0.00028;0.0003439;0.000242;0.000242;6788750.63
20240424 000000;0.000242;0.0002734;0.0002111;0.00024;161084950.39
20240425 000000;0.00024;0.0002699;0.00023;0.0002678;11517559.87
20240426 000000;0.0002678;0.0002678;0.0002309;0.0002315;1453788.77
20240427 000000;0.0002315;0.0002496;0.0002315;0.0002327;93085.08
20240428 000000;0.0002327;0.0002478;0.0002227;0.0002228;14459033.73
20240429 000000;0.0002228;0.0002449;0.0002122;0.0002124;107070700.42
20240430 000000;0.0002124;0.000234;0.0002124;0.00022;34635926.89
20240501 000000;0.00022;0.00022;0.00021;0.0002198;65206156.02
20240502 000000;0.0002198;0.0002295;0.000211;0.0002198;26079783.45
20240503 000000;0.0002198;0.0002294;0.0002198;0.0002294;67117993.92
20240504 000000;0.0002294;0.0002295;0.0002294;0.0002295;87074.12
20240505 000000;0.0002295;0.0002295;0.0002131;0.0002133;657833.34
20240506 000000;0.0002133;0.0002299;0.000211;0.0002111;12840616.16
20240507 000000;0.0002111;0.000216;0.0001876;0.0001876;52641263.1
20240508 000000;0.0001876;0.000212;0.0001876;0.0001876;3863204.1
20240509 000000;0.0001876;0.00035;0.0001876;0.00035;9783069.41
20240510 000000;0.00035;0.0003589;0.0001902;0.0003373;1921112.96
20240511 000000;0.0003373;0.0003373;0.0002054;0.00021;21373570.59
20240512 000000;0.00021;0.000225;0.0001988;0.0002151;4807868.33
20240513 000000;0.0002151;0.00025;0.0002041;0.000219;16733340.09
20240514 000000;0.000219;0.0002497;0.0002134;0.000215;149420658.86
20240515 000000;0.000215;0.000225;0.000211;0.000215;58827540.72
20240516 000000;0.000215;0.00025;0.0002086;0.00025;3523468.62
20240517 000000;0.00025;0.00025;0.0002155;0.000224;2038872.44
20240518 000000;0.000224;0.0002439;0.0002207;0.0002297;16365663.65
20240519 000000;0.0002297;0.0002303;0.0002207;0.0002301;68261204.64
20240520 000000;0.0002301;0.0002301;0.0002207;0.0002207;4925523.56
20240521 000000;0.0002207;0.000236;0.0002207;0.0002302;17639612.68
20240522 000000;0.0002302;0.0002302;0.00022;0.00022;22531189.3
20240523 000000;0.00022;0.00022;0.0002051;0.0002051;551510.43
20240524 000000;0.0002051;0.0002387;0.0002051;0.0002387;431787.38
20240525 000000;0.0002387;0.0002387;0.0002083;0.0002349;2452474.01
20240526 000000;0.0002349;0.0002349;0.0002349;0.0002349;0
20240527 000000;0.0002349;0.0003182;0.0002115;0.0002258;31534458.5
20240528 000000;0.0002258;0.000316;0.0002258;0.0002408;1121402.8
20240529 000000;0.0002408;0.0002408;0.0002408;0.0002408;0
20240530 000000;0.0002408;0.0003434;0.0002353;0.0003101;2163402.62
20240531 000000;0.0003101;0.0003499;0.0002762;0.0002762;1382014.06
20240601 000000;0.0002762;0.0006;0.0002311;0.0002614;14386289.36
20240602 000000;0.0002614;0.000298;0.0002614;0.0002949;195976.62
20240603 000000;0.0002949;0.0003;0.0002738;0.0002753;906487.99
20240604 000000;0.0002753;0.0002753;0.0002753;0.0002753;0
20240605 000000;0.0002753;0.0002825;0.0002753;0.0002808;662250.65
20240606 000000;0.0002808;0.0002826;0.0002808;0.0002826;24926.68
20240607 000000;0.0002826;0.0003;0.0002826;0.0002876;158858.98
20240608 000000;0.0002876;0.0003198;0.000268;0.0003198;907485.58
20240609 000000;0.0003198;0.000345;0.0002688;0.0003;30184362.07
20240610 000000;0.0003;0.0003389;0.000278;0.0003;14219582.45
20240611 000000;0.0003;0.0003;0.000283;0.000283;20915508.12
20240612 000000;0.000283;0.0003476;0.000283;0.00029;28445444.39
20240613 000000;0.00029;0.0003273;0.0002597;0.0002597;25858280.95
20240614 000000;0.0002597;0.000319;0.0002431;0.00026;35264723.43
20240615 000000;0.00026;0.0002858;0.0002423;0.00026;21722961.16
20240616 000000;0.00026;0.0002658;0.00026;0.0002658;3123876.65
20240617 000000;0.0002658;0.0002658;0.0002423;0.0002423;273051.91
20240618 000000;0.0002423;0.000315;0.0002423;0.0002528;3906762.92
20240619 000000;0.0002528;0.000301;0.0002528;0.000301;19936.33
20240620 000000;0.000301;0.000301;0.0002571;0.0002571;1060462.65
20240621 000000;0.0002571;0.0003;0.0002571;0.0002671;13406356.46
20240622 000000;0.0002671;0.000294;0.0002671;0.0002705;88990470.75
20240623 000000;0.0002705;0.0002705;0.0002295;0.0002305;1903003.44
20240624 000000;0.0002305;0.0002824;0.0002305;0.0002824;160190813.27
20240625 000000;0.0002824;0.0002824;0.0002417;0.000258;260751204.31
20240626 000000;0.000258;0.000258;0.000258;0.000258;310087.04
20240627 000000;0.000258;0.0003047;0.0002416;0.0002416;273361448.01
20240628 000000;0.0002416;0.00032;0.0002416;0.000258;695878355.49
20240629 000000;0.000258;0.0003199;0.000258;0.000259;157420557.78
20240630 000000;0.000259;0.000285;0.000259;0.000285;132423525.14
20240701 000000;0.000285;0.00032;0.0002447;0.0002575;229967976.33
20240702 000000;0.0002575;0.0002575;0.0002538;0.0002539;335149100.9
20240703 000000;0.0002539;0.0002865;0.0002447;0.000275;215208902.07
20240704 000000;0.000275;0.000275;0.0002414;0.0002414;553233791.63
20240705 000000;0.0002414;0.0002717;0.000198;0.0002152;661524906.13
20240706 000000;0.0002152;0.000229;0.000208;0.000228;245001480.07
20240707 000000;0.000228;0.000255;0.0002169;0.00025;247863600.21
20240708 000000;0.00025;0.00025;0.000228;0.000228;243426256.01
20240709 000000;0.000228;0.0002438;0.0002201;0.0002201;243108985.73
20240710 000000;0.0002201;0.0002407;0.0002157;0.000228;126888412.93
20240711 000000;0.000228;0.00024;0.0002279;0.0002399;147394891.31
20240712 000000;0.0002399;0.000252;0.0002182;0.0002279;301943839.06
20240713 000000;0.0002279;0.0002618;0.0002178;0.00023;309957246.44
20240714 000000;0.00023;0.000255;0.0002208;0.00023;244710938.12
20240715 000000;0.00023;0.0002614;0.000221;0.0002301;56636436.97
20240716 000000;0.0002301;0.0002575;0.00023;0.00024;413495834.82
20240717 000000;0.00024;0.000255;0.0002276;0.00024;231923608.63
20240718 000000;0.00024;0.0002539;0.000228;0.000228;230923801.74
20240719 000000;0.000228;0.00024;0.000228;0.00024;231756971.04
20240720 000000;0.00024;0.00024;0.0002227;0.00024;231398162.62
20240721 000000;0.00024;0.00024;0.0002227;0.00024;230357539.57
20240722 000000;0.00024;0.0003111;0.0002397;0.00024;232941603.16
20240723 000000;0.00024;0.00024;0.0002252;0.0002307;179920625.27
20240724 000000;0.0002307;0.00024;0.0002282;0.00024;286871350.85
20240725 000000;0.00024;0.0002636;0.0002286;0.0002286;45397139.92
20240726 000000;0.0002286;0.000259;0.0002286;0.00024;416192836.82
20240727 000000;0.00024;0.0002549;0.0002298;0.00024;231033948.49
20240728 000000;0.00024;0.00024;0.00024;0.00024;231506963.52
20240729 000000;0.00024;0.00024;0.0002147;0.0002399;2184662.18
20240730 000000;0.0002399;0.0002399;0.0002147;0.000236;363316772.69
20240731 000000;0.000236;0.000236;0.0002145;0.000236;114982437.76
20240801 000000;0.000236;0.000236;0.000188;0.0002249;221584487.5
20240802 000000;0.0002249;0.0002349;0.0002;0.00022;505274987.31
20240803 000000;0.00022;0.0002299;0.0002025;0.000225;247778749.33
20240804 000000;0.000225;0.000229;0.0002025;0.000229;246684489.92
20240805 000000;0.000229;0.000229;0.0002026;0.000224;179070096.02
20240806 000000;0.000224;0.000225;0.0001923;0.0002003;118178481.04
20240807 000000;0.0002003;0.0002267;0.0001992;0.0002264;222490878.34
20240808 000000;0.0002264;0.0002264;0.0002025;0.0002175;243240985.72
20240809 000000;0.0002175;0.0002398;0.000207;0.0002111;507991510.68
20240810 000000;0.0002111;0.0002275;0.0002111;0.000223;247803943.78
20240811 000000;0.000223;0.0002297;0.0002071;0.0002229;66710567.85
20240812 000000;0.0002229;0.0002398;0.0001907;0.0002056;434914802.9
20240813 000000;0.0002056;0.0002373;0.0002025;0.0002239;939788.4
20240814 000000;0.0002239;0.0002239;0.000191;0.000202;549675972.98
20240815 000000;0.000202;0.0002025;0.000202;0.000202;278371664.95
20240816 000000;0.000202;0.0002199;0.0002001;0.0002026;219241426.03
20240817 000000;0.0002026;0.000221;0.0002026;0.000215;291050317.61
20240818 000000;0.000215;0.0002181;0.0002148;0.0002181;7317170.42
20240819 000000;0.0002181;0.0002364;0.0002151;0.0002356;172613025.33
20240820 000000;0.0002356;0.0002356;0.0002052;0.0002349;1496327.94
20240821 000000;0.0002349;0.0002349;0.0002068;0.0002269;264703752.41
20240822 000000;0.0002269;0.000235;0.00021;0.0002338;266338471.35
20240823 000000;0.0002338;0.0002338;0.000216;0.0002195;213719508.08
20240824 000000;0.0002195;0.0002292;0.0002195;0.000225;488220788.26
20240825 000000;0.000225;0.000225;0.0002196;0.0002196;166218.81
20240826 000000;0.0002196;0.00022;0.0002103;0.0002103;253614951.82
20240827 000000;0.0002103;0.000211;0.0002016;0.0002016;266415294.87
20240828 000000;0.0002016;0.000203;0.0002006;0.0002006;271841995.64
20240829 000000;0.0002006;0.0002072;0.0002006;0.0002029;358344977.4
20240830 000000;0.0002029;0.0002061;0.0001971;0.0002;466696651.48
20240831 000000;0.0002;0.000213;0.0001907;0.00021;273067020.07
20240901 000000;0.00021;0.0002107;0.0001977;0.0002013;264808266.24
20240902 000000;0.0002013;0.0002095;0.0001908;0.0002071;1866243.28
20240903 000000;0.0002071;0.0002194;0.000207;0.0002092;117736890.32
20240904 000000;0.0002092;0.0002092;0.0001911;0.0002092;289763958.36
20240905 000000;0.0002092;0.0002095;0.0002028;0.000208;264098731.7
20240906 000000;0.000208;0.0002091;0.0002039;0.0002039;542056008.9
20240907 000000;0.0002039;0.0002295;0.0001809;0.0002115;262398519.35
20240908 000000;0.0002115;0.0002115;0.0002046;0.0002046;357743.02
20240909 000000;0.0002046;0.0002294;0.0002046;0.000206;63753775.36
20240910 000000;0.000206;0.0002294;0.0001864;0.0001986;264155263.82
20240911 000000;0.0001986;0.0002288;0.0001982;0.0001999;11159571.56
20240912 000000;0.0001999;0.0002275;0.000192;0.000192;410013972.76
20240913 000000;0.000192;0.0002275;0.000192;0.000199;147929784.18
20240914 000000;0.000199;0.0002057;0.0001836;0.0002002;461518348.63
20240915 000000;0.0002002;0.0002019;0.0001836;0.0001893;320379963.44
20240916 000000;0.0001893;0.0002099;0.0000962;0.000197;158284455.56
20240917 000000;0.000197;0.0002;0.0001847;0.000197;300178310.38
20240918 000000;0.000197;0.000197;0.0001905;0.0001905;408966000.64
20240919 000000;0.0001905;0.0002252;0.0001905;0.000202;279548712.6
20240920 000000;0.000202;0.000206;0.000191;0.000191;271919308.26
20240921 000000;0.000191;0.000206;0.000191;0.000206;268985554.72
20240922 000000;0.000206;0.000206;0.0002058;0.0002058;297406.2
20240923 000000;0.0002058;0.000225;0.000203;0.000225;79450963.41
20240924 000000;0.000225;0.000225;0.000203;0.000203;546824866.25
20240925 000000;0.000203;0.000203;0.0001901;0.000203;141791855.91
20240926 000000;0.000203;0.000203;0.0001901;0.0001965;273886060.86
20240927 000000;0.0001965;0.000225;0.0001952;0.000203;272811026.28
20240928 000000;0.000203;0.000203;0.0002021;0.0002021;113929.67
20240929 000000;0.0002021;0.0002253;0.000182;0.000203;278334746.09
20240930 000000;0.000203;0.0002047;0.0001903;0.000203;545343796.79
20241001 000000;0.000203;0.0002047;0.0001907;0.0001942;378299.8
20241002 000000;0.0001942;0.0002;0.000183;0.000183;136217545.53
20241003 000000;0.000183;0.000203;0.000183;0.000203;256500630.47
20241004 000000;0.000203;0.000203;0.0001953;0.000202;434983607.26
20241005 000000;0.000202;0.0002253;0.0001968;0.000202;5630959.82
20241006 000000;0.000202;0.0002026;0.000197;0.0002026;372053410.37
20241007 000000;0.0002026;0.0002027;0.0002026;0.0002027;290178
20241008 000000;0.0002027;0.0002028;0.0001982;0.0002028;253622646.64
20241009 000000;0.0002028;0.0002246;0.0001982;0.0002138;198423078.16
20241010 000000;0.0002138;0.0002138;0.0001972;0.0001972;204315173.02
20241011 000000;0.0001972;0.000202;0.0001934;0.000196;520781683.42
20241012 000000;0.000196;0.000196;0.000185;0.000196;28168676.17
20241013 000000;0.000196;0.000197;0.000196;0.000197;20507439.84
20241014 000000;0.000197;0.0002122;0.000183;0.0001919;299717754.21
20241015 000000;0.0001919;0.000193;0.0001919;0.000193;11587623.84
20241016 000000;0.000193;0.0002225;0.000188;0.000193;525935407.69
20241017 000000;0.000193;0.000193;0.000193;0.000193;264565279.52
20241018 000000;0.000193;0.0001931;0.000193;0.000193;263010841.92
20241019 000000;0.000193;0.000195;0.0001856;0.000195;259079422.64
20241020 000000;0.000195;0.0001968;0.000195;0.000195;1240898.08
20241021 000000;0.000195;0.0001951;0.000193;0.000193;29451357.72
20241022 000000;0.000193;0.0001942;0.0001831;0.0001831;220287253.03
20241023 000000;0.0001831;0.000185;0.000173;0.000173;85446536.33
20241024 000000;0.000173;0.000193;0.000173;0.000185;286871563.22
20241025 000000;0.000185;0.00019;0.0001846;0.000185;8944046.4
20241026 000000;0.000185;0.0001998;0.000173;0.0001998;180179.6
20241027 000000;0.0001998;0.0001998;0.0001394;0.0001394;223445
20241028 000000;0.0001394;0.0001996;0.0001394;0.00018;562337639.05
20241029 000000;0.00018;0.0001994;0.0001561;0.00018;290912312.59
20241030 000000;0.00018;0.0001994;0.0001561;0.00018;183979671.69
20241031 000000;0.00018;0.000185;0.0001647;0.0001647;95833673.17
20241101 000000;0.0001647;0.0002197;0.0001647;0.0001872;64011568.1
20241102 000000;0.0001872;0.0001872;0.0001841;0.0001841;6614798.82
20241103 000000;0.0001841;0.0001841;0.0001762;0.0001762;62359
20241104 000000;0.0001762;0.00019;0.0001762;0.0001815;237318.87
20241105 000000;0.0001815;0.000187;0.000179;0.000186;194055.24
20241106 000000;0.000186;0.000186;0.000186;0.000186;102400
20241107 000000;0.000186;0.000188;0.00018;0.000185;90948.28
20241108 000000;0.000185;0.000195;0.0001797;0.0001866;328347752.09
20241109 000000;0.0001866;0.0001866;0.0001781;0.00018;13442014.57
20241110 000000;0.00018;0.0001948;0.000176;0.0001947;339823954.4
20241111 000000;0.0001947;0.0002389;0.0001778;0.0001975;156551678.77
20241112 000000;0.0001975;0.0002109;0.0001841;0.0001962;163904677.65
20241113 000000;0.0001962;0.0001962;0.0001786;0.0001786;167033667.43
20241114 000000;0.0001786;0.0002104;0.0001689;0.0001689;160909167.99
20241115 000000;0.0001689;0.000209;0.0001584;0.0001584;173391698.04
20241116 000000;0.0001584;0.0002044;0.000156;0.0001865;169640825.09
20241117 000000;0.0001865;0.0001873;0.0001767;0.0001873;170207892.44
20241118 000000;0.0001873;0.0001901;0.0001771;0.0001854;180206689.37
20241119 000000;0.0001854;0.0001938;0.0001792;0.0001851;174748787.2
20241120 000000;0.0001851;0.0001851;0.0001816;0.0001816;172032376
20241121 000000;0.0001816;0.0001816;0.0001643;0.0001791;187242560.32
20241122 000000;0.0001791;0.0001937;0.000156;0.0001795;194484498.87
20241123 000000;0.0001795;0.00019;0.0001563;0.0001595;188722628.43
20241124 000000;0.0001595;0.0001839;0.0001595;0.0001621;17475638.81
20241125 000000;0.0001621;0.0001931;0.000161;0.000187;343905935.58
20241126 000000;0.000187;0.000187;0.0001786;0.0001792;180886385.6
20241127 000000;0.0001792;0.0001795;0.000162;0.000162;184673852.8
20241128 000000;0.000162;0.0001696;0.000162;0.0001675;190056761.1
20241129 000000;0.0001675;0.0001879;0.0001597;0.0001879;188685409.85
20241130 000000;0.0001879;0.0001929;0.0001624;0.0001766;65067845.9
20241201 000000;0.0001766;0.0001846;0.0001624;0.0001624;302612433.99
20241202 000000;0.0001624;0.000199;0.000162;0.0001713;184545209.29
20241203 000000;0.0001713;0.0002045;0.0001713;0.0001808;173654909.85
20241204 000000;0.0001808;0.0002389;0.00018;0.0002389;14221762.11
20241205 000000;0.0002389;0.0002389;0.000185;0.0002204;230521221.99
20241206 000000;0.0002204;0.0002388;0.000188;0.000188;1984724.5
20241207 000000;0.000188;0.0002007;0.0001802;0.0001955;190150581.75
20241208 000000;0.0001955;0.0002004;0.0001826;0.0001993;16133068.5
20241209 000000;0.0001993;0.0002365;0.0001992;0.0002029;152010668.64
20241210 000000;0.0002029;0.0002032;0.000156;0.0001706;8302197.89
20241211 000000;0.0001706;0.0001854;0.0001596;0.0001751;132171536.9
20241212 000000;0.0001751;0.0001869;0.0001751;0.0001869;296565596.88
20241213 000000;0.0001869;0.0001869;0.000172;0.0001827;171617635.07
20241214 000000;0.0001827;0.0001869;0.000172;0.0001769;551329.8
20241215 000000;0.0001769;0.0001869;0.0001769;0.000179;175372950.23
20241216 000000;0.000179;0.0001869;0.0001716;0.0001869;203461281.91
20241217 000000;0.0001869;0.000196;0.0001718;0.0001745;235375562.86
20241218 000000;0.0001745;0.000196;0.0001735;0.0001792;1707562.85
20241219 000000;0.0001792;0.0001802;0.000156;0.000178;24720022.12
20241220 000000;0.000178;0.000178;0.0001612;0.0001756;333872144.19
20241221 000000;0.0001756;0.0001946;0.0001688;0.000181;17782325.29
20241222 000000;0.000181;0.000181;0.0001652;0.00018;1527159.19
20241223 000000;0.00018;0.00018;0.0001701;0.0001767;44355969.75
20241224 000000;0.0001767;0.0001767;0.000166;0.0001735;58172764.24
20241225 000000;0.0001735;0.0001783;0.0001589;0.0001729;167506600.99
20241226 000000;0.0001729;0.0001729;0.0001631;0.0001698;185654131.79
20241227 000000;0.0001698;0.0001889;0.0001591;0.0001804;179687183.53
20241228 000000;0.0001804;0.0001898;0.0001687;0.0001741;372609396.1
20241229 000000;0.0001741;0.000179;0.0001693;0.0001719;186801438.76
20241230 000000;0.0001719;0.0001778;0.000168;0.0001736;184534208
20241231 000000;0.0001736;0.0001874;0.0001689;0.000182;189921028.91
