20250606 000000;0.0002;0.0005;0.0002;0.0003009;206404945.04
20250607 000000;0.0003009;0.0003644;0.000295;0.0003055;130222059.73
20250608 000000;0.0003055;0.0003457;0.00027;0.000288;47991997.6
20250609 000000;0.000288;0.0003256;0.0002603;0.0003068;65357833.3
20250610 000000;0.0003068;0.0003196;0.0002554;0.0002591;99002297.06
20250611 000000;0.0002591;0.0002756;0.0002247;0.0002318;82816387.99
20250612 000000;0.0002318;0.0002944;0.00022;0.0002217;47701634.79
20250613 000000;0.0002217;0.0002473;0.0001916;0.0002225;25324535.48
20250614 000000;0.0002225;0.0002352;0.0001956;0.0002251;20876659.13
20250615 000000;0.0002251;0.0002858;0.00018;0.0002298;59107293.68
20250616 000000;0.0002298;0.0002835;0.0001989;0.0002303;56862608.7
20250617 000000;0.0002303;0.0002348;0.0001835;0.0002002;20814199.64
20250618 000000;0.0002002;0.0002699;0.0001958;0.0002479;17673372.89
20250619 000000;0.0002479;0.000267;0.000225;0.0002339;5696937.58
20250620 000000;0.0002339;0.000245;0.000222;0.0002332;5025437.52
20250621 000000;0.0002332;0.0002373;0.0002105;0.0002125;8567531.25
20250622 000000;0.0002125;0.0002167;0.0001884;0.0002041;40756849.63
20250623 000000;0.0002041;0.0002533;0.0001899;0.0002489;17317480.27
20250624 000000;0.0002489;0.0002572;0.0002379;0.00025;6645732.15
20250625 000000;0.00025;0.0002576;0.0002383;0.0002396;5607304.3
20250626 000000;0.0002396;0.0002488;0.0002338;0.000236;3119052.09
20250627 000000;0.000236;0.0002361;0.0002171;0.0002336;4885025.59
20250628 000000;0.0002336;0.0002623;0.0002329;0.0002525;6794997.48
20250629 000000;0.0002525;0.000253;0.0002363;0.0002448;7000243.74
20250630 000000;0.0002448;0.0002567;0.0002444;0.0002468;4903088.69
20250701 000000;0.0002468;0.0002468;0.0002339;0.0002381;2800313.47
20250702 000000;0.0002381;0.0002591;0.0001989;0.0002573;19100890.38
20250703 000000;0.0002573;0.0002616;0.0002399;0.0002608;6209559.31
20250704 000000;0.0002608;0.0002619;0.0002362;0.0002454;5710457.75
20250705 000000;0.0002454;0.0002508;0.0002279;0.0002295;3546073.53
20250706 000000;0.0002295;0.0002524;0.0002295;0.0002426;4681333.2
20250707 000000;0.0002426;0.0002524;0.0002286;0.0002312;10383508.45
20250708 000000;0.0002312;0.0002353;0.0002309;0.0002316;6635051.4
20250709 000000;0.0002316;0.0002622;0.0002285;0.0002441;5354126.98
20250710 000000;0.0002441;0.0002481;0.0002194;0.000231;7834849.25
20250711 000000;0.000231;0.0002623;0.000231;0.0002311;8051571.91
20250712 000000;0.0002311;0.0002358;0.0002039;0.0002226;9150479.38
20250713 000000;0.0002226;0.0002499;0.0002226;0.0002342;4496346.03
20250714 000000;0.0002342;0.0002518;0.000207;0.0002247;6029420.57
20250715 000000;0.0002247;0.000233;0.0002184;0.0002187;489901.8
20250716 000000;0.0002187;0.0002898;0.0002187;0.000256;13165307.84
20250717 000000;0.000256;0.000266;0.000241;0.0002568;3306808.01
20250718 000000;0.0002568;0.0002571;0.0002376;0.0002416;709329.23
20250719 000000;0.0002416;0.0002899;0.0002416;0.0002561;5199361.81
20250720 000000;0.0002561;0.0002744;0.00025;0.00026;32624745.35
20250721 000000;0.00026;0.0002917;0.0002503;0.00029;1024658948.13
20250722 000000;0.00029;0.00029;0.0002676;0.0002763;3126857.37
20250723 000000;0.0002763;0.0002806;0.0002617;0.0002617;256039.27
20250724 000000;0.0002617;0.0002653;0.0002399;0.00024;31913937.59
20250725 000000;0.00024;0.00025;0.0002272;0.00024;1934030120.21
20250726 000000;0.00024;0.00026;0.000239;0.00025;2006112753.13
20250727 000000;0.00025;0.00025;0.00025;0.00025;1989820362.12
20250728 000000;0.00025;0.0003;0.0002299;0.00023;1947738541.17
20250729 000000;0.00023;0.00024;0.0002276;0.00023;1954023493.39
20250730 000000;0.00023;0.000238;0.0002196;0.00023;1871911151.65
20250731 000000;0.00023;0.00024;0.00021;0.00021;1300855139.62
20250801 000000;0.00021;0.0002106;0.0002;0.00021;1517017510.6
20250802 000000;0.00021;0.00021;0.0001901;0.0001956;258599536.1
20250803 000000;0.0001956;0.0002298;0.0001956;0.0002079;6424141.18
20250804 000000;0.0002079;0.00021;0.0001901;0.0001901;1721050.07
20250805 000000;0.0001901;0.0001992;0.0001901;0.0001965;19311.44
20250806 000000;0.0001965;0.00025;0.0001911;0.0002293;1122265.98
20250807 000000;0.0002293;0.00029;0.0001689;0.0002076;1316745.27
20250808 000000;0.0002076;0.0002507;0.0001691;0.0002357;1582319.34
20250809 000000;0.0002357;0.0002357;0.00021;0.00022;772890857.69
20250810 000000;0.00022;0.00022;0.0002046;0.0002087;372551731.4
20250811 000000;0.0002087;0.0002599;0.0002016;0.000216;804763387.45
20250812 000000;0.000216;0.0002729;0.0001948;0.0002333;183433228.76
20250813 000000;0.0002333;0.0002998;0.0002142;0.0002583;233546630.06
20250814 000000;0.0002583;0.000296;0.0002244;0.0002306;14918294.14
20250815 000000;0.0002306;0.0002699;0.000218;0.0002191;554065.79
20250816 000000;0.0002191;0.000287;0.000211;0.0002174;3053848.06
20250817 000000;0.0002174;0.0002625;0.0002095;0.0002213;1399999.78
20250818 000000;0.0002213;0.000258;0.00021;0.00021;3648377.9
20250819 000000;0.00021;0.0002474;0.000195;0.0001965;3926132.2
20250820 000000;0.0001965;0.0001978;0.0001965;0.0001966;49484.57
20250821 000000;0.0001966;0.0002047;0.0001965;0.0002044;428104.46
20250822 000000;0.0002044;0.0002235;0.000195;0.0002235;7721771.11
20250823 000000;0.0002235;0.000238;0.0002157;0.0002201;4686526.23
20250824 000000;0.0002201;0.000238;0.0002068;0.0002244;3989925.44
20250825 000000;0.0002244;0.0002291;0.000172;0.0002263;4015431.16
20250826 000000;0.0002263;0.0002263;0.0002049;0.0002049;433306.17
20250827 000000;0.0002049;0.00023;0.0001725;0.0002076;2272778.71
20250828 000000;0.0002076;0.0002162;0.0001913;0.000204;475360.07
20250829 000000;0.000204;0.0002137;0.0001952;0.0001952;325568.45
20250830 000000;0.0001952;0.0002053;0.0001952;0.0002053;86257.19
20250831 000000;0.0002053;0.0002053;0.000199;0.000199;29684614.78
20250901 000000;0.000199;0.0002136;0.000173;0.000183;103711024.66
20250902 000000;0.000183;0.0002136;0.000164;0.000182;92114257.53
20250903 000000;0.000182;0.0002134;0.0001651;0.000182;56673001.88
20250904 000000;0.000182;0.000189;0.0001804;0.0001804;25278078.97
20250905 000000;0.0001804;0.0001869;0.0001441;0.000182;14113497.64
20250906 000000;0.000182;0.0002099;0.0001751;0.000183;36765335.31
20250907 000000;0.000183;0.0002099;0.000172;0.0001832;13573334.42
20250908 000000;0.0001832;0.0002098;0.0001725;0.000183;4559471.45
20250909 000000;0.000183;0.0001972;0.0001825;0.000194;5484629.08
20250910 000000;0.000194;0.0002054;0.000194;0.0002052;6788794.72
20250911 000000;0.0002052;0.000209;0.0001773;0.0002001;20670459.33
20250912 000000;0.0002001;0.0002004;0.0001726;0.0001923;2932619.7
20250913 000000;0.0001923;0.0002005;0.0001767;0.0002005;7333576.57
20250914 000000;0.0002005;0.000209;0.0001851;0.0001972;3407225.7
20250915 000000;0.0001972;0.000199;0.0001972;0.0001989;302901.5
20250916 000000;0.0001989;0.0002023;0.0001928;0.000197;7773869.85
20250917 000000;0.000197;0.000197;0.0001845;0.000197;569897.48
20250918 000000;0.000197;0.000197;0.000184;0.0001948;2511646.35
20250919 000000;0.0001948;0.000196;0.0001328;0.0001803;6516544.23
20250920 000000;0.0001803;0.0001803;0.0001747;0.0001798;81950.02
20250921 000000;0.0001798;0.0001825;0.00016;0.0001822;3611060.01
20250922 000000;0.0001822;0.0001918;0.0001488;0.0001525;2556198.75
20250923 000000;0.0001525;0.0001633;0.0001328;0.0001492;13637529.79
20250924 000000;0.0001492;0.0001694;0.0001488;0.0001693;4910399.28
20250925 000000;0.0001693;0.0001693;0.0001345;0.0001552;27219735.63
20250926 000000;0.0001552;0.0001629;0.0001365;0.0001629;8576132.42
20250927 000000;0.0001629;0.0001692;0.0001334;0.0001526;33410929.73
20250928 000000;0.0001526;0.000169;0.0001338;0.000147;21858781.24
20250929 000000;0.000147;0.0001533;0.000147;0.0001533;13213514.23
20250930 000000;0.0001533;0.0001584;0.0001533;0.0001584;141208.5
20251001 000000;0.0001584;0.0001669;0.0001525;0.0001669;281706.96
20251002 000000;0.0001669;0.000169;0.0001646;0.000169;94882.63
20251003 000000;0.000169;0.0001891;0.000169;0.0001802;11984588.88
20251004 000000;0.0001802;0.0001841;0.00017;0.0001774;1525889.47
20251005 000000;0.0001774;0.000179;0.0001724;0.000179;99728.29
20251006 000000;0.000179;0.0001846;0.0001666;0.0001822;655044.26
20251007 000000;0.0001822;0.0001874;0.0001716;0.0001758;731208.06
20251008 000000;0.0001758;0.0001819;0.0001758;0.0001819;371104.29
20251009 000000;0.0001819;0.0001819;0.0001744;0.0001779;128605.66
20251010 000000;0.0001779;0.000179;0.0001352;0.0001449;1301318.17
20251011 000000;0.0001449;0.0001449;0.0001082;0.0001316;2436896.92
20251012 000000;0.0001316;0.0001445;0.000109;0.0001445;821734.03
20251013 000000;0.0001445;0.0001567;0.0001437;0.0001567;494698.7
20251014 000000;0.0001567;0.0001629;0.0001312;0.0001629;966658.69
20251015 000000;0.0001629;0.0001765;0.0001629;0.0001637;261472.81
20251016 000000;0.0001637;0.0001637;0.0001379;0.0001454;766433.66
20251017 000000;0.0001454;0.0001743;0.0001323;0.0001484;667899.75
20251018 000000;0.0001484;0.0001505;0.0001484;0.0001505;26813.31
20251019 000000;0.0001505;0.0001743;0.0001323;0.0001518;1153633.9
20251020 000000;0.0001518;0.0001591;0.0001452;0.0001488;256737.97
20251021 000000;0.0001488;0.0001552;0.0001414;0.0001414;268017.41
20251022 000000;0.0001414;0.000156;0.0001328;0.000145;7162447.62
20251023 000000;0.000145;0.000151;0.000145;0.000151;4601253.78
20251024 000000;0.000151;0.000151;0.000144;0.000151;2149370.55
20251025 000000;0.000151;0.000151;0.0001402;0.0001507;615116.62
20251026 000000;0.0001507;0.0001507;0.000139;0.0001464;1277231.42
20251027 000000;0.0001464;0.0001467;0.0001335;0.0001419;141151304.05
20251028 000000;0.0001419;0.0001419;0.0001272;0.0001334;77876841.82
20251029 000000;0.0001334;0.0001417;0.0001241;0.0001417;78163840.92
20251030 000000;0.0001417;0.000144;0.0001317;0.0001402;373508.82
20251031 000000;0.0001402;0.0001402;0.0001402;0.0001402;0
20251101 000000;0.0001402;0.0001407;0.000113;0.0001343;138780618.05
20251102 000000;0.0001343;0.0001401;0.0001066;0.0001357;48902388.3
20251103 000000;0.0001357;0.000136;0.0001152;0.0001183;26445286.36
20251104 000000;0.0001183;0.0001183;0.0001005;0.0001108;64989799.53
20251105 000000;0.0001108;0.0001499;0.0001007;0.0001093;104767269.15
20251106 000000;0.0001093;0.0001109;0.0001001;0.0001041;80395779.2
20251107 000000;0.0001041;0.0001496;0.0001041;0.0001308;75948181.05
20251108 000000;0.0001308;0.0001334;0.0001228;0.0001277;81659183.98
20251109 000000;0.0001277;0.0001328;0.0001208;0.0001301;104945515.42
20251110 000000;0.0001301;0.0001315;0.000128;0.0001296;100599105.41
20251111 000000;0.0001296;0.0001331;0.0001253;0.0001253;105434895.06
20251112 000000;0.0001253;0.0001277;0.0001178;0.0001187;90269477.72
20251113 000000;0.0001187;0.0001215;0.0001087;0.0001104;99749995.88
20251114 000000;0.0001104;0.0001496;0.0000909;0.0000992;150715535.34
20251115 000000;0.0000992;0.0001331;0.0000991;0.0001007;125701097.78
20251116 000000;0.0001007;0.0001026;0.0000943;0.0000986;88399009.18
20251117 000000;0.0000986;0.0001087;0.0000971;0.0001015;97006048.27
20251118 000000;0.0001015;0.0001145;0.0001015;0.0001096;102544857.74
20251119 000000;0.0001096;0.0001099;0.0001021;0.0001057;100657921.97
20251120 000000;0.0001057;0.0001092;0.0000963;0.0001004;131747598.92
20251121 000000;0.0001004;0.0001006;0.0000866;0.0000895;136871326.3
20251122 000000;0.0000895;0.0000935;0.0000889;0.0000929;160654732.99
20251123 000000;0.0000929;0.0000971;0.0000922;0.000094;147813297.19
20251124 000000;0.000094;0.0000997;0.0000832;0.0000976;149040213.48
20251125 000000;0.0000976;0.0000977;0.0000944;0.0000973;142039044.12
20251126 000000;0.0000973;0.000115;0.0000933;0.0000968;299795670.76
20251127 000000;0.0000968;0.0001102;0.000087;0.0000936;307359768.44
20251128 000000;0.0000936;0.0001002;0.0000912;0.0000964;133225826.95
20251129 000000;0.0000964;0.0001029;0.000094;0.0000964;119322973.25
20251130 000000;0.0000964;0.0000969;0.0000931;0.0000932;120249697.02
20251201 000000;0.0000932;0.000097;0.0000854;0.0000869;132805967.94
20251202 000000;0.0000869;0.0000981;0.0000867;0.0000972;159981185.15
20251203 000000;0.0000972;0.0001005;0.000097;0.0001005;172524167.98
20251204 000000;0.0001005;0.0001005;0.0000927;0.0000933;156762813.97
20251205 000000;0.0000933;0.000115;0.0000929;0.000104;268301282.62
20251206 000000;0.000104;0.0001048;0.0000989;0.000101;133803806.58
20251207 000000;0.000101;0.0001029;0.0000964;0.0000996;112905580.01
20251208 000000;0.0000996;0.0001052;0.0000996;0.0001013;134082231.03
20251209 000000;0.0001013;0.0001055;0.0001006;0.0001034;961872500.89
20251210 000000;0.0001034;0.0001039;0.0000986;0.0001017;809159486.34
20251211 000000;0.0001017;0.0001105;0.0000941;0.000099;362723468.46
20251212 000000;0.000099;0.0001099;0.0000923;0.0000939;928711345.02
20251213 000000;0.0000939;0.0000975;0.0000906;0.0000942;469368728
20251214 000000;0.0000942;0.0000987;0.0000925;0.0000941;135171944.21
20251215 000000;0.0000941;0.0000941;0.0000886;0.0000937;105065834.09
20251216 000000;0.0000937;0.0000971;0.0000877;0.0000943;122302939.39
20251217 000000;0.0000943;0.0001005;0.0000834;0.0000852;154674101.01
20251218 000000;0.0000852;0.0000971;0.0000783;0.0000875;156120330.15
20251219 000000;0.0000875;0.0000943;0.0000871;0.0000933;234680660.64
20251220 000000;0.0000933;0.0000945;0.0000918;0.0000929;103779619.67
20251221 000000;0.0000929;0.000095;0.0000885;0.0000891;142365666.19
20251222 000000;0.0000891;0.0000946;0.0000865;0.0000865;108481569.88
20251223 000000;0.0000865;0.0000883;0.0000801;0.0000871;137600941.25
20251224 000000;0.0000871;0.0000874;0.000085;0.0000861;138670136.42
20251225 000000;0.0000861;0.0000885;0.0000854;0.0000855;95972353.61
20251226 000000;0.0000855;0.0000858;0.0000834;0.0000836;130901085.61
20251227 000000;0.0000836;0.0000879;0.0000836;0.0000874;123042340.36
20251228 000000;0.0000874;0.0000883;0.0000844;0.0000845;144622088.16
20251229 000000;0.0000845;0.0000854;0.0000743;0.0000754;169884773.09
20251230 000000;0.0000754;0.00009;0.0000701;0.0000755;73453545.56
20251231 000000;0.0000755;0.0000755;0.0000696;0.0000718;118988513.48
